#SYMBOL NAME,KFIGIV,KJMVXE,KSENS,KZRODN,NBANK,NCRODB,NCRSTEP,NZOVLAP,NZON,KXEDYN,NORPB,BETA,BURNUP,CCRODN,CDEC,CGRDC,CMANRDC,CSPRDC,CUAVGS,CURDC,CNEUICB,CNEUICR,CNEUICU,CRODBNK,DECYA,DECYT,FLAMB,FISRMX,QINIT,QSRMAX,QTHERMN,SFI100,SOURCET,TCDPM,TCRDC,TCSRDV,XPIRMN,ZCORE,ZREFL,CBORONN,UCOOLN,UFUELN,VOIDN,CNEU,CORR,CCROD,CXEN,DEC100,QPROMPN,SUMBET,KZROD1,KZROD2,KZROD3,KZROD4,KZROD5,KZROD6,KZROD7,KZROD8,KZROD9,KZROD10,KZROD11,KZROD12,KZROD13,KZROD14,KZROD15,KZROD16,KZROD17,KZROD18,KZROD19,KZROD20,KZROD21,KZROD22,KZROD23,KZROD24,KZROD25,KZROD26,KZROD27,KZROD28,KZROD29,KZROD30,KZROD31,KZROD32,KZROD33,KZROD34,KZROD35,KZROD36,KZROD37,KZROD38,KZROD39,KZROD40,KZROD41,KZROD42,KZROD43,KZROD44,KZROD45,KZROD46,KZROD47,KZROD48,KZROD49,KZROD50,KZROD51,KZROD52,KSRNC,KCRMOD,KBNKSEL,KRODSEL,KZBANK1,KZBANK2,KZBANK3,KZBANK4,KZBANK5,KZBANK6,KZBANK7,KZBANK8,KMOVBNK,KRDSELM,CBORON,UCOOL,UFUEL1,UFUEL2,UFUEL3,UFUEL4,UFUEL5,UFUEL6,UFUEL7,UFUEL9,UFUEL10,UFUEL11,UFUEL12,UFUEL13,UFUEL14,UFUEL15,UFUEL16,UFUEL17,UFUEL18,UFUEL19,UFUEL20,UFUEL21,UFUEL22,UFUEL23,UFUEL24,UFUEL25,VOID,QTHNOR,CIOD,CRETIV,CXENON,DECH,DENEUO,DNEUTR,DECH1,QPRONOR,QPROREL,QPROLD,SIGMAA,FPULSRM,FSRMDPM,XPIRM,XPSRM,CIODMPC,CXEMPCM,CXENOR,UFUELM,ZBANK,CAUTRDC,CVRDC,TCIRCD,TRDSEL,UAVLEGS,TRBUNC,CAXOFF,ZREAC,CSURDPM,DNBMRG,CPORV,CPSAFE,CW101,CW102,CZSGLS,CWFWCE,CPWRGA,CFWRK,CFWRT,CWSEAL,UAVLMN,CPSPAN,KOILP1,KOILP2,KOILP3,KRCP1,KRCP2,KRCP3,KCHV108,KOILTM,KOHV108,UAVLEGM,BV101,BV201,BV301,BV102,BV202,BV302,BFWBYP,BFWMAI,BFWBYI,ZSGLER,ZSGLEI,ZSGLS,ZSGNOR1,ZSGNOR2,ZSGNOR3,BHV39,WHV311A,WHV311B,PSG1,PSG2,PSG3,UCOLEG1,UCOLEG2,UCOLEG3,UHOLEG1,UHOLEG2,UHOLEG3,PACCTK,UAVLEG1,UAVLEG2,UAVLEG3,UDHOCO1,UDHOCO2,UDHOCO3,UUPPPL,WSGRCP1,WSGRCP2,WSGRCP3,ZSGW1,ZSGW2,ZSGW3,USUBMA,WSPRCS1,WSPRCS2,CBACCT,UCOLEGM,UHOLEGM,WSURGE,ZSGN1,ZSGN2,ZSGN3,WSTMFWE,ZSGIN1,ZSGIN2,ZSGIN3,ZSGIW,WACCA,WACCB,PSGWM,PTINWM,WMLOCA,CTPRZH,CTPRZS,CPPRZ,CTPRZC,CQHB,CQHR,CPZLOW,EPRTLI,PPRTDB,PPRTI,QPRTDB,UPRTC,UPRTLI,VPRTT,XPRTBL,YPRTA,YPRTC,PPRTNI,VPRTGI,KPORVM,KPHON,KBHON,KPRZSPM,KBACKUP,KPBHM,KPRTDB,PPRZW,BHV6,BPORV,BPRZSP,BPSV10,PPRZCI,PPRZCO,QPRZP,QPRZB,QPRZH,QPRZ,WSPRAY,ZPRZNO,PPRZN,PPRT,PPRZ,UPRZ,UPRT,ZPRZ,PPRZLP,WPORV,HPRT,WPRT,ZPRZUN,UPRTL,QPRT,EPRTL,ZPRTL,HPORV,WPRZSV,HPRZSV,EPRTBL,VPRTG,WPRTBL,BPORVA,BPORVB,BPORVC,CON_05,CON_25,CZPRZ1,CPPRZN,CZPRZN,CLETNO,CPSV5,CAUXSP,CPLETDB,CPLDBH,CWNETUT,CLDBP,CCFCV,CZPRZS,CLDMAX,CLDMIN,CINMAX,CINMIN,CZVCT1,CZVCT2,CZVCT3,CZVCT4,CZVCT5,CZVCT6,CZVCT7,CWCHAR,CPLDEX,CLDEX,CBATCH,CHTARG,CHTANR,CHTAEX,CHTASW,CHTARH,CURWST,CUSUMP,CZRWST,CONBOR,CONDEM,CBORAC,CWRCPSI,CPRCPSD,CRHRWST,CRHXBP,CRECIR,CUATMO,CWCCWN,CWCCWE,CWCCWS,CWCCWH,CHTCRG,CCTRG,CHTCNR,CCTNR,CHTCEX,CCTEX,CHTCSW,CCTSW,CHTCRH,CCTRH,CWCHARG,CRHRSMP,CUCOOL,CPCOOL,CHV142,CWRHRC,KRHRP,KCHRGP1,KCHRGP2,KCHRGP3,KLDBPM,KCFCVM,KFV610,KFV611,KFV612,KFV613,KHV43,KMUST,KMUMS,KPSEL,KV243,KOLV459,KDTV143,KHLV614,KOLV616,KCHV1,KCHV30,KCLV459,KBTV143,KVLV614,KCLV616,KOHV102,KOHV201,KCHV102,KCHV201,KOLV615,KOHV22,KCLV615,KCHV22,KOHV1,KOHV105,KMAUTO,KAHV102,KBHV102,KAHV201,KBHV201,KTLV459,KTHV1,KAHV1,KBHV1,KALV459,KBLV459,KALV615,KBLV615,KALV616,KBLV616,CBINTR,CBVOLM,CBRWIN,CBVCT,CBV243,CBRWST,BHV1,BHV2,BHV3,BHV102,BHV105,BFV122,BFV122I,BTV143,BHV18,BHV201,BHV22,BHV30,BHV40,BHV41,BHV50,BHV603,BFV605,BHV8,BLV459,BLV614,BLV615,BLV616,BPSV5,BPV145,BPV145I,CBCVCS,CBSISH,CBSISC,CBRHR,EBOAC,EDEWT,PLETDB,PLDBINT,PRCPSD1,PRCPSD2,PRCPSD3,UCHGIN,UCHGUT,URHXUT,UNRHXUT,USWHXUT,UCCWNR,UCCWEX,UCCWSW,UCCWRH,USISC,USISH,URHRUT,UEHXUT,VRWST,WBOAC,WCMINI,WCHGNO,WDEWT,WEXLD,WHV105,WHV22,WLETDEX,WLETDNO,WNETLD,WRCPSI1,WRCPSI2,WRCPSI3,WRCPSR1,WRCPSR2,WRCPSR3,WRHRHX,WSISC1,WSISC2,WSISC3,WSISH1,WSISH2,WSWHX,WRHRA,WRHRB,WRHRCVCS,WRHRTL,WRHRWST,WRHRSUMP,ZRWST,ZVCT,ZPRZSP,WRHRRE,URHRRE,WLV615,WDEMI,WLV616,WFV611,WFV612,WV243,CBFV611,CBFV612,WSGLEAK,WCHARGT,WPSV5,PVCT,WAUXSP,WNETCH,WRHRBP,WRHRCL1,WRHRCL2,WRHRCL3,WRHRCS,BHV142,URHRIN,WRHRCVC,WRHRSMP,PLETIN,WLETD,WNETUT,BHV14,WHV14,WRHREC,WHV18,CBKAERI,CPCMTH,CSRWST,CSSUMP,CZSUMP,CSPFSL,CSCTD,CUCCW1,CUCCW2,CINSTP,CCUQRC,CCVRAF,CCVRG,CCVRL,ECVWI,PCVTI,QCVFCI,TCVLF,UCVFSW,UCVGI,UCVHCA,UCVRVI,VCVRT,WCVH2I,WCVRGI,WCVRLI,XCVLF,UCVARI,YCVHCA,YCVHI,YCVMCP,YCVRI,ZCVRM,CCVFCF,CCVQRV,PCVAI,PCVSI,VCVAI,YCVAR,PAKGCM,YCVRLC,KCCWSP,KCTMTSP,KINSTA,KH2RCB,KAIROK,KSLOW,KFAST,KCSAS,KCISOA,KCISOB,KCVSH,PINSTA,UCCWIN,VSUMP,BHV101,WHV101,WCSRWST,WCSSUMP,CBSMIN,CBSUMP,UCCWUT,ZSUMP,UCTMT,HUCTMT,PCTMT,DCTMT,H2CONC,XPEINP,XSEINP,XPEOUT,XSEOUT,XPMBAL,XSMBAL,XPEBAL,XSEBAL,XPMINJ,XSMINJ,XPMOUT,XSMOUT,ECVAG,ECVSG,ECVWL,HCVWL,PCVRT,TCVLOC,UCVRG,UCVRL,YCVHG,YCVH2,YCVRAD,YCVRR,ZCVLP,HCSRWST,HCSSUMP,QCSLOC,WCSLOC,PCVSG,DRADRE,VKVOLS,AKXFER,CKXFER,EKTUB,WKHPRH,RKFLR,CKTUB,VKRHTR,KSTMDMP,KSHPCM,KOLV314,KCLV314,HRHTR,WRHDRNA,WRHDRNB,HRHDRN,HTIN,BHV501,BHV502,PRHTR,WLPTEX,PTIN,BRHSV,BRHCV,BLV314,BLV514,WLPT,URHTUB,URHTR,WRHSTM,PRHDRN,HRHDT,URHDT,BHV108,BHV208,BHV308,WRHDT,WTIN,WLPTC,WHTBY,BHTBY,BSDMP,PMSS,WSTM1,WSTM2,WSTM3,BTV418,HSDMP,WSDMP,WRHDRN,BSDMPT,UERRI,UTIN,UPTIN,WSGLD,BDMPER,BDMPIE,WBHFWP,DSECON,BSGBD,CKFLOSS,CKLLOSS,CKFRIC,CKACC,FKDEV,AKDEV,BKFDEV,QKFUL,LKDEV,LKRDEV,BKLDEV,BKFM,BKLM,BKIDEV,FKSET,AKSET,LKSET,LKRSET,CKHTFLR,CKLTFLR,EKFFHT,EKFFLT,CKHPWR,CKLPWR,KOIL,KTGR,KSPDM,KLDM,KTBTRIP,KONLINE,KELECF,KSYNCF,KTBREST,KTSC,KTLC,KRUNBK,KD15AF,KD15BF,QLOAD,QNET,PLPTIN,PHPTIN,WHPRH,HHPRH,WHPT,BHV033,HLPTC,BHTV,BLTV,FRQGEN,FACCS,FTUBS,FTURB,QLDSET,QLRSET,BHSV,BLSV,FACCTB,FERR,FAERR,FAINTG,FDEV,QLRATE,QLERR,QLRERR,QLRINTG,QLDEV,BFDEV,BLDEV,BDEV,BIDEV,FTUG,KN1EAO,KGENB,KN1EAA,KNETB,K1EAO,K1EAA,KDGAS,K1EBO,K1EBA,KDGBS,KN1EBO,KN1EBA,KAUXNB,KEXCTB,KB1EA,KB1EB,KBN1EA,KBN1EB,KMOSTP,KMOREV,KPHASE,KTLOVS,KTSIS,KLOVS,KBNE138,KTLOVSC,KTSISC,VNET,YNET,VRUNNG,VINCOM,FNET,FANGLE,WKAEJ,WKAIRP,WKVXT,WKGS,CKAFLOW,EKTBW,FKRS,VKCOND,PKAIRL,WKFCWP,AKBOTTM,BKV48,ZKTAL,BKZTAL,BKV177,ZKTAH,BKZTAH,BKV302,BKV301,WKMINF,FKCDP,ZKCOND,FKCWP,FKSWP,WKCDTK,WKTKCD,AKCNDTK,AKAFWTK,AKBOTTC,KGSL,KFWP1,KFWP2,KFWP3,KAIRP,KAEJ,KCDP1,KCDP2,KCDP3,KCWP,KSWP,KVXT,KOLV48,KCLV48,KOLV177,KCLV177,BHV301,BHV302,FSWP,WSWP,WAFWTK,WTKAFW,BFV13,BLV48,FCDP1,FCDP2,FCDP3,PCOND,PCDP,PCDPO,WTKCD,UCNDTK,WAEJ,WVXT,HVXT,WAIRP,WGSL,FCWP,WCWAT,UCWIN,UCWOUT,ECOND,UCNDS,PCNDS,PVAC,ZCOND,FEICDP,ZCNDTK,BLV177,ECNDTK,EAFWTK,ZAFWTK,UAFWTK,BLV2,WRAW,BV123,BCMINV,PNCGAS,RKRECV,RKSTORV,RKLPHV,RKFWPBY,RKHPHV,RKFWCNT,PKFCDP,PKFFWP,PKFHDTP,WKAFWP,WKAFWT,AKLPH,AKHPH,EKTUBL,EKTUBH,AKBOTLP,WKLPDRN,ZKLVL,WKMXLP,AKBOTHP,WKHPDT,WKMXHP,ZKLVH,WKHPTC,BKV51,BKV71,BKFCNT,BKFBYP,BKWFW,FKAFWPI,ZKHPH,BKV103,ZKHDTKH,BKV19,WKBFV,WKMXFWP,FKAFWP,FKHTRDP,ZKHDTK,WKHDTP,WKHDTCD,FKRHDTK,WKCMS,WKFMS,RKFWBYP,RKHDP,RKCLP,RKCHP,RKEFLP,RKEFHP,KAFWP1,KAFWP2,KAFWP3,KFWCNT,KFWBYP,KHTRDP,KFWTRIP,WLPHINA,WLPHINB,WLPHBYA,WLPHBYB,WFWPBY,UCOND,UHDTK,WFWPOUT,WLPHOUT,WHPHINA,WHPHINB,WHPHBYA,WHPHBYB,WFDW,WHDTP,BLV103,BLV203,HLPTEX,ULPHA,ULPHB,ULPHOA,ULPHOB,ELPHA,ELPHB,ZLPHA,ZLPHB,WLPTEXA,WLPTEXB,ULPDRNA,ULPDRNB,HLPDRNA,HLPDRNB,ULPHCD,ULPHOUT,UFWPOUT,HHPTEX,UHPHA,UHPHB,UHPHOA,UHPHOB,UHPDRNA,UHPDRNB,HHPDRNA,HHPDRNB,UHPHCD,WLPDRNA,WLPDRNB,WLPHCD,EHPHA,EHPHB,ZHPHA,ZHPHB,UFDW,UHPHDT,WHPTEX,WHPTEXA,WHPTEXB,WHPDTA,WHPDTB,WHPHDT,WHPHTCA,WHPHTCB,WHPHCD,WHPSRQA,WHPSRQB,WHPDRNA,WHPDRNB,TMPOMS,WRHFWP,DELTAT,BFV478,BFV488,BFV498,BFV479,BFV489,BFV499,BHV311,BHV313,BHV314,BHV315,FAFWP1,FAFWP2,FAFWP3,PAWTB,PCDTB,PSWP,WAFWP1,WAFWP2,WAFWP3,WAFW1,WAFW2,WAFW3,WAFW12,WAFW23,WAFWT,PAFWPS,PAFWPD,PAFWPT,BFV2,BFV11,BFV20,FFWP1,FFWP2,FFWP3,FHTRDP,PHDTK,BHV51,BHV60,BHV71,BHV72,PFWP,PLPHOUT,PHPHOUT,PFWPOUT,PHTRDP,PHDTP,WRECIR,WCDTK,WCDHTR,WFWLN1,WFWLN2,WFWLN3,WFWCNT1,WFWCNT2,WFWCNT3,WFWBYP1,WFWBYP2,WFWBYP3,WFWP,WCDPO,WCPLN1,WCPLN2,WCPLN3,WFPLN1,WFPLN2,WFPLN3,ZHDTK,FEIFWP,FEIHDP,ZHDTKL,WAFWTB,BHV51BY,BHV60BY,BHV71BY,BHV72BY,DFFSGL,DFFFW,BLV19,EHDTK,UHDTCD,UHDTP,WHDTCD,UAFW,HAFWTB,WAFWS1,WAFWS2,WAFWS3,UFWLN1,UFWLN2,UFWLN3,WAWIER,CNTFW,ELP,EHP,RKCMV,RKFMV,WCPMIN,WCDP,WFPMIN,PAFWP,WGLST,CQOVER,CUOVER,CIRFH,CPRFH,CDT100,CRIL,CAXOFDL,CUCCWH,CWLHXH,CWLHXL,CULDHX,CURHX,CPVCTH,CPVCTL,CWRCPS,CWCHGH,CWCHGL,CZSMPH,CRADHI,CUCTMT,CHCTMT,CUPRT,CPPRT,CPACCH,CPACCL,CPPRZH,CPPRZL,CZPRZH,CZPRZL,CQPRZP,CQPRZB,CUTDEV,CUTAVG,CUAUCT,CWSGRL,CZSGW,CMSLH,CPSTML,CZCTKH,CZCTKL,CPFWOH,CUFWH,CWCDPO,CPVACH,CZCNDH,CZCNDL,CPERMS,CCONTS,CFWISL,CFWISU,CMSISO,CSAFEI,CRXTRIP,CZRWSLL,KRXTRIP,KLARML,KLARMR,KRIL,KRILM,KCONTS1,KCONTS2,KCONTS3,KCONTS4,KCONTS5,KCONTS7A,KCONTS7B,KCONTS8,KCONTS9,KCONTS11,KCONTS16,KPERMS4,KPERMS6,KPERMS7,KPERMS8,KPERMS9,KPERMS10,KPERMS11,KPERMS12,KPERMS13,KPERMS14,KSIBPS,KSRTBS,KIRTBS,KPRTBS,KMANSI,KMANCIA,KMANCIB,KMANFW,KMANMS,KMANRX,KFWISO,KMSISO,KSAFEI,KFIRST,KPRHFT,KBNETM,KSARW,KSMAW,PWRHFX,PSGLP,QOVER,UNORDT,UOVER,UAVLMO,UMAXDT,QPRATE,KSTART,KTIMSC,KTSCOLD,KMALFU,KTIME,KCTS,KSUMMR,KDIONG,KPRINT,KSMAWR,KAXIAL,KTVINF,KMALSC,KCNTOMS,TDELTA,TDTOLD,TDELTAM,TIMSIM,KMLH5,KELB2L,KELB2R,KELA3L,KELA3U,KELA5L,KELA5U,K3LA4,KELA1,KELC1L,KELC1R,KELD1L,KELD1R,KELE1L,KELE1R,KELG1L,KELG1U,KELF3,KELG3,KELH3,KELG8,KEB1L,KEB1R,KEC1L,KEC1R,KEF1R,KEF1L,KEA02,KEB2L,KEB2R,KEB4L,KEB4U,KEC4LL,KEC4LR,KEC4UL,KEC4UR,KEE5L,KEE5R,KEH5R,KEH5L,KED6L,KED6R,KEF6L,KEF6U,KEK6U,KEK6L,KEB7L,KEB7U,KED7L,KED7R,KEC8L,KEF08,KEC8R,KEJ9R,KEJ9L,KEC10L,KEC10R,KEE10R,KEE10L,KEF10U,KEF10L,KEA11,KEJ13U,KEJ13L,KEK13L,KEK13U,KEK14L,KEK14U,KEA20,KEJ21L,KEJ21U,KEA29,KEC26L,KEC26R,KED26L,KED26R,KEB27,KED27,KEB34,KED34,KEB35R,KEB35L,KEA36L,KEA36R,KEC36L,KEC36R,KEA37L,KEA37R,KED38L,KED38U,KERA4,KERH1,KERG4L,KERG4R,KLJ1L,KLJ1R,KLK01,KLE02,KLF02,KLJ02,KLK04,KLB6L,KLB6U,KLC06,KLJ07,KLD09,KLJ13,KLF14,KLF15,KLJ15,KLA18,KLK20,KLA21,KLJ24,KLH27,KLG23L,KLG23U,KLH28L,KLH28R,KLF30,KLD29,KLE34,KLF33,KLG33,KLF37,KLJ37,KLA38,KLJ38,KLRG2,KLRE2,KLRE3,KLRH3,KLRE4L,KLRE4R,KLRE5U,KLRE5L,KLRE6U,KLRE6L,KLRF1,KLRE7L,KLRE7R,KLRG7,K3C03,K3G07,K3H07,K3J07,K3G08,K3H08,K3D09,K3F14,K3J15,K3K20,K3J24,K3A21,K3G23L,K3G23U,K3G37,K3H37,K3J37,K3G38,K3H38,K3J38,KRELSE,KFANCL,K3K11,K3C20,ZINST1,ZINST2,ZINST3,ZINST4,ZINST5,ZINST6,ZINST7,ZINST8,ZINST9,ZINST10,ZINST11,ZINST12,ZINST13,ZINST14,ZINST15,ZINST16,ZINST17,ZINST18,ZINST19,ZINST20,ZINST21,ZINST22,ZINST23,ZINST24,ZINST25,ZINST26,ZINST27,ZINST28,ZINST29,ZINST30,ZINST31,ZINST32,ZINST33,ZINST34,ZINST35,ZINST36,ZINST37,ZINST38,ZINST39,ZINST40,ZINST41,ZINST42,ZINST43,ZINST44,ZINST45,ZINST46,ZINST47,ZINST48,ZINST49,ZINST50,ZINST51,ZINST52,ZINST53,ZINST54,ZINST55,ZINST56,ZINST57,ZINST58,ZINST59,ZINST60,ZINST61,ZINST62,ZINST63,ZINST64,ZINST65,ZINST66,ZINST67,ZINST68,ZINST69,ZINST70,ZINST71,ZINST72,ZINST73,ZINST74,ZINST75,ZINST76,ZINST77,ZINST78,ZINST79,ZINST80,ZINST81,ZINST82,ZINST83,ZINST84,ZINST85,ZINST86,ZINST87,ZINST88,ZINST89,ZINST90,ZINST91,ZINST92,ZINST93,ZINST94,ZINST95,ZINST96,ZINST97,ZINST98,ZINST99,ZINST100,ZINST101,ZINST102,ZINST103,ZINST104,ZINST105,ZINST106,ZINST107,ZINST108,ZINST109,ZINST110,ZINST111,ZINST112,ZINST113,ZINST114,ZINST115,ZINST116,ZINST117,ZINST118,ZINST119,ZINST120,ZINST121,ZINST122,ZINST123,ZINST124,ZINST125,ZINST126,ZINST127,ZINST128,KBCDO1,KBCDO2,KBCDO3,KBCDO4,KBCDO5,KBCDO6,KBCDO7,KBCDO8,KBCDO9,KBCDO10,KBCDO11,KBCDO12,KBCDO13,KBCDO14,KBCDO15,KBCDO16,KBCDO17,KBCDO18,KBCDO19,KBCDO20,KBCDO21,KBCDO22,KBCDO23,KBCDO24,KBCDO25,KBCDO26,KBCDO27,KBCDO28,KBCDO29,KBCDO30,KBCDO31,KBCDO32,KLAMPO1,KLAMPO2,KLAMPO3,KLAMPO4,KLAMPO5,KLAMPO6,KLAMPO7,KLAMPO8,KLAMPO9,KLAMPO10,KLAMPO11,KLAMPO12,KLAMPO13,KLAMPO14,KLAMPO15,KLAMPO16,KLAMPO17,KLAMPO18,KLAMPO19,KLAMPO20,KLAMPO21,KLAMPO22,KLAMPO23,KLAMPO24,KLAMPO25,KLAMPO26,KLAMPO27,KLAMPO28,KLAMPO29,KLAMPO30,KLAMPO31,KLAMPO32,KLAMPO33,KLAMPO34,KLAMPO35,KLAMPO36,KLAMPO37,KLAMPO38,KLAMPO39,KLAMPO40,KLAMPO41,KLAMPO42,KLAMPO43,KLAMPO44,KLAMPO45,KLAMPO46,KLAMPO47,KLAMPO48,KLAMPO49,KLAMPO50,KLAMPO51,KLAMPO52,KLAMPO53,KLAMPO54,KLAMPO55,KLAMPO56,KLAMPO57,KLAMPO58,KLAMPO59,KLAMPO60,KLAMPO61,KLAMPO62,KLAMPO63,KLAMPO64,KLAMPO65,KLAMPO66,KLAMPO67,KLAMPO68,KLAMPO69,KLAMPO70,KLAMPO71,KLAMPO72,KLAMPO73,KLAMPO74,KLAMPO75,KLAMPO76,KLAMPO77,KLAMPO78,KLAMPO79,KLAMPO80,KLAMPO81,KLAMPO82,KLAMPO83,KLAMPO84,KLAMPO85,KLAMPO86,KLAMPO87,KLAMPO88,KLAMPO89,KLAMPO90,KLAMPO91,KLAMPO92,KLAMPO93,KLAMPO94,KLAMPO95,KLAMPO96,KLAMPO97,KLAMPO98,KLAMPO99,KLAMPO100,KLAMPO101,KLAMPO102,KLAMPO103,KLAMPO104,KLAMPO105,KLAMPO106,KLAMPO107,KLAMPO108,KLAMPO109,KLAMPO110,KLAMPO111,KLAMPO112,KLAMPO113,KLAMPO114,KLAMPO115,KLAMPO116,KLAMPO117,KLAMPO118,KLAMPO119,KLAMPO120,KLAMPO121,KLAMPO122,KLAMPO123,KLAMPO124,KLAMPO125,KLAMPO126,KLAMPO127,KLAMPO128,KLAMPO129,KLAMPO130,KLAMPO131,KLAMPO132,KLAMPO133,KLAMPO134,KLAMPO135,KLAMPO136,KLAMPO137,KLAMPO138,KLAMPO139,KLAMPO140,KLAMPO141,KLAMPO142,KLAMPO143,KLAMPO144,KLAMPO145,KLAMPO146,KLAMPO147,KLAMPO148,KLAMPO149,KLAMPO150,KLAMPO151,KLAMPO152,KLAMPO153,KLAMPO154,KLAMPO155,KLAMPO156,KLAMPO157,KLAMPO158,KLAMPO159,KLAMPO160,KLAMPO161,KLAMPO162,KLAMPO163,KLAMPO164,KLAMPO165,KLAMPO166,KLAMPO167,KLAMPO168,KLAMPO169,KLAMPO170,KLAMPO171,KLAMPO172,KLAMPO173,KLAMPO174,KLAMPO175,KLAMPO176,KLAMPO177,KLAMPO178,KLAMPO179,KLAMPO180,KLAMPO181,KLAMPO182,KLAMPO183,KLAMPO184,KLAMPO185,KLAMPO186,KLAMPO187,KLAMPO188,KLAMPO189,KLAMPO190,KLAMPO191,KLAMPO192,KLAMPO193,KLAMPO194,KLAMPO195,KLAMPO196,KLAMPO197,KLAMPO198,KLAMPO199,KLAMPO200,KLAMPO201,KLAMPO202,KLAMPO203,KLAMPO204,KLAMPO205,KLAMPO206,KLAMPO207,KLAMPO208,KLAMPO209,KLAMPO210,KLAMPO211,KLAMPO212,KLAMPO213,KLAMPO214,KLAMPO215,KLAMPO216,KLAMPO217,KLAMPO218,KLAMPO219,KLAMPO220,KLAMPO221,KLAMPO222,KLAMPO223,KLAMPO224,KLAMPO225,KLAMPO226,KLAMPO227,KLAMPO228,KLAMPO229,KLAMPO230,KLAMPO231,KLAMPO232,KLAMPO233,KLAMPO234,KLAMPO235,KLAMPO236,KLAMPO237,KLAMPO238,KLAMPO239,KLAMPO240,KLAMPO241,KLAMPO242,KLAMPO243,KLAMPO244,KLAMPO245,KLAMPO246,KLAMPO247,KLAMPO248,KLAMPO249,KLAMPO250,KLAMPO251,KLAMPO252,KLAMPO253,KLAMPO254,KLAMPO255,KLAMPO256,KLAMPO257,KLAMPO258,KLAMPO259,KLAMPO260,KLAMPO261,KLAMPO262,KLAMPO263,KLAMPO264,KLAMPO265,KLAMPO266,KLAMPO267,KLAMPO268,KLAMPO269,KLAMPO270,KLAMPO271,KLAMPO272,KLAMPO273,KLAMPO274,KLAMPO275,KLAMPO276,KLAMPO277,KLAMPO278,KLAMPO279,KLAMPO280,KLAMPO281,KLAMPO282,KLAMPO283,KLAMPO284,KLAMPO285,KLAMPO286,KLAMPO287,KLAMPO288,KLAMPO289,KLAMPO290,KLAMPO291,KLAMPO292,KLAMPO293,KLAMPO294,KLAMPO295,KLAMPO296,KLAMPO297,KLAMPO298,KLAMPO299,KLAMPO300,KLAMPO301,KLAMPO302,KLAMPO303,KLAMPO304,KLAMPO305,KLAMPO306,KLAMPO307,KLAMPO308,KLAMPO309,KLAMPO310,KLAMPO311,KLAMPO312,KLAMPO313,KLAMPO314,KLAMPO315,KLAMPO316,KLAMPO317,KLAMPO318,KLAMPO319,KLAMPO320,KLAMPO321,KLAMPO322,KLAMPO323,KLAMPO324,KLAMPO325,KLAMPO326,KLAMPO327,KLAMPO328,KLAMPO329,KLAMPO330,KLAMPO331,KLAMPO332,KLAMPO333,KLAMPO334,KLAMPO335,KLAMPO336,KLAMPO337,KLAMPO338,KLAMPO339,KLAMPO340,KLAMPO341,KLAMPO342,KLAMPO343,KLAMPO344,KLAMPO345,KSWO1,KSWO2,KSWO3,KSWO4,KSWO5,KSWO6,KSWO7,KSWO8,KSWO9,KSWO10,KSWO11,KSWO12,KSWO13,KSWO14,KSWO15,KSWO16,KSWO17,KSWO18,KSWO19,KSWO20,KSWO21,KSWO22,KSWO23,KSWO24,KSWO25,KSWO26,KSWO27,KSWO28,KSWO29,KSWO30,KSWO31,KSWO32,KSWO33,KSWO34,KSWO35,KSWO36,KSWO37,KSWO38,KSWO39,KSWO40,KSWO41,KSWO42,KSWO43,KSWO44,KSWO45,KSWO46,KSWO47,KSWO48,KSWO49,KSWO50,KSWO51,KSWO52,KSWO53,KSWO54,KSWO55,KSWO56,KSWO57,KSWO58,KSWO59,KSWO60,KSWO61,KSWO62,KSWO63,KSWO64,KSWO65,KSWO66,KSWO67,KSWO68,KSWO69,KSWO70,KSWO71,KSWO72,KSWO73,KSWO74,KSWO75,KSWO76,KSWO77,KSWO78,KSWO79,KSWO80,KSWO81,KSWO82,KSWO83,KSWO84,KSWO85,KSWO86,KSWO87,KSWO88,KSWO89,KSWO90,KSWO91,KSWO92,KSWO93,KSWO94,KSWO95,KSWO96,KSWO97,KSWO98,KSWO99,KSWO100,KSWO101,KSWO102,KSWO103,KSWO104,KSWO105,KSWO106,KSWO107,KSWO108,KSWO109,KSWO110,KSWO111,KSWO112,KSWO113,KSWO114,KSWO115,KSWO116,KSWO117,KSWO118,KSWO119,KSWO120,KSWO121,KSWO122,KSWO123,KSWO124,KSWO125,KSWO126,KSWO127,KSWO128,KSWO129,KSWO130,KSWO131,KSWO132,KSWO133,KSWO134,KSWO135,KSWO136,KSWO137,KSWO138,KSWO139,KSWO140,KSWO141,KSWO142,KSWO143,KSWO144,KSWO145,KSWO146,KSWO147,KSWO148,KSWO149,KSWO150,KSWO151,KSWO152,KSWO153,KSWO154,KSWO155,KSWO156,KSWO157,KSWO158,KSWO159,KSWO160,KSWO161,KSWO162,KSWO163,KSWO164,KSWO165,KSWO166,KSWO167,KSWO168,KSWO169,KSWO170,KSWO171,KSWO172,KSWO173,KSWO174,KSWO175,KSWO176,KSWO177,KSWO178,KSWO179,KSWO180,KSWO181,KSWO182,KSWO183,KSWO184,KSWO185,KSWO186,KSWO187,KSWO188,KSWO189,KSWO190,KSWO191,KSWO192,KSWO193,KSWO194,KSWO195,KSWO196,KSWO197,KSWO198,KSWO199,KSWO200,KSWO201,KSWO202,KSWO203,KSWO204,KSWO205,KSWO206,KSWO207,KSWO208,KSWO209,KSWO210,KSWO211,KSWO212,KSWO213,KSWO214,KSWO215,KSWO216,KSWO217,KSWO218,KSWO219,KSWO220,KSWO221,KSWO222,KSWO223,KSWO224,KSWO225,KSWO226,KSWO227,KSWO228,KSWO229,KSWO230,KSWO231,KSWO232,KSWO233,KSWO234,KSWO235,KSWO236,KSWO237,KSWO238,KSWO239,KSWO240,KSWO241,KSWO242,KSWO243,KSWO244,KSWO245,KSWO246,KSWO247,KSWO248,KSWO249,KSWO250,KSWO251,KSWO252,KSWO253,KSWO254,KSWO255,KSWO256,KSWO257,KSWO258,KSWO259,KSWO260,KSWO261,KSWO262,KSWO263,KSWO264,KSWO265,KSWO266,KSWO267,KSWO268,KSWO269,KSWO270,KSWO271,KSWO272,KSWO273,KSWO274,KSWO275,KSWO276,KSWO277,KSWO278,KSWO279,KSWO280,KSWO319,KSWO320,KFZRUN
0,1,1,300,228,8,8,228,114,25,1,0,0.0020000000949949026,4000.0,1.0,0.04500000178813934,25.0,48.0,8.0,291.70001220703125,1.7000000476837158,-3.179999907843012e-07,0.007360000163316727,0.008080000057816505,8.0,0.33000001311302185,0.0333000011742115,1.0,9.999999747378752e-06,21.0,9.999999747378752e-06,2775000064.0,9.000000136438757e-05,4.999999980020986e-13,5.0,40.0,3.0,-3.3499999046325684,3.3499999046325684,0.5,0.0004799999878741801,292.3927001953125,492.6077880859375,-0.0036125299520790577,0.002354159951210022,0.0008944629807956517,0.013157900422811508,0.800646185874939,0.02024419978260994,2650129920.0,0.006539999973028898,228,228,228,228,228,228,228,228,228,228,228,228,228,228,228,228,228,228,228,228,228,228,228,228,200,200,200,200,228,228,228,228,228,228,228,228,228,228,228,228,228,228,228,228,228,228,228,228,228,228,228,228,0,1,4,4,228,228,228,200,228,228,228,228,3,0,0.0004018093750346452,292.60711669921875,669.0614013671875,757.2101440429688,849.884765625,939.32666015625,1077.4786376953125,1113.5704345703125,1127.7030029296875,1114.254150390625,1077.0211181640625,1019.083740234375,937.947998046875,848.893798828125,759.849853515625,678.74462890625,600.2279663085938,536.7461547851562,488.99237060546875,456.54925537109375,436.7181701660156,428.31878662109375,428.4969482421875,433.703369140625,440.388671875,445.0035400390625,-0.0028485653456300497,0.7550259828567505,0.7719857096672058,-2.9683940738323145e-05,0.7554268836975098,0.9925417900085449,118322.21875,3.6423924029804766e-05,0.32745856046676636,0.7695631384849548,0.9913132190704346,0.9917458891868591,0.022428195923566818,1.0,-1.6815581571897805e-44,-3.3535995483398438,0.0,99.29426574707031,2663.746826171875,0.9435214996337891,747.4405517578125,228.0,-8.0,2.494739055633545,0.0,0.0,309.3218078613281,280603.46875,-0.5240992903709412,6.4610371589660645,130.28829956054688,1.227981686592102,7750000.0,8160000.0,86.12000274658203,119.0999984741211,0.5,9.999999747378752e-05,0.0,3.299999952316284,200.0,0.30000001192092896,309.20001220703125,2.439019908706541e-06,0,0,0,1,1,1,0,24,0,309.2389831542969,0.0,0.0,0.0,0.0,0.0,0.0,0.5058758854866028,0.8737197518348694,0.518746554851532,-0.0064353346824646,0.00011318414908600971,0.00016763826715759933,0.5064353346824646,0.5064855217933655,0.5064597725868225,1.0,25.0,24.0,6258868.5,6258776.0,6259021.5,291.21728515625,292.177001953125,292.17828369140625,326.6038513183594,326.6536560058594,326.6038513183594,4400000.0,308.91058349609375,309.41534423828125,309.39105224609375,35.386566162109375,34.476654052734375,34.425567626953125,326.6015319824219,4530.71630859375,4603.56396484375,4605.0712890625,12.81019115447998,12.805388450622559,12.805176734924316,15.2669677734375,0.0,0.0,0.0020000000949949026,291.8575134277344,326.6204528808594,-70.96297454833984,1.6501692533493042,1.6502412557601929,1.6501539945602417,-6.021273612976074,39.0,40.0,42.0,41.0,0.0,0.0,6285360.0,6223840.0,85.95315551757812,5.0,0.014999999664723873,-180000.0,600.0,1000000.0,400000.0,0.17000000178813934,22000.0,786000.0,120000.0,0.0,40.0,30.0,36.810001373291016,0.5,18.399999618530273,50000.0,115692.3984375,15.113750457763672,0,0,0,0,0,0,0,15301631.0,1.0,0.0,0.0,0.0,0.0,-78466.0,341912.375,0.0,0.854780912399292,341912.375,0.0,0.5511202216148376,15321534.0,126869.6328125,15301631.0,340.2525634765625,40.007659912109375,5.507636547088623,-78466.0,0.0,0.0,0.0,3.7649567127227783,40.007659912109375,0.0,22230.939453125,1.2010046243667603,0.0,0.0,0.0,20.0,14.711517333984375,22.0,0.0,0.0,0.0,0.05000000074505806,0.02500000037252903,0.17000000178813934,15400000.0,0.5,6.25,0.0006667000125162303,2.0,2410000.0,4140000.0,4.734799861907959,0.15000000596046448,0.20000000298023224,0.2199999988079071,1.0,0.0,-1.0,0.0,5.0,20.0,30.0,50.0,74.0,80.0,86.0,9.800000190734863,500000.0,1.0499999802959792e-07,0.5,750.0,1000.0,600.0,1000.0,1150.0,32.0,32.0,37.400001525878906,10.0,10.0,0.007000000216066837,0.5049999952316284,82.0,189.26499938964844,0.0,1.5099999904632568,231.60000610351562,20.0,36.0,16.600000381469727,16.5,225.0,-0.1756729930639267,27.5,-0.1756729930639267,30.485509872436523,0.1561516970396042,11.10221004486084,-1.8332500457763672,-75.0,4.3520002365112305,9.800000190734863,189.26499938964844,93.30000305175781,2650000.0,0.8500000238418579,7.570000171661377,0,1,0,0,0,0,0,0,0,0,0,1,3,3,0,0,1,1,0,0,0,0,0,0,0,0,0,0,1,0,0,0,0,0,0,0,0,0,0,1,0,0,0,0,0,0,0,0,0,0,12.0585355758667,29058.83984375,2153.699951171875,0.00041497417259961367,0.0004361289902590215,0.0006248649442568421,1.0,1.0,0.0,0.0,0.0,0.521072506904602,0.5155895948410034,1.0,0.0,0.0,0.0,1.0,0.0,0.0,1.0,1.0,0.0,1.0,1.0,0.008008420467376709,0.0,1.0,0.0,0.6482638716697693,0.6474509239196777,0.00041497417259961367,0.0,0.0,0.0,99998.78125,99999.0,2858843.75,2410000.0,36.20000076293945,36.20000076293945,36.20000076293945,32.24820327758789,279.7453918457031,147.47738647460938,53.236515045166016,26.065223693847656,39.277793884277344,27.0,28.999408721923828,27.0,0.0,32.0,20.0,68.57752227783203,3446668.0,0.5431888699531555,3.7799999713897705,4.139425277709961,8.919811248779297,0.0,0.0,0.0,1.401298464324817e-45,5.642242431640625,5.642242431640625,0.5049998760223389,0.5049998760223389,0.5049998760223389,0.18937495350837708,0.18937495350837708,0.18937495350837708,0.0,0.0,0.0,0.0,0.0,0.0,5.294999599456787,0.0,0.0,0.0,0.0,0.0,0.0,100.0,74.04920959472656,0.577229380607605,0.0,20.0,0.0,5.597056865692139,5.08211088180542,0.0,0.0,0.0,0.007000000216066837,0.0,0.0,9.432178497314453,0.0,1.733087182044983,1.401298464324817e-45,5.086299896240234,0.0,0.0,0.0,0.0,0.0,0.0,20.0,0.0,0.0,14952366.0,0.0,0.0,0.0,0.0,0.0,0.0,0.0,0.351500004529953,18.93000030517578,23.030000686645508,7.69199959904654e-06,0.08500000089406967,0.009999999776482582,24.0,27.0,8.800000190734863,500000.0,0.05000000074505806,2.7000000013543968e-09,2.7000000013543968e-09,145100.0,120000.0,14650000.0,86400.0,17.0,34.5,48.70000076293945,321.8999938964844,83170.0,0.0,1.0,1.0,0.0010000000474974513,725.0,0.0,0.5,0.0,0.0,57.31999969482422,837142.875,9359.77734375,117376.1015625,2623.89794921875,83026.390625,725.0,1.0204100362898316e-05,740000000.0,1,0,1,0,1,0,1,0,0,0,0,8.799991607666016,27.0,18.295270919799805,0.0,0.0,0.0,0.0,0.006949402391910553,1.899234666780103e-05,0.0,0.00014072722115088254,34.69540023803711,1.0,24671.9765625,153.35595703125,1.72820378452343e-07,2788162816.0,4518366720.0,3016834816.0,4278327808.0,-86.73808288574219,136.309814453125,-216930720.0,240039088.0,5.086299896240234,1673.239990234375,91.82438659667969,1536.93017578125,106381.3984375,3237.4072265625,143482.203125,145720.6875,122671.9765625,0.20000000298023224,34.69540023803711,34.69540023803711,1.0,1.72820378452343e-07,153.35595703125,12798500864.0,0.19589976966381073,137600.0,137600.0,112198992.0,86.18214416503906,5292.65869140625,1.0,0.0,1700.0,250000.0,10000.0,1038.0,0.004999999888241291,400.0,5000.0,0,0,0,0,2961556.25,64.74555206298828,64.74555206298828,1224611.625,2783800.0,1.0,1.0,1236537.125,228.94654846191406,6222040.5,1.0,0.9960977435112,1.0,1.0,1041.6297607421875,277.02471923828125,189.61184692382812,127.07121276855469,6116815.5,809273.5,189.61184692382812,1.0,1.0,1.0,138.7987518310547,1587.0797119140625,799.6168212890625,0.0,0.0,0.0,7680000.0,529.2816162109375,534.4351196289062,536.9685668945312,0.0,2783800.0,0.0,129.49110412597656,0.0,0.0,277.9168701171875,1.0,0.0,-7.5742998123168945,0.0,5.605193857299268e-45,9.999999974752427e-07,0.0,2.0,0.0003000000142492354,0.004999999888241291,0.0010000000474974513,2.0000000233721948e-07,2.0000000233721948e-07,0.0005555999814532697,993000000.0,1.0,0.05000000074505806,0.10000000149011612,0.0005000000237487257,0.0016700000269338489,0.009999999776482582,1.0,1.0,0.0010000000474974513,4.999999873689376e-05,0.00039999998989515007,0.019999999552965164,0.9891999959945679,0.9891999959945679,0.9950000047683716,0.9950000047683716,1,0,0,0,0,1,0,0,1,0,1,0,0,0,1.001451015472412,994440832.0,63924.0390625,4885691.5,1178.47265625,2545811.5,1457.5137939453125,1.0,2327473.5,0.9721916317939758,1.0,60.0,180.0,1800.0,1800.0,1.0047005414962769,0.019808992743492126,1.0,1.0,-0.012236599810421467,0.0,0.0,0.0,0.0,-0.0032526254653930664,6.602997746085748e-05,0.0,0.0,6.602997746085748e-05,0.0,6.602997746085748e-05,6.602997746085748e-05,0.0,7.006492321624085e-44,1,1,0,1,1,1,0,1,1,0,1,0,1,1,1,1,1,1,1,1,0,1000,1000,0,1,5001,5001,220.0,3504.35302734375,120.0,120.0,60.0,0.0,0.4000000059604645,0.10000000149011612,0.10000000149011612,2.0,500.0,200.0,0.9900000095367432,300000.0,5000.0,45000.0,20000.0,0.019999999552965164,2.0,0.05000000074505806,0.019999999552965164,6.0,0.05000000074505806,0.019999999552965164,0.019999999552965164,88.30000305175781,0.10000000149011612,0.800000011920929,0.05000000074505806,0.009999999776482582,50.0,50.0,340.0,340.0,1000000.0,1,1,1,1,1,1,1,1,1,1,0,0,0,1,1,0,1.0,0.0,0.0,0.0,0.021122625097632408,0.0,0.0,0.0,0.9181187152862549,0.9181187152862549,0.9181187152862549,5000.40673828125,3900028.5,3905029.0,50.0,27.618656158447266,0.4000000059604645,0.0,0.0,0.10000000149011612,0.16203230619430542,1.0,45000.0,20.0,29.360395431518555,778775.375,33.50341796875,4589.1142578125,721.2213134765625,0.7787753939628601,0.9182014465332031,9.476157188415527,1.0,3221893.5,3304317.0,9.718579292297363,20.0,0.27189475297927856,27.189476013183594,0.0,636.4223022460938,411.3172912597656,100000.0,50000.0,1115.300048828125,50000.0,700.0,2000.0,2800000.0,3500000.0,4000000.0,9.999999747378752e-05,4.999999873689376e-05,500.0,20000.0,100.0,500.0,60000.0,1200.0,1.0,120.0,150000.0,3000.0,300.0,1.0,300.0,0.019999999552965164,0.019999999552965164,0.009999999776482582,0.009999999776482582,0.009999999776482582,0.019999999552965164,1.100000023841858,0.019999999552965164,4.0,0.019999999552965164,88.0,1613.0,0.009999999776482582,0.20000000298023224,3.0,5.0,600.0,0.0010000000474974513,88.0,88.0,2000.0,2340.0,-0.11599799990653992,-0.03561130166053772,-0.04758000001311302,-0.01752999983727932,0,0,0,0,0,1,0,522.8896484375,522.8896484375,2.0999755859375,2.0999755859375,0.017078900709748268,31.428516387939453,164.21878051757812,1597.74462890625,1050.0869140625,795.6768188476562,795.6768188476562,3.19549560546875,3.19549560546875,1595.31494140625,547.7739868164062,0.0,0.0,2665400.5,20.00048065185547,20.00048065185547,156.3799285888672,156.3799285888672,65723.390625,65723.390625,1.0953898429870605,1.0953898429870605,114.47327423095703,114.47327423095703,24.99896240234375,24.99896240234375,104598.171875,104598.171875,25.008920669555664,155.5393524169922,158.5148162841797,2644500.5,20.00048065185547,20.00048065185547,227.12733459472656,227.12733459472656,155.9582977294922,155.9582977294922,652545.1875,652545.1875,0.0,114.46781158447266,114.46781158447266,228.95269775390625,160211.359375,160211.359375,1.0680757761001587,1.0680757761001587,226.3356475830078,155.9582977294922,279.04132080078125,139.52066040039062,139.52066040039062,204.22732543945312,204.22732543945312,408.45465087890625,0.0,0.0,0.0,139.51637268066406,139.51637268066406,204.22732543945312,204.22732543945312,0.026315800845623016,13.064809799194336,0.20000000298023224,0.8518919944763184,0.9032742381095886,0.857030987739563,0.5058758854866028,0.42243531346321106,0.5097135901451111,0.9599996209144592,1.0,1.0,1.0,0.9999998211860657,0.9999998211860657,0.9999998211860657,190866.34375,193242.0625,0.0,0.0,0.0,0.0,0.0,0.0,0.0,296.3810119628906,297.7510070800781,0.0,187345.90625,187345.90625,0.0,0.0,0.0,0.0,0.8757936358451843,0.8757936358451843,0.8757936358451843,0.8622363209724426,1199299.75,0.9959999918937683,0.9959999918937683,0.9959999918937683,0.9959999918937683,5809822.5,2733976.25,7426096.5,8544451.0,2606300.0,4016866.75,0.0039000282995402813,0.007810057606548071,1049.979248046875,572.8932495117188,580.3660888671875,580.2172241210938,359.44525146484375,395.4333190917969,363.8310852050781,213.447998046875,184.93276977539062,216.38613891601562,1597.76171875,1049.990966796875,350.3462219238281,350.3462219238281,350.3462219238281,531.4373779296875,531.4373779296875,531.4373779296875,3.0001628398895264,0.8743841052055359,0.8633916974067688,3.0001635551452637,5.0,0.0040000081062316895,0.0040000081062316895,0.0040000081062316895,0.0040000081062316895,0.0,-0.4368000030517578,0.0,600032.5625,164.21878051757812,164.21878051757812,0.0,20.0,2784104.0,7.25,12.0,10.25,225.30674743652344,225.30674743652344,225.30674743652344,0.0,0.0,0.7926306128501892,0.9211652278900146,10000.0,10000.0,0.011826000176370144,1038.5,0.027953999117016792,0.0,0.0,1.0878000259399414,1.0809999704360962,9.000000136438757e-05,103.0,33.220001220703125,1.8179999589920044,0.029999999329447746,49.0,8.329999923706055,4.159999847412109,58.0,302.0,4.5,0.699999988079071,0.4000000059604645,7.5,1.3799999952316284,2.492000102996826,7000.0,48.88999938964844,1.2000000476837158,45.0,62000.0,4590000.0,4250000.0,15900000.0,15100000.0,0.05000000074505806,0.17000000178813934,0.009999999776482582,15220000.0,1.6699999570846558,312.7799987792969,1.1100000143051147,4232.0,0.25,689000.0,4030000.0,9.829999923706055,8.550000190734863,12200000.0,231.10000610351562,88.3239974975586,633.0,1.1430000066757202,0.6858000159263611,-10.0,-3.7799999713897705,0.7799999713897705,295.5,4030000.0,12400000.0,0.9200000166893005,5.0,0,0,0,228,160,0,0,0,0,0,0,0,0,1,0,0,0,1,1,1,0,1,0,0,1,0,0,1,1,1,0,0,0,0,0,0,0,0,0,0,0,0,0,0,0.9913132190704346,6258868.5,1.0865305662155151,1.0178892612457275,1.0740219354629517,309.1861877441406,34.847286224365234,-0.00045262515777722,1,1,1,0,0,0,1,0,0,0,0,0,0,150,0.20000000298023224,0.20000000298023224,0.20000000298023224,0.0,2,0,0,0,0,0,0,0,0,0,0,0,0,0,0,0,0,0,0,0,0,0,0,0,0,0,0,0,0,0,0,0,0,0,0,0,0,0,0,0,0,0,0,0,0,0,0,0,0,0,0,1,0,0,0,0,0,0,0,0,0,0,0,0,0,0,0,0,0,0,0,0,0,0,0,0,0,0,0,0,0,0,0,0,0,0,0,0,0,0,0,0,0,0,0,0,0,0,0,0,0,0,0,0,0,0,0,0,0,0,0,0,0,0,0,0,0,0,0,0,0,0,0,0,0,0,0,0,0,0,0,0,0,0,0,0,0,0,0,0,0,0,0,1,0,0,0,0,0,0,0,0,0,0,0,-1,0,0,0,0,0,0,1,1,0,0,99.1313247680664,-3.3535995483398438,0.0,-0.5240992903709412,-1.6815581571897805e-44,309.3218078613281,309.1861877441406,747.4405517578125,-2.9683940738323145e-05,99.29426574707031,2663.746826171875,1.0865305662155151,1.0740219354629517,-1.0,0.1356201171875,6.827850029367255e-06,0.00014072722115088254,100.0,27.0,0.0,7.799991607666016,2.1857006549835205,1.0,1.0,34.69540023803711,0.25175532698631287,20.0,1.72820378452343e-07,0.0,74.04920959472656,1.733087182044983,1.8179994821548462,0.00036938843550160527,0.6817498207092285,0.5431888699531555,29.17192840576172,8.919811248779297,20.31207275390625,14.901930809020996,0.521072506904602,53.236515045166016,44.898040771484375,279.7453918457031,147.47738647460938,0.9716152548789978,326.60137939453125,40.007659912109375,0.29459047317504883,292.18048095703125,292.17889404296875,290.92779541015625,326.604248046875,326.6217041015625,326.6041259765625,85.47808837890625,2.6109158992767334,57.722938537597656,156.34246826171875,309.3923645019531,309.4002990722656,308.7659606933594,340.25225830078125,55.112022399902344,37.66754150390625,156.34246826171875,0.0,1.0055181980133057,1.0060744285583496,1.0421055555343628,88.99239349365234,88.9937973022461,89.02599334716797,63.86768341064453,63.865177154541016,63.86612319946289,50.64597702026367,50.64855194091797,50.643531799316406,100.0491943359375,100.05012512207031,98.3367691040039,2088.781982421875,2089.31787109375,2062.41552734375,445.1816101074219,445.2058410644531,442.60906982421875,29.0,0.0,48.0,0.5097135901451111,0.6856247782707214,0.42243531346321106,0.7226194143295288,0.5058758854866028,0.6815136075019836,41.0,78.36749267578125,63.490325927734375,226.3356475830078,99.3166275024414,9.999999974752427e-07,87.18843841552734,0.6319245100021362,155.5393524169922,0.9960977435112,721.2213134765625,39.84730911254883,31.428516387939453,1.0,9.476157188415527,77.8775405883789,0.0,0.9718579053878784,20.0,0.0,60.0,120.0,22.0,120.0,3.5043532848358154,0.0,0.0,994.4408569335938,18.08818817138672,89.19811248779297,2.0,200.0,0,0,228,228,228,228,200,228,228,228,160,0,99999,99999,15,402,1800,180,1800,998,20,994,99,23,0,0,0,806,1424,29,31,32,0,0,0,0,0,0,0,0,0,0,0,0,0,0,1,0,0,0,0,1,1,1,0,1,0,0,0,1,0,0,0,0,0,0,0,0,0,0,0,0,1,0,1,0,0,1,1,0,1,0,1,0,1,0,0,0,1,1,0,1,0,1,0,0,0,1,1,0,0,0,1,0,1,0,0,0,0,0,1,0,0,1,0,0,0,1,0,0,0,0,0,0,1,0,0,0,1,1,0,0,1,0,1,0,1,0,1,0,0,0,1,0,0,1,1,0,0,0,0,0,0,0,0,1,1,1,0,0,0,0,0,0,0,0,0,0,0,1,0,1,0,1,0,0,0,0,0,0,0,0,0,1,0,1,0,1,0,1,1,1,1,1,1,1,0,0,0,0,0,0,1,0,1,1,1,1,1,1,1,1,1,1,1,0,0,0,1,1,0,0,1,1,0,1,0,1,0,1,1,0,0,0,0,0,0,0,0,1,0,0,0,1,0,1,1,0,0,1,0,0,1,1,0,1,1,1,0,1,1,0,1,0,1,1,0,0,0,0,0,0,1,1,1,1,0,0,0,0,0,0,0,0,0,0,0,0,0,0,0,0,0,0,0,0,0,0,0,0,0,0,0,0,0,0,0,0,0,0,0,0,0,0,0,0,0,0,0,0,0,0,0,0,0,0,0,0,0,0,0,0,0,0,0,0,0,0,0,0,0,0,0,0,0,0,0,0,0,0,0,0,0,0,0,0,0,0,0,0,0,0,0,0,0,0,0,0,0,0,0,0,0,0,0,0,0,0,0,0,0,0,0,0,0,0,0,0,0,0,0,0,0,0,0,0,0,0,0,0,0,0,0,0,0,0,0,0,0,0,0,0,0,0,0,0,0,0,0,0,0,0,0,1,0,1,0,0,0,0,0,1,0,0,0,0,0,0,0,0,0,0,0,0,0,0,0,1,0,0,0,0,0,0,0,0,0,0,0,0,0,0,1,0,0,0,0,0,0,0,0,0,0,1,0,0,0,0,0,0,0,0,0,0,0,0,0,0,0,0,0,0,0,0,0,0,0,0,0,0,0,1,0,0,0,0,0,0,1,1,1,0,0,0,0,0,0,-1,0,0,0,0,0,0,0,0,-1,0,0,-1,0,0,0,0,0,0,0,0,0,0,0,0,0,0,0,0,0,0,1,0,0,0,0,0,0,0,0,0,0,0,0,0,0,0,0,1,1,0,-1,-1,-1,1,1,1,0,0,0,0,1,0,0,1,1,0,0,0,0,1,0,0,0,0,0,0,0,0,0,0,0,0,0,0,0,0,0,0,0,0,0,0,0,0,0,0,0,0,0,1,1,0,1,0,1,1,0,1,0,1,1,0,1,0,0,1,0,0,0,0,0,0,0,0,0,0,0,0,0,0,0,0,0,0,0,0,0,0,0,0,0,0
0,1,1,300,228,8,8,228,114,25,1,0,0.0020000000949949026,4000.0,1.0,0.04500000178813934,25.0,48.0,8.0,291.70001220703125,1.7000000476837158,-3.179999907843012e-07,0.007360000163316727,0.008080000057816505,8.0,0.33000001311302185,0.0333000011742115,1.0,9.999999747378752e-06,21.0,9.999999747378752e-06,2775000064.0,9.000000136438757e-05,4.999999980020986e-13,5.0,40.0,3.0,-3.3499999046325684,3.3499999046325684,0.5,0.0004799999878741801,292.3927001953125,492.6077880859375,-0.0036125299520790577,0.002354159951210022,0.0008944629807956517,0.013157900422811508,0.800646185874939,0.02024419978260994,2650129920.0,0.006539999973028898,228,228,228,228,228,228,228,228,228,228,228,228,228,228,228,228,228,228,228,228,228,228,228,228,200,200,200,200,228,228,228,228,228,228,228,228,228,228,228,228,228,228,228,228,228,228,228,228,228,228,228,228,0,1,4,4,228,228,228,200,228,228,228,228,3,0,0.0004018093750346452,292.5783386230469,668.3287353515625,756.3828125,848.9569702148438,938.302490234375,1076.3121337890625,1112.37353515625,1126.502685546875,1113.084716796875,1075.91162109375,1018.059814453125,937.0372314453125,848.1063232421875,759.1865234375,678.1970825195312,599.8001708984375,536.4193725585938,488.74371337890625,456.35357666015625,436.5525817871094,428.1616516113281,428.3321228027344,433.5212707519531,440.1865539550781,444.7852783203125,-0.001962793990969658,0.7463062405586243,0.7719855904579163,-9.673018212197348e-05,0.7554275393486023,0.9925363659858704,117945.578125,3.63305771315936e-05,0.3274537920951843,0.7604326605796814,0.9890597462654114,0.9904471635818481,0.02222571335732937,1.0,-1.6815581571897805e-44,-3.354168653488159,0.0,99.29425048828125,2663.748291015625,0.9435223340988159,747.0656127929688,228.0,-11.520210266113281,2.2787253856658936,0.4000000059604645,0.0,309.3218078613281,280603.84375,-0.5235713124275208,6.458535194396973,130.28829956054688,1.2404407262802124,7750000.0,8160000.0,86.12000274658203,119.0999984741211,0.5,9.999999747378752e-05,0.0,3.299999952316284,200.0,0.30000001192092896,309.20001220703125,2.439019908706541e-06,0,0,0,1,1,1,0,24,0,309.3088684082031,0.0,0.0,0.0,0.0,0.0,0.0,0.5029663443565369,0.8736667037010193,0.5187382102012634,-0.007885932922363281,6.1605911469087e-05,0.00011593493400141597,0.5078859329223633,0.507901668548584,0.5078749656677246,1.0,25.0,24.0,6302429.5,6303203.5,6303454.0,291.57415771484375,292.16558837890625,292.16693115234375,326.6062927246094,326.7341003417969,326.6062927246094,4400000.0,309.0902099609375,309.4498291015625,309.3865966796875,35.032135009765625,34.568511962890625,34.439361572265625,326.6176452636719,4546.39013671875,4607.0546875,4609.4501953125,12.811034202575684,12.806138038635254,12.805937767028809,14.9412841796875,0.0,0.0,0.0020000000949949026,291.9689025878906,326.6488952636719,-103.32113647460938,1.650800108909607,1.650823950767517,1.650743842124939,-7.952600955963135,39.0,40.0,42.0,41.0,0.0,0.0,6310076.5,6258315.0,85.8390121459961,5.0,0.014999999664723873,-180000.0,600.0,1000000.0,400000.0,0.17000000178813934,22000.0,786000.0,120000.0,0.0,40.0,30.0,36.810001373291016,0.5,18.399999618530273,50000.0,115692.3984375,15.113750457763672,0,0,0,0,0,0,0,15242555.0,1.0,0.0,0.0,0.0,0.0,-127246.0,382320.46875,0.0,0.9558011889457703,382320.46875,0.0,0.5499807596206665,15272754.0,126869.6328125,15242555.0,340.253173828125,40.007659912109375,5.4887919425964355,-127246.0,0.0,0.0,0.0,3.755455732345581,40.007659912109375,0.0,22230.939453125,1.2010046243667603,0.0,0.0,0.0,20.0,14.711517333984375,22.0,0.0,0.0,0.0,0.05000000074505806,0.02500000037252903,0.17000000178813934,15400000.0,0.5,6.25,0.0006667000125162303,2.0,2410000.0,4140000.0,4.734799861907959,0.15000000596046448,0.20000000298023224,0.2199999988079071,1.0,0.0,-1.0,0.0,5.0,20.0,30.0,50.0,74.0,80.0,86.0,9.800000190734863,500000.0,1.0499999802959792e-07,0.5,750.0,1000.0,600.0,1000.0,1150.0,32.0,32.0,37.400001525878906,10.0,10.0,0.007000000216066837,0.5049999952316284,82.0,189.26499938964844,0.0,1.5099999904632568,231.60000610351562,20.0,36.0,16.600000381469727,16.5,225.0,-0.1756729930639267,27.5,-0.1756729930639267,30.485509872436523,0.1561516970396042,11.10221004486084,-1.8332500457763672,-75.0,4.3520002365112305,9.800000190734863,189.26499938964844,93.30000305175781,2650000.0,0.8500000238418579,7.570000171661377,0,1,0,0,0,0,0,0,0,0,0,1,3,3,0,0,1,1,0,0,0,0,0,0,0,0,0,0,1,0,0,0,0,0,0,0,0,0,0,1,0,0,0,0,0,0,0,0,0,0,12.05859088897705,29059.04296875,2153.699951171875,0.00041497318306937814,0.0004361289902590215,0.0006248649442568421,1.0,1.0,0.0,0.0,0.0,0.5221651196479797,0.5160431861877441,1.0,0.0,0.0,0.0,1.0,0.0,0.0,1.0,1.0,0.0,1.0,1.0,0.008159816265106201,0.0,1.0,0.0,0.6481958627700806,0.647487998008728,0.00041497318306937814,0.0,0.0,0.0,99998.78125,99999.0,2858543.75,2410000.0,36.20000076293945,36.20000076293945,36.20000076293945,32.251399993896484,279.7725830078125,147.47088623046875,53.216522216796875,26.066125869750977,39.27369689941406,27.0,28.997446060180664,27.0,0.0,32.0,20.0,68.57752227783203,3446668.0,0.5431888699531555,3.7799999713897705,4.144796371459961,8.919811248779297,0.0,0.0,0.0,1.401298464324817e-45,5.638793468475342,5.638793468475342,0.5049998760223389,0.5049998760223389,0.5049998760223389,0.18937495350837708,0.18937495350837708,0.18937495350837708,0.0,0.0,0.0,0.0,0.0,0.0,5.294999599456787,0.0,0.0,0.0,0.0,0.0,0.0,100.0,74.05101776123047,0.5791327953338623,0.0,20.0,0.0,5.592782020568848,5.086299419403076,0.0,0.0,0.0,0.007000000216066837,0.0,0.0,9.436957359313965,0.0,1.7331050634384155,1.401298464324817e-45,5.091670989990234,0.0,0.0,0.0,0.0,0.0,0.0,20.0,0.0,0.0,14935866.0,0.0,0.0,0.0,0.0,0.0,0.0,0.0,0.351500004529953,18.93000030517578,23.030000686645508,7.69199959904654e-06,0.08500000089406967,0.009999999776482582,24.0,27.0,8.800000190734863,500000.0,0.05000000074505806,2.7000000013543968e-09,2.7000000013543968e-09,145100.0,120000.0,14650000.0,86400.0,17.0,34.5,48.70000076293945,321.8999938964844,83170.0,0.0,1.0,1.0,0.0010000000474974513,725.0,0.0,0.5,0.0,0.0,57.31999969482422,837142.875,9359.77734375,117376.1015625,2623.89794921875,83026.390625,725.0,1.0204100362898316e-05,740000000.0,1,0,1,0,1,0,1,0,0,0,0,8.799991607666016,27.0,52.71553039550781,0.0,0.0,0.0,0.0,0.02077978476881981,5.539874837268144e-05,0.0,0.00040548783726990223,34.74509048461914,1.0,24683.5234375,222.02459716796875,5.167595986677043e-07,2759232256.0,4453579776.0,3033910528.0,4263297024.0,-86.36550903320312,57.193115234375,-238895376.0,190282416.0,5.091670989990234,1588.242431640625,91.45718383789062,1531.04931640625,106381.3984375,3245.831787109375,143508.203125,145929.375,122683.5234375,0.6000000238418579,34.74509048461914,34.74509048461914,1.0,5.167595986677043e-07,222.02459716796875,37849214976.0,0.1959429681301117,137600.0,137600.0,111722416.0,85.81838989257812,5304.13232421875,1.0,0.0,1700.0,250000.0,10000.0,1038.0,0.004999999888241291,400.0,5000.0,0,0,0,0,2962107.0,64.74073791503906,64.74073791503906,1226041.0,2784808.5,1.0,1.0,1236482.0,228.94297790527344,6248752.5,1.0,0.9960315823554993,1.0,1.0,1041.6339111328125,277.31573486328125,189.60977172851562,127.57428741455078,6144828.5,809264.0,189.60977172851562,1.0,1.0,1.0,138.66619873046875,1580.987060546875,799.6243896484375,0.0,0.0,0.0,7680000.0,528.35107421875,535.0686645507812,537.6332397460938,0.0,2784808.5,0.0,129.48147583007812,0.0,0.0,278.2814636230469,1.0,0.0,-7.5742998123168945,0.0,5.605193857299268e-45,9.999999974752427e-07,0.0,2.0,0.0003000000142492354,0.004999999888241291,0.0010000000474974513,2.0000000233721948e-07,2.0000000233721948e-07,0.0005555999814532697,993000000.0,1.0,0.05000000074505806,0.10000000149011612,0.0005000000237487257,0.0016700000269338489,0.009999999776482582,1.0,1.0,0.0010000000474974513,4.999999873689376e-05,0.00039999998989515007,0.019999999552965164,0.9891999959945679,0.9891999959945679,0.9950000047683716,0.9950000047683716,1,0,0,0,0,1,0,0,1,0,1,0,0,0,1.0009355545043945,993929024.0,63742.86328125,4884703.5,1174.84912109375,2546590.0,1453.8818359375,1.0,2327826.25,0.9723237156867981,1.0,60.0,180.0,1800.0,1800.0,1.0047005414962769,0.019808992743492126,1.0,1.0,-0.012236599810421467,0.0,0.0,0.0,0.0,0.0001150369644165039,6.602997746085748e-05,0.0,0.0,6.602997746085748e-05,0.0,6.602997746085748e-05,6.602997746085748e-05,0.0,7.006492321624085e-44,1,1,0,1,1,1,0,1,1,0,1,0,1,1,1,1,1,1,1,1,0,1000,1000,0,1,5001,5001,220.0,3502.806640625,120.0,120.0,60.0,0.0,0.4000000059604645,0.10000000149011612,0.10000000149011612,2.0,500.0,200.0,0.9900000095367432,300000.0,5000.0,45000.0,20000.0,0.019999999552965164,2.0,0.05000000074505806,0.019999999552965164,6.0,0.05000000074505806,0.019999999552965164,0.019999999552965164,88.30000305175781,0.10000000149011612,0.800000011920929,0.05000000074505806,0.009999999776482582,50.0,50.0,340.0,340.0,1000000.0,1,1,1,1,1,1,1,1,1,1,0,0,0,1,1,0,1.0,0.0,0.0,0.0,0.020284688100218773,0.0,0.0,0.0,0.9181193113327026,0.9181193113327026,0.9181193113327026,5000.4052734375,3900060.5,3905061.0,50.0,27.618629455566406,0.4000000059604645,0.0,0.0,0.10000000149011612,0.1627279371023178,1.0,45000.0,20.0,29.360836029052734,778778.125,33.50436782836914,4589.1142578125,721.2213134765625,0.7787781357765198,0.9182014465332031,9.476130485534668,1.0,3221884.5,3304317.0,9.718579292297363,20.0,0.2719247043132782,27.19247055053711,0.0,636.4223022460938,411.25640869140625,100000.0,50000.0,1115.300048828125,50000.0,700.0,2000.0,2800000.0,3500000.0,4000000.0,9.999999747378752e-05,4.999999873689376e-05,500.0,20000.0,100.0,500.0,60000.0,1200.0,1.0,120.0,150000.0,3000.0,300.0,1.0,300.0,0.019999999552965164,0.019999999552965164,0.009999999776482582,0.009999999776482582,0.009999999776482582,0.019999999552965164,1.100000023841858,0.019999999552965164,4.0,0.019999999552965164,88.0,1613.0,0.009999999776482582,0.20000000298023224,3.0,5.0,600.0,0.0010000000474974513,88.0,88.0,2000.0,2340.0,-0.11599799990653992,-0.03561130166053772,-0.04758000001311302,-0.01752999983727932,0,0,0,0,0,1,0,522.8988037109375,522.8988037109375,2.0999755859375,2.0999755859375,0.01707630790770054,31.428516387939453,164.21878051757812,1600.18994140625,1050.067138671875,796.8945922851562,796.8945922851562,3.20037841796875,3.20037841796875,1596.1580810546875,547.8294677734375,0.0,0.0,2665896.25,20.00048065185547,20.00048065185547,156.38003540039062,156.38003540039062,65723.390625,65723.390625,1.0953898429870605,1.0953898429870605,114.47148895263672,114.47148895263672,24.998966217041016,24.998966217041016,104598.1875,104598.1875,25.00892448425293,155.5395050048828,158.51515197753906,2645331.25,20.00048065185547,20.00048065185547,227.1267852783203,227.1267852783203,155.9584197998047,155.9584197998047,652545.6875,652545.6875,0.0,114.46781158447266,114.46781158447266,228.95269775390625,160211.359375,160211.359375,1.0680757761001587,1.0680757761001587,226.33572387695312,155.9584197998047,279.0163269042969,139.50816345214844,139.50816345214844,204.22732543945312,204.22732543945312,408.45465087890625,0.0,0.0,0.0,139.4971923828125,139.4971923828125,204.22732543945312,204.22732543945312,0.026315800845623016,13.064824104309082,0.20000000298023224,0.8468875288963318,0.8983742594718933,0.8521351218223572,0.5029663443565369,0.4195946753025055,0.5068749189376831,0.9599996209144592,1.0,1.0,1.0,0.9999998211860657,0.9999998211860657,0.9999998211860657,190866.09375,193242.0625,0.0,0.0,0.0,0.0,0.0,0.0,0.0,296.3810119628906,297.7510070800781,0.0,187485.3125,187485.3125,0.0,0.0,0.0,0.0,0.87562096118927,0.87562096118927,0.87562096118927,0.8622179627418518,1199301.375,0.9959999918937683,0.9959999918937683,0.9959999918937683,0.9959999918937683,5809543.5,2733384.0,7423742.0,8543154.0,2606300.0,4016966.5,0.0039000604301691055,0.007810121867805719,1049.99755859375,543.9451293945312,550.8209228515625,550.6531372070312,341.2668151855469,375.45904541015625,345.2740478515625,202.67831420898438,175.36187744140625,205.37908935546875,1600.20703125,1050.00927734375,350.3382568359375,350.3382568359375,350.3382568359375,530.7077026367188,530.7077026367188,530.7077026367188,3.000161647796631,0.873235821723938,0.863456666469574,3.000162124633789,5.0,0.0040000081062316895,0.0040000081062316895,0.0040000081062316895,0.0040000081062316895,0.0,-0.4368000030517578,0.0,600032.3125,164.21878051757812,164.21878051757812,0.0,20.0,2784558.0,7.25,12.0,10.25,225.30686950683594,225.30686950683594,225.30686950683594,0.0,0.0,0.7926306128501892,0.9211652278900146,10000.0,10000.0,0.011826000176370144,1038.5,0.027953999117016792,0.0,0.0,1.0878000259399414,1.0809999704360962,9.000000136438757e-05,103.0,33.220001220703125,1.8179999589920044,0.029999999329447746,49.0,8.329999923706055,4.159999847412109,58.0,302.0,4.5,0.699999988079071,0.4000000059604645,7.5,1.3799999952316284,2.492000102996826,7000.0,48.88999938964844,1.2000000476837158,45.0,62000.0,4590000.0,4250000.0,15900000.0,15100000.0,0.05000000074505806,0.17000000178813934,0.009999999776482582,15220000.0,1.6699999570846558,312.7799987792969,1.1100000143051147,4232.0,0.25,689000.0,4030000.0,9.829999923706055,8.550000190734863,12200000.0,231.10000610351562,88.3239974975586,633.0,1.1430000066757202,0.6858000159263611,-10.0,-3.7799999713897705,0.7799999713897705,295.5,4030000.0,12400000.0,0.9200000166893005,5.0,0,0,0,228,160,0,0,0,0,0,0,0,0,1,0,0,0,1,1,1,0,1,0,0,1,0,0,1,1,1,0,0,0,0,0,0,0,0,0,0,0,0,0,0,0.9890597462654114,6302429.5,1.0851638317108154,1.0138814449310303,1.0671194791793823,309.27935791015625,34.7100830078125,-0.0023699416778981686,1,1,1,0,0,0,1,1,0,0,0,0,0,152,0.20000000298023224,0.20000000298023224,0.20000000298023224,0.0,2,0,0,0,0,0,0,0,0,0,0,0,0,0,0,0,0,0,0,0,0,0,0,0,0,0,0,0,0,0,0,0,0,0,0,0,0,0,0,0,0,0,0,0,0,0,0,0,0,0,0,1,0,0,0,0,0,0,0,0,0,0,0,0,0,0,0,0,0,0,0,0,0,0,0,0,0,0,0,0,0,0,0,0,0,0,0,0,0,0,0,0,0,0,0,0,0,0,0,0,0,0,0,0,0,0,0,0,0,0,0,0,0,0,0,0,0,0,0,0,0,0,0,0,0,0,0,0,0,0,0,0,0,0,0,0,0,0,0,0,0,0,0,1,0,0,0,0,0,0,0,0,0,0,0,-1,0,0,0,0,0,0,1,1,0,0,98.90597534179688,-3.354168653488159,0.0,-0.5235713124275208,-1.6815581571897805e-44,309.3218078613281,309.27935791015625,747.0656127929688,-9.673018212197348e-05,99.29425048828125,2663.748291015625,1.0851638317108154,1.0671194791793823,-1.0,0.042449951171875,6.827850029367255e-06,0.00040548783726990223,100.0,27.0,0.0,7.799991607666016,2.3464009761810303,1.0,1.0,34.74509048461914,0.2518731355667114,20.0,5.167595986677043e-07,0.0,74.05101776123047,1.7331050634384155,1.8179994821548462,0.00036938843550160527,0.6817498207092285,0.5431888699531555,29.168867111206055,8.919811248779297,20.29965591430664,14.921266555786133,0.5221651196479797,53.216522216796875,44.898040771484375,279.7725830078125,147.47088623046875,0.9714513421058655,326.6072998046875,40.007659912109375,0.29459047317504883,292.17413330078125,292.17266845703125,291.42559814453125,326.60430908203125,326.69512939453125,326.604248046875,95.58011627197266,2.91520357131958,57.91328048706055,155.84471130371094,309.38922119140625,309.43389892578125,309.0149230957031,340.25274658203125,54.998077392578125,37.61009216308594,155.84471130371094,0.0,1.0057053565979004,1.0084010362625122,1.0275683403015137,89.05091094970703,89.05237579345703,89.08611297607422,64.32107543945312,64.31851959228516,64.31062316894531,50.787498474121094,50.79016876220703,50.78859329223633,100.16962432861328,100.12116241455078,98.66937255859375,1982.3511962890625,1982.955322265625,1958.202392578125,544.213134765625,544.1676025390625,537.6402587890625,29.0,0.0,48.0,0.5068749189376831,0.6817080974578857,0.4195946753025055,0.7186993956565857,0.5029663443565369,0.6775100231170654,41.0,78.36749267578125,63.76289749145508,226.33572387695312,98.93535614013672,9.999999974752427e-07,87.17520141601562,0.6320104002952576,155.5395050048828,0.9960315823554993,721.2213134765625,39.847633361816406,31.428516387939453,1.0,9.476130485534668,77.87781524658203,0.0,0.9718579053878784,20.0,0.0,60.0,120.0,22.0,120.0,3.5028069019317627,0.0,0.0,993.9290161132812,18.08818817138672,89.19811248779297,2.0,200.0,0,0,228,228,228,228,200,228,228,228,160,0,99999,99999,15,402,1800,180,1800,998,20,993,98,23,0,0,0,806,1424,29,31,32,0,0,0,0,0,0,0,0,0,0,0,0,0,0,1,0,0,0,0,1,1,1,0,1,0,0,0,1,0,0,0,0,0,0,0,0,0,0,0,0,1,0,1,0,0,1,1,0,1,0,1,0,1,0,0,0,1,1,0,1,0,1,0,0,0,1,1,1,0,0,1,0,1,0,0,0,0,1,1,0,0,1,0,0,0,1,0,0,0,0,0,0,1,0,0,0,1,1,0,0,1,0,1,0,1,0,1,0,0,0,1,0,0,1,1,0,0,0,0,0,0,0,0,1,1,1,0,0,0,0,0,0,0,0,0,0,0,1,0,1,0,1,0,0,0,0,0,0,0,0,0,1,0,1,0,1,0,1,1,1,1,1,1,1,0,0,0,0,0,0,1,0,1,1,1,1,1,1,1,1,1,1,1,1,0,0,1,1,0,0,1,1,0,1,0,1,0,1,1,0,0,0,0,0,0,0,0,1,0,0,0,1,0,1,1,0,0,1,0,0,1,1,0,1,1,1,0,1,1,0,1,0,1,1,0,0,0,0,0,0,1,1,1,1,0,0,0,0,0,0,0,0,0,0,0,0,0,0,0,0,0,0,0,0,0,0,0,0,0,0,0,0,0,0,0,0,0,0,0,0,0,0,0,0,0,0,0,0,0,0,0,0,0,0,0,0,0,0,0,0,0,0,0,0,0,0,0,0,0,0,0,0,0,0,0,0,0,0,0,0,0,0,0,0,0,0,0,0,0,0,0,0,0,0,0,0,0,0,0,0,0,0,0,0,0,0,0,0,0,0,0,0,0,0,0,0,0,0,0,0,0,0,0,0,0,0,0,0,0,0,0,0,0,0,0,0,0,0,0,0,0,0,0,0,0,0,0,0,0,0,0,1,0,1,0,0,0,0,0,1,0,0,0,0,0,0,0,0,0,0,0,0,0,0,0,1,0,0,0,0,0,0,0,0,0,0,0,0,0,0,1,0,0,0,0,0,0,0,0,0,0,1,0,0,0,0,0,0,0,0,0,0,0,0,0,0,0,0,0,0,0,0,0,0,0,0,0,0,0,1,0,0,0,0,0,0,1,1,1,0,0,0,0,0,0,-1,0,0,0,0,0,0,0,0,-1,0,0,-1,0,0,0,0,0,0,0,0,0,0,0,0,0,0,0,0,0,0,1,0,0,0,0,0,0,0,0,0,0,0,0,0,0,0,0,1,1,0,-1,-1,-1,1,1,1,0,0,0,0,1,0,0,1,1,0,0,0,0,1,0,0,0,0,0,0,0,0,0,0,0,0,0,0,0,0,0,0,0,0,0,0,0,0,0,0,0,0,0,1,1,0,1,0,1,1,0,1,0,1,1,0,1,0,0,1,0,0,0,0,0,0,0,0,0,0,0,0,0,0,0,0,0,0,0,0,0,0,0,0,0,0
0,1,1,300,228,8,8,228,114,25,1,0,0.0020000000949949026,4000.0,1.0,0.04500000178813934,25.0,48.0,8.0,291.70001220703125,1.7000000476837158,-3.179999907843012e-07,0.007360000163316727,0.008080000057816505,8.0,0.33000001311302185,0.0333000011742115,1.0,9.999999747378752e-06,21.0,9.999999747378752e-06,2775000064.0,9.000000136438757e-05,4.999999980020986e-13,5.0,40.0,3.0,-3.3499999046325684,3.3499999046325684,0.5,0.0004799999878741801,292.3927001953125,492.6077880859375,-0.0036125299520790577,0.002354159951210022,0.0008944629807956517,0.013157900422811508,0.800646185874939,0.02024419978260994,2650129920.0,0.006539999973028898,228,228,228,228,228,228,228,228,228,228,228,228,228,228,228,228,228,228,228,228,228,228,228,228,200,200,200,200,228,228,228,228,228,228,228,228,228,228,228,228,228,228,228,228,228,228,228,228,228,228,228,228,0,1,4,4,228,228,228,200,228,228,228,228,3,0,0.000401810189941898,292.5395812988281,665.7886962890625,753.4542846679688,845.618896484375,934.5699462890625,1071.980712890625,1107.894775390625,1121.97412109375,1108.6387939453125,1071.66552734375,1014.1184692382812,933.5123291015625,845.0458374023438,756.6004638671875,676.0578002929688,598.1250610351562,535.1390991210938,487.77264404296875,455.59716796875,435.924560546875,427.580322265625,427.7361145019531,432.8746643066406,439.478759765625,444.0311279296875,-0.0010956788901239634,0.7299671769142151,0.7719851732254028,-0.00022529035049956292,0.7554291486740112,0.9925031661987305,116529.671875,3.5926903365179896e-05,0.3274237811565399,0.743324339389801,0.9810612797737122,0.9840658903121948,0.02187652327120304,1.0,-1.6815581571897805e-44,-3.356975793838501,0.0,99.29415893554688,2663.75341796875,0.9435243010520935,745.115478515625,228.0,-24.18154525756836,1.8567745685577393,1.0,0.0,309.3218078613281,280604.40625,-0.5236408710479736,6.454294204711914,130.28829956054688,1.2650856971740723,7750000.0,8160000.0,86.12000274658203,119.0999984741211,0.5,9.999999747378752e-05,0.0,3.299999952316284,200.0,0.30000001192092896,309.20001220703125,2.439019908706541e-06,0,0,0,1,1,1,0,24,0,309.3434753417969,0.0,0.0,0.0,0.0,0.0,0.0,0.5033202767372131,0.8735865950584412,0.5187256932258606,-0.0077027082443237305,-1.5972105757100508e-05,3.845094033749774e-05,0.5077027082443237,0.5076743364334106,0.5076531767845154,1.0,25.0,24.0,6321748.5,6322318.5,6322580.5,291.7943115234375,292.1243896484375,292.12591552734375,326.61456298828125,326.7872314453125,326.61444091796875,4400000.0,309.2044372558594,309.455810546875,309.37017822265625,34.82025146484375,34.662841796875,34.488525390625,326.6309814453125,4566.4248046875,4609.1640625,4612.22607421875,12.807948112487793,12.802705764770508,12.802515029907227,14.846099853515625,0.0,0.0,0.0020000000949949026,292.0148620605469,326.6720886230469,-68.893310546875,1.6492992639541626,1.6491211652755737,1.6490505933761597,-8.606698989868164,39.0,40.0,42.0,41.0,0.0,0.0,6326325.0,6274444.0,85.58846282958984,5.0,0.014999999664723873,-180000.0,600.0,1000000.0,400000.0,0.17000000178813934,22000.0,786000.0,120000.0,0.0,40.0,30.0,36.810001373291016,0.5,18.399999618530273,50000.0,115692.3984375,15.113750457763672,0,0,1,0,0,0,0,15176935.0,1.0,0.0,0.0,0.0,0.0,-204161.0,397790.0625,1000000.0,0.9944751262664795,1397790.0,0.0,0.5467349886894226,15195839.0,126869.6328125,15176935.0,340.25396728515625,40.007659912109375,5.459014415740967,-204161.0,0.0,0.0,0.0,3.740443229675293,40.007659912109375,0.0,22230.939453125,1.2010046243667603,0.0,0.0,0.0,20.0,14.711517333984375,22.0,0.0,0.0,0.0,0.05000000074505806,0.02500000037252903,0.17000000178813934,15400000.0,0.5,6.25,0.0006667000125162303,2.0,2410000.0,4140000.0,4.734799861907959,0.15000000596046448,0.20000000298023224,0.2199999988079071,1.0,0.0,-1.0,0.0,5.0,20.0,30.0,50.0,74.0,80.0,86.0,9.800000190734863,500000.0,1.0499999802959792e-07,0.5,750.0,1000.0,600.0,1000.0,1150.0,32.0,32.0,37.400001525878906,10.0,10.0,0.007000000216066837,0.5049999952316284,82.0,189.26499938964844,0.0,1.5099999904632568,231.60000610351562,20.0,36.0,16.600000381469727,16.5,225.0,-0.1756729930639267,27.5,-0.1756729930639267,30.485509872436523,0.1561516970396042,11.10221004486084,-1.8332500457763672,-75.0,4.3520002365112305,9.800000190734863,189.26499938964844,93.30000305175781,2650000.0,0.8500000238418579,7.570000171661377,0,1,0,0,0,0,0,0,0,0,0,1,3,3,0,0,1,1,0,0,0,0,0,0,0,0,0,0,1,0,0,0,0,0,0,0,0,0,0,1,0,0,0,0,0,0,0,0,0,0,12.058670043945312,29059.33984375,2153.699951171875,0.0004149716696701944,0.0004361289902590215,0.0006248649442568421,1.0,1.0,0.0,0.0,0.0,0.5238000154495239,0.5168143510818481,1.0,0.0,0.0,0.0,1.0,0.0,0.0,1.0,1.0,0.0,1.0,1.0,0.008381426334381104,0.0,1.0,0.0,0.6479508280754089,0.6475272178649902,0.0004149716696701944,0.0,0.0,0.0,99998.78125,99999.0,2857463.25,2410000.0,36.20000076293945,36.20000076293945,36.20000076293945,32.25617980957031,279.81927490234375,147.4320526123047,53.15806198120117,26.068817138671875,39.258995056152344,27.0,28.991703033447266,27.0,0.0,32.0,20.0,68.57752227783203,3446668.0,0.5431888699531555,3.7799999713897705,4.154825210571289,8.919811248779297,0.0,0.0,0.0,1.401298464324817e-45,5.628055095672607,5.628055095672607,0.5049998760223389,0.5049998760223389,0.5049998760223389,0.18937495350837708,0.18937495350837708,0.18937495350837708,0.0,0.0,0.0,0.0,0.0,0.0,5.294999599456787,0.0,0.0,0.0,0.0,0.0,0.0,100.0,74.05364990234375,0.5799999833106995,0.0,20.0,0.0,5.580883979797363,5.094817638397217,0.0,0.0,0.0,0.007000000216066837,0.0,0.0,9.446319580078125,0.0,1.7331311702728271,1.401298464324817e-45,5.1016998291015625,0.0,0.0,0.0,0.0,0.0,0.0,20.0,0.0,0.0,14885457.0,0.0,0.0,0.0,0.0,0.0,0.0,0.0,0.351500004529953,18.93000030517578,23.030000686645508,7.69199959904654e-06,0.08500000089406967,0.009999999776482582,24.0,27.0,8.800000190734863,500000.0,0.05000000074505806,2.7000000013543968e-09,2.7000000013543968e-09,145100.0,120000.0,14650000.0,86400.0,17.0,34.5,48.70000076293945,321.8999938964844,83170.0,0.0,1.0,1.0,0.0010000000474974513,725.0,0.0,0.5,0.0,0.0,57.31999969482422,837142.875,9359.77734375,117376.1015625,2623.89794921875,83026.390625,725.0,1.0204100362898316e-05,740000000.0,1,0,1,0,1,0,1,0,0,0,0,8.799991607666016,27.0,104.22418212890625,0.0,0.0,0.0,0.0,0.04147643968462944,0.00010413406562292948,0.0,0.0008016923675313592,34.819190979003906,1.0,24700.8046875,324.53363037109375,1.0314519158782787e-06,2699894016.0,4375712768.0,2982370816.0,4257257472.0,-86.2816390991211,32.322509765625,-189234016.0,118455400.0,5.1016998291015625,1560.94921875,91.38333892822266,1528.626708984375,106381.3984375,3258.429931640625,143547.09375,146240.609375,122700.8046875,1.2000000476837158,34.819190979003906,34.819190979003906,1.0,1.0314519158782787e-06,324.53363037109375,74312810496.0,0.19600756466388702,137600.0,137600.0,111625632.0,85.75528717041016,5321.29248046875,1.0,0.0,1700.0,250000.0,10000.0,1038.0,0.004999999888241291,400.0,5000.0,0,0,0,0,2962515.5,64.73548126220703,64.73548126220703,1227087.0,2785075.5,1.0,1.0,1236300.625,228.93716430664062,6269812.0,1.0,0.9959570169448853,1.0,1.0,1041.6380615234375,277.5287170410156,189.6029815673828,127.97100830078125,6165389.5,809233.0625,189.6029815673828,1.0,1.0,1.0,138.3419952392578,1578.477294921875,799.634033203125,0.0,0.0,0.0,7680000.0,524.4047241210938,530.267333984375,532.906005859375,0.0,2785075.5,0.0,129.47096252441406,0.0,0.0,278.4515075683594,1.0,0.0,-7.5742998123168945,0.0,5.605193857299268e-45,9.999999974752427e-07,0.0,2.0,0.0003000000142492354,0.004999999888241291,0.0010000000474974513,2.0000000233721948e-07,2.0000000233721948e-07,0.0005555999814532697,993000000.0,1.0,0.05000000074505806,0.10000000149011612,0.0005000000237487257,0.0016700000269338489,0.009999999776482582,1.0,1.0,0.0010000000474974513,4.999999873689376e-05,0.00039999998989515007,0.019999999552965164,0.9891999959945679,0.9891999959945679,0.9950000047683716,0.9950000047683716,1,0,0,0,0,1,0,0,1,0,1,0,0,0,1.0003010034561157,993298880.0,63582.34765625,4882461.0,1171.6387939453125,2547023.25,1450.6068115234375,1.0,2328139.0,0.9725218415260315,1.0,60.0,180.0,1800.0,1800.0,1.0047005414962769,0.019808992743492126,1.0,1.0,-0.012236599810421467,0.0,0.0,0.0,0.0,-0.00019788742065429688,6.602997746085748e-05,0.0,0.0,6.602997746085748e-05,0.0,6.602997746085748e-05,6.602997746085748e-05,0.0,7.006492321624085e-44,1,1,0,1,1,1,0,1,1,0,1,0,1,1,1,1,1,1,1,1,0,1000,1000,0,1,5001,5001,220.0,3500.903076171875,120.0,120.0,60.0,0.0,0.4000000059604645,0.10000000149011612,0.10000000149011612,2.0,500.0,200.0,0.9900000095367432,300000.0,5000.0,45000.0,20000.0,0.019999999552965164,2.0,0.05000000074505806,0.019999999552965164,6.0,0.05000000074505806,0.019999999552965164,0.019999999552965164,88.30000305175781,0.10000000149011612,0.800000011920929,0.05000000074505806,0.009999999776482582,50.0,50.0,340.0,340.0,1000000.0,1,1,1,1,1,1,1,1,1,1,0,0,0,1,1,0,1.0,0.0,0.0,0.0,0.01908928155899048,0.0,0.0,0.0,0.9181202054023743,0.9181202054023743,0.9181202054023743,5000.40625,3900104.5,3905105.0,50.0,27.618589401245117,0.4000000059604645,0.0,0.0,0.10000000149011612,0.16327635943889618,1.0,45000.0,20.0,29.362028121948242,778782.25,33.50614929199219,4589.1142578125,721.2213134765625,0.7787822484970093,0.9182012677192688,9.476090431213379,1.0,3221871.0,3304317.0,9.718579292297363,20.0,0.27197128534317017,27.197128295898438,0.0,636.4223022460938,411.2708435058594,100000.0,50000.0,1115.300048828125,50000.0,700.0,2000.0,2800000.0,3500000.0,4000000.0,9.999999747378752e-05,4.999999873689376e-05,500.0,20000.0,100.0,500.0,60000.0,1200.0,1.0,120.0,150000.0,3000.0,300.0,1.0,300.0,0.019999999552965164,0.019999999552965164,0.009999999776482582,0.009999999776482582,0.009999999776482582,0.019999999552965164,1.100000023841858,0.019999999552965164,4.0,0.019999999552965164,88.0,1613.0,0.009999999776482582,0.20000000298023224,3.0,5.0,600.0,0.0010000000474974513,88.0,88.0,2000.0,2340.0,-0.11599799990653992,-0.03561130166053772,-0.04758000001311302,-0.01752999983727932,0,0,0,0,0,1,0,522.9228515625,522.9228515625,2.10009765625,2.10009765625,0.017073826864361763,31.428516387939453,164.21878051757812,1601.6051025390625,1050.0526123046875,797.5993041992188,797.5993041992188,3.2032470703125,3.2032470703125,1597.5433349609375,547.9295654296875,0.0,0.0,2666264.0,20.00048065185547,20.00048065185547,156.3800506591797,156.3800506591797,65723.390625,65723.390625,1.0953898429870605,1.0953898429870605,114.46858215332031,114.46858215332031,24.998971939086914,24.998971939086914,104598.2109375,104598.2109375,25.008928298950195,155.53973388671875,158.51568603515625,2645771.25,20.00048065185547,20.00048065185547,227.12477111816406,227.12477111816406,155.95860290527344,155.95860290527344,652546.4375,652546.4375,0.0,114.46781158447266,114.46781158447266,228.95269775390625,160211.359375,160211.359375,1.0680757761001587,1.0680757761001587,226.33567810058594,155.95860290527344,278.9380187988281,139.46900939941406,139.46900939941406,204.22732543945312,204.22732543945312,408.45465087890625,0.0,0.0,0.0,139.4525604248047,139.4525604248047,204.22732543945312,204.22732543945312,0.026315800845623016,13.064842224121094,0.20000000298023224,0.8472778797149658,0.8989080786705017,0.8526532053947449,0.5033202767372131,0.42003682255744934,0.5073060393333435,0.9599996209144592,1.0,1.0,1.0,0.9999998211860657,0.9999998211860657,0.9999998211860657,190865.671875,193242.0625,0.0,0.0,0.0,0.0,0.0,0.0,0.0,296.3810119628906,297.7510070800781,0.0,187684.125,187684.125,0.0,0.0,0.0,0.0,0.8754068613052368,0.8754068613052368,0.8754068613052368,0.8620985746383667,1199294.125,0.9959999918937683,0.9959999918937683,0.9959999918937683,0.9959999918937683,5808809.5,2733020.5,7422295.0,8541914.0,2606300.0,4017110.75,0.003900104435160756,0.0078102098777890205,1050.0458984375,534.4315185546875,541.445068359375,541.2667846679688,335.26776123046875,369.01416015625,339.35784912109375,199.16375732421875,172.430908203125,201.908935546875,1601.6221923828125,1050.0576171875,350.3274841308594,350.3274841308594,350.3274841308594,529.93115234375,529.93115234375,529.93115234375,3.0001585483551025,0.8718700408935547,0.8635530471801758,3.000159740447998,5.0,0.0040000081062316895,0.0040000081062316895,0.0040000081062316895,0.0040000081062316895,0.0,-0.4368000030517578,0.0,600031.6875,164.21878051757812,164.21878051757812,0.0,20.0,2784600.0,7.25,12.0,10.25,225.30702209472656,225.30702209472656,225.30702209472656,0.0,0.0,0.7926306128501892,0.9211652278900146,10000.0,10000.0,0.011826000176370144,1038.5,0.027953999117016792,0.0,0.0,1.0878000259399414,1.0809999704360962,9.000000136438757e-05,103.0,33.220001220703125,1.8179999589920044,0.029999999329447746,49.0,8.329999923706055,4.159999847412109,58.0,302.0,4.5,0.699999988079071,0.4000000059604645,7.5,1.3799999952316284,2.492000102996826,7000.0,48.88999938964844,1.2000000476837158,45.0,62000.0,4590000.0,4250000.0,15900000.0,15100000.0,0.05000000074505806,0.17000000178813934,0.009999999776482582,15220000.0,1.6699999570846558,312.7799987792969,1.1100000143051147,4232.0,0.25,689000.0,4030000.0,9.829999923706055,8.550000190734863,12200000.0,231.10000610351562,88.3239974975586,633.0,1.1430000066757202,0.6858000159263611,-10.0,-3.7799999713897705,0.7799999713897705,295.5,4030000.0,12400000.0,0.9200000166893005,5.0,0,0,0,228,160,0,0,0,0,0,0,0,0,1,0,0,0,1,1,1,0,1,0,0,1,0,0,1,1,1,0,0,0,0,0,0,0,0,0,0,0,0,0,0,0.9810612797737122,6321748.5,1.0848686695098877,1.01227605342865,1.0584436655044556,309.3386535644531,34.655120849609375,-0.007847229018807411,1,1,1,0,0,0,1,1,0,0,0,0,0,155,0.20000000298023224,0.20000000298023224,0.20000000298023224,0.0,2,0,0,0,0,0,0,0,0,0,0,0,0,0,0,0,0,0,0,0,0,0,0,0,0,0,0,0,0,0,0,0,0,0,0,0,0,0,0,0,0,0,0,0,0,0,0,0,0,0,0,1,0,0,0,0,0,0,0,0,0,0,0,0,0,0,0,0,0,0,0,0,0,0,0,0,0,0,0,0,0,0,0,0,0,0,0,0,0,0,0,0,0,0,0,0,0,0,0,0,0,0,0,0,0,0,0,0,0,0,0,0,0,0,0,0,0,0,0,0,0,0,0,0,0,0,0,0,0,0,0,0,0,0,0,0,0,0,0,0,0,0,0,1,0,0,0,0,0,0,0,0,0,0,0,-1,0,0,0,0,0,0,1,1,0,0,98.10612487792969,-3.356975793838501,0.0,-0.5236408710479736,-1.6815581571897805e-44,309.3218078613281,309.3386535644531,745.115478515625,-0.00022529035049956292,99.29415893554688,2663.75341796875,1.0848686695098877,1.0584436655044556,-1.0,-0.016845703125,6.827850029367255e-06,0.0008016923675313592,100.0,27.0,0.0,7.799991607666016,2.5112597942352295,1.0,1.0,34.819190979003906,0.2520494759082794,20.0,1.0314519158782787e-06,0.0,74.05364990234375,1.7331311702728271,1.8179994821548462,0.00036938843550160527,0.6817498207092285,0.5431888699531555,29.1578426361084,8.919811248779297,20.260997772216797,14.95737075805664,0.5238000154495239,53.15806198120117,44.898040771484375,279.81927490234375,147.4320526123047,0.9707780480384827,326.6258850097656,40.007659912109375,0.29459047317504883,292.14288330078125,292.14117431640625,291.7486572265625,326.6116027832031,326.7761535644531,326.6113586425781,99.447509765625,3.3264994621276855,58.0,155.0598602294922,309.37725830078125,309.45867919921875,309.17999267578125,340.25360107421875,54.673500061035156,37.44645309448242,155.0598602294922,0.0,1.0068312883377075,1.0116877555847168,1.0183395147323608,89.04000091552734,89.04127502441406,89.07673645019531,64.51624298095703,64.5135726928711,64.50775909423828,50.765316009521484,50.767433166503906,50.77027130126953,100.24977111816406,100.19219207763672,99.13652038574219,1948.5604248046875,1949.2021484375,1923.953369140625,533.7571411132812,533.6131591796875,527.4474487304688,29.0,0.0,48.0,0.5073060393333435,0.6821225881576538,0.42003682255744934,0.7191264629364014,0.5033202767372131,0.6778222918510437,41.0,78.36749267578125,63.97779083251953,226.33567810058594,98.77830505371094,9.999999974752427e-07,87.16254425048828,0.6321391463279724,155.53973388671875,0.9959570169448853,721.2213134765625,39.84808349609375,31.428516387939453,1.0,9.476090431213379,77.87822723388672,0.0,0.9718579053878784,20.0,0.0,60.0,120.0,22.0,120.0,3.5009031295776367,0.0,0.0,993.2988891601562,18.08818817138672,89.19811248779297,2.0,200.0,0,0,228,228,228,228,200,228,228,228,160,0,99999,99999,14,402,1800,180,1800,998,20,993,98,23,0,0,0,806,1424,29,31,32,0,0,0,0,0,0,0,0,0,0,0,0,0,0,1,0,0,0,0,1,1,1,0,1,0,0,0,1,0,0,0,0,0,0,0,0,0,0,0,0,1,0,1,0,0,1,1,0,1,0,1,0,1,0,0,0,1,1,0,1,0,1,0,0,0,1,1,0,0,0,1,0,1,0,0,0,0,0,1,0,0,1,0,0,0,1,0,0,0,0,0,0,1,0,0,0,1,1,0,0,1,0,1,0,1,0,1,0,0,0,1,0,0,1,1,0,0,1,0,0,0,0,0,1,1,1,0,0,0,0,0,0,0,0,0,0,0,1,0,1,0,1,0,0,0,0,0,0,0,0,0,1,0,1,0,1,0,1,1,1,1,1,1,1,0,0,0,0,0,0,1,0,1,1,1,1,1,1,1,1,1,1,1,0,0,0,1,1,0,0,1,1,0,1,0,1,0,1,1,0,0,0,0,0,0,0,0,1,0,0,0,1,0,1,1,0,0,1,0,0,1,1,0,1,1,1,0,1,1,0,1,0,1,1,0,0,0,0,0,0,1,1,1,1,0,0,0,0,0,0,0,0,0,0,0,0,0,0,0,0,0,0,0,0,0,0,0,0,0,0,0,0,0,0,0,0,0,0,0,0,0,0,0,0,0,0,0,0,0,0,0,0,0,0,0,0,0,0,0,0,0,0,0,0,0,0,0,0,0,0,0,0,0,0,0,0,0,0,0,0,0,0,0,0,0,0,0,0,0,0,0,0,0,0,0,0,0,0,0,0,0,0,0,0,0,0,0,0,0,0,0,0,0,0,0,0,0,0,0,0,0,0,0,0,0,0,0,0,0,0,0,0,0,0,0,0,0,0,0,0,0,0,0,0,0,0,0,0,0,0,0,1,0,1,0,0,0,0,0,1,0,0,0,0,0,0,0,0,0,0,0,0,0,0,0,1,0,0,0,0,0,0,0,0,0,0,0,0,0,0,1,0,0,0,0,0,0,0,0,0,0,1,0,0,0,0,0,0,0,0,0,0,0,0,0,0,0,0,0,0,0,0,0,0,0,0,0,0,0,1,0,0,0,0,0,0,1,1,1,0,0,0,0,0,0,-1,0,0,0,0,0,0,0,0,-1,0,0,-1,0,0,0,0,0,0,0,0,0,0,0,0,0,0,0,0,0,0,1,0,0,0,0,0,0,0,0,0,0,0,0,0,0,0,0,1,1,0,-1,-1,-1,1,1,1,0,0,0,0,1,0,0,1,1,0,0,0,0,1,0,0,0,0,0,0,0,0,0,0,0,0,0,0,0,0,0,0,0,0,0,0,0,0,0,0,0,0,0,1,1,0,1,0,1,1,0,1,0,1,1,0,1,0,0,1,0,0,0,0,0,0,0,0,0,0,0,0,0,0,0,0,0,0,0,0,0,0,0,0,0,0
0,1,1,300,228,8,8,228,114,25,1,0,0.0020000000949949026,4000.0,1.0,0.04500000178813934,25.0,48.0,8.0,291.70001220703125,1.7000000476837158,-3.179999907843012e-07,0.007360000163316727,0.008080000057816505,8.0,0.33000001311302185,0.0333000011742115,1.0,9.999999747378752e-06,21.0,9.999999747378752e-06,2775000064.0,9.000000136438757e-05,4.999999980020986e-13,5.0,40.0,3.0,-3.3499999046325684,3.3499999046325684,0.5,0.0004799999878741801,292.3927001953125,492.6077880859375,-0.0036125299520790577,0.002354159951210022,0.0008944629807956517,0.013157900422811508,0.800646185874939,0.02024419978260994,2650129920.0,0.006539999973028898,228,228,228,228,228,228,228,228,228,228,228,228,228,228,228,228,228,228,228,228,228,228,228,228,200,200,200,200,228,228,228,228,228,228,228,228,228,228,228,228,228,228,228,228,228,228,228,228,228,228,228,228,0,1,4,4,228,228,228,200,228,228,228,228,3,0,0.000401810189941898,292.5150451660156,662.5767211914062,749.6625366210938,841.2186279296875,929.5816650390625,1066.0748291015625,1101.7320556640625,1115.6746826171875,1102.390380859375,1065.642578125,1008.4854736328125,928.4465942382812,840.6307373046875,752.8601684570312,672.9568481445312,595.6884155273438,533.265625,486.33843994140625,454.4656982421875,434.9715270996094,426.68817138671875,426.816650390625,431.87615966796875,438.385986328125,442.8653564453125,-0.0008579932618886232,0.7221666574478149,0.7719845771789551,-0.00028288020985201,0.7554312348365784,0.9924101829528809,114773.9765625,3.5410783311817795e-05,0.3273395597934723,0.7351582050323486,0.9707891345024109,0.9741909503936768,0.021780025213956833,1.0,-1.6815581571897805e-44,-3.361355781555176,0.0,99.2940902709961,2663.761474609375,0.9435269236564636,741.855224609375,228.0,-8.0,1.4742703437805176,1.6000001430511475,0.0,309.32147216796875,280604.96875,-0.5258852243423462,6.450714111328125,130.28829956054688,1.2769992351531982,7750000.0,8160000.0,86.12000274658203,119.0999984741211,0.5,9.999999747378752e-05,0.0,3.299999952316284,200.0,0.30000001192092896,309.20001220703125,2.439019908706541e-06,0,0,0,1,1,1,0,24,0,309.3324279785156,0.0,0.0,0.0,0.0,0.0,0.0,0.5048474669456482,0.8735124468803406,0.5187141299247742,-0.006933331489562988,-8.732864807825536e-05,-3.204761378583498e-05,0.506933331489563,0.5068134665489197,0.5067840218544006,1.0,25.0,24.0,6333744.0,6334234.5,6334472.0,291.83795166015625,292.05999755859375,292.06182861328125,326.6159973144531,326.8027648925781,326.6159973144531,4400000.0,309.22698974609375,309.431396484375,309.33892822265625,34.778045654296875,34.742767333984375,34.554168701171875,326.6063537597656,4582.4443359375,4610.36083984375,4615.14453125,12.802671432495117,12.796875,12.796594619750977,14.53399658203125,0.0,0.0,0.0020000000949949026,291.9866027832031,326.6782531738281,-66.75807189941406,1.646602988243103,1.646093487739563,1.6459745168685913,-8.662118911743164,39.0,40.0,42.0,41.0,0.0,0.0,6336860.0,6285111.5,85.22306823730469,5.0,0.014999999664723873,-180000.0,600.0,1000000.0,400000.0,0.17000000178813934,22000.0,786000.0,120000.0,0.0,40.0,30.0,36.810001373291016,0.5,18.399999618530273,50000.0,115692.3984375,15.113750457763672,0,0,1,0,0,0,0,15122867.0,1.0,0.0,0.0,0.0,0.0,-259065.0,399723.78125,1000000.0,0.9993094205856323,1399723.75,0.0,0.5444103479385376,15140935.0,126869.6328125,15122867.0,340.2548828125,40.007659912109375,5.436870574951172,-259065.0,0.0,0.0,0.0,3.729279041290283,40.007659912109375,0.0,22230.939453125,1.2010046243667603,0.0,0.0,0.0,20.0,14.711517333984375,22.0,0.0,0.0,0.0,0.05000000074505806,0.02500000037252903,0.17000000178813934,15400000.0,0.5,6.25,0.0006667000125162303,2.0,2410000.0,4140000.0,4.734799861907959,0.15000000596046448,0.20000000298023224,0.2199999988079071,1.0,0.0,-1.0,0.0,5.0,20.0,30.0,50.0,74.0,80.0,86.0,9.800000190734863,500000.0,1.0499999802959792e-07,0.5,750.0,1000.0,600.0,1000.0,1150.0,32.0,32.0,37.400001525878906,10.0,10.0,0.007000000216066837,0.5049999952316284,82.0,189.26499938964844,0.0,1.5099999904632568,231.60000610351562,20.0,36.0,16.600000381469727,16.5,225.0,-0.1756729930639267,27.5,-0.1756729930639267,30.485509872436523,0.1561516970396042,11.10221004486084,-1.8332500457763672,-75.0,4.3520002365112305,9.800000190734863,189.26499938964844,93.30000305175781,2650000.0,0.8500000238418579,7.570000171661377,0,1,0,0,0,0,0,0,0,0,0,1,3,3,0,0,1,1,0,0,0,0,0,0,0,0,0,0,1,0,0,0,0,0,0,0,0,0,0,1,0,0,0,0,0,0,0,0,0,0,12.058743476867676,29059.62109375,2153.699951171875,0.00041497015627101064,0.0004361289902590215,0.0006248649442568421,1.0,1.0,0.0,0.0,0.0,0.5251245498657227,0.5176507234573364,1.0,0.0,0.0,0.0,1.0,0.0,0.0,1.0,1.0,0.0,1.0,1.0,0.008593559265136719,0.0,1.0,0.0,0.6476667523384094,0.6475439071655273,0.00041497015627101064,0.0,0.0,0.0,99998.78125,99999.0,2856210.5,2410000.0,36.20000076293945,36.20000076293945,36.20000076293945,32.260929107666016,279.7820739746094,147.3073272705078,53.06386184692383,26.073139190673828,39.23432922363281,27.0,28.982450485229492,27.0,0.0,32.0,20.0,68.57752227783203,3446668.0,0.5431899428367615,3.7799999713897705,4.165807723999023,8.91981029510498,0.0,0.0,0.0,1.401298464324817e-45,5.616159915924072,5.616159915924072,0.5049998760223389,0.5049998760223389,0.5049998760223389,0.18937495350837708,0.18937495350837708,0.18937495350837708,0.0,0.0,0.0,0.0,0.0,0.0,5.294999599456787,0.0,0.0,0.0,0.0,0.0,0.0,100.0,74.05616760253906,0.5799999833106995,0.0,20.0,0.0,5.567897319793701,5.105292797088623,0.0,0.0,0.0,0.007000000216066837,0.0,0.0,9.457080841064453,0.0,1.7331560850143433,1.401298464324817e-45,5.112682342529297,0.0,0.0,0.0,0.0,0.0,0.0,20.0,0.0,0.0,14818560.0,0.0,0.0,0.0,0.0,0.0,0.0,0.0,0.351500004529953,18.93000030517578,23.030000686645508,7.69199959904654e-06,0.08500000089406967,0.009999999776482582,24.0,27.0,8.800000190734863,500000.0,0.05000000074505806,2.7000000013543968e-09,2.7000000013543968e-09,145100.0,120000.0,14650000.0,86400.0,17.0,34.5,48.70000076293945,321.8999938964844,83170.0,0.0,1.0,1.0,0.0010000000474974513,725.0,0.0,0.5,0.0,0.0,57.31999969482422,837142.875,9359.77734375,117376.1015625,2623.89794921875,83026.390625,725.0,1.0204100362898316e-05,740000000.0,1,0,1,0,1,0,1,0,0,0,0,8.799991607666016,27.0,155.58067321777344,0.0,0.0,0.0,0.0,0.062111999839544296,0.00014617369743064046,0.0,0.0011967264581471682,34.89273452758789,1.0,24718.0078125,426.44708251953125,1.544623842164583e-06,2662853888.0,4347031040.0,2961093888.0,4252770816.0,-85.84391021728516,25.7276611328125,-171128240.0,94260112.0,5.112682342529297,1552.701416015625,90.95659637451172,1526.9737548828125,106381.3984375,3270.974853515625,143585.921875,146549.484375,122718.0078125,1.8000001907348633,34.89273452758789,34.89273452758789,1.0,1.544623842164583e-06,426.44708251953125,109474480128.0,0.19607201218605042,137600.0,137600.0,111058744.0,85.34043884277344,5338.3828125,1.0,0.0,1700.0,250000.0,10000.0,1038.0,0.004999999888241291,400.0,5000.0,0,0,0,0,2962755.25,64.7312240600586,64.7312240600586,1227694.375,2785082.0,1.0,1.0,1236052.875,228.93072509765625,6281965.5,1.0,0.9958950877189636,1.0,1.0,1041.6309814453125,277.6523742675781,189.5936737060547,128.19888305664062,6177354.0,809190.5,189.5936737060547,1.0,1.0,1.0,137.9986114501953,1576.764892578125,799.6331787109375,0.0,0.0,0.0,7680000.0,523.50048828125,528.5146484375,530.9567260742188,0.0,2785082.0,0.0,129.4624481201172,0.0,0.0,278.5638122558594,1.0,0.0,-7.5742998123168945,0.0,5.605193857299268e-45,9.999999974752427e-07,0.0,2.0,0.0003000000142492354,0.004999999888241291,0.0010000000474974513,2.0000000233721948e-07,2.0000000233721948e-07,0.0005555999814532697,993000000.0,1.0,0.05000000074505806,0.10000000149011612,0.0005000000237487257,0.0016700000269338489,0.009999999776482582,1.0,1.0,0.0010000000474974513,4.999999873689376e-05,0.00039999998989515007,0.019999999552965164,0.9891999959945679,0.9891999959945679,0.9950000047683716,0.9950000047683716,1,0,0,0,0,1,0,0,1,0,1,0,0,0,0.9998557567596436,992856768.0,63488.5,4879771.5,1169.7618408203125,2547120.0,1448.6317138671875,1.0,2328322.0,0.9727199673652649,1.0,60.0,180.0,1800.0,1800.0,1.0047005414962769,0.019808992743492126,1.0,1.0,-0.012236599810421467,0.0,0.0,0.0,0.0,-0.00012499094009399414,6.602997746085748e-05,0.0,0.0,6.602997746085748e-05,0.0,6.602997746085748e-05,6.602997746085748e-05,0.0,7.006492321624085e-44,1,1,0,1,1,1,0,1,1,0,1,0,1,1,1,1,1,1,1,1,0,1000,1000,0,1,5001,5001,220.0,3499.5673828125,120.0,120.0,60.0,0.0,0.4000000059604645,0.10000000149011612,0.10000000149011612,2.0,500.0,200.0,0.9900000095367432,300000.0,5000.0,45000.0,20000.0,0.019999999552965164,2.0,0.05000000074505806,0.019999999552965164,6.0,0.05000000074505806,0.019999999552965164,0.019999999552965164,88.30000305175781,0.10000000149011612,0.800000011920929,0.05000000074505806,0.009999999776482582,50.0,50.0,340.0,340.0,1000000.0,1,1,1,1,1,1,1,1,1,1,0,0,0,1,1,0,1.0,0.0,0.0,0.0,0.017964469268918037,0.0,0.0,0.0,0.9181210994720459,0.9181210994720459,0.9181210994720459,5000.4072265625,3900143.0,3905143.5,50.0,27.618549346923828,0.4000000059604645,0.0,0.0,0.10000000149011612,0.1635928452014923,1.0,45000.0,20.0,29.363201141357422,778786.375,33.507728576660156,4589.1142578125,721.2213134765625,0.7787863612174988,0.9182010889053345,9.476051330566406,1.0,3221857.5,3304317.0,9.718579292297363,20.0,0.27201783657073975,27.201784133911133,0.0,636.4223022460938,411.3115234375,100000.0,50000.0,1115.300048828125,50000.0,700.0,2000.0,2800000.0,3500000.0,4000000.0,9.999999747378752e-05,4.999999873689376e-05,500.0,20000.0,100.0,500.0,60000.0,1200.0,1.0,120.0,150000.0,3000.0,300.0,1.0,300.0,0.019999999552965164,0.019999999552965164,0.009999999776482582,0.009999999776482582,0.009999999776482582,0.019999999552965164,1.100000023841858,0.019999999552965164,4.0,0.019999999552965164,88.0,1613.0,0.009999999776482582,0.20000000298023224,3.0,5.0,600.0,0.0010000000474974513,88.0,88.0,2000.0,2340.0,-0.11599799990653992,-0.03561130166053772,-0.04758000001311302,-0.01752999983727932,0,0,0,0,0,1,0,522.9517211914062,522.9517211914062,2.1002197265625,2.1002197265625,0.017071543261408806,31.428516387939453,164.21878051757812,1602.1334228515625,1050.0562744140625,797.8624267578125,797.8624267578125,3.20428466796875,3.20428466796875,1598.7510986328125,548.0345458984375,0.0,0.0,2666479.75,20.00048065185547,20.00048065185547,156.37985229492188,156.37985229492188,65723.390625,65723.390625,1.0953898429870605,1.0953898429870605,114.46536254882812,114.46536254882812,24.998977661132812,24.998977661132812,104598.234375,104598.234375,25.008934020996094,155.5399169921875,158.51617431640625,2645844.25,20.00048065185547,20.00048065185547,227.1211700439453,227.1211700439453,155.9587860107422,155.9587860107422,652547.25,652547.25,0.0,114.46781158447266,114.46781158447266,228.95269775390625,160211.328125,160211.328125,1.0680755376815796,1.0680755376815796,226.3352813720703,155.9587860107422,278.8328857421875,139.41644287109375,139.41644287109375,204.2266082763672,204.2266082763672,408.4532165527344,0.0,0.0,0.0,139.3972625732422,139.3972625732422,204.2266082763672,204.2266082763672,0.026315800845623016,13.064855575561523,0.20000000298023224,0.8496793508529663,0.9015984535217285,0.8553727865219116,0.5048474669456482,0.4217471480369568,0.5090329647064209,0.9599996209144592,1.0,1.0,1.0,0.9999998211860657,0.9999998211860657,0.9999998211860657,190865.296875,193242.0625,0.0,0.0,0.0,0.0,0.0,0.0,0.0,296.3810119628906,297.7510070800781,0.0,187871.21875,187871.21875,0.0,0.0,0.0,0.0,0.8752114176750183,0.8752114176750183,0.8752114176750183,0.8618581891059875,1199271.5,0.9959999918937683,0.9959999918937683,0.9959999918937683,0.9959999918937683,5807860.0,2732876.25,7421648.0,8540772.0,2606300.0,4017242.5,0.003900142852216959,0.007810286711901426,1050.1038818359375,531.346435546875,538.6776733398438,538.5745849609375,333.3076171875,367.0023498535156,337.6429748535156,198.038818359375,171.67532348632812,200.93161010742188,1602.1505126953125,1050.1156005859375,350.3185119628906,350.3185119628906,350.3185119628906,529.3202514648438,529.3202514648438,529.3202514648438,3.0001540184020996,0.8706791996955872,0.8636472821235657,3.0001556873321533,5.0,0.0040000081062316895,0.0040000081062316895,0.0040000081062316895,0.0040000081062316895,0.0,-0.4368000030517578,0.0,600030.8125,164.21878051757812,164.21878051757812,0.0,20.0,2784480.0,7.25,12.0,10.25,225.30711364746094,225.30711364746094,225.30711364746094,0.0,0.0,0.7926306128501892,0.9211652278900146,10000.0,10000.0,0.011826000176370144,1038.5,0.027953999117016792,0.0,0.0,1.0878000259399414,1.0809999704360962,9.000000136438757e-05,103.0,33.220001220703125,1.8179999589920044,0.029999999329447746,49.0,8.329999923706055,4.159999847412109,58.0,302.0,4.5,0.699999988079071,0.4000000059604645,7.5,1.3799999952316284,2.492000102996826,7000.0,48.88999938964844,1.2000000476837158,45.0,62000.0,4590000.0,4250000.0,15900000.0,15100000.0,0.05000000074505806,0.17000000178813934,0.009999999776482582,15220000.0,1.6699999570846558,312.7799987792969,1.1100000143051147,4232.0,0.25,689000.0,4030000.0,9.829999923706055,8.550000190734863,12200000.0,231.10000610351562,88.3239974975586,633.0,1.1430000066757202,0.6858000159263611,-10.0,-3.7799999713897705,0.7799999713897705,295.5,4030000.0,12400000.0,0.9200000166893005,5.0,0,0,0,228,160,0,0,0,0,0,0,0,0,1,0,0,0,1,1,1,0,1,0,0,1,0,0,1,1,1,0,0,0,0,0,0,0,0,0,0,0,0,0,0,0.9707891345024109,6333744.0,1.0855016708374023,1.0129235982894897,1.0532896518707275,309.3397521972656,34.67728805541992,-0.012381459586322308,1,1,1,0,0,0,1,1,0,0,0,0,0,158,0.20000000298023224,0.20000000298023224,0.20000000298023224,0.0,2,0,0,0,0,0,0,0,0,0,0,0,0,0,0,0,0,0,0,0,0,0,0,0,0,0,0,0,0,0,0,0,0,0,0,0,0,0,0,0,0,0,0,0,0,0,0,0,0,0,0,1,0,0,0,0,0,0,0,0,0,0,0,0,0,0,0,0,0,0,0,0,0,0,0,0,0,0,0,0,0,0,0,0,0,0,0,0,0,0,0,0,0,0,0,0,0,0,0,0,0,0,0,0,0,0,0,0,0,0,0,0,0,0,0,0,0,0,0,0,0,0,0,0,0,0,0,0,0,0,0,0,0,0,0,0,0,0,0,0,0,0,0,1,0,0,0,0,0,0,0,0,0,0,0,-1,0,0,0,0,0,0,1,1,0,0,97.07891082763672,-3.361355781555176,0.0,-0.5258852243423462,-1.6815581571897805e-44,309.32147216796875,309.3397521972656,741.855224609375,-0.00028288020985201,99.2940902709961,2663.761474609375,1.0855016708374023,1.0532896518707275,-1.0,-0.018280029296875,6.827850029367255e-06,0.0011967264581471682,100.0,27.0,0.0,7.799991607666016,2.6298651695251465,1.0,1.0,34.89273452758789,0.25222504138946533,20.0,1.544623842164583e-06,0.0,74.05616760253906,1.7331560850143433,1.8179994821548462,0.00036938843550160527,0.6817498207092285,0.5431899428367615,29.145057678222656,8.91981029510498,20.218175888061523,14.996907234191895,0.5251245498657227,53.06386184692383,44.898040771484375,279.7820739746094,147.3073272705078,0.9701481461524963,326.62188720703125,40.007659912109375,0.29459047317504883,292.08502197265625,292.083251953125,291.83453369140625,326.6177978515625,326.8001708984375,326.61773681640625,99.93093872070312,3.5589635372161865,58.0,154.49961853027344,309.3514099121094,309.44171142578125,309.22613525390625,340.2545166015625,54.441036224365234,37.329254150390625,154.49961853027344,0.0,1.0087023973464966,1.0140812397003174,1.0160173177719116,89.00179290771484,89.0034408569336,89.0423812866211,64.63758850097656,64.63516235351562,64.63015747070312,50.678401947021484,50.68134689331055,50.69333267211914,100.31702423095703,100.22667694091797,99.52289581298828,1938.868408203125,1939.2396240234375,1912.84716796875,531.4996337890625,531.48095703125,526.1841430664062,29.0,0.0,48.0,0.5090329647064209,0.6842982172966003,0.4217471480369568,0.7212787866592407,0.5048474669456482,0.6797434687614441,41.0,78.36749267578125,64.101806640625,226.3352813720703,98.671142578125,9.999999974752427e-07,87.15089416503906,0.632267951965332,155.5399169921875,0.9958950877189636,721.2213134765625,39.84847640991211,31.428516387939453,1.0,9.476051330566406,77.8786392211914,0.0,0.9718579053878784,20.0,0.0,60.0,120.0,22.0,120.0,3.4995675086975098,0.0,0.0,992.8567504882812,18.088224411010742,89.19810485839844,2.0,200.0,0,0,228,228,228,228,200,228,228,228,160,0,99999,99999,14,402,1800,180,1800,998,20,992,97,23,0,0,0,806,1424,29,31,32,0,0,0,0,0,0,0,0,0,0,0,0,0,0,1,0,0,0,0,1,1,1,0,1,0,0,0,1,0,0,0,0,0,0,0,0,0,0,0,0,1,0,1,0,0,1,1,0,1,0,1,0,1,0,0,0,1,1,0,1,0,1,0,0,0,1,1,0,0,0,1,0,1,0,0,0,0,0,1,0,0,1,0,0,0,1,0,0,0,0,0,0,1,0,0,0,1,1,0,0,1,0,1,0,1,0,1,0,0,0,1,0,0,1,1,0,0,1,0,0,0,0,0,1,1,1,0,0,0,0,0,0,0,0,0,0,0,1,0,1,0,1,0,0,0,0,0,0,0,0,0,1,0,1,0,1,0,1,1,1,1,1,1,1,0,0,0,0,0,0,1,0,1,1,1,1,1,1,1,1,1,1,1,0,0,0,1,1,0,0,1,1,0,1,0,1,0,1,1,0,0,0,0,0,0,0,0,1,0,0,0,1,0,1,1,0,0,1,0,0,1,1,0,1,1,1,0,1,1,0,1,0,1,1,0,0,0,0,0,0,1,1,1,1,0,0,0,0,0,0,0,0,0,0,0,0,0,0,0,0,0,0,0,0,0,0,0,0,0,0,0,0,0,0,0,0,0,0,0,0,0,0,0,0,0,0,0,0,0,0,0,0,0,0,0,0,0,0,0,0,0,0,0,0,0,0,0,0,0,0,0,0,0,0,0,0,0,0,0,0,0,0,0,0,0,0,1,0,0,0,0,0,0,0,0,0,0,0,0,0,0,0,0,0,0,0,0,0,0,0,0,0,0,0,0,0,0,0,0,0,0,0,0,0,0,0,0,0,0,0,0,0,0,0,0,0,0,0,0,0,0,0,0,0,0,0,0,0,0,0,0,1,0,1,0,0,0,0,0,1,0,0,0,0,0,0,0,0,0,0,0,0,0,0,0,1,0,0,0,0,0,0,0,0,0,0,0,0,0,0,1,0,0,0,0,0,0,0,0,0,0,1,0,0,0,0,0,0,0,0,0,0,0,0,0,0,0,0,0,0,0,0,0,0,0,0,0,0,0,1,0,0,0,0,0,0,1,1,1,0,0,0,0,0,0,-1,0,0,0,0,0,0,0,0,-1,0,0,-1,0,0,0,0,0,0,0,0,0,0,0,0,0,0,0,0,0,0,1,0,0,0,0,0,0,0,0,0,0,0,0,0,0,0,0,1,1,0,-1,-1,-1,1,1,1,0,0,0,0,1,0,0,1,1,0,0,0,0,1,0,0,0,0,0,0,0,0,0,0,0,0,0,0,0,0,0,0,0,0,0,0,0,0,0,0,0,0,0,1,1,0,1,0,1,1,0,1,0,1,1,0,1,0,0,1,0,0,0,0,0,0,0,0,0,0,0,0,0,0,0,0,0,0,0,0,0,0,0,0,0,0
0,1,1,300,228,8,8,228,114,25,1,0,0.0020000000949949026,4000.0,1.0,0.04500000178813934,25.0,48.0,8.0,291.70001220703125,1.7000000476837158,-3.179999907843012e-07,0.007360000163316727,0.008080000057816505,8.0,0.33000001311302185,0.0333000011742115,1.0,9.999999747378752e-06,21.0,9.999999747378752e-06,2775000064.0,9.000000136438757e-05,4.999999980020986e-13,5.0,40.0,3.0,-3.3499999046325684,3.3499999046325684,0.5,0.0004799999878741801,292.3927001953125,492.6077880859375,-0.0036125299520790577,0.002354159951210022,0.0008944629807956517,0.013157900422811508,0.800646185874939,0.02024419978260994,2650129920.0,0.006539999973028898,228,228,228,228,228,228,228,228,228,228,228,228,228,228,228,228,228,228,228,228,228,228,228,228,200,200,200,200,228,228,228,228,228,228,228,228,228,228,228,228,228,228,228,228,228,228,228,228,228,228,228,228,0,1,4,4,228,228,228,200,228,228,228,228,3,0,0.000401810189941898,292.4981384277344,660.0267333984375,746.5554809570312,837.5278930664062,925.3262329101562,1060.9293212890625,1096.3280029296875,1110.122802734375,1096.865234375,1060.3065185546875,1003.4920043945312,923.966064453125,836.7396850585938,749.57763671875,670.244384765625,593.5571899414062,531.6173706054688,485.05841064453125,453.4318542480469,434.07537841796875,425.82830810546875,425.91693115234375,430.8919372558594,437.3041076660156,441.7042541503906,-0.0011202013120055199,0.7261056900024414,0.7719839811325073,-0.00021475202811416239,0.7554333209991455,0.9922478199005127,113626.9921875,3.506202847347595e-05,0.32719236612319946,0.7392863631248474,0.9631088972091675,0.9651544690132141,0.022062497213482857,1.0,-1.6815581571897805e-44,-3.365403175354004,0.0,99.29400634765625,2663.768798828125,0.9435295462608337,738.488037109375,228.0,-8.0,1.1994354724884033,2.200000286102295,0.0,309.31585693359375,280605.53125,-0.5268867015838623,6.450352191925049,130.28829956054688,1.2678409814834595,7750000.0,8160000.0,86.12000274658203,119.0999984741211,0.5,9.999999747378752e-05,0.0,3.299999952316284,200.0,0.30000001192092896,309.20001220703125,2.439019908706541e-06,0,0,0,1,1,1,0,24,0,309.29425048828125,0.0,0.0,0.0,0.0,0.0,0.0,0.5065383315086365,0.873446524143219,0.5187039971351624,-0.0060828328132629395,-0.00015032838564366102,-9.309535380452871e-05,0.5060828328132629,0.5058447122573853,0.5057909488677979,1.0,25.0,24.0,6342292.0,6342700.5,6342914.0,291.81475830078125,291.98785400390625,291.98992919921875,326.59051513671875,326.7918701171875,326.59051513671875,4400000.0,309.20263671875,309.3898620605469,309.29022216796875,34.7757568359375,34.80401611328125,34.6005859375,326.52545166015625,4592.73291015625,4610.0478515625,4616.78125,12.797459602355957,12.79102611541748,12.790593147277832,14.370361328125,0.0,0.0,0.0020000000949949026,291.93084716796875,326.6576232910156,-72.67697143554688,1.643898367881775,1.6429866552352905,1.6427797079086304,-8.530510902404785,39.0,40.0,42.0,41.0,0.0,0.0,6344700.5,6293013.0,84.91816711425781,5.0,0.014999999664723873,-180000.0,600.0,1000000.0,400000.0,0.17000000178813934,22000.0,786000.0,120000.0,0.0,40.0,30.0,36.810001373291016,0.5,18.399999618530273,50000.0,115692.3984375,15.113750457763672,0,0,1,0,0,0,0,15065067.0,1.0,0.0,0.0,0.0,0.0,-315149.0,399965.46875,1000000.0,0.9999136924743652,1399965.5,0.0,0.5421969294548035,15084851.0,126869.6328125,15065067.0,340.255859375,40.007659912109375,5.414154529571533,-315149.0,0.0,0.0,0.0,3.7178266048431396,40.007659912109375,0.0,22230.939453125,1.2010046243667603,0.0,0.0,0.0,20.0,14.711517333984375,22.0,0.0,0.0,0.0,0.05000000074505806,0.02500000037252903,0.17000000178813934,15400000.0,0.5,6.25,0.0006667000125162303,2.0,2410000.0,4140000.0,4.734799861907959,0.15000000596046448,0.20000000298023224,0.2199999988079071,1.0,0.0,-1.0,0.0,5.0,20.0,30.0,50.0,74.0,80.0,86.0,9.800000190734863,500000.0,1.0499999802959792e-07,0.5,750.0,1000.0,600.0,1000.0,1150.0,32.0,32.0,37.400001525878906,10.0,10.0,0.007000000216066837,0.5049999952316284,82.0,189.26499938964844,0.0,1.5099999904632568,231.60000610351562,20.0,36.0,16.600000381469727,16.5,225.0,-0.1756729930639267,27.5,-0.1756729930639267,30.485509872436523,0.1561516970396042,11.10221004486084,-1.8332500457763672,-75.0,4.3520002365112305,9.800000190734863,189.26499938964844,93.30000305175781,2650000.0,0.8500000238418579,7.570000171661377,0,1,0,0,0,0,0,0,0,0,0,1,3,3,0,0,1,1,0,0,0,0,0,0,0,0,0,0,1,0,0,0,0,0,0,0,0,0,0,1,0,0,0,0,0,0,0,0,0,0,12.05881118774414,29059.890625,2153.699951171875,0.00041496867197565734,0.0004361289902590215,0.0006248649442568421,1.0,1.0,0.0,0.0,0.0,0.5264232754707336,0.5185379981994629,1.0,0.0,0.0,0.0,1.0,0.0,0.0,1.0,1.0,0.0,1.0,1.0,0.008794903755187988,0.0,1.0,0.0,0.64736008644104,0.6475381255149841,0.00041496867197565734,0.0,0.0,0.0,99998.78125,99999.0,2854858.0,2410000.0,36.20000076293945,36.20000076293945,36.20000076293945,32.26564407348633,279.6415710449219,147.0938262939453,52.940677642822266,26.078781127929688,39.20037078857422,27.0,28.970352172851562,27.0,0.0,32.0,20.0,68.57752227783203,3446668.0,0.5431899428367615,3.7799999713897705,4.177308082580566,8.91981029510498,0.0,0.0,0.0,1.401298464324817e-45,5.604084014892578,5.604084014892578,0.5049998760223389,0.5049998760223389,0.5049998760223389,0.18937495350837708,0.18937495350837708,0.18937495350837708,0.0,0.0,0.0,0.0,0.0,0.0,5.294999599456787,0.0,0.0,0.0,0.0,0.0,0.0,100.0,74.05855560302734,0.5797456502914429,0.0,20.0,0.0,5.5547966957092285,5.116469860076904,0.0,0.0,0.0,0.007000000216066837,0.0,0.0,9.46844482421875,0.0,1.7331796884536743,1.401298464324817e-45,5.12418270111084,0.0,0.0,0.0,0.0,0.0,0.0,20.0,0.0,0.0,14758059.0,0.0,0.0,0.0,0.0,0.0,0.0,0.0,0.351500004529953,18.93000030517578,23.030000686645508,7.69199959904654e-06,0.08500000089406967,0.009999999776482582,24.0,27.0,8.800000190734863,500000.0,0.05000000074505806,2.7000000013543968e-09,2.7000000013543968e-09,145100.0,120000.0,14650000.0,86400.0,17.0,34.5,48.70000076293945,321.8999938964844,83170.0,0.0,1.0,1.0,0.0010000000474974513,725.0,0.0,0.5,0.0,0.0,57.31999969482422,837142.875,9359.77734375,117376.1015625,2623.89794921875,83026.390625,725.0,1.0204100362898316e-05,740000000.0,1,0,1,0,1,0,1,0,0,0,0,8.799991607666016,27.0,206.72055053710938,0.0,0.0,0.0,0.0,0.08266052603721619,0.00018233097216580063,0.0,0.00159009441267699,34.96559143066406,1.0,24735.109375,527.6469116210938,2.055631512121181e-06,2674992384.0,4336627200.0,2952078080.0,4250134272.0,-85.50711059570312,24.7203369140625,-175489664.0,86493120.0,5.12418270111084,1550.7958984375,90.63130187988281,1526.0755615234375,106381.3984375,3283.44384765625,143624.59375,146855.484375,122735.109375,2.4000003337860107,34.96559143066406,34.96559143066406,1.0,2.055631512121181e-06,527.6469116210938,143330279424.0,0.19613613188266754,137600.0,137600.0,110618216.0,85.02721405029297,5355.37109375,1.0,0.0,1700.0,250000.0,10000.0,1038.0,0.004999999888241291,400.0,5000.0,0,0,0,0,2962929.5,64.72760009765625,64.72760009765625,1228125.25,2784962.75,1.0,1.0,1235771.625,228.9239044189453,6290587.0,1.0,0.9958417415618896,1.0,1.0,1041.6090087890625,277.7400207519531,189.5831298828125,128.35858154296875,6185847.5,809142.3125,189.5831298828125,1.0,1.0,1.0,137.68389892578125,1575.8343505859375,799.617919921875,0.0,0.0,0.0,7680000.0,523.3363037109375,527.5228271484375,529.7286376953125,0.0,2784962.75,0.0,129.4552001953125,0.0,0.0,278.6468811035156,1.0,0.0,-7.5742998123168945,0.0,5.605193857299268e-45,9.999999974752427e-07,0.0,2.0,0.0003000000142492354,0.004999999888241291,0.0010000000474974513,2.0000000233721948e-07,2.0000000233721948e-07,0.0005555999814532697,993000000.0,1.0,0.05000000074505806,0.10000000149011612,0.0005000000237487257,0.0016700000269338489,0.009999999776482582,1.0,1.0,0.0010000000474974513,4.999999873689376e-05,0.00039999998989515007,0.019999999552965164,0.9891999959945679,0.9891999959945679,0.9950000047683716,0.9950000047683716,1,0,0,0,0,1,0,0,1,0,1,0,0,0,0.9996008276939392,992603648.0,63438.83984375,4876967.0,1168.7686767578125,2547071.25,1447.52392578125,1.0,2328419.5,0.9729180932044983,1.0,60.0,180.0,1800.0,1800.0,1.0047005414962769,0.019808992743492126,1.0,1.0,-0.012236599810421467,0.0,0.0,0.0,0.0,-6.532669067382812e-05,6.602997746085748e-05,0.0,0.0,6.602997746085748e-05,0.0,6.602997746085748e-05,6.602997746085748e-05,0.0,7.006492321624085e-44,1,1,0,1,1,1,0,1,1,0,1,0,1,1,1,1,1,1,1,1,0,1000,1000,0,1,5001,5001,220.0,3498.802490234375,120.0,120.0,60.0,0.0,0.4000000059604645,0.10000000149011612,0.10000000149011612,2.0,500.0,200.0,0.9900000095367432,300000.0,5000.0,45000.0,20000.0,0.019999999552965164,2.0,0.05000000074505806,0.019999999552965164,6.0,0.05000000074505806,0.019999999552965164,0.019999999552965164,88.30000305175781,0.10000000149011612,0.800000011920929,0.05000000074505806,0.009999999776482582,50.0,50.0,340.0,340.0,1000000.0,1,1,1,1,1,1,1,1,1,1,0,0,0,1,1,0,1.0,0.0,0.0,0.0,0.01690584421157837,0.0,0.0,0.0,0.9181219935417175,0.9181219935417175,0.9181219935417175,5000.40673828125,3900175.75,3905176.25,50.0,27.61850929260254,0.4000000059604645,0.0,0.0,0.10000000149011612,0.1638173758983612,1.0,45000.0,20.0,29.36408042907715,778790.3125,33.50881576538086,4589.1142578125,721.2213134765625,0.778790295124054,0.9182009100914001,9.476011276245117,1.0,3221844.0,3304317.0,9.718579292297363,20.0,0.27206331491470337,27.206331253051758,0.0,636.4223022460938,411.32464599609375,100000.0,50000.0,1115.300048828125,50000.0,700.0,2000.0,2800000.0,3500000.0,4000000.0,9.999999747378752e-05,4.999999873689376e-05,500.0,20000.0,100.0,500.0,60000.0,1200.0,1.0,120.0,150000.0,3000.0,300.0,1.0,300.0,0.019999999552965164,0.019999999552965164,0.009999999776482582,0.009999999776482582,0.009999999776482582,0.019999999552965164,1.100000023841858,0.019999999552965164,4.0,0.019999999552965164,88.0,1613.0,0.009999999776482582,0.20000000298023224,3.0,5.0,600.0,0.0010000000474974513,88.0,88.0,2000.0,2340.0,-0.11599799990653992,-0.03561130166053772,-0.04758000001311302,-0.01752999983727932,0,0,0,0,0,1,0,522.982177734375,522.982177734375,2.100341796875,2.100341796875,0.017069177702069283,31.428516387939453,164.21876525878906,1602.422119140625,1050.0750732421875,798.0062255859375,798.0062255859375,3.204833984375,3.204833984375,1599.7236328125,548.1377563476562,0.0,0.0,2666636.5,20.00048065185547,20.00048065185547,156.3794708251953,156.3794708251953,65723.390625,65723.390625,1.0953898429870605,1.0953898429870605,114.46195220947266,114.46195220947266,24.99898338317871,24.99898338317871,104598.2578125,104598.2578125,25.008935928344727,155.5400390625,158.51657104492188,2645760.75,20.00048065185547,20.00048065185547,227.11599731445312,227.11599731445312,155.95899963378906,155.95899963378906,652548.125,652548.125,0.0,114.46781158447266,114.46781158447266,228.95269775390625,160211.265625,160211.265625,1.0680750608444214,1.0680750608444214,226.33441162109375,155.95899963378906,278.7153015136719,139.35765075683594,139.35765075683594,204.22518920898438,204.22518920898438,408.45037841796875,0.0,0.0,0.0,139.33753967285156,139.33753967285156,204.22518920898438,204.22518920898438,0.026315800845623016,13.064861297607422,0.20000000298023224,0.8523768186569214,0.9046630263328552,0.858515739440918,0.5065383315086365,0.4236747920513153,0.5110092759132385,0.9599996209144592,1.0,1.0,1.0,0.9999998211860657,0.9999998211860657,0.9999998211860657,190864.90625,193242.0625,0.0,0.0,0.0,0.0,0.0,0.0,0.0,296.3810119628906,297.7510070800781,0.0,188047.265625,188047.265625,0.0,0.0,0.0,0.0,0.8750287294387817,0.8750287294387817,0.8750287294387817,0.8615071177482605,1199232.125,0.9959999918937683,0.9959999918937683,0.9959999918937683,0.9959999918937683,5806765.0,2732804.5,7421190.0,8539589.0,2606300.0,4017355.0,0.003900175681337714,0.007810352370142937,1050.1650390625,530.3470458984375,538.1207275390625,538.1566772460938,332.6591491699219,366.4865417480469,337.35491943359375,197.68789672851562,171.63418579101562,200.8017578125,1602.439208984375,1050.1767578125,350.311279296875,350.311279296875,350.311279296875,528.8128662109375,528.8128662109375,528.8128662109375,3.000148296356201,0.8696163296699524,0.8637385368347168,3.000150203704834,5.0,0.0040000081062316895,0.0040000081062316895,0.0040000081062316895,0.0040000081062316895,0.0,-0.4368000030517578,0.0,600029.6875,164.21876525878906,164.21876525878906,0.0,20.0,2784308.5,7.25,12.0,10.25,225.30714416503906,225.30714416503906,225.30714416503906,0.0,0.0,0.7926306128501892,0.9211652278900146,10000.0,10000.0,0.011826000176370144,1038.5,0.027953999117016792,0.0,0.0,1.0878000259399414,1.0809999704360962,9.000000136438757e-05,103.0,33.220001220703125,1.8179999589920044,0.029999999329447746,49.0,8.329999923706055,4.159999847412109,58.0,302.0,4.5,0.699999988079071,0.4000000059604645,7.5,1.3799999952316284,2.492000102996826,7000.0,48.88999938964844,1.2000000476837158,45.0,62000.0,4590000.0,4250000.0,15900000.0,15100000.0,0.05000000074505806,0.17000000178813934,0.009999999776482582,15220000.0,1.6699999570846558,312.7799987792969,1.1100000143051147,4232.0,0.25,689000.0,4030000.0,9.829999923706055,8.550000190734863,12200000.0,231.10000610351562,88.3239974975586,633.0,1.1430000066757202,0.6858000159263611,-10.0,-3.7799999713897705,0.7799999713897705,295.5,4030000.0,12400000.0,0.9200000166893005,5.0,0,0,0,228,160,0,0,0,0,0,0,0,0,1,0,0,0,1,1,1,0,1,0,0,1,0,0,1,1,1,0,0,0,0,0,0,0,0,0,0,0,0,0,0,0.9631088972091675,6342292.0,1.0860507488250732,1.0140918493270874,1.0488189458847046,309.3093566894531,34.71728515625,-0.012405226938426495,1,1,1,0,0,0,1,1,0,0,0,0,0,161,0.20000000298023224,0.20000000298023224,0.20000000298023224,0.0,2,0,0,0,0,0,0,0,0,0,0,0,0,0,0,0,0,0,0,0,0,0,0,0,0,0,0,0,0,0,0,0,0,0,0,0,0,0,0,0,0,0,0,0,0,0,0,0,0,0,0,1,0,0,0,0,0,0,0,0,0,0,0,0,0,0,0,0,0,0,0,0,0,0,0,0,0,0,0,0,0,0,0,0,0,0,0,0,0,0,0,0,0,0,0,0,0,0,0,0,0,0,0,0,0,0,0,0,0,0,0,0,0,0,0,0,0,0,0,0,0,0,0,0,0,0,0,0,0,0,0,0,0,0,0,0,0,0,0,0,0,0,0,1,0,0,0,0,0,0,0,0,0,0,0,-1,0,0,0,0,0,0,1,1,0,0,96.3108901977539,-3.365403175354004,0.0,-0.5268867015838623,-1.6815581571897805e-44,309.31585693359375,309.3093566894531,738.488037109375,-0.00021475202811416239,99.29400634765625,2663.768798828125,1.0860507488250732,1.0488189458847046,-1.0,0.006500244140625,6.827850029367255e-06,0.00159009441267699,100.0,27.0,0.0,7.799991607666016,2.7223434448242188,1.0,1.0,34.96559143066406,0.2523995339870453,20.0,2.055631512121181e-06,0.0,74.05855560302734,1.7331796884536743,1.8179994821548462,0.00036938843550160527,0.6817498207092285,0.5431899428367615,29.131258010864258,8.91981029510498,20.174701690673828,15.038309097290039,0.5264232754707336,52.940677642822266,44.898040771484375,279.6415710449219,147.0938262939453,0.9699563384056091,326.55828857421875,40.007659912109375,0.29459047317504883,292.0137939453125,292.0118408203125,291.82598876953125,326.60284423828125,326.798828125,326.60284423828125,99.99137115478516,3.7548720836639404,57.97456359863281,153.92733764648438,309.3083190917969,309.40533447265625,309.21441650390625,340.25543212890625,54.21969223022461,37.21766662597656,153.92733764648438,0.0,1.0103461742401123,1.0161278247833252,1.0158319473266602,88.95929718017578,88.96192932128906,89.00517272949219,64.7237319946289,64.72154998779297,64.7173843383789,50.57909393310547,50.58447265625,50.60828399658203,100.3594970703125,100.22703552246094,99.78340148925781,1937.364013671875,1937.234619140625,1909.249267578125,530.088623046875,530.3133544921875,525.8458862304688,29.0,0.0,48.0,0.5110092759132385,0.6868125796318054,0.4236747920513153,0.7237304449081421,0.5065383315086365,0.6819014549255371,41.0,78.36749267578125,64.18978118896484,226.33441162109375,98.61290740966797,9.999999974752427e-07,87.13882446289062,0.6323967576026917,155.5400390625,0.9958417415618896,721.2213134765625,39.848812103271484,31.428516387939453,1.0,9.476011276245117,77.8790283203125,0.0,0.9718579053878784,20.0,0.0,60.0,120.0,22.0,120.0,3.498802661895752,0.0,0.0,992.6036376953125,18.088224411010742,89.19810485839844,2.0,200.0,0,0,228,228,228,228,200,228,228,228,160,0,99999,99999,14,402,1800,180,1800,998,20,992,96,23,0,0,0,806,1424,29,31,32,0,0,0,0,0,0,0,0,0,0,0,0,0,0,1,0,0,0,0,1,1,1,0,1,0,0,0,1,0,0,0,0,0,0,0,0,0,0,0,0,1,0,1,0,0,1,1,0,1,0,1,0,1,0,0,0,1,1,0,1,0,1,0,0,0,1,1,1,0,0,1,0,1,0,0,0,0,1,1,0,0,1,0,0,0,1,0,0,0,0,0,0,1,0,0,0,1,1,0,0,1,0,1,0,1,0,1,0,0,0,1,0,0,1,1,0,0,1,0,0,0,0,0,1,1,1,0,0,0,0,0,0,0,0,0,0,0,1,0,1,0,1,0,0,0,0,0,0,0,0,0,1,0,1,0,1,0,1,1,1,1,1,1,1,0,0,0,0,0,0,1,0,1,1,1,1,1,1,1,1,1,1,1,1,0,0,1,1,0,0,1,1,0,1,0,1,0,1,1,0,0,0,0,0,0,0,0,1,0,0,0,1,0,1,1,0,0,1,0,0,1,1,0,1,1,1,0,1,1,0,1,0,1,1,0,0,0,0,0,0,1,1,1,1,0,0,0,0,0,0,0,0,0,0,0,0,0,0,0,0,0,0,0,0,0,0,0,0,0,0,0,0,0,0,0,0,0,0,0,0,0,0,0,0,0,0,0,0,0,0,0,0,0,0,0,0,0,0,0,0,0,0,0,0,0,0,0,1,0,0,0,1,0,0,0,0,0,0,0,0,0,0,0,0,0,0,0,0,0,0,0,0,0,0,0,0,0,0,0,0,0,0,0,0,0,0,0,0,0,0,0,0,0,0,0,0,0,0,0,0,0,0,0,0,0,0,0,0,0,0,0,0,0,0,0,0,0,0,0,0,0,0,0,0,0,0,0,0,0,0,0,1,0,1,0,0,0,0,0,1,0,0,0,0,0,0,0,0,0,0,0,0,0,0,0,1,0,0,0,0,0,0,0,0,0,0,0,0,0,0,1,0,0,0,0,0,0,0,0,0,0,1,0,0,0,0,0,0,0,0,0,0,0,0,0,0,0,0,0,0,0,0,0,0,0,0,0,0,0,1,0,0,0,0,0,0,1,1,1,0,0,0,0,0,0,-1,0,0,0,0,0,0,0,0,-1,0,0,-1,0,0,0,0,0,0,0,0,0,0,0,0,0,0,0,0,0,0,1,0,0,0,0,0,0,0,0,0,0,0,0,0,0,0,0,1,1,0,-1,-1,-1,1,1,1,0,0,0,0,1,0,0,1,1,0,0,0,0,1,0,0,0,0,0,0,0,0,0,0,0,0,0,0,0,0,0,0,0,0,0,0,0,0,0,0,0,0,0,1,1,0,1,0,1,1,0,1,0,1,1,0,1,0,0,1,0,0,0,0,0,0,0,0,0,0,0,0,0,0,0,0,0,0,0,0,0,0,0,0,0,0
0,1,1,300,228,8,8,228,114,25,1,0,0.0020000000949949026,4000.0,1.0,0.04500000178813934,25.0,48.0,8.0,291.70001220703125,1.7000000476837158,-3.179999907843012e-07,0.007360000163316727,0.008080000057816505,8.0,0.33000001311302185,0.0333000011742115,1.0,9.999999747378752e-06,21.0,9.999999747378752e-06,2775000064.0,9.000000136438757e-05,4.999999980020986e-13,5.0,40.0,3.0,-3.3499999046325684,3.3499999046325684,0.5,0.0004799999878741801,292.3927001953125,492.6077880859375,-0.0036125299520790577,0.002354159951210022,0.0008944629807956517,0.013157900422811508,0.800646185874939,0.02024419978260994,2650129920.0,0.006539999973028898,228,228,228,228,228,228,228,228,228,228,228,228,228,228,228,228,228,228,228,228,228,228,228,228,200,200,200,200,228,228,228,228,228,228,228,228,228,228,228,228,228,228,228,228,228,228,228,228,228,228,228,228,0,1,4,4,228,228,228,200,228,228,228,228,3,0,0.000401810189941898,292.4794921875,658.8580322265625,745.004150390625,835.5760498046875,922.9866943359375,1057.9755859375,1093.1939697265625,1106.88623046875,1093.6412353515625,1057.2001953125,1000.6017456054688,921.40673828125,834.554443359375,747.7698974609375,668.7782592773438,592.4183349609375,530.7349243164062,484.359375,452.8462829589844,433.5463562011719,425.3045959472656,425.3600158691406,430.279296875,436.62908935546875,440.97613525390625,-0.001580231124535203,0.7357436418533325,0.7719835042953491,-0.00010783706238726154,0.7554351091384888,0.9920394420623779,113546.2890625,3.502009712974541e-05,0.3270036280155182,0.7493827939033508,0.9605159759521484,0.960811972618103,0.022437702864408493,1.0,-1.6815581571897805e-44,-3.367361545562744,0.0,99.2939224243164,2663.775146484375,0.9435317516326904,736.2737426757812,228.0,0.0,1.0671873092651367,2.8000004291534424,0.0,309.31317138671875,280606.09375,-0.5269994139671326,6.451565265655518,130.28829956054688,1.2490020990371704,7750000.0,8160000.0,86.12000274658203,119.0999984741211,0.5,9.999999747378752e-05,0.0,3.299999952316284,200.0,0.30000001192092896,309.20001220703125,2.439019908706541e-06,0,0,0,1,1,1,0,24,0,309.2381286621094,0.0,0.0,0.0,0.0,0.0,0.0,0.5080683827400208,0.873388409614563,0.518695056438446,-0.0053133368492126465,-0.00020538968965411186,-0.00014495979121420532,0.5053133368492126,0.5049483776092529,0.5048635005950928,1.0,25.0,24.0,6349035.0,6349368.0,6349564.5,291.77581787109375,291.92169189453125,291.9239501953125,326.5306701660156,326.7461242675781,326.5305480957031,4400000.0,309.15325927734375,309.33392333984375,309.22723388671875,34.754852294921875,34.824432373046875,34.606597900390625,326.4043273925781,4598.60693359375,4611.9443359375,4617.35888671875,12.792928695678711,12.785896301269531,12.785294532775879,14.246429443359375,0.0,0.0,0.0020000000949949026,291.8738098144531,326.6024475097656,-75.32030487060547,1.6415175199508667,1.640198826789856,1.6398879289627075,-8.330446243286133,39.0,40.0,42.0,41.0,0.0,0.0,6350996.5,6299339.5,84.60970306396484,5.0,0.014999999664723873,-180000.0,600.0,1000000.0,400000.0,0.17000000178813934,22000.0,786000.0,120000.0,0.0,40.0,30.0,36.810001373291016,0.5,18.399999618530273,50000.0,115692.3984375,15.113750457763672,0,0,1,0,0,0,0,15004097.0,0.0,0.0,0.0,0.0,0.0,-375461.0,399995.6875,1000000.0,0.9999892115592957,1399995.75,0.0,0.539800763130188,15024539.0,126869.6328125,15004097.0,340.2567138671875,40.007659912109375,5.389759540557861,-375461.0,0.0,0.0,0.0,3.7055275440216064,40.007659912109375,0.0,22230.939453125,1.2010046243667603,0.0,0.0,0.0,20.0,14.711517333984375,22.0,0.0,0.0,0.0,0.05000000074505806,0.02500000037252903,0.17000000178813934,15400000.0,0.5,6.25,0.0006667000125162303,2.0,2410000.0,4140000.0,4.734799861907959,0.15000000596046448,0.20000000298023224,0.2199999988079071,1.0,0.0,-1.0,0.0,5.0,20.0,30.0,50.0,74.0,80.0,86.0,9.800000190734863,500000.0,1.0499999802959792e-07,0.5,750.0,1000.0,600.0,1000.0,1150.0,32.0,32.0,37.400001525878906,10.0,10.0,0.007000000216066837,0.5049999952316284,82.0,189.26499938964844,0.0,1.5099999904632568,231.60000610351562,20.0,36.0,16.600000381469727,16.5,225.0,-0.1756729930639267,27.5,-0.1756729930639267,30.485509872436523,0.1561516970396042,11.10221004486084,-1.8332500457763672,-75.0,4.3520002365112305,9.800000190734863,189.26499938964844,93.30000305175781,2650000.0,0.8500000238418579,7.570000171661377,0,1,0,0,0,0,0,0,0,0,0,1,3,3,0,0,1,1,0,0,0,0,0,0,0,0,0,0,1,0,0,0,0,0,0,0,0,0,0,1,0,0,0,0,0,0,0,0,0,0,12.05887222290039,29060.142578125,2153.699951171875,0.0004149671585764736,0.0004361289902590215,0.0006248649442568421,1.0,1.0,0.0,0.0,0.0,0.527630627155304,0.5194610953330994,1.0,0.0,0.0,0.0,1.0,0.0,0.0,1.0,1.0,0.0,1.0,1.0,0.00898677110671997,0.0,1.0,0.0,0.6470208168029785,0.6475092768669128,0.0004149671585764736,0.0,0.0,0.0,99998.78125,99999.0,2853361.75,2410000.0,36.20000076293945,36.20000076293945,36.20000076293945,32.27031707763672,279.4090881347656,146.80274963378906,52.791927337646484,26.085607528686523,39.15791320800781,27.0,28.95574188232422,27.0,0.0,32.0,20.0,68.57752227783203,3446668.0,0.5431899428367615,3.7799999713897705,4.188943386077881,8.91981029510498,0.0,0.0,0.0,1.401298464324817e-45,5.591442584991455,5.591442584991455,0.5049998760223389,0.5049998760223389,0.5049998760223389,0.18937495350837708,0.18937495350837708,0.18937495350837708,0.0,0.0,0.0,0.0,0.0,0.0,5.294999599456787,0.0,0.0,0.0,0.0,0.0,0.0,100.0,74.06082153320312,0.5787032246589661,0.0,20.0,0.0,5.54119348526001,5.128054141998291,0.0,0.0,0.0,0.007000000216066837,0.0,0.0,9.480057716369629,0.0,1.7332020998001099,1.401298464324817e-45,5.135818004608154,0.0,0.0,0.0,0.0,0.0,0.0,20.0,0.0,0.0,14697982.0,0.0,0.0,0.0,0.0,0.0,0.0,0.0,0.351500004529953,18.93000030517578,23.030000686645508,7.69199959904654e-06,0.08500000089406967,0.009999999776482582,24.0,27.0,8.800000190734863,500000.0,0.05000000074505806,2.7000000013543968e-09,2.7000000013543968e-09,145100.0,120000.0,14650000.0,86400.0,17.0,34.5,48.70000076293945,321.8999938964844,83170.0,0.0,1.0,1.0,0.0010000000474974513,725.0,0.0,0.5,0.0,0.0,57.31999969482422,837142.875,9359.77734375,117376.1015625,2623.89794921875,83026.390625,725.0,1.0204100362898316e-05,740000000.0,1,0,1,0,1,0,1,0,0,0,0,8.799991607666016,27.0,257.677490234375,0.0,0.0,0.0,0.0,0.10313553363084793,0.00021339583327062428,0.0,0.001982055138796568,35.037837982177734,1.0,24752.140625,628.210693359375,2.5648107566667022e-06,2710224896.0,4331360768.0,2946624512.0,4248911360.0,-85.17796325683594,24.803466796875,-181623424.0,82449248.0,5.135818004608154,1550.529541015625,90.31378173828125,1525.72607421875,106381.3984375,3295.848876953125,143663.140625,147158.921875,122752.140625,3.000000476837158,35.037837982177734,35.037837982177734,1.0,2.5648107566667022e-06,628.210693359375,175947333632.0,0.19619999825954437,137600.0,137600.0,110190528.0,84.72290802001953,5372.27734375,1.0,0.0,1700.0,250000.0,10000.0,1038.0,0.004999999888241291,400.0,5000.0,0,0,0,0,2963065.25,64.72442626953125,64.72442626953125,1228464.125,2784784.0,1.0,1.0,1235478.0,228.9169158935547,6297368.5,1.0,0.9957948923110962,1.0,1.0,1041.572021484375,277.8089599609375,189.57211303710938,128.48199462890625,6192534.0,809092.0,189.57211303710938,1.0,1.0,1.0,137.41810607910156,1575.4722900390625,799.587890625,0.0,0.0,0.0,7680000.0,523.4760131835938,526.921630859375,528.9379272460938,0.0,2784784.0,0.0,129.4488525390625,0.0,0.0,278.7133483886719,1.0,0.0,-7.5742998123168945,0.0,5.605193857299268e-45,9.999999974752427e-07,0.0,2.0,0.0003000000142492354,0.004999999888241291,0.0010000000474974513,2.0000000233721948e-07,2.0000000233721948e-07,0.0005555999814532697,993000000.0,1.0,0.05000000074505806,0.10000000149011612,0.0005000000237487257,0.0016700000269338489,0.009999999776482582,1.0,1.0,0.0010000000474974513,4.999999873689376e-05,0.00039999998989515007,0.019999999552965164,0.9891999959945679,0.9891999959945679,0.9950000047683716,0.9950000047683716,1,0,0,0,0,1,0,0,1,0,1,0,0,0,0.9994972944259644,992500800.0,63420.0859375,4874257.0,1168.3935546875,2546952.25,1447.0283203125,1.0,2328457.0,0.9731162190437317,1.0,60.0,180.0,1800.0,1800.0,1.0047005414962769,0.019808992743492126,1.0,1.0,-0.012236599810421467,0.0,0.0,0.0,0.0,-1.8537044525146484e-05,6.602997746085748e-05,0.0,0.0,6.602997746085748e-05,0.0,6.602997746085748e-05,6.602997746085748e-05,0.0,7.006492321624085e-44,1,1,0,1,1,1,0,1,1,0,1,0,1,1,1,1,1,1,1,1,0,1000,1000,0,1,5001,5001,220.0,3498.491943359375,120.0,120.0,60.0,0.0,0.4000000059604645,0.10000000149011612,0.10000000149011612,2.0,500.0,200.0,0.9900000095367432,300000.0,5000.0,45000.0,20000.0,0.019999999552965164,2.0,0.05000000074505806,0.019999999552965164,6.0,0.05000000074505806,0.019999999552965164,0.019999999552965164,88.30000305175781,0.10000000149011612,0.800000011920929,0.05000000074505806,0.009999999776482582,50.0,50.0,340.0,340.0,1000000.0,1,1,1,1,1,1,1,1,1,1,0,0,0,1,1,0,1.0,0.0,0.0,0.0,0.01590947061777115,0.0,0.0,0.0,0.9181228876113892,0.9181228876113892,0.9181228876113892,5000.40576171875,3900203.25,3905203.75,50.0,27.61846923828125,0.4000000059604645,0.0,0.0,0.10000000149011612,0.1639939695596695,1.0,45000.0,20.0,29.364574432373047,778794.25,33.50933837890625,4589.1142578125,721.2213134765625,0.7787942290306091,0.9182006120681763,9.475971221923828,1.0,3221830.5,3304317.0,9.718579292297363,20.0,0.27210989594459534,27.210988998413086,0.0,636.4223022460938,411.3090515136719,100000.0,50000.0,1115.300048828125,50000.0,700.0,2000.0,2800000.0,3500000.0,4000000.0,9.999999747378752e-05,4.999999873689376e-05,500.0,20000.0,100.0,500.0,60000.0,1200.0,1.0,120.0,150000.0,3000.0,300.0,1.0,300.0,0.019999999552965164,0.019999999552965164,0.009999999776482582,0.009999999776482582,0.009999999776482582,0.019999999552965164,1.100000023841858,0.019999999552965164,4.0,0.019999999552965164,88.0,1613.0,0.009999999776482582,0.20000000298023224,3.0,5.0,600.0,0.0010000000474974513,88.0,88.0,2000.0,2340.0,-0.11599799990653992,-0.03561130166053772,-0.04758000001311302,-0.01752999983727932,0,0,0,0,0,1,0,523.012939453125,523.012939453125,2.1004638671875,2.1004638671875,0.017066659405827522,31.428516387939453,164.21871948242188,1602.6556396484375,1050.10546875,798.1224975585938,798.1224975585938,3.205322265625,3.205322265625,1600.4991455078125,548.2362060546875,0.0,0.0,2666758.75,20.00048065185547,20.00048065185547,156.37890625,156.37890625,65723.390625,65723.390625,1.0953898429870605,1.0953898429870605,114.45845794677734,114.45845794677734,24.998987197875977,24.998987197875977,104598.2734375,104598.2734375,25.008939743041992,155.54010009765625,158.51690673828125,2645605.25,20.00048065185547,20.00048065185547,227.109375,227.109375,155.959228515625,155.959228515625,652549.0625,652549.0625,0.0,114.46781158447266,114.46781158447266,228.9526824951172,160211.171875,160211.171875,1.0680744647979736,1.0680744647979736,226.3329315185547,155.959228515625,278.5946960449219,139.29734802246094,139.29734802246094,204.223388671875,204.223388671875,408.44677734375,0.0,0.0,0.0,139.27749633789062,139.27749633789062,204.223388671875,204.223388671875,0.026315800845623016,13.064859390258789,0.20000000298023224,0.854824960231781,0.9074972867965698,0.8614476323127747,0.5080683827400208,0.4254590570926666,0.5128558874130249,0.9599996209144592,1.0,1.0,1.0,0.9999998211860657,0.9999998211860657,0.9999998211860657,190864.515625,193242.0625,0.0,0.0,0.0,0.0,0.0,0.0,0.0,296.3810119628906,297.7510070800781,0.0,188212.9375,188212.9375,0.0,0.0,0.0,0.0,0.8748566508293152,0.8748566508293152,0.8748566508293152,0.8610649108886719,1199176.25,0.9959999918937683,0.9959999918937683,0.9959999918937683,0.9959999918937683,5805555.0,2732763.75,7420745.0,8538330.0,2606300.0,4017442.75,0.0039002031553536654,0.007810407318174839,1050.226806640625,529.8850708007812,538.1348266601562,538.3287963867188,332.35101318359375,366.3705139160156,337.4378662109375,197.5340576171875,171.76431274414062,200.89093017578125,1602.6727294921875,1050.238525390625,350.3056335449219,350.3056335449219,350.3056335449219,528.3871459960938,528.3871459960938,528.3871459960938,3.0001416206359863,0.8686614632606506,0.8638262748718262,3.0001440048217773,5.0,0.0040000081062316895,0.0040000081062316895,0.0040000081062316895,0.0040000081062316895,0.0,-0.4368000030517578,0.0,600028.3125,164.21871948242188,164.21871948242188,0.0,20.0,2784126.5,7.25,12.0,10.25,225.30711364746094,225.30711364746094,225.30711364746094,0.0,0.0,0.7926306128501892,0.9211652278900146,10000.0,10000.0,0.011826000176370144,1038.5,0.027953999117016792,0.0,0.0,1.0878000259399414,1.0809999704360962,9.000000136438757e-05,103.0,33.220001220703125,1.8179999589920044,0.029999999329447746,49.0,8.329999923706055,4.159999847412109,58.0,302.0,4.5,0.699999988079071,0.4000000059604645,7.5,1.3799999952316284,2.492000102996826,7000.0,48.88999938964844,1.2000000476837158,45.0,62000.0,4590000.0,4250000.0,15900000.0,15100000.0,0.05000000074505806,0.17000000178813934,0.009999999776482582,15220000.0,1.6699999570846558,312.7799987792969,1.1100000143051147,4232.0,0.25,689000.0,4030000.0,9.829999923706055,8.550000190734863,12200000.0,231.10000610351562,88.3239974975586,633.0,1.1430000066757202,0.6858000159263611,-10.0,-3.7799999713897705,0.7799999713897705,295.5,4030000.0,12400000.0,0.9200000166893005,5.0,0,0,0,228,160,0,0,1,0,0,0,0,0,1,0,0,0,1,1,1,0,1,0,0,1,0,0,1,1,1,0,0,0,0,0,0,0,0,0,0,0,0,1,1,0.9605159759521484,6349035.0,1.086478590965271,1.0145318508148193,1.0444735288619995,309.2583312988281,34.73234939575195,-0.00825334619730711,1,1,1,0,0,0,1,1,0,0,0,0,0,164,0.20000000298023224,0.20000000298023224,0.20000000298023224,0.0,2,0,0,0,0,0,0,0,0,0,0,0,0,0,0,0,0,0,0,0,0,0,0,0,0,0,0,0,0,0,0,0,0,0,0,0,0,0,0,0,0,0,0,0,0,0,0,0,0,0,0,1,0,0,0,0,0,0,0,0,0,0,0,0,0,0,0,0,0,0,0,0,0,0,0,0,0,0,0,0,0,0,0,0,0,0,0,0,0,0,0,0,0,0,0,0,0,0,0,0,0,0,0,0,0,0,0,0,0,0,0,0,0,0,0,0,0,0,0,0,0,0,0,0,0,0,0,0,0,0,0,0,0,0,0,0,0,0,0,0,0,0,0,1,0,0,0,0,0,0,0,0,0,0,0,-1,0,0,0,0,0,0,1,1,0,0,96.05159759521484,-3.367361545562744,0.0,-0.5269994139671326,-1.6815581571897805e-44,309.31317138671875,309.2583312988281,736.2737426757812,-0.00010783706238726154,99.2939224243164,2663.775146484375,1.086478590965271,1.0444735288619995,-1.0,0.054840087890625,6.827850029367255e-06,0.001982055138796568,100.0,27.0,0.0,7.799991607666016,2.798105239868164,1.0,1.0,35.037837982177734,0.2525733411312103,20.0,2.5648107566667022e-06,0.0,74.06082153320312,1.7332020998001099,1.8179994821548462,0.00036938843550160527,0.6817498207092285,0.5431899428367615,29.115989685058594,8.91981029510498,20.129192352294922,15.080195426940918,0.527630627155304,52.791927337646484,44.898040771484375,279.4090881347656,146.80274963378906,0.9700921773910522,326.4476623535156,40.007659912109375,0.29459047317504883,291.9447021484375,291.94244384765625,291.78875732421875,326.5542297363281,326.7654113769531,326.5543518066406,99.9989242553711,3.8902461528778076,57.870323181152344,153.31190490722656,309.24945068359375,309.35394287109375,309.17156982421875,340.25628662109375,53.98007583618164,37.096858978271484,153.31190490722656,0.0,1.0109442472457886,1.0171788930892944,1.0155030488967896,88.92054748535156,88.92434692382812,88.97193908691406,64.79159545898438,64.78958892822266,64.78619384765625,50.486351013183594,50.49483871459961,50.531333923339844,100.37947082519531,100.26863861083984,99.93982696533203,1937.983642578125,1937.2852783203125,1907.586181640625,529.1734619140625,529.5938110351562,525.9181518554688,29.0,0.0,48.0,0.5128558874130249,0.6891581416130066,0.4254590570926666,0.7259978652000427,0.5080683827400208,0.6838600039482117,41.0,78.36749267578125,64.25897979736328,226.3329315185547,98.59025573730469,9.999999974752427e-07,87.1259765625,0.6325255036354065,155.54010009765625,0.9957948923110962,721.2213134765625,39.849090576171875,31.428516387939453,1.0,9.475971221923828,77.87942504882812,0.0,0.9718579053878784,20.0,0.0,60.0,120.0,22.0,120.0,3.4984920024871826,0.0,0.0,992.5007934570312,18.088224411010742,89.19810485839844,2.0,200.0,0,0,228,228,228,228,200,228,228,228,160,0,99999,99999,14,402,1800,180,1800,998,20,992,96,23,0,0,0,806,1424,29,31,32,0,0,0,0,0,0,0,0,0,0,0,0,0,0,1,0,0,0,0,1,1,1,0,1,0,0,0,1,0,0,0,0,0,0,0,0,0,0,0,0,1,0,1,0,0,1,1,0,1,0,1,0,1,0,0,0,1,1,0,1,0,1,0,0,0,1,1,1,0,0,1,0,1,0,0,0,0,1,1,0,0,1,0,0,0,1,0,0,0,0,0,0,1,0,0,0,1,1,0,0,1,0,1,0,1,0,1,0,0,0,1,0,1,1,1,0,0,1,0,0,0,0,0,1,1,1,0,0,0,0,0,0,0,0,0,0,0,1,0,1,0,1,0,0,0,0,0,0,0,0,0,1,0,1,0,1,0,1,1,1,1,1,1,1,0,0,0,0,0,0,1,0,1,1,1,1,1,1,1,1,1,1,1,1,0,0,1,1,0,0,1,1,0,1,0,1,0,1,1,0,0,0,1,0,0,0,0,1,0,0,0,1,0,1,1,0,0,1,0,0,1,1,0,1,1,1,0,1,1,0,1,0,1,1,0,0,0,0,0,0,1,1,1,1,0,0,0,0,0,0,0,0,0,0,0,0,0,0,0,0,0,0,0,0,0,0,0,0,0,0,0,0,0,0,0,0,0,0,0,0,0,0,0,0,0,0,0,0,0,0,0,0,0,0,0,0,0,0,0,0,0,0,0,0,0,0,0,1,0,0,0,1,0,0,0,0,0,0,0,0,0,0,0,0,0,0,1,0,0,0,0,0,0,0,0,0,0,0,0,0,0,0,0,0,0,0,0,0,0,0,0,0,0,0,0,0,0,0,0,0,0,0,0,0,0,0,0,0,0,0,0,0,0,0,0,0,0,0,0,0,0,0,0,0,0,0,0,0,0,0,0,1,0,1,0,0,0,0,0,1,0,0,0,0,0,0,0,0,0,0,0,0,0,0,0,1,0,0,0,0,0,0,0,0,0,0,0,0,0,0,1,0,0,0,0,0,0,0,0,0,0,1,0,0,0,0,0,0,0,0,0,0,0,0,0,0,0,0,0,0,0,0,0,0,0,0,0,0,0,1,0,0,0,0,0,0,1,1,1,0,0,0,0,0,0,-1,0,0,0,0,0,0,0,0,-1,0,0,-1,0,0,0,0,0,0,0,0,0,0,0,0,0,0,0,0,0,0,1,0,0,0,0,0,0,0,0,0,0,0,0,0,0,0,0,1,1,0,-1,-1,-1,1,1,1,0,0,0,0,1,0,0,1,1,0,0,0,0,1,0,0,0,0,0,0,0,0,0,0,0,0,0,0,0,0,0,0,0,0,0,0,0,0,0,0,0,0,0,1,1,0,1,0,1,1,0,1,0,1,1,0,1,0,0,1,0,0,0,0,0,0,0,0,0,0,0,0,0,0,0,0,0,0,0,0,0,0,0,0,0,0
0,1,1,300,228,8,8,228,114,25,1,0,0.0020000000949949026,4000.0,1.0,0.04500000178813934,25.0,48.0,8.0,291.70001220703125,1.7000000476837158,-3.179999907843012e-07,0.007360000163316727,0.008080000057816505,8.0,0.33000001311302185,0.0333000011742115,1.0,9.999999747378752e-06,21.0,9.999999747378752e-06,2775000064.0,9.000000136438757e-05,4.999999980020986e-13,5.0,40.0,3.0,-3.3499999046325684,3.3499999046325684,0.5,0.0004799999878741801,292.3927001953125,492.6077880859375,-0.0036125299520790577,0.002354159951210022,0.0008944629807956517,0.013157900422811508,0.800646185874939,0.02024419978260994,2650129920.0,0.006539999973028898,228,228,228,228,228,228,228,228,228,228,228,228,228,228,228,228,228,228,228,228,228,228,228,228,200,200,200,200,228,228,228,228,228,228,228,228,228,228,228,228,228,228,228,228,228,228,228,228,228,228,228,228,0,1,4,4,228,228,228,200,228,228,228,228,3,0,0.0004018110048491508,292.46392822265625,658.85400390625,744.8599853515625,835.285888671875,922.5546875,1057.3125,1092.456787109375,1106.0997314453125,1092.84375,1056.426513671875,999.8857421875,920.7919921875,834.0536499023438,747.380615234375,668.482666015625,592.1975708007812,530.561279296875,484.21014404296875,452.7047424316406,433.40301513671875,425.1523742675781,425.1937255859375,430.0958251953125,436.4276123046875,440.75787353515625,-0.0018929841462522745,0.7426525950431824,0.7719833254814148,-4.640141560230404e-05,0.7554360032081604,0.9918932914733887,113964.4921875,3.513865522108972e-05,0.326871395111084,0.756620466709137,0.9613485932350159,0.9607203006744385,0.02263771928846836,1.0,-1.6815581571897805e-44,-3.367403030395508,0.0,99.29389953613281,2663.77734375,0.9435328841209412,735.6032104492188,228.0,0.0,1.0658094882965088,3.200000524520874,0.0,309.31268310546875,280606.46875,-0.5271502137184143,6.452370643615723,130.28829956054688,1.2361629009246826,7750000.0,8160000.0,86.12000274658203,119.0999984741211,0.5,9.999999747378752e-05,0.0,3.299999952316284,200.0,0.30000001192092896,309.20001220703125,2.439019908706541e-06,0,0,0,1,1,1,0,24,0,309.1946716308594,0.0,0.0,0.0,0.0,0.0,0.0,0.5089645385742188,0.8733534812927246,0.518689751625061,-0.004862606525421143,-0.00023820613569114357,-0.00017497215594630688,0.5048626065254211,0.5044186115264893,0.504311740398407,1.0,25.0,24.0,6352827.5,6353122.5,6353306.5,291.75286865234375,291.88525390625,291.88714599609375,326.4736633300781,326.6955871582031,326.4735412597656,4400000.0,309.11328125,309.2904052734375,309.18035888671875,34.720794677734375,34.810333251953125,34.586395263671875,326.3142395019531,4600.685546875,4611.2041015625,4617.193359375,12.79032039642334,12.782967567443848,12.782255172729492,14.155303955078125,0.0,0.0,0.0020000000949949026,291.8417663574219,326.547607421875,-74.12037658691406,1.6401325464248657,1.638572096824646,1.6381899118423462,-8.17215347290039,39.0,40.0,42.0,41.0,0.0,0.0,6354541.0,6302900.0,84.40055847167969,5.0,0.014999999664723873,-180000.0,600.0,1000000.0,400000.0,0.17000000178813934,22000.0,786000.0,120000.0,0.0,40.0,30.0,36.810001373291016,0.5,18.399999618530273,50000.0,115692.3984375,15.113750457763672,0,0,1,0,0,0,0,14963861.0,0.0,0.0,0.0,0.0,0.0,-416198.0,399998.9375,1000000.0,0.9999973177909851,1399999.0,0.0,0.5381467938423157,14983802.0,126869.6328125,14963861.0,340.25732421875,40.007659912109375,5.373210430145264,-416198.0,0.0,0.0,0.0,3.6971840858459473,40.007659912109375,0.0,22230.939453125,1.2010046243667603,0.0,0.0,0.0,20.0,14.711517333984375,22.0,0.0,0.0,0.0,0.05000000074505806,0.02500000037252903,0.17000000178813934,15400000.0,0.5,6.25,0.0006667000125162303,2.0,2410000.0,4140000.0,4.734799861907959,0.15000000596046448,0.20000000298023224,0.2199999988079071,1.0,0.0,-1.0,0.0,5.0,20.0,30.0,50.0,74.0,80.0,86.0,9.800000190734863,500000.0,1.0499999802959792e-07,0.5,750.0,1000.0,600.0,1000.0,1150.0,32.0,32.0,37.400001525878906,10.0,10.0,0.007000000216066837,0.5049999952316284,82.0,189.26499938964844,0.0,1.5099999904632568,231.60000610351562,20.0,36.0,16.600000381469727,16.5,225.0,-0.1756729930639267,27.5,-0.1756729930639267,30.485509872436523,0.1561516970396042,11.10221004486084,-1.8332500457763672,-75.0,4.3520002365112305,9.800000190734863,189.26499938964844,93.30000305175781,2650000.0,0.8500000238418579,7.570000171661377,0,1,0,0,0,0,0,0,0,0,0,1,3,3,0,0,1,1,0,0,0,0,0,0,0,0,0,0,1,0,0,0,0,0,0,0,0,0,0,1,0,0,0,0,0,0,0,0,0,0,12.05890941619873,29060.302734375,2153.699951171875,0.00041496616904623806,0.0004361289902590215,0.0006248649442568421,1.0,1.0,0.0,0.0,0.0,0.5284321308135986,0.5200933218002319,1.0,0.0,0.0,0.0,1.0,0.0,0.0,1.0,1.0,0.0,1.0,1.0,0.009108364582061768,0.0,1.0,0.0,0.6467774510383606,0.6474769711494446,0.00041496616904623806,0.0,0.0,0.0,99998.78125,99999.0,2852288.5,2410000.0,36.20000076293945,36.20000076293945,36.20000076293945,32.27340316772461,279.21331787109375,146.57308959960938,52.679996490478516,26.09074592590332,39.12568664550781,27.0,28.944747924804688,27.0,0.0,32.0,20.0,68.57752227783203,3446668.0,0.5431910753250122,3.7799999713897705,4.196725368499756,8.919809341430664,0.0,0.0,0.0,1.401298464324817e-45,5.58272647857666,5.58272647857666,0.5049998760223389,0.5049998760223389,0.5049998760223389,0.18937495350837708,0.18937495350837708,0.18937495350837708,0.0,0.0,0.0,0.0,0.0,0.0,5.294999599456787,0.0,0.0,0.0,0.0,0.0,0.0,100.0,74.062255859375,0.5778553485870361,0.0,20.0,0.0,5.531877040863037,5.135818004608154,0.0,0.0,0.0,0.007000000216066837,0.0,0.0,9.487832069396973,0.0,1.7332162857055664,1.401298464324817e-45,5.143599987030029,0.0,0.0,0.0,0.0,0.0,0.0,20.0,0.0,0.0,14659394.0,0.0,0.0,0.0,0.0,0.0,0.0,0.0,0.351500004529953,18.93000030517578,23.030000686645508,7.69199959904654e-06,0.08500000089406967,0.009999999776482582,24.0,27.0,8.800000190734863,500000.0,0.05000000074505806,2.7000000013543968e-09,2.7000000013543968e-09,145100.0,120000.0,14650000.0,86400.0,17.0,34.5,48.70000076293945,321.8999938964844,83170.0,0.0,1.0,1.0,0.0010000000474974513,725.0,0.0,0.5,0.0,0.0,57.31999969482422,837142.875,9359.77734375,117376.1015625,2623.89794921875,83026.390625,725.0,1.0204100362898316e-05,740000000.0,1,0,1,0,1,0,1,0,0,0,0,8.799991607666016,27.0,291.5453186035156,0.0,0.0,0.0,0.0,0.11674398183822632,0.00023162778234109282,0.0,0.002242566552013159,35.085662841796875,1.0,24763.4375,694.9010620117188,2.903229642470251e-06,2734732288.0,4328333312.0,2943298816.0,4248563456.0,-84.94775390625,24.8489990234375,-183369312.0,79769976.0,5.143599987030029,1550.5213623046875,90.09135437011719,1525.67236328125,106381.3984375,3304.08251953125,143688.765625,147359.78125,122763.4375,3.40000057220459,35.085662841796875,35.085662841796875,1.0,2.903229642470251e-06,694.9010620117188,197022498816.0,0.19624242186546326,137600.0,137600.0,109895112.0,84.50970458984375,5383.50048828125,1.0,0.0,1700.0,250000.0,10000.0,1038.0,0.004999999888241291,400.0,5000.0,0,0,0,0,2963143.75,64.7225112915039,64.7225112915039,1228654.25,2784649.25,1.0,1.0,1235282.625,228.9122314453125,6301177.0,1.0,0.9957665801048279,1.0,1.0,1041.5223388671875,277.84765625,189.56478881835938,128.5479736328125,6196291.5,809058.5625,189.56478881835938,1.0,1.0,1.0,137.2715606689453,1575.4166259765625,799.5429077148438,0.0,0.0,0.0,7680000.0,523.6041870117188,526.6581420898438,528.5438232421875,0.0,2784649.25,0.0,129.4450225830078,0.0,0.0,278.750732421875,1.0,0.0,-7.5742998123168945,0.0,5.605193857299268e-45,9.999999974752427e-07,0.0,2.0,0.0003000000142492354,0.004999999888241291,0.0010000000474974513,2.0000000233721948e-07,2.0000000233721948e-07,0.0005555999814532697,993000000.0,1.0,0.05000000074505806,0.10000000149011612,0.0005000000237487257,0.0016700000269338489,0.009999999776482582,1.0,1.0,0.0010000000474974513,4.999999873689376e-05,0.00039999998989515007,0.019999999552965164,0.9891999959945679,0.9891999959945679,0.9950000047683716,0.9950000047683716,1,0,0,0,0,1,0,0,1,0,1,1,0,0,0.9994672536849976,992470976.0,63417.62109375,4872564.0,1168.34423828125,2546852.5,1446.8992919921875,1.0,2328462.5,0.972229540348053,1.0,60.0,180.0,1800.0,1800.0,1.0047005414962769,0.019808992743492126,1.0,1.0,-0.012236599810421467,0.0,0.0,0.0,0.0,-2.205371856689453e-05,-0.0004433333524502814,0.0,0.0,-0.0004433333524502814,0.0,-0.0004433333524502814,-0.0004433333524502814,0.0,7.006492321624085e-44,1,1,0,1,1,1,0,1,1,0,1,0,1,1,1,1,1,1,1,1,0,1000,1000,0,1,5001,5001,220.0,3498.40185546875,120.0,120.0,60.0,0.0,0.4000000059604645,0.10000000149011612,0.10000000149011612,2.0,500.0,200.0,0.9900000095367432,300000.0,5000.0,45000.0,20000.0,0.019999999552965164,2.0,0.05000000074505806,0.019999999552965164,6.0,0.05000000074505806,0.019999999552965164,0.019999999552965164,88.30000305175781,0.10000000149011612,0.800000011920929,0.05000000074505806,0.009999999776482582,50.0,50.0,340.0,340.0,1000000.0,1,1,1,1,1,1,1,1,1,1,0,0,0,1,1,0,1.0,0.0,0.0,0.0,0.01527787558734417,0.0,0.0,0.0,0.9181234240531921,0.9181234240531921,0.9181234240531921,5000.40625,3900218.75,3905219.25,50.0,27.61844253540039,0.4000000059604645,0.0,0.0,0.10000000149011612,0.16409315168857574,1.0,45000.0,20.0,29.36469078063965,778796.875,33.50933837890625,4589.1142578125,721.2213134765625,0.7787968516349792,0.9182003736495972,9.475945472717285,1.0,3221821.5,3304317.0,9.718579292297363,20.0,0.2721409499645233,27.214094161987305,0.0,636.4223022460938,411.2699279785156,100000.0,50000.0,1115.300048828125,50000.0,700.0,2000.0,2800000.0,3500000.0,4000000.0,9.999999747378752e-05,4.999999873689376e-05,500.0,20000.0,100.0,500.0,60000.0,1200.0,1.0,120.0,150000.0,3000.0,300.0,1.0,300.0,0.019999999552965164,0.019999999552965164,0.009999999776482582,0.009999999776482582,0.009999999776482582,0.019999999552965164,1.100000023841858,0.019999999552965164,4.0,0.019999999552965164,88.0,1613.0,0.009999999776482582,0.20000000298023224,3.0,5.0,600.0,0.0010000000474974513,88.0,88.0,2000.0,2340.0,-0.11599799990653992,-0.03561130166053772,-0.04758000001311302,-0.01752999983727932,0,0,0,0,0,1,0,523.033203125,523.033203125,2.10052490234375,2.10052490234375,0.0170648954808712,31.428516387939453,164.21868896484375,1602.8016357421875,1050.1304931640625,798.1951904296875,798.1951904296875,3.20562744140625,3.20562744140625,1600.93017578125,548.2982177734375,0.0,0.0,2666829.25,20.00048065185547,20.00048065185547,156.37843322753906,156.37843322753906,65723.390625,65723.390625,1.0953898429870605,1.0953898429870605,114.45611572265625,114.45611572265625,24.998987197875977,24.998987197875977,104598.2734375,104598.2734375,25.008939743041992,155.5400848388672,158.51705932617188,2645481.75,20.00048065185547,20.00048065185547,227.10423278808594,227.10423278808594,155.95938110351562,155.95938110351562,652549.6875,652549.6875,0.0,114.46781158447266,114.46781158447266,228.9526824951172,160211.078125,160211.078125,1.0680738687515259,1.0680738687515259,226.33155822753906,155.95938110351562,278.5158386230469,139.25791931152344,139.25791931152344,204.2216033935547,204.2216033935547,408.4432067871094,0.0,0.0,0.0,139.2386016845703,139.2386016845703,204.2216033935547,204.2216033935547,0.026315800845623016,13.064854621887207,0.20000000298023224,0.8562601804733276,0.909168004989624,0.8631860613822937,0.5089645385742188,0.4265137314796448,0.5139546394348145,0.9599996209144592,1.0,1.0,1.0,0.9999998211860657,0.9999998211860657,0.9999998211860657,190864.25,193242.0625,0.0,0.0,0.0,0.0,0.0,0.0,0.0,296.3810119628906,297.7510070800781,0.0,188317.9375,188317.9375,0.0,0.0,0.0,0.0,0.8747472167015076,0.8747472167015076,0.8747472167015076,0.8607300519943237,1199130.375,0.9959999918937683,0.9959999918937683,0.9959999918937683,0.9959999918937683,5804693.0,2732749.0,7420434.5,8537448.0,2606300.0,4017485.0,0.00390021875500679,0.007810438051819801,1050.2674560546875,529.6539306640625,538.1923217773438,538.493896484375,332.195556640625,366.3352355957031,337.5257263183594,197.4583740234375,171.85708618164062,200.96817016601562,1602.8187255859375,1050.2791748046875,350.3023986816406,350.3023986816406,350.3023986816406,528.1436767578125,528.1436767578125,528.1436767578125,3.000136613845825,0.8680793046951294,0.8638823628425598,3.000138998031616,5.0,0.0040000081062316895,0.0040000081062316895,0.0040000081062316895,0.0040000081062316895,0.0,-0.4368000030517578,0.0,600027.3125,164.21868896484375,164.21868896484375,0.0,20.0,2784006.0,7.25,12.0,10.25,225.30703735351562,225.30703735351562,225.30703735351562,0.0,0.0,0.7926306128501892,0.9211652278900146,10000.0,10000.0,0.011826000176370144,1038.5,0.027953999117016792,0.0,0.0,1.0878000259399414,1.0809999704360962,9.000000136438757e-05,103.0,33.220001220703125,1.8179999589920044,0.029999999329447746,49.0,8.329999923706055,4.159999847412109,58.0,302.0,4.5,0.699999988079071,0.4000000059604645,7.5,1.3799999952316284,2.492000102996826,7000.0,48.88999938964844,1.2000000476837158,45.0,62000.0,4590000.0,4250000.0,15900000.0,15100000.0,0.05000000074505806,0.17000000178813934,0.009999999776482582,15220000.0,1.6699999570846558,312.7799987792969,1.1100000143051147,4232.0,0.25,689000.0,4030000.0,9.829999923706055,8.550000190734863,12200000.0,231.10000610351562,88.3239974975586,633.0,1.1430000066757202,0.6858000159263611,-10.0,-3.7799999713897705,0.7799999713897705,295.5,4030000.0,12400000.0,0.9200000166893005,5.0,0,0,0,228,160,0,0,1,0,0,0,0,0,1,0,0,0,1,1,1,0,1,0,0,1,0,0,1,1,1,0,0,0,0,0,0,0,0,0,0,0,0,1,1,0.9613485932350159,6352827.5,1.0867180824279785,1.0141491889953613,1.0417157411575317,309.2168273925781,34.71924591064453,-0.004490389488637447,1,1,1,0,0,0,1,1,0,0,0,0,0,166,0.20000000298023224,0.20000000298023224,0.20000000298023224,0.0,2,0,0,0,0,0,0,0,0,0,0,0,0,0,0,0,0,0,0,0,0,0,0,0,0,0,0,0,0,0,0,0,0,0,0,0,0,0,0,0,0,0,0,0,0,0,0,0,0,0,0,1,0,0,0,0,0,0,0,0,0,0,0,0,0,0,0,0,0,0,0,0,0,0,0,0,0,0,0,0,0,0,0,0,0,0,0,0,0,0,0,0,0,0,0,0,0,0,0,0,0,0,0,0,0,0,0,0,0,0,0,0,0,0,0,0,0,0,0,0,0,0,0,0,0,0,0,0,0,0,0,0,0,0,0,0,0,0,0,0,0,0,0,1,0,0,0,0,0,0,0,0,0,0,0,-1,0,0,0,0,0,0,1,1,0,0,96.13485717773438,-3.367403030395508,0.0,-0.5271502137184143,-1.6815581571897805e-44,309.31268310546875,309.2168273925781,735.6032104492188,-4.640141560230404e-05,99.29389953613281,2663.77734375,1.0867180824279785,1.0417157411575317,-1.0,0.095855712890625,6.827850029367255e-06,0.002242566552013159,100.0,27.0,0.0,7.799991607666016,2.8419229984283447,1.0,1.0,35.085662841796875,0.25268858671188354,20.0,2.903229642470251e-06,0.0,74.062255859375,1.7332162857055664,1.8179994821548462,0.00036938843550160527,0.6817498207092285,0.5431910753250122,29.105037689208984,8.919809341430664,20.097814559936523,15.108210563659668,0.5284321308135986,52.679996490478516,44.898040771484375,279.21331787109375,146.57308959960938,0.9702251553535461,326.3596496582031,40.007659912109375,0.29459047317504883,291.90472412109375,291.90264892578125,291.763671875,326.5033264160156,326.7229309082031,326.5035705566406,99.9997329711914,3.970855474472046,57.7855339050293,152.89622497558594,309.20404052734375,309.31280517578125,309.13360595703125,340.257080078125,53.81467819213867,37.01346969604492,152.89622497558594,0.0,1.0106251239776611,1.01710045337677,1.0147523880004883,88.89800262451172,88.90260314941406,88.95268249511719,64.82978057861328,64.82789611816406,64.82489013671875,50.431175231933594,50.44186019897461,50.48625946044922,100.38082885742188,100.25670623779297,99.99960327148438,1938.5780029296875,1937.4923095703125,1906.754150390625,528.7421875,529.2860717773438,526.0451049804688,29.0,0.0,48.0,0.5139546394348145,0.690548837184906,0.4265137314796448,0.7273344397544861,0.5089645385742188,0.68500816822052,41.0,78.36749267578125,64.29784393310547,226.33155822753906,98.58677673339844,9.999999974752427e-07,87.11697387695312,0.6319491863250732,155.5400848388672,0.9957665801048279,721.2213134765625,39.84925079345703,31.428516387939453,1.0,9.475945472717285,77.87968444824219,0.0,0.9718579053878784,20.0,0.0,60.0,120.0,22.0,120.0,3.4984021186828613,0.0,0.0,992.470947265625,18.0882625579834,89.19808959960938,2.0,200.0,0,0,228,228,228,228,200,228,228,228,160,0,99999,99999,14,402,1800,180,1800,998,20,992,96,23,0,0,0,806,1424,29,31,32,0,0,0,0,0,0,0,0,0,0,0,0,0,0,1,0,0,0,0,1,1,1,0,1,0,0,0,1,0,0,0,0,0,0,0,0,0,0,0,0,1,0,1,0,0,1,1,0,1,0,1,0,1,0,0,0,1,1,0,1,0,1,0,0,0,1,1,0,0,0,1,0,1,0,0,0,0,0,1,0,0,1,0,0,0,1,0,0,0,0,0,0,1,0,0,0,1,1,0,0,1,0,1,0,1,0,1,0,0,0,1,0,1,1,1,0,0,1,0,0,0,0,0,1,1,1,0,0,0,0,0,0,0,0,0,0,0,1,0,1,0,1,0,0,0,0,0,0,0,0,0,1,0,1,0,1,0,1,1,1,1,1,1,1,0,0,0,0,0,0,1,0,1,1,1,1,1,1,1,1,1,1,1,0,0,0,1,1,0,0,1,1,0,1,0,1,0,1,1,0,0,0,1,0,0,0,0,1,0,0,0,1,0,1,1,0,0,1,0,0,1,1,0,1,1,1,0,1,1,0,1,0,1,1,0,0,0,0,0,0,1,1,1,1,0,0,0,0,0,0,0,0,0,0,0,0,0,0,0,0,0,0,0,0,0,0,0,0,0,0,0,0,0,0,0,0,0,0,0,0,0,0,0,0,0,0,0,0,0,0,0,0,0,0,0,0,0,0,0,0,0,0,0,0,0,0,0,0,0,0,0,0,0,0,0,0,0,0,0,0,0,0,0,0,0,0,1,0,0,0,0,0,0,0,0,0,0,0,0,0,0,0,0,0,0,0,0,0,0,0,0,0,0,0,0,0,0,0,0,0,0,0,0,0,0,0,0,0,0,0,0,0,0,0,0,0,0,0,0,0,0,0,0,0,0,0,0,0,0,0,0,1,0,1,0,0,0,0,0,1,0,0,0,0,0,0,0,0,0,0,0,0,0,0,0,1,0,0,0,0,0,0,0,0,0,0,0,0,0,0,1,0,0,0,0,0,0,0,0,0,0,1,0,0,0,0,0,0,0,0,0,0,0,0,0,0,0,0,0,0,0,0,0,0,0,0,0,0,0,1,0,0,0,0,0,0,1,1,1,0,0,0,0,0,0,-1,0,0,0,0,0,0,0,0,-1,0,0,-1,0,0,0,0,0,0,0,0,0,0,0,0,0,0,0,0,0,0,1,0,0,0,0,0,0,0,0,0,0,0,0,0,0,0,0,1,1,0,-1,-1,-1,1,1,1,0,0,0,0,1,0,0,1,1,0,0,0,0,1,0,0,0,0,0,0,0,0,0,0,0,0,0,0,0,0,0,0,0,0,0,0,0,0,0,0,0,0,0,1,1,0,1,0,1,1,0,1,0,1,1,0,1,0,0,1,0,0,0,0,0,0,0,0,0,0,0,0,0,0,0,0,0,0,0,0,0,0,0,0,0,0
0,1,1,300,228,8,8,228,114,25,1,0,0.0020000000949949026,4000.0,1.0,0.04500000178813934,25.0,48.0,8.0,291.70001220703125,1.7000000476837158,-3.179999907843012e-07,0.007360000163316727,0.008080000057816505,8.0,0.33000001311302185,0.0333000011742115,1.0,9.999999747378752e-06,21.0,9.999999747378752e-06,2775000064.0,9.000000136438757e-05,4.999999980020986e-13,5.0,40.0,3.0,-3.3499999046325684,3.3499999046325684,0.5,0.0004799999878741801,292.3927001953125,492.6077880859375,-0.0036125299520790577,0.002354159951210022,0.0008944629807956517,0.013157900422811508,0.800646185874939,0.02024419978260994,2650129920.0,0.006539999973028898,228,228,228,228,228,228,228,228,228,228,228,228,228,228,228,228,228,228,228,228,228,228,228,228,200,200,200,200,228,228,228,228,228,228,228,228,228,228,228,228,228,228,228,228,228,228,228,228,228,228,228,228,0,1,4,4,228,228,228,200,228,228,228,228,3,0,0.0004018110048491508,292.43597412109375,659.7232666015625,745.6636962890625,836.0238037109375,923.2269287109375,1057.8555908203125,1092.93359375,1106.502197265625,1093.17919921875,1056.7073974609375,1000.1298217773438,921.0296630859375,834.2940673828125,747.6222534179688,668.7130126953125,592.38720703125,530.6949462890625,484.2840576171875,452.72564697265625,433.38446044921875,425.1099853515625,425.13909912109375,430.035888671875,436.36431884765625,440.6884460449219,-0.00229281815700233,0.7513785362243652,0.7719831466674805,1.365851130685769e-05,0.7554370760917664,0.9916867017745972,114929.03125,3.5441182262729853e-05,0.326684832572937,0.7657619118690491,0.9649732708930969,0.9635610580444336,0.022808237001299858,1.0,-1.6815581571897805e-44,-3.3661205768585205,0.0,99.29386138916016,2663.780029296875,0.9435341954231262,735.5855712890625,228.0,8.0,1.1867631673812866,3.8000006675720215,0.0,309.31060791015625,280607.03125,-0.5278874039649963,6.452980995178223,130.28829956054688,1.2204574346542358,7750000.0,8160000.0,86.12000274658203,119.0999984741211,0.5,9.999999747378752e-05,0.0,3.299999952316284,200.0,0.30000001192092896,309.20001220703125,2.439019908706541e-06,0,0,0,1,1,1,0,24,0,309.126220703125,0.0,0.0,0.0,0.0,0.0,0.0,0.5101345777511597,0.873306155204773,0.518682599067688,-0.00427401065826416,-0.0002823909744620323,-0.0002140856086043641,0.5042740106582642,0.5037306547164917,0.5035921335220337,1.0,25.0,24.0,6357647.5,6357897.0,6358065.0,291.729248046875,291.84423828125,291.84564208984375,326.3717041015625,326.59521484375,326.371337890625,4400000.0,309.05047607421875,309.2197265625,309.1084899902344,34.6424560546875,34.7509765625,34.52569580078125,326.1827392578125,4601.79443359375,4609.296875,4616.1865234375,12.786945343017578,12.779274940490723,12.778422355651855,14.00079345703125,0.0,0.0,0.0020000000949949026,291.8063659667969,326.4460754394531,-68.2510757446289,1.6383181810379028,1.636466145515442,1.6359843015670776,-7.910630226135254,39.0,40.0,42.0,41.0,0.0,0.0,6359045.0,6307435.5,84.08573913574219,5.0,0.014999999664723873,-180000.0,600.0,1000000.0,400000.0,0.17000000178813934,22000.0,786000.0,120000.0,0.0,40.0,30.0,36.810001373291016,0.5,18.399999618530273,50000.0,115692.3984375,15.113750457763672,0,0,1,0,0,0,0,14907766.0,0.0,0.0,0.0,0.0,0.0,-474306.0,399999.84375,1000000.0,0.9999996423721313,1399999.875,0.0,0.535707950592041,14925694.0,126869.6328125,14907766.0,340.2584228515625,40.007659912109375,5.3493218421936035,-474306.0,0.0,0.0,0.0,3.685140609741211,40.007659912109375,0.0,22230.939453125,1.2010046243667603,0.0,0.0,0.0,20.0,14.711517333984375,22.0,0.0,0.0,0.0,0.05000000074505806,0.02500000037252903,0.17000000178813934,15400000.0,0.5,6.25,0.0006667000125162303,2.0,2410000.0,4140000.0,4.734799861907959,0.15000000596046448,0.20000000298023224,0.2199999988079071,1.0,0.0,-1.0,0.0,5.0,20.0,30.0,50.0,74.0,80.0,86.0,9.800000190734863,500000.0,1.0499999802959792e-07,0.5,750.0,1000.0,600.0,1000.0,1150.0,32.0,32.0,37.400001525878906,10.0,10.0,0.007000000216066837,0.5049999952316284,82.0,189.26499938964844,0.0,1.5099999904632568,231.60000610351562,20.0,36.0,16.600000381469727,16.5,225.0,-0.1756729930639267,27.5,-0.1756729930639267,30.485509872436523,0.1561516970396042,11.10221004486084,-1.8332500457763672,-75.0,4.3520002365112305,9.800000190734863,189.26499938964844,93.30000305175781,2650000.0,0.8500000238418579,7.570000171661377,0,1,0,0,0,0,0,0,0,0,0,1,3,3,0,0,1,1,0,0,0,0,0,0,0,0,0,0,1,0,0,0,0,0,0,0,0,0,0,1,0,0,0,0,0,0,0,0,0,0,12.0589599609375,29060.53125,2153.699951171875,0.00041496462654322386,0.0004361289902590215,0.0006248649442568421,1.0,1.0,0.0,0.0,0.0,0.5296242237091064,0.5210635662078857,1.0,0.0,0.0,0.0,1.0,0.0,0.0,1.0,1.0,0.0,1.0,1.0,0.009281277656555176,0.0,1.0,0.0,0.6463969945907593,0.6474088430404663,0.00041496462654322386,0.0,0.0,0.0,99998.78125,99999.0,2850610.75,2410000.0,36.20000076293945,36.20000076293945,36.20000076293945,32.27798843383789,278.8743896484375,146.18731689453125,52.49668502807617,26.099143981933594,39.0731201171875,27.0,28.92674446105957,27.0,0.0,32.0,20.0,68.57752227783203,3446668.0,0.5431910753250122,3.7799999713897705,4.208407402038574,8.919809341430664,0.0,0.0,0.0,1.401298464324817e-45,5.569613933563232,5.569613933563232,0.5049998760223389,0.5049998760223389,0.5049998760223389,0.18937495350837708,0.18937495350837708,0.18937495350837708,0.0,0.0,0.0,0.0,0.0,0.0,5.294999599456787,0.0,0.0,0.0,0.0,0.0,0.0,100.0,74.06429290771484,0.5764731168746948,0.0,20.0,0.0,5.517920970916748,5.147493839263916,0.0,0.0,0.0,0.007000000216066837,0.0,0.0,9.499513626098633,0.0,1.73323655128479,1.401298464324817e-45,5.155282020568848,0.0,0.0,0.0,0.0,0.0,0.0,20.0,0.0,0.0,14605444.0,0.0,0.0,0.0,0.0,0.0,0.0,0.0,0.351500004529953,18.93000030517578,23.030000686645508,7.69199959904654e-06,0.08500000089406967,0.009999999776482582,24.0,27.0,8.800000190734863,500000.0,0.05000000074505806,2.7000000013543968e-09,2.7000000013543968e-09,145100.0,120000.0,14650000.0,86400.0,17.0,34.5,48.70000076293945,321.8999938964844,83170.0,0.0,1.0,1.0,0.0010000000474974513,725.0,0.0,0.5,0.0,0.0,57.31999969482422,837142.875,9359.77734375,117376.1015625,2623.89794921875,83026.390625,725.0,1.0204100362898316e-05,740000000.0,1,0,1,0,1,0,1,0,0,0,0,8.799991607666016,27.0,342.1865539550781,0.0,0.0,0.0,0.0,0.13709217309951782,0.00025572386221028864,0.0,0.002632098738104105,35.15686798095703,1.0,24780.3203125,794.4049682617188,3.4092543046426727e-06,2763332608.0,4323415040.0,2937945600.0,4247727104.0,-84.59762573242188,25.01123046875,-181442096.0,75688016.0,5.155282020568848,1550.497314453125,89.7529067993164,1525.486083984375,106381.3984375,3316.3740234375,143727.109375,147658.84375,122780.3203125,4.000000476837158,35.15686798095703,35.15686798095703,1.0,3.4092543046426727e-06,794.4049682617188,227656204288.0,0.19630585610866547,137600.0,137600.0,109452872.0,84.18553161621094,5400.2578125,1.0,0.0,1700.0,250000.0,10000.0,1038.0,0.004999999888241291,400.0,5000.0,0,0,0,0,2963246.25,64.71987915039062,64.71987915039062,1228897.625,2784438.75,1.0,1.0,1234994.75,228.90493774414062,6306026.5,1.0,0.9957272410392761,1.0,1.0,1041.316162109375,277.89727783203125,189.55397033691406,128.61575317382812,6201098.5,809009.125,189.55397033691406,1.0,1.0,1.0,137.0931396484375,1575.2236328125,799.3439331054688,0.0,0.0,0.0,7680000.0,523.6972045898438,526.2890625,528.0133056640625,0.0,2784438.75,0.0,129.43975830078125,0.0,0.0,278.79833984375,1.0,0.0,-7.5742998123168945,0.0,5.605193857299268e-45,9.999999974752427e-07,0.0,2.0,0.0003000000142492354,0.004999999888241291,0.0010000000474974513,2.0000000233721948e-07,2.0000000233721948e-07,0.0005555999814532697,993000000.0,1.0,0.05000000074505806,0.10000000149011612,0.0005000000237487257,0.0016700000269338489,0.009999999776482582,1.0,1.0,0.0010000000474974513,4.999999873689376e-05,0.00039999998989515007,0.019999999552965164,0.9891999959945679,0.9891999959945679,0.9950000047683716,0.9950000047683716,1,0,0,0,0,1,0,0,1,0,1,1,0,0,0.9992988705635071,992303808.0,63409.78125,4870181.5,1168.1875,2546687.25,1446.6265869140625,1.0,2328478.75,0.9708995223045349,1.0,60.0,180.0,1800.0,1800.0,1.0047005414962769,0.019808992743492126,1.0,1.0,-0.012236599810421467,0.0,0.0,0.0,0.0,-7.265806198120117e-05,-0.0004433333524502814,0.0,0.0,-0.0004433333524502814,0.0,-0.0004433333524502814,-0.0004433333524502814,0.0,7.006492321624085e-44,1,1,0,1,1,1,0,1,1,0,1,0,1,1,1,1,1,1,1,1,0,1000,1000,0,1,5001,5001,220.0,3497.896728515625,120.0,120.0,60.0,0.0,0.4000000059604645,0.10000000149011612,0.10000000149011612,2.0,500.0,200.0,0.9900000095367432,300000.0,5000.0,45000.0,20000.0,0.019999999552965164,2.0,0.05000000074505806,0.019999999552965164,6.0,0.05000000074505806,0.019999999552965164,0.019999999552965164,88.30000305175781,0.10000000149011612,0.800000011920929,0.05000000074505806,0.009999999776482582,50.0,50.0,340.0,340.0,1000000.0,1,1,1,1,1,1,1,1,1,1,0,0,0,1,1,0,1.0,0.0,0.0,0.0,0.01437721960246563,0.0,0.0,0.0,0.9181241393089294,0.9181241393089294,0.9181241393089294,5000.40673828125,3900237.75,3905238.25,50.0,27.6184024810791,0.4000000059604645,0.0,0.0,0.10000000149011612,0.1642194390296936,1.0,45000.0,20.0,29.3642635345459,778800.8125,33.508235931396484,4589.1142578125,721.2213134765625,0.7788007855415344,0.9182000160217285,9.475906372070312,1.0,3221808.0,3304317.0,9.718579292297363,20.0,0.2721875309944153,27.218753814697266,0.0,636.4223022460938,411.3189392089844,100000.0,50000.0,1115.300048828125,50000.0,700.0,2000.0,2800000.0,3500000.0,4000000.0,9.999999747378752e-05,4.999999873689376e-05,500.0,20000.0,100.0,500.0,60000.0,1200.0,1.0,120.0,150000.0,3000.0,300.0,1.0,300.0,0.019999999552965164,0.019999999552965164,0.009999999776482582,0.009999999776482582,0.009999999776482582,0.019999999552965164,1.100000023841858,0.019999999552965164,4.0,0.019999999552965164,88.0,1613.0,0.009999999776482582,0.20000000298023224,3.0,5.0,600.0,0.0010000000474974513,88.0,88.0,2000.0,2340.0,-0.11599799990653992,-0.03561130166053772,-0.04758000001311302,-0.01752999983727932,0,0,0,0,0,1,0,523.062744140625,523.062744140625,2.10064697265625,2.10064697265625,0.017062146216630936,31.428516387939453,164.21864318847656,1603.009033203125,1050.17333984375,798.2984619140625,798.2984619140625,3.2060546875,3.2060546875,1601.4764404296875,548.3843994140625,0.0,0.0,2666921.5,20.00048065185547,20.00048065185547,156.3776092529297,156.3776092529297,65723.390625,65723.390625,1.0953898429870605,1.0953898429870605,114.45246887207031,114.45246887207031,24.998987197875977,24.998987197875977,104598.2734375,104598.2734375,25.00893783569336,155.5399932861328,158.5172119140625,2645284.0,20.00048065185547,20.00048065185547,227.0956268310547,227.0956268310547,155.95960998535156,155.95960998535156,652550.6875,652550.6875,0.0,114.46781158447266,114.46781158447266,228.9526824951172,160210.921875,160210.921875,1.06807279586792,1.06807279586792,226.32888793945312,155.95960998535156,278.4012756347656,139.2006378173828,139.2006378173828,204.2183837890625,204.2183837890625,408.436767578125,0.0,0.0,0.0,139.18194580078125,139.18194580078125,204.2183837890625,204.2183837890625,0.026315800845623016,13.064837455749512,0.20000000298023224,0.8581380248069763,0.9113324284553528,0.8654456734657288,0.5101345777511597,0.4278832972049713,0.515387773513794,0.9599996209144592,1.0,1.0,1.0,0.9999998211860657,0.9999998211860657,0.9999998211860657,190863.875,193242.0625,0.0,0.0,0.0,0.0,0.0,0.0,0.0,296.3810119628906,297.7510070800781,0.0,188467.671875,188467.671875,0.0,0.0,0.0,0.0,0.8745899200439453,0.8745899200439453,0.8745899200439453,0.8601830005645752,1199049.75,0.9959999918937683,0.9959999918937683,0.9959999918937683,0.9959999918937683,5803329.5,2732744.75,7419943.5,8536073.0,2606300.0,4017521.75,0.003900237614288926,0.0078104762360453606,1050.3267822265625,529.3623046875,538.2509155273438,538.7019653320312,331.9996032714844,366.2781677246094,337.63470458984375,197.36270141601562,171.97274780273438,201.0672607421875,1603.026123046875,1050.3385009765625,350.2989807128906,350.2989807128906,350.2989807128906,527.830078125,527.830078125,527.830078125,3.0001282691955566,0.8672769665718079,0.8639625906944275,3.0001308917999268,5.0,0.0040000081062316895,0.0040000081062316895,0.0040000081062316895,0.0040000081062316895,0.0,-0.4368000030517578,0.0,600025.625,164.21864318847656,164.21864318847656,0.0,20.0,2783832.0,7.25,12.0,10.25,225.3068389892578,225.3068389892578,225.3068389892578,0.0,0.0,0.7926306128501892,0.9211652278900146,10000.0,10000.0,0.011826000176370144,1038.5,0.027953999117016792,0.0,0.0,1.0878000259399414,1.0809999704360962,9.000000136438757e-05,103.0,33.220001220703125,1.8179999589920044,0.029999999329447746,49.0,8.329999923706055,4.159999847412109,58.0,302.0,4.5,0.699999988079071,0.4000000059604645,7.5,1.3799999952316284,2.492000102996826,7000.0,48.88999938964844,1.2000000476837158,45.0,62000.0,4590000.0,4250000.0,15900000.0,15100000.0,0.05000000074505806,0.17000000178813934,0.009999999776482582,15220000.0,1.6699999570846558,312.7799987792969,1.1100000143051147,4232.0,0.25,689000.0,4030000.0,9.829999923706055,8.550000190734863,12200000.0,231.10000610351562,88.3239974975586,633.0,1.1430000066757202,0.6858000159263611,-10.0,-3.7799999713897705,0.7799999713897705,295.5,4030000.0,12400000.0,0.9200000166893005,5.0,0,0,0,228,160,0,0,1,0,0,0,0,0,1,0,0,0,1,1,1,0,1,0,0,1,0,0,1,1,1,0,0,0,0,0,0,0,0,0,0,0,0,1,1,0.9649732708930969,6357647.5,1.0870113372802734,1.0125652551651,1.0379953384399414,309.149169921875,34.66501998901367,0.0007270271889865398,1,1,1,0,0,0,1,1,0,0,0,0,0,169,0.20000000298023224,0.20000000298023224,0.20000000298023224,0.0,2,0,0,0,0,0,0,0,0,0,0,0,0,0,0,0,0,0,0,0,0,0,0,0,0,0,0,0,0,0,0,0,0,0,0,0,0,0,0,0,0,0,0,0,0,0,0,0,0,0,0,1,0,0,0,0,0,0,0,0,0,0,0,0,0,0,0,0,0,0,0,0,0,0,0,0,0,0,0,0,0,0,0,0,0,0,0,0,0,0,0,0,0,0,0,0,0,0,0,0,0,0,0,0,0,0,0,0,0,0,0,0,0,0,0,0,0,0,0,0,0,0,0,0,0,0,0,0,0,0,0,0,0,0,0,0,0,0,0,0,0,0,0,1,0,0,0,0,0,0,0,0,0,0,0,-1,0,0,0,0,0,0,1,1,0,0,96.49732971191406,-3.3661205768585205,0.0,-0.5278874039649963,-1.6815581571897805e-44,309.31060791015625,309.149169921875,735.5855712890625,1.365851130685769e-05,99.29386138916016,2663.780029296875,1.0870113372802734,1.0379953384399414,-1.0,0.16143798828125,6.827850029367255e-06,0.002632098738104105,100.0,27.0,0.0,7.799991607666016,2.9000420570373535,1.0,1.0,35.15686798095703,0.2528608739376068,20.0,3.4092543046426727e-06,0.0,74.06429290771484,1.73323655128479,1.8179994821548462,0.00036938843550160527,0.6817498207092285,0.5431910753250122,29.08791732788086,8.919809341430664,20.050609588623047,15.150266647338867,0.5296242237091064,52.49668502807617,44.898040771484375,278.8743896484375,146.18731689453125,0.9703577756881714,326.22515869140625,40.007659912109375,0.29459047317504883,291.85772705078125,291.8560791015625,291.735595703125,326.4068603515625,326.63140869140625,326.4072265625,99.99996185302734,4.076516628265381,57.64731216430664,152.30328369140625,309.1322937011719,309.2437438964844,309.0714111328125,340.2581787109375,53.57079315185547,36.8905143737793,152.30328369140625,0.0,1.0091801881790161,1.0157873630523682,1.0127583742141724,88.869384765625,88.87503814697266,88.92780303955078,64.87833404541016,64.87661743164062,64.87407684326172,50.359214782714844,50.37306594848633,50.42740249633789,100.36492156982422,100.22212219238281,100.03955078125,1939.3270263671875,1937.7032470703125,1905.7042236328125,528.188720703125,528.9066772460938,526.179931640625,29.0,0.0,48.0,0.515387773513794,0.692356526851654,0.4278832972049713,0.7290659546852112,0.5101345777511597,0.686510443687439,41.0,78.36749267578125,64.34732818603516,226.32888793945312,98.57469940185547,9.999999974752427e-07,87.10294342041016,0.631084680557251,155.5399932861328,0.9957272410392761,721.2213134765625,39.84944152832031,31.428516387939453,1.0,9.475906372070312,77.88008117675781,0.0,0.9718579053878784,20.0,0.0,60.0,120.0,22.0,120.0,3.497896909713745,0.0,0.0,992.3038330078125,18.0882625579834,89.19808959960938,2.0,200.0,0,0,228,228,228,228,200,228,228,228,160,0,99999,99999,14,402,1800,180,1800,998,20,992,96,23,0,0,0,806,1424,29,31,32,0,0,0,0,0,0,0,0,0,0,0,0,0,0,1,0,0,0,0,1,1,1,0,1,0,0,0,1,0,0,0,0,0,0,0,0,0,0,0,0,1,0,1,0,0,1,1,0,1,0,1,0,1,0,0,0,1,1,0,1,0,1,0,0,0,1,1,1,0,0,1,0,1,0,0,0,0,1,1,0,0,1,0,0,0,1,0,0,0,0,0,0,1,0,0,0,1,1,0,0,1,0,1,0,1,0,1,0,0,0,1,0,1,1,1,0,0,1,0,0,0,0,0,1,1,1,0,0,0,0,0,0,0,0,0,0,0,1,0,1,0,1,0,0,0,0,0,0,0,0,0,1,0,1,0,1,0,1,1,1,1,1,1,1,0,0,0,0,0,0,1,0,1,1,1,1,1,1,1,1,1,1,1,1,0,0,1,1,0,0,1,1,0,1,0,1,0,1,1,0,0,0,1,0,0,0,0,1,0,0,0,1,0,1,1,0,0,1,0,0,1,1,0,1,1,1,0,1,1,0,1,0,1,1,0,0,0,0,0,0,1,1,1,1,0,0,0,0,0,0,0,0,0,0,0,0,0,0,0,0,0,0,0,0,0,0,0,0,0,0,0,0,0,0,0,0,0,0,0,0,0,0,0,0,0,0,0,0,0,0,0,0,0,0,0,0,0,0,0,0,0,0,0,0,0,0,0,1,0,0,0,1,0,0,0,0,0,0,0,0,0,0,0,0,0,0,0,0,0,0,0,0,0,0,0,0,0,0,0,0,0,0,0,0,0,0,0,0,0,0,0,0,0,0,0,0,0,0,0,0,0,0,0,0,0,0,0,0,0,0,0,0,0,0,0,0,0,0,0,0,0,0,0,0,0,0,0,0,0,0,0,1,0,1,0,0,0,0,0,1,0,0,0,0,0,0,0,0,0,0,0,0,0,0,0,1,0,0,0,0,0,0,0,0,0,0,0,0,0,0,1,0,0,0,0,0,0,0,0,0,0,1,0,0,0,0,0,0,0,0,0,0,0,0,0,0,0,0,0,0,0,0,0,0,0,0,0,0,0,1,0,0,0,0,0,0,1,1,1,0,0,0,0,0,0,-1,0,0,0,0,0,0,0,0,-1,0,0,-1,0,0,0,0,0,0,0,0,0,0,0,0,0,0,0,0,0,0,1,0,0,0,0,0,0,0,0,0,0,0,0,0,0,0,0,1,1,0,-1,-1,-1,1,1,1,0,0,0,0,1,0,0,1,1,0,0,0,0,1,0,0,0,0,0,0,0,0,0,0,0,0,0,0,0,0,0,0,0,0,0,0,0,0,0,0,0,0,0,1,1,0,1,0,1,1,0,1,0,1,1,0,1,0,0,1,0,0,0,0,0,0,0,0,0,0,0,0,0,0,0,0,0,0,0,0,0,0,0,0,0,0
0,1,1,300,228,8,8,228,114,25,1,0,0.0020000000949949026,4000.0,1.0,0.04500000178813934,25.0,48.0,8.0,291.70001220703125,1.7000000476837158,-3.179999907843012e-07,0.007360000163316727,0.008080000057816505,8.0,0.33000001311302185,0.0333000011742115,1.0,9.999999747378752e-06,21.0,9.999999747378752e-06,2775000064.0,9.000000136438757e-05,4.999999980020986e-13,5.0,40.0,3.0,-3.3499999046325684,3.3499999046325684,0.5,0.0004799999878741801,292.3927001953125,492.6077880859375,-0.0036125299520790577,0.002354159951210022,0.0008944629807956517,0.013157900422811508,0.800646185874939,0.02024419978260994,2650129920.0,0.006539999973028898,228,228,228,228,228,228,228,228,228,228,228,228,228,228,228,228,228,228,228,228,228,228,228,228,200,200,200,200,228,228,228,228,228,228,228,228,228,228,228,228,228,228,228,228,228,228,228,228,228,228,228,228,0,1,4,4,228,228,228,200,228,228,228,228,3,0,0.0004018110048491508,292.40509033203125,661.1844482421875,747.1716918945312,837.5863037109375,924.83837890625,1059.49560546875,1094.523193359375,1107.983154296875,1094.518798828125,1057.8905029296875,1001.158935546875,921.9166259765625,835.0537109375,748.2652587890625,669.245849609375,592.7923583984375,530.9794311523438,484.46417236328125,452.8253479003906,433.4294738769531,425.1259460449219,425.1453552246094,430.04376220703125,436.3771057128906,440.70147705078125,-0.0025651822797954082,0.7569050788879395,0.7719831466674805,3.4086991945514455e-05,0.7554378509521484,0.9915112257003784,115893.3359375,3.5780049074674025e-05,0.3265268802642822,0.7715526223182678,0.9695243835449219,0.9680204391479492,0.02282995916903019,1.0,-1.6815581571897805e-44,-3.3641154766082764,0.0,99.29385375976562,2663.78173828125,0.9435352087020874,736.2720336914062,228.0,25.630672454833984,1.4293980598449707,0.20000000298023224,0.0,309.305908203125,280607.59375,-0.5292982459068298,6.452715873718262,130.28829956054688,1.2107683420181274,7750000.0,8160000.0,86.12000274658203,119.0999984741211,0.5,9.999999747378752e-05,0.0,3.299999952316284,200.0,0.30000001192092896,309.20001220703125,2.439019908706541e-06,0,0,0,1,1,1,0,24,0,309.0599670410156,0.0,0.0,0.0,0.0,0.0,0.0,0.5111385583877563,0.873263955116272,0.5186762809753418,-0.0037688612937927246,-0.0003213161835446954,-0.0002471554034855217,0.5037688612937927,0.5031569600105286,0.5029903054237366,1.0,25.0,24.0,6361540.5,6361757.5,6361912.5,291.71954345703125,291.81884765625,291.819091796875,326.26275634765625,326.47711181640625,326.26251220703125,4400000.0,308.99114990234375,309.1479797363281,309.0408020019531,34.543212890625,34.65826416015625,34.44342041015625,326.06976318359375,4601.32275390625,4606.5224609375,4614.58935546875,12.784085273742676,12.776321411132812,12.775365829467773,13.835174560546875,0.0,0.0,0.0020000000949949026,291.78582763671875,326.3341369628906,-59.208065032958984,1.6367512941360474,1.6347118616104126,1.634144902229309,-7.64371395111084,39.0,40.0,42.0,41.0,0.0,0.0,6362639.5,6311068.5,83.78235626220703,5.0,0.014999999664723873,-180000.0,600.0,1000000.0,400000.0,0.17000000178813934,22000.0,786000.0,120000.0,0.0,40.0,30.0,36.810001373291016,0.5,18.399999618530273,50000.0,115692.3984375,15.113750457763672,0,0,1,0,0,0,0,14859785.0,0.0,0.0,0.0,0.0,0.0,-525254.0,399999.96875,1000000.0,0.9999999403953552,1400000.0,0.0,0.5334685444831848,14874746.0,126869.6328125,14859785.0,340.25946044921875,40.007659912109375,5.327875137329102,-525254.0,0.0,0.0,0.0,3.674327850341797,40.007659912109375,0.0,22230.939453125,1.2010046243667603,0.0,0.0,0.0,20.0,14.711517333984375,22.0,0.0,0.0,0.0,0.05000000074505806,0.02500000037252903,0.17000000178813934,15400000.0,0.5,6.25,0.0006667000125162303,2.0,2410000.0,4140000.0,4.734799861907959,0.15000000596046448,0.20000000298023224,0.2199999988079071,1.0,0.0,-1.0,0.0,5.0,20.0,30.0,50.0,74.0,80.0,86.0,9.800000190734863,500000.0,1.0499999802959792e-07,0.5,750.0,1000.0,600.0,1000.0,1150.0,32.0,32.0,37.400001525878906,10.0,10.0,0.007000000216066837,0.5049999952316284,82.0,189.26499938964844,0.0,1.5099999904632568,231.60000610351562,20.0,36.0,16.600000381469727,16.5,225.0,-0.1756729930639267,27.5,-0.1756729930639267,30.485509872436523,0.1561516970396042,11.10221004486084,-1.8332500457763672,-75.0,4.3520002365112305,9.800000190734863,189.26499938964844,93.30000305175781,2650000.0,0.8500000238418579,7.570000171661377,0,1,0,0,0,0,0,0,0,0,0,1,3,3,0,0,1,1,0,0,0,0,0,0,0,0,0,0,1,0,0,0,0,0,0,0,0,0,0,1,0,0,0,0,0,0,0,0,0,0,12.059004783630371,29060.7421875,2153.699951171875,0.00041496314224787056,0.0004361289902590215,0.0006248649442568421,1.0,1.0,0.0,0.0,0.0,0.5307968854904175,0.5220560431480408,1.0,0.0,0.0,0.0,1.0,0.0,0.0,1.0,1.0,0.0,1.0,1.0,0.009442746639251709,0.0,1.0,0.0,0.6460157632827759,0.6473183035850525,0.00041496314224787056,0.0,0.0,0.0,99998.78125,99999.0,2848929.5,2410000.0,36.20000076293945,36.20000076293945,36.20000076293945,32.28251647949219,278.498291015625,145.76730346679688,52.3015251159668,26.108116149902344,39.01771545410156,27.0,28.907573699951172,27.0,0.0,32.0,20.0,68.57752227783203,3446668.0,0.5431910753250122,3.7799999713897705,4.220055103302002,8.919809341430664,0.0,0.0,0.0,1.401298464324817e-45,5.5571184158325195,5.5571184158325195,0.5049998760223389,0.5049998760223389,0.5049998760223389,0.18937495350837708,0.18937495350837708,0.18937495350837708,0.0,0.0,0.0,0.0,0.0,0.0,5.294999599456787,0.0,0.0,0.0,0.0,0.0,0.0,100.0,74.06619262695312,0.5750916004180908,0.0,20.0,0.0,5.50464391708374,5.159170627593994,0.0,0.0,0.0,0.007000000216066837,0.0,0.0,9.511178970336914,0.0,1.733255386352539,1.401298464324817e-45,5.166929721832275,0.0,0.0,0.0,0.0,0.0,0.0,20.0,0.0,0.0,14558797.0,0.0,0.0,0.0,0.0,0.0,0.0,0.0,0.351500004529953,18.93000030517578,23.030000686645508,7.69199959904654e-06,0.08500000089406967,0.009999999776482582,24.0,27.0,8.800000190734863,500000.0,0.05000000074505806,2.7000000013543968e-09,2.7000000013543968e-09,145100.0,120000.0,14650000.0,86400.0,17.0,34.5,48.70000076293945,321.8999938964844,83170.0,0.0,1.0,1.0,0.0010000000474974513,725.0,0.0,0.5,0.0,0.0,57.31999969482422,837142.875,9359.77734375,117376.1015625,2623.89794921875,83026.390625,725.0,1.0204100362898316e-05,740000000.0,1,0,1,0,1,0,1,0,0,0,0,8.799991607666016,27.0,392.6341247558594,0.0,0.0,0.0,0.0,0.15736256539821625,0.0002764069358818233,0.0,0.0030201415065675974,35.22744369506836,1.0,24797.09375,893.2772216796875,3.913344244210748e-06,2777726464.0,4317575168.0,2931666176.0,4246464768.0,-84.25580596923828,25.3497314453125,-174703488.0,71110696.0,5.166929721832275,1550.4986572265625,89.42273712158203,1525.14892578125,106381.3984375,3328.59521484375,143765.34375,147955.265625,122797.09375,4.599999904632568,35.22744369506836,35.22744369506836,1.0,3.913344244210748e-06,893.2772216796875,257148469248.0,0.19636906683444977,137600.0,137600.0,109029168.0,83.8693618774414,5416.92529296875,1.0,0.0,1700.0,250000.0,10000.0,1038.0,0.004999999888241291,400.0,5000.0,0,0,0,0,2963331.75,64.7174301147461,64.7174301147461,1229096.375,2784226.0,1.0,1.0,1234713.125,228.89697265625,6309955.0,1.0,0.9956902265548706,1.0,1.0,1040.9766845703125,277.93780517578125,189.5434112548828,128.65093994140625,6205023.5,808960.875,189.5434112548828,1.0,1.0,1.0,136.95602416992188,1574.874267578125,799.0121459960938,0.0,0.0,0.0,7680000.0,523.6483764648438,525.9072265625,527.4968872070312,0.0,2784226.0,0.0,129.4348602294922,0.0,0.0,278.8364562988281,1.0,0.0,-7.5742998123168945,0.0,5.605193857299268e-45,9.999999974752427e-07,0.0,2.0,0.0003000000142492354,0.004999999888241291,0.0010000000474974513,2.0000000233721948e-07,2.0000000233721948e-07,0.0005555999814532697,993000000.0,1.0,0.05000000074505806,0.10000000149011612,0.0005000000237487257,0.0016700000269338489,0.009999999776482582,1.0,1.0,0.0010000000474974513,4.999999873689376e-05,0.00039999998989515007,0.019999999552965164,0.9891999959945679,0.9891999959945679,0.9950000047683716,0.9950000047683716,1,0,0,0,0,1,0,0,1,0,1,1,0,0,0.9989885091781616,991995584.0,63395.65234375,4867939.0,1167.9049072265625,2546516.25,1446.231689453125,1.0,2328507.0,0.9695695042610168,1.0,60.0,180.0,1800.0,1800.0,1.0047005414962769,0.019808992743492126,1.0,1.0,-0.012236599810421467,0.0,0.0,0.0,0.0,-0.00011986494064331055,-0.0004433333524502814,0.0,0.0,-0.0004433333524502814,0.0,-0.0004433333524502814,-0.0004433333524502814,0.0,7.006492321624085e-44,1,1,0,1,1,1,0,1,1,0,1,0,1,1,1,1,1,1,1,1,0,1000,1000,0,1,5001,5001,220.0,3496.965576171875,120.0,120.0,60.0,0.0,0.4000000059604645,0.10000000149011612,0.10000000149011612,2.0,500.0,200.0,0.9900000095367432,300000.0,5000.0,45000.0,20000.0,0.019999999552965164,2.0,0.05000000074505806,0.019999999552965164,6.0,0.05000000074505806,0.019999999552965164,0.019999999552965164,88.30000305175781,0.10000000149011612,0.800000011920929,0.05000000074505806,0.009999999776482582,50.0,50.0,340.0,340.0,1000000.0,1,1,1,1,1,1,1,1,1,1,0,0,0,1,1,0,1.0,0.0,0.0,0.0,0.013529437594115734,0.0,0.0,0.0,0.9181248545646667,0.9181248545646667,0.9181248545646667,5000.40576171875,3900252.25,3905252.75,50.0,27.618362426757812,0.4000000059604645,0.0,0.0,0.10000000149011612,0.16432175040245056,1.0,45000.0,20.0,29.362733840942383,778804.75,33.50544357299805,4589.1142578125,721.2213134765625,0.7788047790527344,0.9181996583938599,9.475866317749023,1.0,3221794.5,3304317.0,9.718579292297363,20.0,0.2722329795360565,27.223297119140625,0.0,636.4223022460938,411.31787109375,100000.0,50000.0,1115.300048828125,50000.0,700.0,2000.0,2800000.0,3500000.0,4000000.0,9.999999747378752e-05,4.999999873689376e-05,500.0,20000.0,100.0,500.0,60000.0,1200.0,1.0,120.0,150000.0,3000.0,300.0,1.0,300.0,0.019999999552965164,0.019999999552965164,0.009999999776482582,0.009999999776482582,0.009999999776482582,0.019999999552965164,1.100000023841858,0.019999999552965164,4.0,0.019999999552965164,88.0,1613.0,0.009999999776482582,0.20000000298023224,3.0,5.0,600.0,0.0010000000474974513,88.0,88.0,2000.0,2340.0,-0.11599799990653992,-0.03561130166053772,-0.04758000001311302,-0.01752999983727932,0,0,0,0,0,1,0,523.0907592773438,523.0907592773438,2.10076904296875,2.10076904296875,0.017059290781617165,31.428516387939453,164.21859741210938,1603.203125,1050.220458984375,798.3951416015625,798.3951416015625,3.2064208984375,3.2064208984375,1601.92822265625,548.4608764648438,0.0,0.0,2666998.5,20.00048065185547,20.00048065185547,156.37664794921875,156.37664794921875,65723.390625,65723.390625,1.0953898429870605,1.0953898429870605,114.448486328125,114.448486328125,24.998987197875977,24.998987197875977,104598.2734375,104598.2734375,25.008935928344727,155.53981018066406,158.51724243164062,2645082.0,20.00048065185547,20.00048065185547,227.0861053466797,227.0861053466797,155.95980834960938,155.95980834960938,652551.5,652551.5,0.0,114.46781158447266,114.46781158447266,228.9526824951172,160210.734375,160210.734375,1.0680716037750244,1.0680716037750244,226.32546997070312,155.95980834960938,278.28997802734375,139.14498901367188,139.14498901367188,204.21481323242188,204.21481323242188,408.42962646484375,0.0,0.0,0.0,139.12664794921875,139.12664794921875,204.21481323242188,204.21481323242188,0.026315800845623016,13.064811706542969,0.20000000298023224,0.8597530722618103,0.9131311178207397,0.8673263788223267,0.5111385583877563,0.4290253520011902,0.5165863633155823,0.9599996209144592,1.0,1.0,1.0,0.9999998211860657,0.9999998211860657,0.9999998211860657,190863.484375,193242.0625,0.0,0.0,0.0,0.0,0.0,0.0,0.0,296.3810119628906,297.7510070800781,0.0,188608.578125,188608.578125,0.0,0.0,0.0,0.0,0.8744392991065979,0.8744392991065979,0.8744392991065979,0.8595979809761047,1198956.375,0.9959999918937683,0.9959999918937683,0.9959999918937683,0.9959999918937683,5801892.5,2732761.0,7419421.0,8534646.0,2606300.0,4017524.5,0.0039002520497888327,0.007810505107045174,1050.383056640625,529.1719360351562,538.2825927734375,538.8621826171875,331.86956787109375,366.21856689453125,337.7159118652344,197.3023681640625,172.06402587890625,201.14627075195312,1603.22021484375,1050.394775390625,350.29656982421875,350.29656982421875,350.29656982421875,527.5698852539062,527.5698852539062,527.5698852539062,3.0001189708709717,0.8665467500686646,0.8640377521514893,3.000122308731079,5.0,0.0040000081062316895,0.0040000081062316895,0.0040000081062316895,0.0040000081062316895,0.0,-0.4368000030517578,0.0,600023.8125,164.21859741210938,164.21859741210938,0.0,20.0,2783667.0,7.25,12.0,10.25,225.30645751953125,225.30645751953125,225.30645751953125,0.0,0.0,0.7926306128501892,0.9211652278900146,10000.0,10000.0,0.011826000176370144,1038.5,0.027953999117016792,0.0,0.0,1.0878000259399414,1.0809999704360962,9.000000136438757e-05,103.0,33.220001220703125,1.8179999589920044,0.029999999329447746,49.0,8.329999923706055,4.159999847412109,58.0,302.0,4.5,0.699999988079071,0.4000000059604645,7.5,1.3799999952316284,2.492000102996826,7000.0,48.88999938964844,1.2000000476837158,45.0,62000.0,4590000.0,4250000.0,15900000.0,15100000.0,0.05000000074505806,0.17000000178813934,0.009999999776482582,15220000.0,1.6699999570846558,312.7799987792969,1.1100000143051147,4232.0,0.25,689000.0,4030000.0,9.829999923706055,8.550000190734863,12200000.0,231.10000610351562,88.3239974975586,633.0,1.1430000066757202,0.6858000159263611,-10.0,-3.7799999713897705,0.7799999713897705,295.5,4030000.0,12400000.0,0.9200000166893005,5.0,0,0,0,228,160,0,0,1,0,0,0,0,0,1,0,0,0,1,1,1,0,1,0,0,1,0,0,1,1,1,0,0,0,0,0,0,0,0,0,0,0,0,1,1,0.9695243835449219,6361540.5,1.087225079536438,1.0100890398025513,1.0349425077438354,309.08154296875,34.58024978637695,0.004072532523423433,1,1,1,0,0,0,1,1,0,0,0,0,0,172,0.20000000298023224,0.20000000298023224,0.20000000298023224,0.0,2,0,0,0,0,0,0,0,0,0,0,0,0,0,0,0,0,0,0,0,0,0,0,0,0,0,0,0,0,0,0,0,0,0,0,0,0,0,0,0,0,0,0,0,0,0,0,0,0,0,0,1,0,0,0,0,0,0,0,0,0,0,0,0,0,0,0,0,0,0,0,0,0,0,0,0,0,0,0,0,0,0,0,0,0,0,0,0,0,0,0,0,0,0,0,0,0,0,0,0,0,0,0,0,0,0,0,0,0,0,0,0,0,0,0,0,0,0,0,0,0,0,0,0,0,0,0,0,0,0,0,0,0,0,0,0,0,0,0,0,0,0,0,1,0,0,0,0,0,0,0,0,0,0,0,-1,0,0,0,0,0,0,1,1,0,0,96.95243835449219,-3.3641154766082764,0.0,-0.5292982459068298,-1.6815581571897805e-44,309.305908203125,309.08154296875,736.2720336914062,3.4086991945514455e-05,99.29385375976562,2663.78173828125,1.087225079536438,1.0349425077438354,-1.0,0.224365234375,6.827850029367255e-06,0.0030201415065675974,100.0,27.0,0.0,7.799991607666016,2.95098614692688,1.0,1.0,35.22744369506836,0.25303202867507935,20.0,3.913344244210748e-06,0.0,74.06619262695312,1.733255386352539,1.8179994821548462,0.00036938843550160527,0.6817498207092285,0.5431910753250122,29.070762634277344,8.919809341430664,20.005626678466797,15.192197799682617,0.5307968854904175,52.3015251159668,44.898040771484375,278.498291015625,145.76730346679688,0.9703608751296997,326.1049499511719,40.007659912109375,0.29459047317504883,291.82647705078125,291.8258056640625,291.721435546875,326.2987976074219,326.5175476074219,326.2991638183594,99.99999237060547,4.16230583190918,57.509159088134766,151.7834014892578,309.0626220703125,309.17169189453125,309.01031494140625,340.2591552734375,53.34685516357422,36.77761459350586,151.7834014892578,0.0,1.0069364309310913,1.013345718383789,1.0100153684616089,88.8464126586914,88.85286712646484,88.90682220458984,64.91759490966797,64.916015625,64.9137954711914,50.29903030395508,50.315696716308594,50.37688446044922,100.33389282226562,100.167724609375,100.03897857666016,1939.90380859375,1937.8172607421875,1905.0189208984375,527.6713256835938,528.5350341796875,526.1817016601562,29.0,0.0,48.0,0.5165863633155823,0.6938611268997192,0.4290253520011902,0.7305049300193787,0.5111385583877563,0.6878024935722351,41.0,78.36749267578125,64.38741302490234,226.32546997070312,98.5528335571289,9.999999974752427e-07,87.08838653564453,0.6302201747894287,155.53981018066406,0.9956902265548706,721.2213134765625,39.84959030151367,31.428516387939453,1.0,9.475866317749023,77.88047790527344,0.0,0.9718579053878784,20.0,0.0,60.0,120.0,22.0,120.0,3.4969656467437744,0.0,0.0,991.99560546875,18.0882625579834,89.19808959960938,2.0,200.0,0,0,228,228,228,228,200,228,228,228,160,0,99999,99999,13,402,1800,180,1800,998,20,991,96,23,0,0,0,806,1424,29,31,32,0,0,0,0,0,0,0,0,0,0,0,0,0,0,1,0,0,0,0,1,1,1,0,1,0,0,0,1,0,0,0,0,0,0,0,0,0,0,0,0,1,0,1,0,0,1,1,0,1,0,1,0,1,0,0,0,1,1,0,1,0,1,0,0,0,1,1,1,0,0,1,0,1,0,0,0,0,1,1,0,0,1,0,0,0,1,0,0,0,0,0,0,1,0,0,0,1,1,0,0,1,0,1,0,1,0,1,0,0,0,1,0,1,1,1,0,0,1,0,0,0,0,0,1,1,1,0,0,0,0,0,0,0,0,0,0,0,1,0,1,0,1,0,0,0,0,0,0,0,0,0,1,0,1,0,1,0,1,1,1,1,1,1,1,0,0,0,0,0,0,1,0,1,1,1,1,1,1,1,1,1,1,1,1,0,0,1,1,0,0,1,1,0,1,0,1,0,1,1,0,0,0,1,0,0,0,0,1,0,0,0,1,0,1,1,0,0,1,0,0,1,1,0,1,1,1,0,1,1,0,1,0,1,1,0,0,0,0,0,0,1,1,1,1,0,0,0,0,0,0,0,0,0,0,0,0,0,0,0,0,0,0,0,0,0,0,0,0,0,0,0,0,0,0,0,0,0,0,0,0,0,0,0,0,0,0,0,0,0,0,0,0,0,0,0,0,0,0,0,0,0,0,0,0,0,0,0,1,0,0,0,1,0,0,0,0,0,0,0,0,0,0,0,0,0,0,1,0,0,0,0,0,0,0,0,0,0,0,0,0,0,0,0,0,0,0,0,0,0,0,0,0,0,0,0,0,0,0,0,0,0,0,0,0,0,0,0,0,0,0,0,0,0,0,0,0,0,0,0,0,0,0,0,0,0,0,0,0,0,0,0,1,0,1,0,0,0,0,0,1,0,0,0,0,0,0,0,0,0,0,0,0,0,0,0,1,0,0,0,0,0,0,0,0,0,0,0,0,0,0,1,0,0,0,0,0,0,0,0,0,0,1,0,0,0,0,0,0,0,0,0,0,0,0,0,0,0,0,0,0,0,0,0,0,0,0,0,0,0,1,0,0,0,0,0,0,1,1,1,0,0,0,0,0,0,-1,0,0,0,0,0,0,0,0,-1,0,0,-1,0,0,0,0,0,0,0,0,0,0,0,0,0,0,0,0,0,0,1,0,0,0,0,0,0,0,0,0,0,0,0,0,0,0,0,1,1,0,-1,-1,-1,1,1,1,0,0,0,0,1,0,0,1,1,0,0,0,0,1,0,0,0,0,0,0,0,0,0,0,0,0,0,0,0,0,0,0,0,0,0,0,0,0,0,0,0,0,0,1,1,0,1,0,1,1,0,1,0,1,1,0,1,0,0,1,0,0,0,0,0,0,0,0,0,0,0,0,0,0,0,0,0,0,0,0,0,0,0,0,0,0
0,1,1,300,228,8,8,228,114,25,1,0,0.0020000000949949026,4000.0,1.0,0.04500000178813934,25.0,48.0,8.0,291.70001220703125,1.7000000476837158,-3.179999907843012e-07,0.007360000163316727,0.008080000057816505,8.0,0.33000001311302185,0.0333000011742115,1.0,9.999999747378752e-06,21.0,9.999999747378752e-06,2775000064.0,9.000000136438757e-05,4.999999980020986e-13,5.0,40.0,3.0,-3.3499999046325684,3.3499999046325684,0.5,0.0004799999878741801,292.3927001953125,492.6077880859375,-0.0036125299520790577,0.002354159951210022,0.0008944629807956517,0.013157900422811508,0.800646185874939,0.02024419978260994,2650129920.0,0.006539999973028898,228,228,228,228,228,228,228,228,228,228,228,228,228,228,228,228,228,228,228,228,228,228,228,228,200,200,200,200,228,228,228,228,228,228,228,228,228,228,228,228,228,228,228,228,228,228,228,228,228,228,228,228,0,1,4,4,228,228,228,200,228,228,228,228,3,0,0.00040181181975640357,292.3749084472656,662.760009765625,748.83740234375,839.3545532226562,926.7005615234375,1061.4342041015625,1096.39599609375,1109.69287109375,1096.0155029296875,1059.154296875,1002.19873046875,922.7484130859375,835.7105712890625,748.7750244140625,669.6315307617188,593.0553588867188,531.1367797851562,484.535888671875,452.8325500488281,433.390869140625,425.0590515136719,425.0633239746094,429.9542541503906,436.2824401855469,440.5984802246094,-0.0027247858233749866,0.7591111660003662,0.7719831466674805,2.517280518077314e-05,0.7554384469985962,0.9913710355758667,116568.46875,3.6063065635971725e-05,0.32640108466148376,0.7738655805587769,0.973351776599884,0.9722211360931396,0.022752562537789345,1.0,-1.6815581571897805e-44,-3.3622348308563232,0.0,99.2938232421875,2663.78271484375,0.9435359239578247,737.1292724609375,228.0,42.16154479980469,1.7569992542266846,0.800000011920929,0.0,309.2987365722656,280608.15625,-0.5310630202293396,6.451892852783203,130.28829956054688,1.206807255744934,7750000.0,8160000.0,86.12000274658203,119.0999984741211,0.5,9.999999747378752e-05,0.0,3.299999952316284,200.0,0.30000001192092896,309.20001220703125,2.439019908706541e-06,0,0,0,1,1,1,0,24,0,309.00079345703125,0.0,0.0,0.0,0.0,0.0,0.0,0.5120136141777039,0.8732264041900635,0.5186707377433777,-0.003328561782836914,-0.00035567747545428574,-0.000275198690360412,0.5033285617828369,0.5026808381080627,0.5024926662445068,1.0,25.0,24.0,6364546.0,6364743.0,6364886.5,291.72076416015625,291.8057861328125,291.804443359375,326.15924072265625,326.35552978515625,326.1590576171875,4400000.0,308.94000244140625,309.0806579589844,308.98175048828125,34.4384765625,34.54974365234375,34.3546142578125,325.98052978515625,4603.0810546875,4603.0341796875,4615.80908203125,12.781648635864258,12.774009704589844,12.773003578186035,13.6766357421875,0.0,0.0,0.0020000000949949026,291.7770080566406,326.224609375,-49.26460647583008,1.6353837251663208,1.6332629919052124,1.632632851600647,-7.4023356437683105,39.0,40.0,42.0,41.0,0.0,0.0,6365362.5,6313833.0,83.50627899169922,5.0,0.014999999664723873,-180000.0,600.0,1000000.0,400000.0,0.17000000178813934,22000.0,786000.0,120000.0,0.0,40.0,30.0,36.810001373291016,0.5,18.399999618530273,50000.0,115692.3984375,15.113750457763672,0,0,1,0,0,0,0,14821367.0,0.0,0.0,0.0,0.0,0.0,-566888.0,400000.0,1000000.0,1.0,1400000.0,0.0,0.531536877155304,14833112.0,126869.6328125,14821367.0,340.26043701171875,40.007659912109375,5.309686660766602,-566888.0,0.0,0.0,0.0,3.6651577949523926,40.007659912109375,0.0,22230.939453125,1.2010046243667603,0.0,0.0,0.0,20.0,14.711517333984375,22.0,0.0,0.0,0.0,0.05000000074505806,0.02500000037252903,0.17000000178813934,15400000.0,0.5,6.25,0.0006667000125162303,2.0,2410000.0,4140000.0,4.734799861907959,0.15000000596046448,0.20000000298023224,0.2199999988079071,1.0,0.0,-1.0,0.0,5.0,20.0,30.0,50.0,74.0,80.0,86.0,9.800000190734863,500000.0,1.0499999802959792e-07,0.5,750.0,1000.0,600.0,1000.0,1150.0,32.0,32.0,37.400001525878906,10.0,10.0,0.007000000216066837,0.5049999952316284,82.0,189.26499938964844,0.0,1.5099999904632568,231.60000610351562,20.0,36.0,16.600000381469727,16.5,225.0,-0.1756729930639267,27.5,-0.1756729930639267,30.485509872436523,0.1561516970396042,11.10221004486084,-1.8332500457763672,-75.0,4.3520002365112305,9.800000190734863,189.26499938964844,93.30000305175781,2650000.0,0.8500000238418579,7.570000171661377,0,1,0,0,0,0,0,0,0,0,0,1,3,3,0,0,1,1,0,0,0,0,0,0,0,0,0,0,1,0,0,0,0,0,0,0,0,0,0,1,0,0,0,0,0,0,0,0,0,0,12.059043884277344,29060.94140625,2153.699951171875,0.00041496165795251727,0.0004361289902590215,0.0006248649442568421,1.0,1.0,0.0,0.0,0.0,0.5319467186927795,0.523065984249115,1.0,0.0,0.0,0.0,1.0,0.0,0.0,1.0,1.0,0.0,1.0,1.0,0.009592831134796143,0.0,1.0,0.0,0.6456522941589355,0.6472077369689941,0.00041496165795251727,0.0,0.0,0.0,99998.78125,99999.0,2847326.5,2410000.0,36.20000076293945,36.20000076293945,36.20000076293945,32.28697967529297,278.1014404296875,145.33010864257812,52.10331726074219,26.117198944091797,38.9619140625,27.0,28.888107299804688,27.0,0.0,32.0,20.0,68.57752227783203,3446668.0,0.5431910753250122,3.7799999713897705,4.231618881225586,8.919809341430664,0.0,0.0,0.0,1.401298464324817e-45,5.545919418334961,5.545919418334961,0.5049998760223389,0.5049998760223389,0.5049998760223389,0.18937495350837708,0.18937495350837708,0.18937495350837708,0.0,0.0,0.0,0.0,0.0,0.0,5.294999599456787,0.0,0.0,0.0,0.0,0.0,0.0,100.0,74.06796264648438,0.5738259553909302,0.0,20.0,0.0,5.49271821975708,5.17079496383667,0.0,0.0,0.0,0.007000000216066837,0.0,0.0,9.522775650024414,0.0,1.7332727909088135,1.401298464324817e-45,5.178493499755859,0.0,0.0,0.0,0.0,0.0,0.0,20.0,0.0,0.0,14520793.0,0.0,0.0,0.0,0.0,0.0,0.0,0.0,0.351500004529953,18.93000030517578,23.030000686645508,7.69199959904654e-06,0.08500000089406967,0.009999999776482582,24.0,27.0,8.800000190734863,500000.0,0.05000000074505806,2.7000000013543968e-09,2.7000000013543968e-09,145100.0,120000.0,14650000.0,86400.0,17.0,34.5,48.70000076293945,321.8999938964844,83170.0,0.0,1.0,1.0,0.0010000000474974513,725.0,0.0,0.5,0.0,0.0,57.31999969482422,837142.875,9359.77734375,117376.1015625,2623.89794921875,83026.390625,725.0,1.0204100362898316e-05,740000000.0,1,0,1,0,1,0,1,0,0,0,0,8.799991607666016,27.0,442.8955078125,0.0,0.0,0.0,0.0,0.17755813896656036,0.0002941581478808075,0.0,0.003406752133741975,35.29743576049805,1.0,24813.78125,991.5419311523438,4.415573584992671e-06,2778971392.0,4311092224.0,2924623360.0,4244732928.0,-83.9371566772461,26.0206298828125,-165490336.0,66358916.0,5.178493499755859,1550.663330078125,89.11564636230469,1524.6427001953125,106381.3984375,3340.75390625,143803.453125,148249.234375,122813.78125,5.1999993324279785,35.29743576049805,35.29743576049805,1.0,4.415573584992671e-06,991.5419311523438,285542023168.0,0.19643200933933258,137600.0,137600.0,108641728.0,83.57581329345703,5433.51123046875,1.0,0.0,1700.0,250000.0,10000.0,1038.0,0.004999999888241291,400.0,5000.0,0,0,0,0,2963401.25,64.71507263183594,64.71507263183594,1229251.875,2784016.25,1.0,1.0,1234436.25,228.88800048828125,6313002.0,1.0,0.9956542253494263,1.0,1.0,1040.5272216796875,277.96966552734375,189.5330047607422,128.656982421875,6208102.0,808913.3125,189.5330047607422,1.0,1.0,1.0,136.85079956054688,1574.349853515625,798.5712890625,0.0,0.0,0.0,7680000.0,523.4758911132812,525.5164184570312,526.9905395507812,0.0,2784016.25,0.0,129.43014526367188,0.0,0.0,278.8654479980469,1.0,0.0,-7.5742998123168945,0.0,5.605193857299268e-45,9.999999974752427e-07,0.0,2.0,0.0003000000142492354,0.004999999888241291,0.0010000000474974513,2.0000000233721948e-07,2.0000000233721948e-07,0.0005555999814532697,993000000.0,1.0,0.05000000074505806,0.10000000149011612,0.0005000000237487257,0.0016700000269338489,0.009999999776482582,1.0,1.0,0.0010000000474974513,4.999999873689376e-05,0.00039999998989515007,0.019999999552965164,0.9891999959945679,0.9891999959945679,0.9950000047683716,0.9950000047683716,1,0,0,0,0,1,0,0,1,0,1,1,0,0,0.9985448122024536,991555008.0,63374.1640625,4865781.5,1167.47509765625,2546344.75,1445.6917724609375,1.0,2328549.0,0.9682394862174988,1.0,60.0,180.0,1800.0,1800.0,1.0047005414962769,0.019808992743492126,1.0,1.0,-0.012236599810421467,0.0,0.0,0.0,0.0,-0.0001620650291442871,-0.0004433333524502814,0.0,0.0,-0.0004433333524502814,0.0,-0.0004433333524502814,-0.0004433333524502814,0.0,7.006492321624085e-44,1,1,0,1,1,1,0,1,1,0,1,0,1,1,1,1,1,1,1,1,0,1000,1000,0,1,5001,5001,220.0,3495.634521484375,120.0,120.0,60.0,0.0,0.4000000059604645,0.10000000149011612,0.10000000149011612,2.0,500.0,200.0,0.9900000095367432,300000.0,5000.0,45000.0,20000.0,0.019999999552965164,2.0,0.05000000074505806,0.019999999552965164,6.0,0.05000000074505806,0.019999999552965164,0.019999999552965164,88.30000305175781,0.10000000149011612,0.800000011920929,0.05000000074505806,0.009999999776482582,50.0,50.0,340.0,340.0,1000000.0,1,1,1,1,1,1,1,1,1,1,0,0,0,1,1,0,1.0,0.0,0.0,0.0,0.012731531634926796,0.0,0.0,0.0,0.918125569820404,0.918125569820404,0.918125569820404,5000.404296875,3900262.75,3905263.25,50.0,27.618322372436523,0.4000000059604645,0.0,0.0,0.10000000149011612,0.1644010990858078,1.0,45000.0,20.0,29.359987258911133,778808.6875,33.500911712646484,4589.1142578125,721.2213134765625,0.7788087129592896,0.9181993007659912,9.475826263427734,1.0,3221781.0,3304317.0,9.718579292297363,20.0,0.2722795605659485,27.227956771850586,0.0,636.4223022460938,411.2571716308594,100000.0,50000.0,1115.300048828125,50000.0,700.0,2000.0,2800000.0,3500000.0,4000000.0,9.999999747378752e-05,4.999999873689376e-05,500.0,20000.0,100.0,500.0,60000.0,1200.0,1.0,120.0,150000.0,3000.0,300.0,1.0,300.0,0.019999999552965164,0.019999999552965164,0.009999999776482582,0.009999999776482582,0.009999999776482582,0.019999999552965164,1.100000023841858,0.019999999552965164,4.0,0.019999999552965164,88.0,1613.0,0.009999999776482582,0.20000000298023224,3.0,5.0,600.0,0.0010000000474974513,88.0,88.0,2000.0,2340.0,-0.11599799990653992,-0.03561130166053772,-0.04758000001311302,-0.01752999983727932,0,0,0,0,0,1,0,523.1166381835938,523.1166381835938,2.10089111328125,2.10089111328125,0.01705634780228138,31.428516387939453,164.2185516357422,1603.39208984375,1050.2696533203125,798.4892578125,798.4892578125,3.206787109375,3.206787109375,1602.30908203125,548.5260620117188,0.0,0.0,2667061.0,20.00048065185547,20.00048065185547,156.37554931640625,156.37554931640625,65723.375,65723.375,1.0953896045684814,1.0953896045684814,114.44400024414062,114.44400024414062,24.998987197875977,24.998987197875977,104598.2734375,104598.2734375,25.00893211364746,155.53953552246094,158.5172119140625,2644881.25,20.00048065185547,20.00048065185547,227.07582092285156,227.07582092285156,155.95999145507812,155.95999145507812,652552.25,652552.25,0.0,114.467529296875,114.467529296875,228.95211791992188,160210.5,160210.5,1.0680700540542603,1.0680700540542603,226.3212890625,155.95999145507812,278.1802062988281,139.09010314941406,139.09010314941406,204.2101593017578,204.2101593017578,408.4203186035156,0.0,0.0,0.0,139.07183837890625,139.07183837890625,204.2101593017578,204.2101593017578,0.026315800845623016,13.064777374267578,0.20000000298023224,0.8611618876457214,0.9146167635917664,0.8688712120056152,0.5120136141777039,0.4299730658531189,0.5175774097442627,0.9599996209144592,1.0,1.0,1.0,0.9999998211860657,0.9999998211860657,0.9999998211860657,190863.09375,193242.0625,0.0,0.0,0.0,0.0,0.0,0.0,0.0,296.3810119628906,297.7510070800781,0.0,188741.171875,188741.171875,0.0,0.0,0.0,0.0,0.8742936849594116,0.8742936849594116,0.8742936849594116,0.8589893579483032,1198851.5,0.9959999918937683,0.9959999918937683,0.9959999918937683,0.9959999918937683,5800392.5,2732794.75,7418858.0,8533174.0,2606300.0,4017491.5,0.003900262527167797,0.0078105260618031025,1050.43505859375,529.1369018554688,538.3369140625,539.013427734375,331.8385314941406,366.1875,337.79345703125,197.29837036132812,172.1494140625,201.219970703125,1603.4091796875,1050.44677734375,350.2955627441406,350.2955627441406,350.2955627441406,527.351806640625,527.351806640625,527.351806640625,3.0001096725463867,0.8658744692802429,0.8641072511672974,3.000112771987915,5.0,0.0040000081062316895,0.0040000081062316895,0.0040000081062316895,0.0040000081062316895,0.0,-0.4368000030517578,0.0,600021.9375,164.2185516357422,164.2185516357422,0.0,20.0,2783512.0,7.25,12.0,10.25,225.30587768554688,225.30587768554688,225.30587768554688,0.0,0.0,0.7926306128501892,0.9211652278900146,10000.0,10000.0,0.011826000176370144,1038.5,0.027953999117016792,0.0,0.0,1.0878000259399414,1.0809999704360962,9.000000136438757e-05,103.0,33.220001220703125,1.8179999589920044,0.029999999329447746,49.0,8.329999923706055,4.159999847412109,58.0,302.0,4.5,0.699999988079071,0.4000000059604645,7.5,1.3799999952316284,2.492000102996826,7000.0,48.88999938964844,1.2000000476837158,45.0,62000.0,4590000.0,4250000.0,15900000.0,15100000.0,0.05000000074505806,0.17000000178813934,0.009999999776482582,15220000.0,1.6699999570846558,312.7799987792969,1.1100000143051147,4232.0,0.25,689000.0,4030000.0,9.829999923706055,8.550000190734863,12200000.0,231.10000610351562,88.3239974975586,633.0,1.1430000066757202,0.6858000159263611,-10.0,-3.7799999713897705,0.7799999713897705,295.5,4030000.0,12400000.0,0.9200000166893005,5.0,0,0,0,228,160,0,0,1,0,0,0,0,0,1,0,0,0,1,1,1,0,1,0,0,1,0,0,1,1,1,0,0,0,0,0,0,0,0,0,0,0,0,1,1,0.973351776599884,6364546.0,1.0873808860778809,1.007190465927124,1.032616138458252,309.01959228515625,34.48101806640625,0.005147110670804977,1,1,1,0,0,0,1,1,0,0,0,0,0,175,0.20000000298023224,0.20000000298023224,0.20000000298023224,0.0,2,0,0,0,0,0,0,0,0,0,0,0,0,0,0,0,0,0,0,0,0,0,0,0,0,0,0,0,0,0,0,0,0,0,0,0,0,0,0,0,0,0,0,0,0,0,0,0,0,0,0,1,0,0,0,0,0,0,0,0,0,0,0,0,0,0,0,0,0,0,0,0,0,0,0,0,0,0,0,0,0,0,0,0,0,0,0,0,0,0,0,0,0,0,0,0,0,0,0,0,0,0,0,0,0,0,0,0,0,0,0,0,0,0,0,0,0,0,0,0,0,0,0,0,0,0,0,0,0,0,0,0,0,0,0,0,0,0,0,0,0,0,0,1,0,0,0,0,0,0,0,0,0,0,0,-1,0,0,0,0,0,0,1,1,0,0,97.33517456054688,-3.3622348308563232,0.0,-0.5310630202293396,-1.6815581571897805e-44,309.2987365722656,309.01959228515625,737.1292724609375,2.517280518077314e-05,99.2938232421875,2663.78271484375,1.0873808860778809,1.032616138458252,-1.0,0.279144287109375,6.827850029367255e-06,0.003406752133741975,100.0,27.0,0.0,7.799991607666016,2.9963111877441406,1.0,1.0,35.29743576049805,0.25320231914520264,20.0,4.415573584992671e-06,0.0,74.06796264648438,1.7332727909088135,1.8179994821548462,0.00036938843550160527,0.6817498207092285,0.5431910753250122,29.054405212402344,8.919809341430664,19.965309143066406,15.233827590942383,0.5319467186927795,52.10331726074219,44.898040771484375,278.1014404296875,145.33010864257812,0.970245361328125,326.00762939453125,40.007659912109375,0.29459047317504883,291.80828857421875,291.80908203125,291.7193603515625,326.19244384765625,326.39569091796875,326.19268798828125,100.0,4.228907585144043,57.38259506225586,151.3585662841797,309.0003662109375,309.1023864746094,308.9560241699219,340.26007080078125,53.1536865234375,36.68022537231445,151.3585662841797,0.0,1.0043611526489258,1.0102747678756714,1.0069658756256104,88.82843780517578,88.83536529541016,88.88893127441406,64.94793701171875,64.94647979736328,64.94446563720703,50.249267578125,50.26808547973633,50.332855224609375,100.35786437988281,100.0965576171875,100.07794189453125,1940.4482421875,1938.0128173828125,1904.892822265625,527.1638793945312,528.1497192382812,526.0427856445312,29.0,0.0,48.0,0.5175774097442627,0.6950969696044922,0.4299730658531189,0.7316934466362,0.5120136141777039,0.6889294981956482,41.0,78.36749267578125,64.41850280761719,226.3212890625,98.52001953125,9.999999974752427e-07,87.0733642578125,0.6293556690216064,155.53953552246094,0.9956542253494263,721.2213134765625,39.84969711303711,31.428516387939453,1.0,9.475826263427734,77.88087463378906,0.0,0.9718579053878784,20.0,0.0,60.0,120.0,22.0,120.0,3.4956347942352295,0.0,0.0,991.5549926757812,18.0882625579834,89.19808959960938,2.0,200.0,0,0,228,228,228,228,200,228,228,228,160,0,99999,99999,13,402,1800,180,1800,998,20,991,97,23,0,0,0,806,1424,29,31,32,0,0,0,0,0,0,0,0,0,0,0,0,0,0,1,0,0,0,0,1,1,1,0,1,0,0,0,1,0,0,0,0,0,0,0,0,0,0,0,0,1,0,1,0,0,1,1,0,1,0,1,0,1,0,0,0,1,1,0,1,0,1,0,0,0,1,1,0,0,0,1,0,1,0,0,0,0,0,1,0,0,1,0,0,0,1,0,0,0,0,0,0,1,0,0,0,1,1,0,0,1,0,1,0,1,0,1,0,0,0,1,0,1,1,1,0,0,1,0,0,0,0,0,1,1,1,0,0,0,0,0,0,0,0,0,0,0,1,0,1,0,1,0,0,0,0,0,0,0,0,0,1,0,1,0,1,0,1,1,1,1,1,1,1,0,0,0,0,0,0,1,0,1,1,1,1,1,1,1,1,1,1,1,0,0,0,1,1,0,0,1,1,0,1,0,1,0,1,1,0,0,0,1,0,0,0,0,1,0,0,0,1,0,1,1,0,0,1,0,0,1,1,0,1,1,1,0,1,1,0,1,0,1,1,0,0,0,0,0,0,1,1,1,1,0,0,0,0,0,0,0,0,0,0,0,0,0,0,0,0,0,0,0,0,0,0,0,0,0,0,0,0,0,0,0,0,0,0,0,0,0,0,0,0,0,0,0,0,0,0,0,0,0,0,0,0,0,0,0,0,0,0,0,0,0,0,0,0,0,0,0,0,0,0,0,0,0,0,0,0,0,0,0,0,0,0,1,0,0,0,0,0,0,0,0,0,0,0,0,0,0,0,0,0,0,0,0,0,0,0,0,0,0,0,0,0,0,0,0,0,0,0,0,0,0,0,0,0,0,0,0,0,0,0,0,0,0,0,0,0,0,0,0,0,0,0,0,0,0,0,0,1,0,1,0,0,0,0,0,1,0,0,0,0,0,0,0,0,0,0,0,0,0,0,0,1,0,0,0,0,0,0,0,0,0,0,0,0,0,0,1,0,0,0,0,0,0,0,0,0,0,1,0,0,0,0,0,0,0,0,0,0,0,0,0,0,0,0,0,0,0,0,0,0,0,0,0,0,0,1,0,0,0,0,0,0,1,1,1,0,0,0,0,0,0,-1,0,0,0,0,0,0,0,0,-1,0,0,-1,0,0,0,0,0,0,0,0,0,0,0,0,0,0,0,0,0,0,1,0,0,0,0,0,0,0,0,0,0,0,0,0,0,0,0,1,1,0,-1,-1,-1,1,1,1,0,0,0,0,1,0,0,1,1,0,0,0,0,1,0,0,0,0,0,0,0,0,0,0,0,0,0,0,0,0,0,0,0,0,0,0,0,0,0,0,0,0,0,1,1,0,1,0,1,1,0,1,0,1,1,0,1,0,0,1,0,0,0,0,0,0,0,0,0,0,0,0,0,0,0,0,0,0,0,0,0,0,0,0,0,0
0,1,1,300,228,8,8,228,114,25,1,0,0.0020000000949949026,4000.0,1.0,0.04500000178813934,25.0,48.0,8.0,291.70001220703125,1.7000000476837158,-3.179999907843012e-07,0.007360000163316727,0.008080000057816505,8.0,0.33000001311302185,0.0333000011742115,1.0,9.999999747378752e-06,21.0,9.999999747378752e-06,2775000064.0,9.000000136438757e-05,4.999999980020986e-13,5.0,40.0,3.0,-3.3499999046325684,3.3499999046325684,0.5,0.0004799999878741801,292.3927001953125,492.6077880859375,-0.0036125299520790577,0.002354159951210022,0.0008944629807956517,0.013157900422811508,0.800646185874939,0.02024419978260994,2650129920.0,0.006539999973028898,228,228,228,228,228,228,228,228,228,228,228,228,228,228,228,228,228,228,228,228,228,228,228,228,200,200,200,200,228,228,228,228,228,228,228,228,228,228,228,228,228,228,228,228,228,228,228,228,228,228,228,228,0,1,4,4,228,228,228,200,228,228,228,228,3,0,0.00040181181975640357,292.3569030761719,663.7760009765625,749.9249877929688,840.523681640625,927.944091796875,1062.737060546875,1097.6427001953125,1110.8023681640625,1096.94921875,1059.900146484375,1002.7693481445312,923.160888671875,835.99755859375,748.9639892578125,669.7452392578125,593.1048583984375,531.135986328125,484.4967041015625,452.7641906738281,433.299072265625,424.94842529296875,424.9372253417969,429.8146667480469,436.12994384765625,440.4322204589844,-0.0027539816219359636,0.7602526545524597,0.7719831466674805,1.9980485376436263e-05,0.7554388046264648,0.9912939667701721,116844.3046875,3.620459756348282e-05,0.32633230090141296,0.7750625610351562,0.9753111600875854,0.9744007587432861,0.02270730957388878,1.0,-1.6815581571897805e-44,-3.361262321472168,0.0,99.2938232421875,2663.783935546875,0.9435364007949829,737.6324462890625,228.0,47.699405670166016,2.0035104751586914,1.2000000476837158,0.0,309.29266357421875,280608.53125,-0.5323184728622437,6.45120906829834,130.28829956054688,1.2047399282455444,7750000.0,8160000.0,86.12000274658203,119.0999984741211,0.5,9.999999747378752e-05,0.0,3.299999952316284,200.0,0.30000001192092896,309.20001220703125,2.439019908706541e-06,0,0,0,1,1,1,0,24,0,308.9662780761719,0.0,0.0,0.0,0.0,0.0,0.0,0.5125346779823303,0.8732035756111145,0.5186673998832703,-0.0030663609504699707,-0.00037633816828019917,-0.00029154642834328115,0.50306636095047,0.5024119019508362,0.5022133588790894,1.0,25.0,24.0,6366091.0,6366276.5,6366415.0,291.725341796875,291.8017578125,291.79925537109375,326.09674072265625,326.278076171875,326.09649658203125,4400000.0,308.9110412597656,309.0399169921875,308.9478759765625,34.37139892578125,34.476318359375,34.2972412109375,325.93328857421875,4602.3486328125,4600.4833984375,4614.88720703125,12.780237197875977,12.772784233093262,12.771780014038086,13.58355712890625,0.0,0.0,0.0020000000949949026,291.77545166015625,326.1571044921875,-43.02072525024414,1.6345702409744263,1.6324447393417358,1.6317890882492065,-7.270081043243408,39.0,40.0,42.0,41.0,0.0,0.0,6366730.5,6315229.5,83.36024475097656,5.0,0.014999999664723873,-180000.0,600.0,1000000.0,400000.0,0.17000000178813934,22000.0,786000.0,120000.0,0.0,40.0,30.0,36.810001373291016,0.5,18.399999618530273,50000.0,115692.3984375,15.113750457763672,0,0,1,0,0,0,0,14800882.0,0.0,0.0,0.0,0.0,0.0,-589364.0,400000.0,1000000.0,1.0,1400000.0,0.0,0.5304376482963562,14810636.0,126869.6328125,14800882.0,340.2611083984375,40.007659912109375,5.299428939819336,-589364.0,0.0,0.0,0.0,3.6599862575531006,40.007659912109375,0.0,22230.939453125,1.2010046243667603,0.0,0.0,0.0,20.0,14.711517333984375,22.0,0.0,0.0,0.0,0.05000000074505806,0.02500000037252903,0.17000000178813934,15400000.0,0.5,6.25,0.0006667000125162303,2.0,2410000.0,4140000.0,4.734799861907959,0.15000000596046448,0.20000000298023224,0.2199999988079071,1.0,0.0,-1.0,0.0,5.0,20.0,30.0,50.0,74.0,80.0,86.0,9.800000190734863,500000.0,1.0499999802959792e-07,0.5,750.0,1000.0,600.0,1000.0,1150.0,32.0,32.0,37.400001525878906,10.0,10.0,0.007000000216066837,0.5049999952316284,82.0,189.26499938964844,0.0,1.5099999904632568,231.60000610351562,20.0,36.0,16.600000381469727,16.5,225.0,-0.1756729930639267,27.5,-0.1756729930639267,30.485509872436523,0.1561516970396042,11.10221004486084,-1.8332500457763672,-75.0,4.3520002365112305,9.800000190734863,189.26499938964844,93.30000305175781,2650000.0,0.8500000238418579,7.570000171661377,0,1,0,0,0,0,0,0,0,0,0,1,3,3,0,0,1,1,0,0,0,0,0,0,0,0,0,0,1,0,0,0,0,0,0,0,0,0,0,1,0,0,0,0,0,0,0,0,0,0,12.059066772460938,29061.064453125,2153.699951171875,0.00041496066842228174,0.0004361289902590215,0.0006248649442568421,1.0,1.0,0.0,0.0,0.0,0.5327016115188599,0.523746907711029,1.0,0.0,0.0,0.0,1.0,0.0,0.0,1.0,1.0,0.0,1.0,1.0,0.00968778133392334,0.0,1.0,0.0,0.6454263925552368,0.6471245884895325,0.00041496066842228174,0.0,0.0,0.0,99998.78125,99999.0,2846330.5,2410000.0,36.20000076293945,36.20000076293945,36.20000076293945,32.28992462158203,277.831787109375,145.03683471679688,51.97373962402344,26.12313461303711,38.925498962402344,27.0,28.875381469726562,27.0,0.0,32.0,20.0,68.57752227783203,3446668.0,0.5431922078132629,3.7799999713897705,4.239263534545898,8.919808387756348,0.0,0.0,0.0,1.401298464324817e-45,5.539393424987793,5.539393424987793,0.5049998760223389,0.5049998760223389,0.5049998760223389,0.18937495350837708,0.18937495350837708,0.18937495350837708,0.0,0.0,0.0,0.0,0.0,0.0,5.294999599456787,0.0,0.0,0.0,0.0,0.0,0.0,100.0,74.06907653808594,0.5730790495872498,0.0,20.0,0.0,5.485729217529297,5.178493022918701,0.0,0.0,0.0,0.007000000216066837,0.0,0.0,9.530447959899902,0.0,1.7332838773727417,1.401298464324817e-45,5.186138153076172,0.0,0.0,0.0,0.0,0.0,0.0,20.0,0.0,0.0,14500241.0,0.0,0.0,0.0,0.0,0.0,0.0,0.0,0.351500004529953,18.93000030517578,23.030000686645508,7.69199959904654e-06,0.08500000089406967,0.009999999776482582,24.0,27.0,8.800000190734863,500000.0,0.05000000074505806,2.7000000013543968e-09,2.7000000013543968e-09,145100.0,120000.0,14650000.0,86400.0,17.0,34.5,48.70000076293945,321.8999938964844,83170.0,0.0,1.0,1.0,0.0010000000474974513,725.0,0.0,0.5,0.0,0.0,57.31999969482422,837142.875,9359.77734375,117376.1015625,2623.89794921875,83026.390625,725.0,1.0204100362898316e-05,740000000.0,1,0,1,0,1,0,1,0,0,0,0,8.799991607666016,27.0,476.3092956542969,0.0,0.0,0.0,0.0,0.19098420441150665,0.00030457053799182177,0.0,0.003663770854473114,35.34377670288086,1.0,24824.875,1056.73779296875,4.749455456476426e-06,2778900992.0,4306642432.0,2919755264.0,4243303424.0,-83.76303100585938,26.6700439453125,-158847488.0,63338976.0,5.186138153076172,1550.87451171875,88.94916534423828,1524.2044677734375,106381.3984375,3348.825439453125,143828.796875,148443.859375,122824.875,5.599998950958252,35.34377670288086,35.34377670288086,1.0,4.749455456476426e-06,1056.73779296875,303885516800.0,0.1964738517999649,137600.0,137600.0,108434960.0,83.41840362548828,5444.5244140625,1.0,0.0,1700.0,250000.0,10000.0,1038.0,0.004999999888241291,400.0,5000.0,0,0,0,0,2963437.0,64.71351623535156,64.71351623535156,1229333.375,2783880.75,1.0,1.0,1234253.25,228.88131713867188,6314576.5,1.0,0.9956300854682922,1.0,1.0,1040.176025390625,277.9863586425781,189.526123046875,128.64651489257812,6209714.0,808881.875,189.526123046875,1.0,1.0,1.0,136.79405212402344,1573.8958740234375,798.2265014648438,0.0,0.0,0.0,7680000.0,523.3060302734375,525.2298583984375,526.6485595703125,0.0,2783880.75,0.0,129.42703247070312,0.0,0.0,278.8800964355469,1.0,0.0,-7.5742998123168945,0.0,5.605193857299268e-45,9.999999974752427e-07,0.0,2.0,0.0003000000142492354,0.004999999888241291,0.0010000000474974513,2.0000000233721948e-07,2.0000000233721948e-07,0.0005555999814532697,993000000.0,1.0,0.05000000074505806,0.10000000149011612,0.0005000000237487257,0.0016700000269338489,0.009999999776482582,1.0,1.0,0.0010000000474974513,4.999999873689376e-05,0.00039999998989515007,0.019999999552965164,0.9891999959945679,0.9891999959945679,0.9950000047683716,0.9950000047683716,1,0,0,0,0,1,0,0,1,0,1,1,0,0,0.9981762170791626,991188992.0,63355.36328125,4864363.0,1167.09912109375,2546233.0,1445.2427978515625,1.0,2328585.75,0.9673528075218201,1.0,60.0,180.0,1800.0,1800.0,1.0047005414962769,0.019808992743492126,1.0,1.0,-0.012236599810421467,0.0,0.0,0.0,0.0,-0.00019121170043945312,-0.0004433333524502814,0.0,0.0,-0.0004433333524502814,0.0,-0.0004433333524502814,-0.0004433333524502814,0.0,7.006492321624085e-44,1,1,0,1,1,1,0,1,1,0,1,0,1,1,1,1,1,1,1,1,0,1000,1000,0,1,5001,5001,220.0,3494.528564453125,120.0,120.0,60.0,0.0,0.4000000059604645,0.10000000149011612,0.10000000149011612,2.0,500.0,200.0,0.9900000095367432,300000.0,5000.0,45000.0,20000.0,0.019999999552965164,2.0,0.05000000074505806,0.019999999552965164,6.0,0.05000000074505806,0.019999999552965164,0.019999999552965164,88.30000305175781,0.10000000149011612,0.800000011920929,0.05000000074505806,0.009999999776482582,50.0,50.0,340.0,340.0,1000000.0,1,1,1,1,1,1,1,1,1,1,0,0,0,1,1,0,1.0,0.0,0.0,0.0,0.012225843966007233,0.0,0.0,0.0,0.9181260466575623,0.9181260466575623,0.9181260466575623,5000.40625,3900267.75,3905268.25,50.0,27.618295669555664,0.4000000059604645,0.0,0.0,0.10000000149011612,0.16444209218025208,1.0,45000.0,20.0,29.35750961303711,778811.1875,33.496986389160156,4589.1142578125,721.2213134765625,0.7788112163543701,0.9181990623474121,9.475799560546875,1.0,3221772.0,3304317.0,9.718579292297363,20.0,0.2723095118999481,27.2309513092041,0.0,636.4223022460938,411.30908203125,100000.0,50000.0,1115.300048828125,50000.0,700.0,2000.0,2800000.0,3500000.0,4000000.0,9.999999747378752e-05,4.999999873689376e-05,500.0,20000.0,100.0,500.0,60000.0,1200.0,1.0,120.0,150000.0,3000.0,300.0,1.0,300.0,0.019999999552965164,0.019999999552965164,0.009999999776482582,0.009999999776482582,0.009999999776482582,0.019999999552965164,1.100000023841858,0.019999999552965164,4.0,0.019999999552965164,88.0,1613.0,0.009999999776482582,0.20000000298023224,3.0,5.0,600.0,0.0010000000474974513,88.0,88.0,2000.0,2340.0,-0.11599799990653992,-0.03561130166053772,-0.04758000001311302,-0.01752999983727932,0,0,0,0,0,1,0,523.132568359375,523.132568359375,2.1009521484375,2.1009521484375,0.017054341733455658,31.428516387939453,164.21852111816406,1603.52099609375,1050.3026123046875,798.553466796875,798.553466796875,3.20703125,3.20703125,1602.5335693359375,548.5626831054688,0.0,0.0,2667093.25,20.00048065185547,20.00048065185547,156.37474060058594,156.37474060058594,65723.359375,65723.359375,1.0953893661499023,1.0953893661499023,114.44065856933594,114.44065856933594,24.998987197875977,24.998987197875977,104598.2734375,104598.2734375,25.00893211364746,155.53929138183594,158.51710510253906,2644750.5,20.00048065185547,20.00048065185547,227.068603515625,227.068603515625,155.9600830078125,155.9600830078125,652552.625,652552.625,0.0,114.46723937988281,114.46723937988281,228.9515380859375,160210.34375,160210.34375,1.0680689811706543,1.0680689811706543,226.31808471679688,155.9600830078125,278.1070556640625,139.05352783203125,139.05352783203125,204.20693969726562,204.20693969726562,408.41387939453125,0.0,0.0,0.0,139.03512573242188,139.03512573242188,204.20693969726562,204.20693969726562,0.026315800845623016,13.06474781036377,0.20000000298023224,0.8619995713233948,0.9154508113861084,0.8697315454483032,0.5125346779823303,0.4305083155632019,0.5181335806846619,0.9599996209144592,1.0,1.0,1.0,0.9999998211860657,0.9999998211860657,0.9999998211860657,190862.828125,193242.0625,0.0,0.0,0.0,0.0,0.0,0.0,0.0,296.3810119628906,297.7510070800781,0.0,188825.1875,188825.1875,0.0,0.0,0.0,0.0,0.8741984963417053,0.8741984963417053,0.8741984963417053,0.8585764765739441,1198775.625,0.9959999918937683,0.9959999918937683,0.9959999918937683,0.9959999918937683,5799361.5,2732825.0,7418453.5,8532171.0,2606300.0,4017449.5,0.0039002676494419575,0.007810536306351423,1050.467041015625,529.1989135742188,538.3923950195312,539.11474609375,331.8718566894531,366.1862487792969,337.8463134765625,197.32705688476562,172.20614624023438,201.2684326171875,1603.5380859375,1050.478759765625,350.2955322265625,350.2955322265625,350.2955322265625,527.2252197265625,527.2252197265625,527.2252197265625,3.0001027584075928,0.8654515743255615,0.8641504645347595,3.0001063346862793,5.0,0.0040000081062316895,0.0040000081062316895,0.0040000081062316895,0.0040000081062316895,0.0,-0.4368000030517578,0.0,600020.5625,164.21852111816406,164.21852111816406,0.0,20.0,2783414.25,7.25,12.0,10.25,225.30535888671875,225.30535888671875,225.30535888671875,0.0,0.0,0.7926306128501892,0.9211652278900146,10000.0,10000.0,0.011826000176370144,1038.5,0.027953999117016792,0.0,0.0,1.0878000259399414,1.0809999704360962,9.000000136438757e-05,103.0,33.220001220703125,1.8179999589920044,0.029999999329447746,49.0,8.329999923706055,4.159999847412109,58.0,302.0,4.5,0.699999988079071,0.4000000059604645,7.5,1.3799999952316284,2.492000102996826,7000.0,48.88999938964844,1.2000000476837158,45.0,62000.0,4590000.0,4250000.0,15900000.0,15100000.0,0.05000000074505806,0.17000000178813934,0.009999999776482582,15220000.0,1.6699999570846558,312.7799987792969,1.1100000143051147,4232.0,0.25,689000.0,4030000.0,9.829999923706055,8.550000190734863,12200000.0,231.10000610351562,88.3239974975586,633.0,1.1430000066757202,0.6858000159263611,-10.0,-3.7799999713897705,0.7799999713897705,295.5,4030000.0,12400000.0,0.9200000166893005,5.0,0,0,0,228,160,0,0,1,0,0,0,0,0,1,0,0,0,1,1,1,0,1,0,0,1,0,0,1,1,1,0,0,0,0,0,0,0,0,0,0,0,0,1,1,0.9753111600875854,6366091.0,1.0874605178833008,1.0052330493927002,1.031438946723938,308.9830322265625,34.414005279541016,0.005043738055974245,1,1,1,0,0,0,1,1,0,0,0,0,0,177,0.20000000298023224,0.20000000298023224,0.20000000298023224,0.0,2,0,0,0,0,0,0,0,0,0,0,0,0,0,0,0,0,0,0,0,0,0,0,0,0,0,0,0,0,0,0,0,0,0,0,0,0,0,0,0,0,0,0,0,0,0,0,0,0,0,0,1,0,0,0,0,0,0,0,0,0,0,0,0,0,0,0,0,0,0,0,0,0,0,0,0,0,0,0,0,0,0,0,0,0,0,0,0,0,0,0,0,0,0,0,0,0,0,0,0,0,0,0,0,0,0,0,0,0,0,0,0,0,0,0,0,0,0,0,0,0,0,0,0,0,0,0,0,0,0,0,0,0,0,0,0,0,0,0,0,0,0,0,1,0,0,0,0,0,0,0,0,0,0,0,-1,0,0,0,0,0,0,1,1,0,0,97.53111267089844,-3.361262321472168,0.0,-0.5323184728622437,-1.6815581571897805e-44,309.29266357421875,308.9830322265625,737.6324462890625,1.9980485376436263e-05,99.2938232421875,2663.783935546875,1.0874605178833008,1.031438946723938,-1.0,0.30963134765625,6.827850029367255e-06,0.003663770854473114,100.0,27.0,0.0,7.799991607666016,3.0239672660827637,1.0,1.0,35.34377670288086,0.2533155083656311,20.0,4.749455456476426e-06,0.0,74.06907653808594,1.7332838773727417,1.8179994821548462,0.00036938843550160527,0.6817498207092285,0.5431922078132629,29.04424285888672,8.919808387756348,19.941816329956055,15.261348724365234,0.5327016115188599,51.97373962402344,44.898040771484375,277.831787109375,145.03683471679688,0.9701620936393738,325.955810546875,40.007659912109375,0.29459047317504883,291.8013916015625,291.80340576171875,291.7227783203125,326.1270751953125,326.3162841796875,326.12725830078125,100.0,4.2641401290893555,57.30790328979492,151.12921142578125,308.9642333984375,309.0598449707031,308.9250183105469,340.2607421875,53.043766021728516,36.62480163574219,151.12921142578125,0.0,1.0026532411575317,1.008121132850647,1.0049548149108887,88.81897735595703,88.82600402832031,88.8785400390625,64.96353912353516,64.96212768554688,64.9602279663086,50.221336364746094,50.24119186401367,50.306636810302734,100.33770751953125,100.04253387451172,100.06330871582031,1940.81298828125,1938.2125244140625,1905.1160888671875,526.81982421875,527.8643188476562,525.8877563476562,29.0,0.0,48.0,0.5181335806846619,0.6957852244377136,0.4305083155632019,0.7323606610298157,0.5125346779823303,0.6895996928215027,41.0,78.36749267578125,64.4345703125,226.31808471679688,98.49160766601562,9.999999974752427e-07,87.06312561035156,0.6287792921066284,155.53929138183594,0.9956300854682922,721.2213134765625,39.84975051879883,31.428516387939453,1.0,9.475799560546875,77.88111877441406,0.0,0.9718579053878784,20.0,0.0,60.0,120.0,22.0,120.0,3.4945287704467773,0.0,0.0,991.18896484375,18.088300704956055,89.19808197021484,2.0,200.0,0,0,228,228,228,228,200,228,228,228,160,0,99999,99999,13,402,1800,180,1800,998,20,991,97,23,0,0,0,806,1424,29,31,32,0,0,0,0,0,0,0,0,0,0,0,0,0,0,1,0,0,0,0,1,1,1,0,1,0,0,0,1,0,0,0,0,0,0,0,0,0,0,0,0,1,0,1,0,0,1,1,0,1,0,1,0,1,0,0,0,1,1,0,1,0,1,0,0,0,1,1,1,0,0,1,0,1,0,0,0,0,1,1,0,0,1,0,0,0,1,0,0,0,0,0,0,1,0,0,0,1,1,0,0,1,0,1,0,1,0,1,0,0,0,1,0,1,1,1,0,0,1,0,0,0,0,0,1,1,1,0,0,0,0,0,0,0,0,0,0,0,1,0,1,0,1,0,0,0,0,0,0,0,0,0,1,0,1,0,1,0,1,1,1,1,1,1,1,0,0,0,0,0,0,1,0,1,1,1,1,1,1,1,1,1,1,1,1,0,0,1,1,0,0,1,1,0,1,0,1,0,1,1,0,0,0,1,0,0,0,0,1,0,0,0,1,0,1,1,0,0,1,0,0,1,1,0,1,1,1,0,1,1,0,1,0,1,1,0,0,0,0,0,0,1,1,1,1,0,0,0,0,0,0,0,0,0,0,0,0,0,0,0,0,0,0,0,0,0,0,0,0,0,0,0,0,0,0,0,0,0,0,0,0,0,0,0,0,0,0,0,0,0,0,0,0,0,0,0,0,0,0,0,0,0,0,0,0,0,0,0,1,0,0,0,1,0,0,0,0,0,0,0,0,0,0,0,0,0,0,0,0,0,0,0,0,0,0,0,0,0,0,0,0,0,0,0,0,0,0,0,0,0,0,0,0,0,0,0,0,0,0,0,0,0,0,0,0,0,0,0,0,0,0,0,0,0,0,0,0,0,0,0,0,0,0,0,0,0,0,0,0,0,0,0,1,0,1,0,0,0,0,0,1,0,0,0,0,0,0,0,0,0,0,0,0,0,0,0,1,0,0,0,0,0,0,0,0,0,0,0,0,0,0,1,0,0,0,0,0,0,0,0,0,0,1,0,0,0,0,0,0,0,0,0,0,0,0,0,0,0,0,0,0,0,0,0,0,0,0,0,0,0,1,0,0,0,0,0,0,1,1,1,0,0,0,0,0,0,-1,0,0,0,0,0,0,0,0,-1,0,0,-1,0,0,0,0,0,0,0,0,0,0,0,0,0,0,0,0,0,0,1,0,0,0,0,0,0,0,0,0,0,0,0,0,0,0,0,1,1,0,-1,-1,-1,1,1,1,0,0,0,0,1,0,0,1,1,0,0,0,0,1,0,0,0,0,0,0,0,0,0,0,0,0,0,0,0,0,0,0,0,0,0,0,0,0,0,0,0,0,0,1,1,0,1,0,1,1,0,1,0,1,1,0,1,0,0,1,0,0,0,0,0,0,0,0,0,0,0,0,0,0,0,0,0,0,0,0,0,0,0,0,0,0
0,1,1,300,228,8,8,228,114,25,1,0,0.0020000000949949026,4000.0,1.0,0.04500000178813934,25.0,48.0,8.0,291.70001220703125,1.7000000476837158,-3.179999907843012e-07,0.007360000163316727,0.008080000057816505,8.0,0.33000001311302185,0.0333000011742115,1.0,9.999999747378752e-06,21.0,9.999999747378752e-06,2775000064.0,9.000000136438757e-05,4.999999980020986e-13,5.0,40.0,3.0,-3.3499999046325684,3.3499999046325684,0.5,0.0004799999878741801,292.3927001953125,492.6077880859375,-0.0036125299520790577,0.002354159951210022,0.0008944629807956517,0.013157900422811508,0.800646185874939,0.02024419978260994,2650129920.0,0.006539999973028898,228,228,228,228,228,228,228,228,228,228,228,228,228,228,228,228,228,228,228,228,228,228,228,228,200,200,200,200,228,228,228,228,228,228,228,228,228,228,228,228,228,228,228,228,228,228,228,228,228,228,228,228,0,1,4,4,228,228,228,200,228,228,228,228,3,0,0.00040181181975640357,292.3342590332031,665.0328369140625,751.272705078125,841.977294921875,929.4928588867188,1064.341064453125,1099.142333984375,1112.066162109375,1097.9251708984375,1060.5804443359375,1003.1875610351562,923.3571166992188,836.034912109375,748.8936767578125,669.6056518554688,592.92431640625,530.932373046875,484.2794189453125,452.5345153808594,433.0521240234375,424.67718505859375,424.636474609375,429.4814453125,435.76324462890625,440.0333557128906,-0.0027459210250526667,0.7592240571975708,0.7719831466674805,-5.62709647056181e-06,0.7554393410682678,0.9911965131759644,116998.9375,3.6344932595966384e-05,0.3262457251548767,0.7739875316619873,0.9769505858421326,0.9765943288803101,0.022591479122638702,1.0,-1.6815581571897805e-44,-3.360285758972168,0.0,99.29380798339844,2663.78564453125,0.9435370564460754,738.1951293945312,228.0,49.20257568359375,2.3896942138671875,0.4000000059604645,0.0,309.2817687988281,280609.09375,-0.5338090658187866,6.44992208480835,130.28829956054688,1.2060176134109497,7750000.0,8160000.0,86.12000274658203,119.0999984741211,0.5,9.999999747378752e-05,0.0,3.299999952316284,200.0,0.30000001192092896,309.20001220703125,2.439019908706541e-06,0,0,0,1,1,1,0,24,0,308.9220886230469,0.0,0.0,0.0,0.0,0.0,0.0,0.5132284164428711,0.8731722831726074,0.5186629295349121,-0.002717256546020508,-0.00040435229311697185,-0.00031312843202613294,0.5027172565460205,0.5020725131034851,0.5018675923347473,1.0,25.0,24.0,6367760.5,6367931.0,6368065.5,291.73504638671875,291.79986572265625,291.79547119140625,326.0149841308594,326.1725769042969,326.0146179199219,4400000.0,308.875,308.9862060546875,308.905029296875,34.279937744140625,34.372711181640625,34.219146728515625,325.8766784667969,4601.14111328125,4596.6376953125,4613.53466796875,12.778433799743652,12.771380424499512,12.770437240600586,13.468292236328125,0.0,0.0,0.0020000000949949026,291.77679443359375,326.0673828125,-35.19647979736328,1.6334925889968872,1.631421685218811,1.6307569742202759,-7.130393981933594,39.0,40.0,42.0,41.0,0.0,0.0,6368164.0,6316708.5,83.17754364013672,5.0,0.014999999664723873,-180000.0,600.0,1000000.0,400000.0,0.17000000178813934,22000.0,786000.0,120000.0,0.0,40.0,30.0,36.810001373291016,0.5,18.399999618530273,50000.0,115692.3984375,15.113750457763672,0,0,1,0,0,0,0,14776749.0,0.0,0.0,0.0,0.0,0.0,-615993.0,400000.0,1000000.0,1.0,1400000.0,0.0,0.5290552377700806,14784007.0,126869.6328125,14776749.0,340.26214599609375,40.007659912109375,5.286569118499756,-615993.0,0.0,0.0,0.0,3.653502941131592,40.007659912109375,0.0,22230.939453125,1.2010046243667603,0.0,0.0,0.0,20.0,14.711517333984375,22.0,0.0,0.0,0.0,0.05000000074505806,0.02500000037252903,0.17000000178813934,15400000.0,0.5,6.25,0.0006667000125162303,2.0,2410000.0,4140000.0,4.734799861907959,0.15000000596046448,0.20000000298023224,0.2199999988079071,1.0,0.0,-1.0,0.0,5.0,20.0,30.0,50.0,74.0,80.0,86.0,9.800000190734863,500000.0,1.0499999802959792e-07,0.5,750.0,1000.0,600.0,1000.0,1150.0,32.0,32.0,37.400001525878906,10.0,10.0,0.007000000216066837,0.5049999952316284,82.0,189.26499938964844,0.0,1.5099999904632568,231.60000610351562,20.0,36.0,16.600000381469727,16.5,225.0,-0.1756729930639267,27.5,-0.1756729930639267,30.485509872436523,0.1561516970396042,11.10221004486084,-1.8332500457763672,-75.0,4.3520002365112305,9.800000190734863,189.26499938964844,93.30000305175781,2650000.0,0.8500000238418579,7.570000171661377,0,1,0,0,0,0,0,0,0,0,0,1,3,3,0,0,1,1,0,0,0,0,0,0,0,0,0,0,1,0,0,0,0,0,0,0,0,0,0,1,0,0,0,0,0,0,0,0,0,0,12.059096336364746,29061.240234375,2153.699951171875,0.00041495918412692845,0.0004361289902590215,0.0006248649442568421,1.0,1.0,0.0,0.0,0.0,0.5338196158409119,0.5247771739959717,1.0,0.0,0.0,0.0,1.0,0.0,0.0,1.0,1.0,0.0,1.0,1.0,0.009822070598602295,0.0,1.0,0.0,0.6451165080070496,0.6469882726669312,0.00041495918412692845,0.0,0.0,0.0,99998.78125,99999.0,2844963.75,2410000.0,36.20000076293945,36.20000076293945,36.20000076293945,32.29429244995117,277.4267883300781,144.6038055419922,51.788368225097656,26.131641387939453,38.873130798339844,27.0,28.857173919677734,27.0,0.0,32.0,20.0,68.57752227783203,3446668.0,0.5431922078132629,3.7799999713897705,4.2506208419799805,8.919808387756348,0.0,0.0,0.0,1.401298464324817e-45,5.5311279296875,5.5311279296875,0.5049998760223389,0.5049998760223389,0.5049998760223389,0.18937495350837708,0.18937495350837708,0.18937495350837708,0.0,0.0,0.0,0.0,0.0,0.0,5.294999599456787,0.0,0.0,0.0,0.0,0.0,0.0,100.0,74.0706558227539,0.5721145868301392,0.0,20.0,0.0,5.476800918579102,5.189939022064209,0.0,0.0,0.0,0.007000000216066837,0.0,0.0,9.541849136352539,0.0,1.7332994937896729,1.401298464324817e-45,5.197495460510254,0.0,0.0,0.0,0.0,0.0,0.0,20.0,0.0,0.0,14475510.0,0.0,0.0,0.0,0.0,0.0,0.0,0.0,0.351500004529953,18.93000030517578,23.030000686645508,7.69199959904654e-06,0.08500000089406967,0.009999999776482582,24.0,27.0,8.800000190734863,500000.0,0.05000000074505806,2.7000000013543968e-09,2.7000000013543968e-09,145100.0,120000.0,14650000.0,86400.0,17.0,34.5,48.70000076293945,321.8999938964844,83170.0,0.0,1.0,1.0,0.0010000000474974513,725.0,0.0,0.5,0.0,0.0,57.31999969482422,837142.875,9359.77734375,117376.1015625,2623.89794921875,83026.390625,725.0,1.0204100362898316e-05,740000000.0,1,0,1,0,1,0,1,0,0,0,0,8.799991607666016,27.0,526.3197021484375,0.0,0.0,0.0,0.0,0.21107898652553558,0.00031832701642997563,0.0,0.004048450849950314,35.41289520263672,1.0,24841.46875,1154.1275634765625,5.249177320365561e-06,2769922560.0,4300108800.0,2912501760.0,4240734976.0,-83.54373931884766,27.956298828125,-149802768.0,59374260.0,5.197495460510254,1551.346923828125,88.7412338256836,1523.390625,106381.3984375,3360.894287109375,143866.75,148734.15625,122841.46875,6.199998378753662,35.41289520263672,35.41289520263672,1.0,5.249177320365561e-06,1154.1275634765625,330570203136.0,0.19653645157814026,137600.0,137600.0,108179592.0,83.22283172607422,5460.9970703125,1.0,0.0,1700.0,250000.0,10000.0,1038.0,0.004999999888241291,400.0,5000.0,0,0,0,0,2963484.75,64.71112823486328,64.71112823486328,1229423.875,2783685.5,1.0,1.0,1233979.0,228.8700714111328,6316289.5,1.0,0.9955928921699524,1.0,1.0,1039.583984375,278.00506591796875,189.51583862304688,128.61114501953125,6211505.5,808834.875,189.51583862304688,1.0,1.0,1.0,136.72305297851562,1573.052734375,797.645263671875,0.0,0.0,0.0,7680000.0,522.9808959960938,524.7431030273438,526.13427734375,0.0,2783685.5,0.0,129.42225646972656,0.0,0.0,278.8955993652344,1.0,0.0,-7.5742998123168945,0.0,5.605193857299268e-45,9.999999974752427e-07,0.0,2.0,0.0003000000142492354,0.004999999888241291,0.0010000000474974513,2.0000000233721948e-07,2.0000000233721948e-07,0.0005555999814532697,993000000.0,1.0,0.05000000074505806,0.10000000149011612,0.0005000000237487257,0.0016700000269338489,0.009999999776482582,1.0,1.0,0.0010000000474974513,4.999999873689376e-05,0.00039999998989515007,0.019999999552965164,0.9891999959945679,0.9891999959945679,0.9950000047683716,0.9950000047683716,1,0,0,0,0,1,0,0,1,0,1,1,0,0,0.9975284337997437,990545728.0,63320.1171875,4862226.5,1166.3941650390625,2546072.5,1444.4273681640625,1.0,2328654.0,0.966022789478302,1.0,60.0,180.0,1800.0,1800.0,1.0047005414962769,0.019808992743492126,1.0,1.0,-0.012236599810421467,0.0,0.0,0.0,0.0,-0.0002275705337524414,-0.0004433333524502814,0.0,0.0,-0.0004433333524502814,0.0,-0.0004433333524502814,-0.0004433333524502814,0.0,7.006492321624085e-44,1,1,0,1,1,1,0,1,1,0,1,0,1,1,1,1,1,1,1,1,0,1000,1000,0,1,5001,5001,220.0,3492.585205078125,120.0,120.0,60.0,0.0,0.4000000059604645,0.10000000149011612,0.10000000149011612,2.0,500.0,200.0,0.9900000095367432,300000.0,5000.0,45000.0,20000.0,0.019999999552965164,2.0,0.05000000074505806,0.019999999552965164,6.0,0.05000000074505806,0.019999999552965164,0.019999999552965164,88.30000305175781,0.10000000149011612,0.800000011920929,0.05000000074505806,0.009999999776482582,50.0,50.0,340.0,340.0,1000000.0,1,1,1,1,1,1,1,1,1,1,0,0,0,1,1,0,1.0,0.0,0.0,0.0,0.011504813097417355,0.0,0.0,0.0,0.9181267619132996,0.9181267619132996,0.9181267619132996,5000.40576171875,3900273.0,3905273.5,50.0,27.618255615234375,0.4000000059604645,0.0,0.0,0.10000000149011612,0.16448670625686646,1.0,45000.0,20.0,29.352916717529297,778814.9375,33.48989486694336,4589.1142578125,721.2213134765625,0.7788149118423462,0.9181987047195435,9.475760459899902,1.0,3221758.5,3304317.0,9.718579292297363,20.0,0.2723560631275177,27.235607147216797,0.0,636.4223022460938,411.3089599609375,100000.0,50000.0,1115.300048828125,50000.0,700.0,2000.0,2800000.0,3500000.0,4000000.0,9.999999747378752e-05,4.999999873689376e-05,500.0,20000.0,100.0,500.0,60000.0,1200.0,1.0,120.0,150000.0,3000.0,300.0,1.0,300.0,0.019999999552965164,0.019999999552965164,0.009999999776482582,0.009999999776482582,0.009999999776482582,0.019999999552965164,1.100000023841858,0.019999999552965164,4.0,0.019999999552965164,88.0,1613.0,0.009999999776482582,0.20000000298023224,3.0,5.0,600.0,0.0010000000474974513,88.0,88.0,2000.0,2340.0,-0.11599799990653992,-0.03561130166053772,-0.04758000001311302,-0.01752999983727932,0,0,0,0,0,1,0,523.154296875,523.154296875,2.10101318359375,2.10101318359375,0.01705126278102398,31.428516387939453,164.21847534179688,1603.72705078125,1050.3515625,798.6560668945312,798.6560668945312,3.20745849609375,3.20745849609375,1602.8392333984375,548.6065673828125,0.0,0.0,2667136.25,20.00048065185547,20.00048065185547,156.37339782714844,156.37339782714844,65723.3359375,65723.3359375,1.0953888893127441,1.0953888893127441,114.4350357055664,114.4350357055664,24.998987197875977,24.998987197875977,104598.2734375,104598.2734375,25.00893211364746,155.53883361816406,158.516845703125,2644561.5,20.00048065185547,20.00048065185547,227.05723571777344,227.05723571777344,155.96018981933594,155.96018981933594,652553.0625,652553.0625,0.0,114.46666717529297,114.46666717529297,228.95037841796875,160210.0625,160210.0625,1.0680670738220215,1.0680670738220215,226.3126678466797,155.96018981933594,277.99591064453125,138.99795532226562,138.99795532226562,204.2012176513672,204.2012176513672,408.4024353027344,0.0,0.0,0.0,138.97911071777344,138.97911071777344,204.2012176513672,204.2012176513672,0.026315800845623016,13.064696311950684,0.20000000298023224,0.8631106019020081,0.9164943695068359,0.8707844614982605,0.5132284164428711,0.4311836063861847,0.5188218951225281,0.9599996209144592,1.0,1.0,1.0,0.9999998211860657,0.9999998211860657,0.9999998211860657,190862.46875,193242.0625,0.0,0.0,0.0,0.0,0.0,0.0,0.0,296.3810119628906,297.7510070800781,0.0,188945.0,188945.0,0.0,0.0,0.0,0.0,0.8740573525428772,0.8740573525428772,0.8740573525428772,0.8579530715942383,1198653.75,0.9959999918937683,0.9959999918937683,0.9959999918937683,0.9959999918937683,5797772.5,2732878.75,7417796.0,8530632.0,2606300.0,4017356.5,0.0039002730045467615,0.007810546550899744,1050.5106201171875,529.4085693359375,538.5184326171875,539.2684326171875,331.995361328125,366.2218322753906,337.9277648925781,197.4132080078125,172.29660034179688,201.34066772460938,1603.744140625,1050.5223388671875,350.2959289550781,350.2959289550781,350.2959289550781,527.0568237304688,527.0568237304688,527.0568237304688,3.0000925064086914,0.864845335483551,0.8642101287841797,3.000095844268799,5.0,0.0040000081062316895,0.0040000081062316895,0.0040000081062316895,0.0040000081062316895,0.0,-0.4368000030517578,0.0,600018.5,164.21847534179688,164.21847534179688,0.0,20.0,2783276.5,7.25,12.0,10.25,225.30435180664062,225.30435180664062,225.30435180664062,0.0,0.0,0.7926306128501892,0.9211652278900146,10000.0,10000.0,0.011826000176370144,1038.5,0.027953999117016792,0.0,0.0,1.0878000259399414,1.0809999704360962,9.000000136438757e-05,103.0,33.220001220703125,1.8179999589920044,0.029999999329447746,49.0,8.329999923706055,4.159999847412109,58.0,302.0,4.5,0.699999988079071,0.4000000059604645,7.5,1.3799999952316284,2.492000102996826,7000.0,48.88999938964844,1.2000000476837158,45.0,62000.0,4590000.0,4250000.0,15900000.0,15100000.0,0.05000000074505806,0.17000000178813934,0.009999999776482582,15220000.0,1.6699999570846558,312.7799987792969,1.1100000143051147,4232.0,0.25,689000.0,4030000.0,9.829999923706055,8.550000190734863,12200000.0,231.10000610351562,88.3239974975586,633.0,1.1430000066757202,0.6858000159263611,-10.0,-3.7799999713897705,0.7799999713897705,295.5,4030000.0,12400000.0,0.9200000166893005,5.0,0,0,0,228,160,0,0,1,0,0,0,0,0,1,0,0,0,1,1,1,0,1,0,0,1,0,0,1,1,1,0,0,0,0,0,0,0,0,0,0,0,0,1,1,0.9769505858421326,6367760.5,1.087552547454834,1.0024675130844116,1.0301423072814941,308.9358215332031,34.31932830810547,0.0038474262692034245,1,1,1,0,0,0,1,1,0,0,0,0,0,180,0.20000000298023224,0.20000000298023224,0.20000000298023224,0.0,2,0,0,0,0,0,0,0,0,0,0,0,0,0,0,0,0,0,0,0,0,0,0,0,0,0,0,0,0,0,0,0,0,0,0,0,0,0,0,0,0,0,0,0,0,0,0,0,0,0,0,1,0,0,0,0,0,0,0,0,0,0,0,0,0,0,0,0,0,0,0,0,0,0,0,0,0,0,0,0,0,0,0,0,0,0,0,0,0,0,0,0,0,0,0,0,0,0,0,0,0,0,0,0,0,0,0,0,0,0,0,0,0,0,0,0,0,0,0,0,0,0,0,0,0,0,0,0,0,0,0,0,0,0,0,0,0,0,0,0,0,0,0,1,0,0,0,0,0,0,0,0,0,0,0,-1,0,0,0,0,0,0,1,1,0,0,97.69506072998047,-3.360285758972168,0.0,-0.5338090658187866,-1.6815581571897805e-44,309.2817687988281,308.9358215332031,738.1951293945312,-5.62709647056181e-06,99.29380798339844,2663.78564453125,1.087552547454834,1.0301423072814941,-1.0,0.345947265625,6.827850029367255e-06,0.004048450849950314,100.0,27.0,0.0,7.799991607666016,3.062253713607788,1.0,1.0,35.41289520263672,0.253484845161438,20.0,5.249177320365561e-06,0.0,74.0706558227539,1.7332994937896729,1.8179994821548462,0.00036938843550160527,0.6817498207092285,0.5431922078132629,29.030296325683594,8.919808387756348,19.912059783935547,15.302234649658203,0.5338196158409119,51.788368225097656,44.898040771484375,277.4267883300781,144.6038055419922,0.9699802398681641,325.8938903808594,40.007659912109375,0.29459047317504883,291.7962646484375,291.80010986328125,291.73162841796875,326.0402526855469,326.2061462402344,326.0406188964844,100.0,4.305934906005859,57.21146011352539,150.8574981689453,308.91827392578125,309.00311279296875,308.8861083984375,340.2618408203125,52.90552520751953,36.55510711669922,150.8574981689453,0.0,1.0002669095993042,1.005000352859497,1.0021655559539795,88.80828857421875,88.81505584716797,88.86512756347656,64.98037719726562,64.97900390625,64.97726440429688,50.18675994873047,50.207252502441406,50.271724700927734,100.30791473388672,99.9583969116211,100.03787231445312,1941.3663330078125,1938.666259765625,1905.870849609375,526.309326171875,527.4072265625,525.5948486328125,29.0,0.0,48.0,0.5188218951225281,0.6966275572776794,0.4311836063861847,0.7331954836845398,0.5132284164428711,0.6904885172843933,41.0,78.36749267578125,64.4520492553711,226.3126678466797,98.43885040283203,9.999999974752427e-07,87.04742431640625,0.6279147863388062,155.53883361816406,0.9955928921699524,721.2213134765625,39.84980392456055,31.428516387939453,1.0,9.475760459899902,77.8814926147461,0.0,0.9718579053878784,20.0,0.0,60.0,120.0,22.0,120.0,3.4925854206085205,0.0,0.0,990.5457153320312,18.088300704956055,89.19808197021484,2.0,200.0,0,0,228,228,228,228,200,228,228,228,160,0,99999,99999,13,402,1800,180,1800,998,20,990,97,23,0,0,0,806,1424,29,31,32,0,0,0,0,0,0,0,0,0,0,0,0,0,0,1,0,0,0,0,1,1,1,0,1,0,0,0,1,0,0,0,0,0,0,0,0,0,0,0,0,1,0,1,0,0,1,1,0,1,0,1,0,1,0,0,0,1,1,0,1,0,1,0,0,0,1,1,1,0,0,1,0,1,0,0,0,0,1,1,0,0,1,0,0,0,1,0,0,0,0,0,0,1,0,0,0,1,1,0,0,1,0,1,0,1,0,1,0,0,0,1,0,1,1,1,0,0,1,0,0,0,0,0,1,1,1,0,0,0,0,0,0,0,0,0,0,0,1,0,1,0,1,0,0,0,0,0,0,0,0,0,1,0,1,0,1,0,1,1,1,1,1,1,1,0,0,0,0,0,0,1,0,1,1,1,1,1,1,1,1,1,1,1,1,0,0,1,1,0,0,1,1,0,1,0,1,0,1,1,0,0,0,1,0,0,0,0,1,0,0,0,1,0,1,1,0,0,1,0,0,1,1,0,1,1,1,0,1,1,0,1,0,1,1,0,0,0,0,0,0,1,1,1,1,0,0,0,0,0,0,0,0,0,0,0,0,0,0,0,0,0,0,0,0,0,0,0,0,0,0,0,0,0,0,0,0,0,0,0,0,0,0,0,0,0,0,0,0,0,0,0,0,0,0,0,0,0,0,0,0,0,0,0,0,0,0,0,1,0,0,0,1,0,0,0,0,0,0,0,0,0,0,0,0,0,0,1,0,0,0,0,0,0,0,0,0,0,0,0,0,0,0,0,0,0,0,0,0,0,0,0,0,0,0,0,0,0,0,0,0,0,0,0,0,0,0,0,0,0,0,0,0,0,0,0,0,0,0,0,0,0,0,0,0,0,0,0,0,0,0,0,1,0,1,0,0,0,0,0,1,0,0,0,0,0,0,0,0,0,0,0,0,0,0,0,1,0,0,0,0,0,0,0,0,0,0,0,0,0,0,1,0,0,0,0,0,0,0,0,0,0,1,0,0,0,0,0,0,0,0,0,0,0,0,0,0,0,0,0,0,0,0,0,0,0,0,0,0,0,1,0,0,0,0,0,0,1,1,1,0,0,0,0,0,0,-1,0,0,0,0,0,0,0,0,-1,0,0,-1,0,0,0,0,0,0,0,0,0,0,0,0,0,0,0,0,0,0,1,0,0,0,0,0,0,0,0,0,0,0,0,0,0,0,0,1,1,0,-1,-1,-1,1,1,1,0,0,0,0,1,0,0,1,1,0,0,0,0,1,0,0,0,0,0,0,0,0,0,0,0,0,0,0,0,0,0,0,0,0,0,0,0,0,0,0,0,0,0,1,1,0,1,0,1,1,0,1,0,1,1,0,1,0,0,1,0,0,0,0,0,0,0,0,0,0,0,0,0,0,0,0,0,0,0,0,0,0,0,0,0,0
0,1,1,300,228,8,8,228,114,25,1,0,0.0020000000949949026,4000.0,1.0,0.04500000178813934,25.0,48.0,8.0,291.70001220703125,1.7000000476837158,-3.179999907843012e-07,0.007360000163316727,0.008080000057816505,8.0,0.33000001311302185,0.0333000011742115,1.0,9.999999747378752e-06,21.0,9.999999747378752e-06,2775000064.0,9.000000136438757e-05,4.999999980020986e-13,5.0,40.0,3.0,-3.3499999046325684,3.3499999046325684,0.5,0.0004799999878741801,292.3927001953125,492.6077880859375,-0.0036125299520790577,0.002354159951210022,0.0008944629807956517,0.013157900422811508,0.800646185874939,0.02024419978260994,2650129920.0,0.006539999973028898,228,228,228,228,228,228,228,228,228,228,228,228,228,228,228,228,228,228,228,228,228,228,228,228,200,200,200,200,228,228,228,228,228,228,228,228,228,228,228,228,228,228,228,228,228,228,228,228,228,228,228,228,0,1,4,4,228,228,228,200,228,228,228,228,3,0,0.00040181181975640357,292.31719970703125,665.8803100585938,752.1690063476562,842.935791015625,930.50390625,1065.3369140625,1100.0079345703125,1112.671630859375,1098.23291015625,1060.5997314453125,1002.971435546875,922.9660034179688,835.54638671875,748.3660278320312,669.0782470703125,592.4342651367188,530.489013671875,483.87896728515625,452.1614990234375,432.68487548828125,424.29248046875,424.2168884277344,429.01666259765625,435.2503662109375,439.4765625,-0.0026937793008983135,0.7572542428970337,0.7719831466674805,-3.1374740501632914e-05,0.7554399967193604,0.991110622882843,116863.7734375,3.638878115452826e-05,0.3261697590351105,0.7719267010688782,0.9770253896713257,0.9771469235420227,0.02249111980199814,1.0,-1.6815581571897805e-44,-3.3600399494171143,0.0,99.29376220703125,2663.787841796875,0.9435378909111023,738.3621215820312,228.0,45.15119934082031,2.77085542678833,1.0,0.0,309.26885986328125,280609.65625,-0.5350380539894104,6.448659896850586,130.28829956054688,1.208837628364563,7750000.0,8160000.0,86.12000274658203,119.0999984741211,0.5,9.999999747378752e-05,0.0,3.299999952316284,200.0,0.30000001192092896,309.20001220703125,2.439019908706541e-06,0,0,0,1,1,1,0,24,0,308.885498046875,0.0,0.0,0.0,0.0,0.0,0.0,0.5138168931007385,0.8731440305709839,0.5186589360237122,-0.0024210214614868164,-0.0004292588564567268,-0.00033182353945448995,0.5024210214614868,0.5018038749694824,0.5016043186187744,1.0,25.0,24.0,6368759.5,6368914.0,6369051.0,291.7447509765625,291.7998046875,291.7935791015625,325.9468994140625,326.081298828125,325.94671630859375,4400000.0,308.8458251953125,308.9405517578125,308.8701477050781,34.2021484375,34.281494140625,34.15313720703125,325.83233642578125,4599.8671875,4593.0390625,4612.201171875,12.777009963989258,12.770453453063965,12.769647598266602,13.383697509765625,0.0,0.0,0.0020000000949949026,291.7793884277344,325.99163818359375,-28.21302032470703,1.6325873136520386,1.6306198835372925,1.6299866437911987,-7.0743608474731445,39.0,40.0,42.0,41.0,0.0,0.0,6368964.5,6317550.0,83.018798828125,5.0,0.014999999664723873,-180000.0,600.0,1000000.0,400000.0,0.17000000178813934,22000.0,786000.0,120000.0,0.0,40.0,30.0,36.810001373291016,0.5,18.399999618530273,50000.0,115692.3984375,15.113750457763672,0,0,1,0,0,0,0,14758820.0,0.0,0.0,0.0,0.0,0.0,-635770.0,400000.0,1000000.0,1.0,1400000.0,0.0,0.5279399156570435,14764230.0,126869.6328125,14758820.0,340.26312255859375,40.007659912109375,5.276201248168945,-635770.0,0.0,0.0,0.0,3.648275852203369,40.007659912109375,0.0,22230.939453125,1.2010046243667603,0.0,0.0,0.0,20.0,14.711517333984375,22.0,0.0,0.0,0.0,0.05000000074505806,0.02500000037252903,0.17000000178813934,15400000.0,0.5,6.25,0.0006667000125162303,2.0,2410000.0,4140000.0,4.734799861907959,0.15000000596046448,0.20000000298023224,0.2199999988079071,1.0,0.0,-1.0,0.0,5.0,20.0,30.0,50.0,74.0,80.0,86.0,9.800000190734863,500000.0,1.0499999802959792e-07,0.5,750.0,1000.0,600.0,1000.0,1150.0,32.0,32.0,37.400001525878906,10.0,10.0,0.007000000216066837,0.5049999952316284,82.0,189.26499938964844,0.0,1.5099999904632568,231.60000610351562,20.0,36.0,16.600000381469727,16.5,225.0,-0.1756729930639267,27.5,-0.1756729930639267,30.485509872436523,0.1561516970396042,11.10221004486084,-1.8332500457763672,-75.0,4.3520002365112305,9.800000190734863,189.26499938964844,93.30000305175781,2650000.0,0.8500000238418579,7.570000171661377,0,1,0,0,0,0,0,0,0,0,0,1,3,3,0,0,1,1,0,0,0,0,0,0,0,0,0,0,1,0,0,0,0,0,0,0,0,0,0,1,0,0,0,0,0,0,0,0,0,0,12.059121131896973,29061.404296875,2153.699951171875,0.00041495769983157516,0.0004361289902590215,0.0006248649442568421,1.0,1.0,0.0,0.0,0.0,0.5349262356758118,0.5258159637451172,1.0,0.0,0.0,0.0,1.0,0.0,0.0,1.0,1.0,0.0,1.0,1.0,0.009947419166564941,0.0,1.0,0.0,0.6448414325714111,0.6468412280082703,0.00041495769983157516,0.0,0.0,0.0,99998.78125,99999.0,2843750.75,2410000.0,36.20000076293945,36.20000076293945,36.20000076293945,32.29860305786133,277.0267333984375,144.18731689453125,51.61787033081055,26.13946533203125,38.824241638183594,27.0,28.84042739868164,27.0,0.0,32.0,20.0,68.57752227783203,3446668.0,0.5431922078132629,3.7799999713897705,4.261847972869873,8.919808387756348,0.0,0.0,0.0,1.401298464324817e-45,5.524606227874756,5.524606227874756,0.5049998760223389,0.5049998760223389,0.5049998760223389,0.18937495350837708,0.18937495350837708,0.18937495350837708,0.0,0.0,0.0,0.0,0.0,0.0,5.294999599456787,0.0,0.0,0.0,0.0,0.0,0.0,100.0,74.07213592529297,0.5713221430778503,0.0,20.0,0.0,5.469650745391846,5.20125150680542,0.0,0.0,0.0,0.007000000216066837,0.0,0.0,9.553118705749512,0.0,1.7333141565322876,1.401298464324817e-45,5.2087225914001465,0.0,0.0,0.0,0.0,0.0,0.0,20.0,0.0,0.0,14456876.0,0.0,0.0,0.0,0.0,0.0,0.0,0.0,0.351500004529953,18.93000030517578,23.030000686645508,7.69199959904654e-06,0.08500000089406967,0.009999999776482582,24.0,27.0,8.800000190734863,500000.0,0.05000000074505806,2.7000000013543968e-09,2.7000000013543968e-09,145100.0,120000.0,14650000.0,86400.0,17.0,34.5,48.70000076293945,321.8999938964844,83170.0,0.0,1.0,1.0,0.0010000000474974513,725.0,0.0,0.5,0.0,0.0,57.31999969482422,837142.875,9359.77734375,117376.1015625,2623.89794921875,83026.390625,725.0,1.0204100362898316e-05,740000000.0,1,0,1,0,1,0,1,0,0,0,0,8.799991607666016,27.0,576.2191772460938,0.0,0.0,0.0,0.0,0.23112916946411133,0.00033013150095939636,0.0,0.004432277753949165,35.481563568115234,1.0,24858.015625,1251.082275390625,5.7477900554658845e-06,2758594048.0,4293989376.0,2905635072.0,4237659648.0,-83.3541488647461,29.50244140625,-142454272.0,56329708.0,5.2087225914001465,1551.89013671875,88.56287384033203,1522.3876953125,106381.3984375,3372.921875,143904.625,149022.5625,122858.015625,6.799997806549072,35.481563568115234,35.481563568115234,1.0,5.7477900554658845e-06,1251.082275390625,356302848000.0,0.19659888744354248,137600.0,137600.0,107962768.0,83.05535125732422,5477.42041015625,1.0,0.0,1700.0,250000.0,10000.0,1038.0,0.004999999888241291,400.0,5000.0,0,0,0,0,2963518.0,64.70863342285156,64.70863342285156,1229481.875,2783503.5,1.0,1.0,1233702.625,228.85711669921875,6317332.0,1.0,0.9955536723136902,1.0,1.0,1038.9251708984375,278.01708984375,189.5054473876953,128.5555419921875,6212649.5,808787.375,189.5054473876953,1.0,1.0,1.0,136.6624755859375,1572.013671875,796.9989013671875,0.0,0.0,0.0,7680000.0,522.6181030273438,524.2011108398438,525.619140625,0.0,2783503.5,0.0,129.41726684570312,0.0,0.0,278.9044189453125,1.0,0.0,-7.5742998123168945,0.0,5.605193857299268e-45,9.999999974752427e-07,0.0,2.0,0.0003000000142492354,0.004999999888241291,0.0010000000474974513,2.0000000233721948e-07,2.0000000233721948e-07,0.0005555999814532697,993000000.0,1.0,0.05000000074505806,0.10000000149011612,0.0005000000237487257,0.0016700000269338489,0.009999999776482582,1.0,1.0,0.0010000000474974513,4.999999873689376e-05,0.00039999998989515007,0.019999999552965164,0.9891999959945679,0.9891999959945679,0.9950000047683716,0.9950000047683716,1,0,0,0,0,1,0,0,1,0,1,1,0,0,0.9967667460441589,989789376.0,63276.2734375,4860036.0,1165.517333984375,2545923.0,1443.4375,1.0,2328738.75,0.9646927714347839,1.0,60.0,180.0,1800.0,1800.0,1.0047005414962769,0.019808992743492126,1.0,1.0,-0.012236599810421467,0.0,0.0,0.0,0.0,-0.0002651214599609375,-0.0004433333524502814,0.0,0.0,-0.0004433333524502814,0.0,-0.0004433333524502814,-0.0004433333524502814,0.0,7.006492321624085e-44,1,1,0,1,1,1,0,1,1,0,1,0,1,1,1,1,1,1,1,1,0,1000,1000,0,1,5001,5001,220.0,3490.30029296875,120.0,120.0,60.0,0.0,0.4000000059604645,0.10000000149011612,0.10000000149011612,2.0,500.0,200.0,0.9900000095367432,300000.0,5000.0,45000.0,20000.0,0.019999999552965164,2.0,0.05000000074505806,0.019999999552965164,6.0,0.05000000074505806,0.019999999552965164,0.019999999552965164,88.30000305175781,0.10000000149011612,0.800000011920929,0.05000000074505806,0.009999999776482582,50.0,50.0,340.0,340.0,1000000.0,1,1,1,1,1,1,1,1,1,1,0,0,0,1,1,0,1.0,0.0,0.0,0.0,0.010825781151652336,0.0,0.0,0.0,0.9181274771690369,0.9181274771690369,0.9181274771690369,5000.4052734375,3900275.25,3905275.75,50.0,27.618215560913086,0.4000000059604645,0.0,0.0,0.10000000149011612,0.16451385617256165,1.0,45000.0,20.0,29.34740447998047,778818.6875,33.48155212402344,4589.1142578125,721.2213134765625,0.778818666934967,0.9181983470916748,9.475720405578613,1.0,3221745.0,3304317.0,9.718579292297363,20.0,0.27240264415740967,27.240264892578125,0.0,636.4223022460938,411.3108825683594,100000.0,50000.0,1115.300048828125,50000.0,700.0,2000.0,2800000.0,3500000.0,4000000.0,9.999999747378752e-05,4.999999873689376e-05,500.0,20000.0,100.0,500.0,60000.0,1200.0,1.0,120.0,150000.0,3000.0,300.0,1.0,300.0,0.019999999552965164,0.019999999552965164,0.009999999776482582,0.009999999776482582,0.009999999776482582,0.019999999552965164,1.100000023841858,0.019999999552965164,4.0,0.019999999552965164,88.0,1613.0,0.009999999776482582,0.20000000298023224,3.0,5.0,600.0,0.0010000000474974513,88.0,88.0,2000.0,2340.0,-0.11599799990653992,-0.03561130166053772,-0.04758000001311302,-0.01752999983727932,0,0,0,0,0,1,0,523.1732788085938,523.1732788085938,2.10107421875,2.10107421875,0.017048107460141182,31.428516387939453,164.2184295654297,1603.9530029296875,1050.3984375,798.7686157226562,798.7686157226562,3.2078857421875,3.2078857421875,1603.1217041015625,548.63671875,0.0,0.0,2667166.25,20.00048065185547,20.00048065185547,156.37188720703125,156.37188720703125,65723.3125,65723.3125,1.0953885316848755,1.0953885316848755,114.42855834960938,114.42855834960938,24.998981475830078,24.998981475830078,104598.25,104598.25,25.00892448425293,155.53826904296875,158.5164794921875,2644384.25,20.00048065185547,20.00048065185547,227.04525756835938,227.04525756835938,155.9602508544922,155.9602508544922,652553.375,652553.375,0.0,114.46623992919922,114.46623992919922,228.94952392578125,160209.75,160209.75,1.0680650472640991,1.0680650472640991,226.3065185546875,155.9602508544922,277.8815002441406,138.9407501220703,138.9407501220703,204.1951446533203,204.1951446533203,408.3902893066406,0.0,0.0,0.0,138.92115783691406,138.92115783691406,204.1951446533203,204.1951446533203,0.026315800845623016,13.0646333694458,0.20000000298023224,0.8640450239181519,0.9173066020011902,0.8715687990188599,0.5138168931007385,0.4317178726196289,0.519345760345459,0.9599996209144592,1.0,1.0,1.0,0.9999998211860657,0.9999998211860657,0.9999998211860657,190862.046875,193242.0625,0.0,0.0,0.0,0.0,0.0,0.0,0.0,296.3810119628906,297.7510070800781,0.0,189057.75,189057.75,0.0,0.0,0.0,0.0,0.8739168047904968,0.8739168047904968,0.8739168047904968,0.8573312759399414,1198522.75,0.9959999918937683,0.9959999918937683,0.9959999918937683,0.9959999918937683,5796135.0,2732940.25,7417071.5,8529054.0,2606300.0,4017227.5,0.0039002751000225544,0.007810551207512617,1050.5487060546875,529.702392578125,538.664794921875,539.39111328125,332.1716613769531,366.280029296875,337.99090576171875,197.53073120117188,172.384765625,201.40020751953125,1603.9700927734375,1050.5604248046875,350.29736328125,350.29736328125,350.29736328125,526.9069213867188,526.9069213867188,526.9069213867188,3.00008225440979,0.8642618656158447,0.8642635345458984,3.0000855922698975,5.0,0.0040000081062316895,0.0040000081062316895,0.0040000081062316895,0.0040000081062316895,0.0,-0.4368000030517578,0.0,600016.4375,164.2184295654297,164.2184295654297,0.0,20.0,2783151.75,7.25,12.0,10.25,225.30307006835938,225.30307006835938,225.30307006835938,0.0,0.0,0.7926306128501892,0.9211652278900146,10000.0,10000.0,0.011826000176370144,1038.5,0.027953999117016792,0.0,0.0,1.0878000259399414,1.0809999704360962,9.000000136438757e-05,103.0,33.220001220703125,1.8179999589920044,0.029999999329447746,49.0,8.329999923706055,4.159999847412109,58.0,302.0,4.5,0.699999988079071,0.4000000059604645,7.5,1.3799999952316284,2.492000102996826,7000.0,48.88999938964844,1.2000000476837158,45.0,62000.0,4590000.0,4250000.0,15900000.0,15100000.0,0.05000000074505806,0.17000000178813934,0.009999999776482582,15220000.0,1.6699999570846558,312.7799987792969,1.1100000143051147,4232.0,0.25,689000.0,4030000.0,9.829999923706055,8.550000190734863,12200000.0,231.10000610351562,88.3239974975586,633.0,1.1430000066757202,0.6858000159263611,-10.0,-3.7799999713897705,0.7799999713897705,295.5,4030000.0,12400000.0,0.9200000166893005,5.0,0,0,0,228,160,0,0,1,0,0,0,0,0,1,0,0,0,1,1,1,0,1,0,0,1,0,0,1,1,1,0,0,0,0,0,0,0,0,0,0,0,0,1,1,0.9770253896713257,6368759.5,1.087619662284851,1.0000518560409546,1.029273271560669,308.89703369140625,34.23662567138672,0.0019769896753132343,1,1,1,0,0,0,1,1,0,0,0,0,0,183,0.20000000298023224,0.20000000298023224,0.20000000298023224,0.0,2,0,0,0,0,0,0,0,0,0,0,0,0,0,0,0,0,0,0,0,0,0,0,0,0,0,0,0,0,0,0,0,0,0,0,0,0,0,0,0,0,0,0,0,0,0,0,0,0,0,0,1,0,0,0,0,0,0,0,0,0,0,0,0,0,0,0,0,0,0,0,0,0,0,0,0,0,0,0,0,0,0,0,0,0,0,0,0,0,0,0,0,0,0,0,0,0,0,0,0,0,0,0,0,0,0,0,0,0,0,0,0,0,0,0,0,0,0,0,0,0,0,0,0,0,0,0,0,0,0,0,0,0,0,0,0,0,0,0,0,0,0,0,1,0,0,0,0,0,0,0,0,0,0,0,-1,0,0,0,0,0,0,1,1,0,0,97.7025375366211,-3.3600399494171143,0.0,-0.5350380539894104,-1.6815581571897805e-44,309.26885986328125,308.89703369140625,738.3621215820312,-3.1374740501632914e-05,99.29376220703125,2663.787841796875,1.087619662284851,1.029273271560669,-1.0,0.371826171875,6.827850029367255e-06,0.004432277753949165,100.0,27.0,0.0,7.799991607666016,3.0972859859466553,1.0,1.0,35.481563568115234,0.2536536753177643,20.0,5.7477900554658845e-06,0.0,74.07213592529297,1.7333141565322876,1.8179994821548462,0.00036938843550160527,0.6817498207092285,0.5431922078132629,29.01791763305664,8.919808387756348,19.888582229614258,15.342652320861816,0.5349262356758118,51.61787033081055,44.898040771484375,277.0267333984375,144.18731689453125,0.9697844982147217,325.8460388183594,40.007659912109375,0.29459047317504883,291.794189453125,291.7998046875,291.74163818359375,325.9679870605469,326.1101989746094,325.9683532714844,100.0,4.338222503662109,57.1322135925293,150.6556854248047,308.881103515625,308.95501708984375,308.85498046875,340.26300048828125,52.79399108886719,36.498878479003906,150.6556854248047,0.0,0.9982166290283203,1.002206563949585,0.9997622966766357,88.80155181884766,88.80753326416016,88.8543472290039,64.99043273925781,64.9890365600586,64.98746490478516,50.160430908203125,50.180389404296875,50.242103576660156,100.27879333496094,99.87773895263672,100.01031494140625,1941.8079833984375,1939.1932373046875,1906.9285888671875,525.7945556640625,526.88330078125,525.2335205078125,29.0,0.0,48.0,0.519345760345459,0.6972550749778748,0.4317178726196289,0.7338452935218811,0.5138168931007385,0.6912360191345215,41.0,78.36749267578125,64.46269226074219,226.3065185546875,98.37382507324219,9.999999974752427e-07,87.03132629394531,0.6270502805709839,155.53826904296875,0.9955536723136902,721.2213134765625,39.84982681274414,31.428516387939453,1.0,9.475720405578613,77.88186645507812,0.0,0.9718579053878784,20.0,0.0,60.0,120.0,22.0,120.0,3.490300416946411,0.0,0.0,989.7893676757812,18.088300704956055,89.19808197021484,2.0,200.0,0,0,228,228,228,228,200,228,228,228,160,0,99999,99999,13,402,1800,180,1800,998,20,989,97,23,0,0,0,806,1424,29,31,32,0,0,0,0,0,0,0,0,0,0,0,0,0,0,1,0,0,0,0,1,1,1,0,1,0,0,0,1,0,0,0,0,0,0,0,0,0,0,0,0,1,0,1,0,0,1,1,0,1,0,1,0,1,0,0,0,1,1,0,1,0,1,0,0,0,1,1,0,0,0,1,0,1,0,0,0,0,0,1,0,0,1,0,0,0,1,0,0,0,0,0,0,1,0,0,0,1,1,0,0,1,0,1,0,1,0,1,0,0,0,1,0,1,1,1,0,0,1,0,0,0,0,0,1,1,1,0,0,0,0,0,0,0,0,0,0,0,1,0,1,0,1,0,0,0,0,0,0,0,0,0,1,0,1,0,1,0,1,1,1,1,1,1,1,0,0,0,0,0,0,1,0,1,1,1,1,1,1,1,1,1,1,1,0,0,0,1,1,0,0,1,1,0,1,0,1,0,1,1,0,0,0,1,0,0,0,0,1,0,0,0,1,0,1,1,0,0,1,0,0,1,1,0,1,1,1,0,1,1,0,1,0,1,1,0,0,0,0,0,0,1,1,1,1,0,0,0,0,0,0,0,0,0,0,0,0,0,0,0,0,0,0,0,0,0,0,0,0,0,0,0,0,0,0,0,0,0,0,0,0,0,0,0,0,0,0,0,0,0,0,0,0,0,0,0,0,0,0,0,0,0,0,0,0,0,0,0,0,0,0,0,0,0,0,0,0,0,0,0,0,0,0,0,0,0,0,1,0,0,0,0,0,0,0,0,0,0,0,0,0,0,0,0,0,0,0,0,0,0,0,0,0,0,0,0,0,0,0,0,0,0,0,0,0,0,0,0,0,0,0,0,0,0,0,0,0,0,0,0,0,0,0,0,0,0,0,0,0,0,0,0,1,0,1,0,0,0,0,0,1,0,0,0,0,0,0,0,0,0,0,0,0,0,0,0,1,0,0,0,0,0,0,0,0,0,0,0,0,0,0,1,0,0,0,0,0,0,0,0,0,0,1,0,0,0,0,0,0,0,0,0,0,0,0,0,0,0,0,0,0,0,0,0,0,0,0,0,0,0,1,0,0,0,0,0,0,1,1,1,0,0,0,0,0,0,-1,0,0,0,0,0,0,0,0,-1,0,0,-1,0,0,0,0,0,0,0,0,0,0,0,0,0,0,0,0,0,0,1,0,0,0,0,0,0,0,0,0,0,0,0,0,0,0,0,1,1,0,-1,-1,-1,1,1,1,0,0,0,0,1,0,0,1,1,0,0,0,0,1,0,0,0,0,0,0,0,0,0,0,0,0,0,0,0,0,0,0,0,0,0,0,0,0,0,0,0,0,0,1,1,0,1,0,1,1,0,1,0,1,1,0,1,0,0,1,0,0,0,0,0,0,0,0,0,0,0,0,0,0,0,0,0,0,0,0,0,0,0,0,0,0
0,1,1,300,228,8,8,228,114,25,1,0,0.0020000000949949026,4000.0,1.0,0.04500000178813934,25.0,48.0,8.0,291.70001220703125,1.7000000476837158,-3.179999907843012e-07,0.007360000163316727,0.008080000057816505,8.0,0.33000001311302185,0.0333000011742115,1.0,9.999999747378752e-06,21.0,9.999999747378752e-06,2775000064.0,9.000000136438757e-05,4.999999980020986e-13,5.0,40.0,3.0,-3.3499999046325684,3.3499999046325684,0.5,0.0004799999878741801,292.3927001953125,492.6077880859375,-0.0036125299520790577,0.002354159951210022,0.0008944629807956517,0.013157900422811508,0.800646185874939,0.02024419978260994,2650129920.0,0.006539999973028898,228,228,228,228,228,228,228,228,228,228,228,228,228,228,228,228,228,228,228,228,228,228,228,228,201,201,201,201,228,228,228,228,228,228,228,228,228,228,228,228,228,228,228,228,228,228,228,228,228,228,228,228,0,1,4,4,228,228,228,201,228,228,228,228,3,0,0.00040181263466365635,292.30523681640625,666.353515625,752.64990234375,843.4353637695312,931.0143432617188,1065.7706298828125,1100.29736328125,1112.697021484375,1097.9725341796875,1060.0770263671875,1002.2532348632812,922.1280517578125,834.6727294921875,747.5166625976562,668.2889404296875,591.7438354492188,529.8978271484375,483.3724365234375,451.7123718261719,432.2608642578125,423.8603820800781,423.751708984375,428.5037841796875,434.68548583984375,438.86566162109375,-0.00260356767103076,0.7551511526107788,0.7719831466674805,-4.900637941318564e-05,0.7554407119750977,0.9910253286361694,116571.046875,3.6367047869134694e-05,0.32609450817108154,0.7697263360023499,0.976030707359314,0.9764363169670105,0.02243049629032612,1.0,-1.6815581571897805e-44,-3.360356092453003,0.0,99.29373168945312,2663.789794921875,0.9435387849807739,738.17529296875,228.0,37.96598815917969,3.128268003463745,0.0,0.0,309.2539978027344,280610.21875,-0.5355064272880554,6.447590351104736,130.28829956054688,1.2117270231246948,7750000.0,8160000.0,86.12000274658203,119.0999984741211,0.5,9.999999747378752e-05,0.0,3.299999952316284,200.0,0.30000001192092896,309.20001220703125,2.439019908706541e-06,0,0,0,1,1,1,0,24,0,308.8543395996094,0.0,0.0,0.0,0.0,0.0,0.0,0.514299213886261,0.8731182813644409,0.5186553597450256,-0.0021780729293823242,-0.00045158335706219077,-0.0003482845495454967,0.5021780729293823,0.5015990734100342,0.5014184713363647,1.0,25.0,24.0,6369201.0,6369338.5,6369483.0,291.7520751953125,291.798828125,291.79144287109375,325.8904113769531,326.0030822753906,325.8901672363281,4400000.0,308.82122802734375,308.90093994140625,308.8408203125,34.138336181640625,34.204254150390625,34.098724365234375,325.7939758300781,4598.5625,4589.912109375,4610.86767578125,12.775965690612793,12.769962310791016,12.76937198638916,13.325469970703125,0.0,0.0,0.0020000000949949026,291.7807922363281,325.9278869628906,-23.176538467407227,1.6318563222885132,1.6300216913223267,1.6294630765914917,-7.104107856750488,39.0,40.0,42.0,41.0,0.0,0.0,6369250.0,6317879.0,82.89813995361328,5.0,0.014999999664723873,-180000.0,600.0,1000000.0,400000.0,0.17000000178813934,22000.0,786000.0,120000.0,0.0,40.0,30.0,36.810001373291016,0.5,18.399999618530273,50000.0,115692.3984375,15.113750457763672,0,0,1,0,0,0,0,14745090.0,0.0,0.0,0.0,0.0,0.0,-650669.0,400000.0,1000000.0,1.0,1400000.0,0.0,0.5270518660545349,14749331.0,126869.6328125,14745090.0,340.2642822265625,40.007659912109375,5.267961025238037,-650669.0,0.0,0.0,0.0,3.6441214084625244,40.007659912109375,0.0,22230.939453125,1.2010046243667603,0.0,0.0,0.0,20.0,14.711517333984375,22.0,0.0,0.0,0.0,0.05000000074505806,0.02500000037252903,0.17000000178813934,15400000.0,0.5,6.25,0.0006667000125162303,2.0,2410000.0,4140000.0,4.734799861907959,0.15000000596046448,0.20000000298023224,0.2199999988079071,1.0,0.0,-1.0,0.0,5.0,20.0,30.0,50.0,74.0,80.0,86.0,9.800000190734863,500000.0,1.0499999802959792e-07,0.5,750.0,1000.0,600.0,1000.0,1150.0,32.0,32.0,37.400001525878906,10.0,10.0,0.007000000216066837,0.5049999952316284,82.0,189.26499938964844,0.0,1.5099999904632568,231.60000610351562,20.0,36.0,16.600000381469727,16.5,225.0,-0.1756729930639267,27.5,-0.1756729930639267,30.485509872436523,0.1561516970396042,11.10221004486084,-1.8332500457763672,-75.0,4.3520002365112305,9.800000190734863,189.26499938964844,93.30000305175781,2650000.0,0.8500000238418579,7.570000171661377,0,1,0,0,0,0,0,0,0,0,0,1,3,3,0,0,1,1,0,0,0,0,0,0,0,0,0,0,1,0,0,0,0,0,0,0,0,0,0,1,0,0,0,0,0,0,0,0,0,0,12.059142112731934,29061.55859375,2153.699951171875,0.00041495621553622186,0.0004361289902590215,0.0006248649442568421,1.0,1.0,0.0,0.0,0.0,0.536017119884491,0.5268608331680298,1.0,0.0,0.0,0.0,1.0,0.0,0.0,1.0,1.0,0.0,1.0,1.0,0.01006460189819336,0.0,1.0,0.0,0.6445971131324768,0.6466866135597229,0.00041495621553622186,0.0,0.0,0.0,99998.78125,99999.0,2842673.25,2410000.0,36.20000076293945,36.20000076293945,36.20000076293945,32.3028678894043,276.63525390625,143.79302978515625,51.46445083618164,26.146495819091797,38.77910614013672,27.0,28.825359344482422,27.0,0.0,32.0,20.0,68.57752227783203,3446668.0,0.5431932806968689,3.7799999713897705,4.272943496704102,8.919807434082031,0.0,0.0,0.0,1.401298464324817e-45,5.51957368850708,5.51957368850708,0.5049998760223389,0.5049998760223389,0.5049998760223389,0.18937495350837708,0.18937495350837708,0.18937495350837708,0.0,0.0,0.0,0.0,0.0,0.0,5.294999599456787,0.0,0.0,0.0,0.0,0.0,0.0,100.0,74.07351684570312,0.5706532001495361,0.0,20.0,0.0,5.4640212059021,5.212436199188232,0.0,0.0,0.0,0.007000000216066837,0.0,0.0,9.56425952911377,0.0,1.733327865600586,1.401298464324817e-45,5.219818115234375,0.0,0.0,0.0,0.0,0.0,0.0,20.0,0.0,0.0,14442317.0,0.0,0.0,0.0,0.0,0.0,0.0,0.0,0.351500004529953,18.93000030517578,23.030000686645508,7.69199959904654e-06,0.08500000089406967,0.009999999776482582,24.0,27.0,8.800000190734863,500000.0,0.05000000074505806,2.7000000013543968e-09,2.7000000013543968e-09,145100.0,120000.0,14650000.0,86400.0,17.0,34.5,48.70000076293945,321.8999938964844,83170.0,0.0,1.0,1.0,0.0010000000474974513,725.0,0.0,0.5,0.0,0.0,57.31999969482422,837142.875,9359.77734375,117376.1015625,2623.89794921875,83026.390625,725.0,1.0204100362898316e-05,740000000.0,1,0,1,0,1,0,1,0,0,0,0,8.799991607666016,27.0,626.021728515625,0.0,0.0,0.0,0.0,0.25114041566848755,0.00034026073990389705,0.0,0.00481535866856575,35.549827575683594,1.0,24874.4921875,1347.6373291015625,6.24543417870882e-06,2749075712.0,4288376832.0,2899372032.0,4234091264.0,-83.20358276367188,31.1885986328125,-137162320.0,54285828.0,5.219818115234375,1552.388427734375,88.42340087890625,1521.1998291015625,106381.3984375,3384.915771484375,143942.421875,149309.28125,122874.4921875,7.399997234344482,35.549827575683594,35.549827575683594,1.0,6.24543417870882e-06,1347.6373291015625,381124739072.0,0.19666115939617157,137600.0,137600.0,107794552.0,82.92549133300781,5493.80126953125,1.0,0.0,1700.0,250000.0,10000.0,1038.0,0.004999999888241291,400.0,5000.0,0,0,0,0,2963540.25,64.70596313476562,64.70596313476562,1229512.5,2783336.5,1.0,1.0,1233420.875,228.84226989746094,6317816.5,1.0,0.9955116510391235,1.0,1.0,1038.2105712890625,278.02362060546875,189.49485778808594,128.48309326171875,6213255.0,808739.0625,189.49485778808594,1.0,1.0,1.0,136.60595703125,1570.7830810546875,796.298583984375,0.0,0.0,0.0,7680000.0,522.20263671875,523.6015625,525.107177734375,0.0,2783336.5,0.0,129.41192626953125,0.0,0.0,278.9078674316406,1.0,0.0,-7.5742998123168945,0.0,5.605193857299268e-45,9.999999974752427e-07,0.0,2.0,0.0003000000142492354,0.004999999888241291,0.0010000000474974513,2.0000000233721948e-07,2.0000000233721948e-07,0.0005555999814532697,993000000.0,1.0,0.05000000074505806,0.10000000149011612,0.0005000000237487257,0.0016700000269338489,0.009999999776482582,1.0,1.0,0.0010000000474974513,4.999999873689376e-05,0.00039999998989515007,0.019999999552965164,0.9891999959945679,0.9891999959945679,0.9950000047683716,0.9950000047683716,1,0,0,0,0,1,0,0,1,0,1,0,0,0,0.9958987236022949,988927424.0,63223.9921875,4857747.0,1164.4716796875,2545788.5,1442.274169921875,1.0,2328840.0,0.9638721346855164,1.0,60.0,180.0,1800.0,1800.0,1.0047005414962769,0.019808992743492126,1.0,1.0,-0.012236599810421467,0.0,0.0,0.0,0.0,-0.00030034780502319336,6.602997746085748e-05,0.0,0.0,6.602997746085748e-05,0.0,6.602997746085748e-05,6.602997746085748e-05,0.0,7.006492321624085e-44,1,1,0,1,1,1,0,1,1,0,1,0,1,1,1,1,1,1,1,1,0,1000,1000,0,1,5001,5001,220.0,3487.6962890625,120.0,120.0,60.0,0.0,0.4000000059604645,0.10000000149011612,0.10000000149011612,2.0,500.0,200.0,0.9900000095367432,300000.0,5000.0,45000.0,20000.0,0.019999999552965164,2.0,0.05000000074505806,0.019999999552965164,6.0,0.05000000074505806,0.019999999552965164,0.019999999552965164,88.30000305175781,0.10000000149011612,0.800000011920929,0.05000000074505806,0.009999999776482582,50.0,50.0,340.0,340.0,1000000.0,1,1,1,1,1,1,1,1,1,1,0,0,0,1,1,0,1.0,0.0,0.0,0.0,0.010186968371272087,0.0,0.0,0.0,0.9181281924247742,0.9181281924247742,0.9181281924247742,5000.40380859375,3900275.75,3905276.25,50.0,27.618175506591797,0.4000000059604645,0.0,0.0,0.10000000149011612,0.16452647745609283,1.0,45000.0,20.0,29.341123580932617,778822.25,33.472164154052734,4589.1142578125,721.2213134765625,0.7788222432136536,0.9181979894638062,9.475680351257324,1.0,3221731.5,3304317.0,9.718579292297363,20.0,0.2724481225013733,27.24481201171875,0.0,636.4223022460938,411.2837219238281,100000.0,50000.0,1115.300048828125,50000.0,700.0,2000.0,2800000.0,3500000.0,4000000.0,9.999999747378752e-05,4.999999873689376e-05,500.0,20000.0,100.0,500.0,60000.0,1200.0,1.0,120.0,150000.0,3000.0,300.0,1.0,300.0,0.019999999552965164,0.019999999552965164,0.009999999776482582,0.009999999776482582,0.009999999776482582,0.019999999552965164,1.100000023841858,0.019999999552965164,4.0,0.019999999552965164,88.0,1613.0,0.009999999776482582,0.20000000298023224,3.0,5.0,600.0,0.0010000000474974513,88.0,88.0,2000.0,2340.0,-0.11599799990653992,-0.03561130166053772,-0.04758000001311302,-0.01752999983727932,0,0,0,0,0,1,0,523.1893920898438,523.1893920898438,2.1011962890625,2.1011962890625,0.017044872045516968,31.42851448059082,164.2183837890625,1604.19775390625,1050.4423828125,798.8905029296875,798.8905029296875,3.2083740234375,3.2083740234375,1603.3924560546875,548.6526489257812,0.0,0.0,2667186.25,20.00048065185547,20.00048065185547,156.37020874023438,156.37020874023438,65723.2890625,65723.2890625,1.0953881740570068,1.0953881740570068,114.42113494873047,114.42113494873047,24.99897575378418,24.99897575378418,104598.2265625,104598.2265625,25.008914947509766,155.53758239746094,158.5159912109375,2644220.75,20.00048065185547,20.00048065185547,227.03268432617188,227.03268432617188,155.9602508544922,155.9602508544922,652553.375,652553.375,0.0,114.46580505371094,114.46580505371094,228.9486541748047,160209.421875,160209.421875,1.0680627822875977,1.0680627822875977,226.29965209960938,155.9602508544922,277.76202392578125,138.88101196289062,138.88101196289062,204.1883544921875,204.1883544921875,408.376708984375,0.0,0.0,0.0,138.8603973388672,138.8603973388672,204.1883544921875,204.1883544921875,0.026315800845623016,13.064559936523438,0.20000000298023224,0.8648003935813904,0.917908787727356,0.8721007108688354,0.514299213886261,0.4321247935295105,0.5197150707244873,0.9599996209144592,1.0,1.0,1.0,0.9999998211860657,0.9999998211860657,0.9999998211860657,190861.671875,193242.0625,0.0,0.0,0.0,0.0,0.0,0.0,0.0,296.3810119628906,297.7510070800781,0.0,189163.84375,189163.84375,0.0,0.0,0.0,0.0,0.8737754225730896,0.8737754225730896,0.8737754225730896,0.8567157983779907,1198382.875,0.9959999918937683,0.9959999918937683,0.9959999918937683,0.9959999918937683,5794451.0,2733007.75,7416281.0,8527436.0,2606300.0,4017063.5,0.0039002755656838417,0.007810552138835192,1050.5811767578125,530.0232543945312,538.8028564453125,539.4482421875,332.3648986816406,366.3404235839844,338.01397705078125,197.65835571289062,172.46243286132812,201.43426513671875,1604.21484375,1050.5928955078125,350.2992248535156,350.2992248535156,350.2992248535156,526.7688598632812,526.7688598632812,526.7688598632812,3.0000710487365723,0.8636905550956726,0.864310622215271,3.000074863433838,5.0,0.0040000081062316895,0.0040000081062316895,0.0040000081062316895,0.0040000081062316895,0.0,-0.4368000030517578,0.0,600014.1875,164.2183837890625,164.2183837890625,0.0,20.0,2783039.75,7.25,12.0,10.25,225.3014678955078,225.3014678955078,225.3014678955078,0.0,0.0,0.7926306128501892,0.9211652278900146,10000.0,10000.0,0.011826000176370144,1038.5,0.027953999117016792,0.0,0.0,1.0878000259399414,1.0809999704360962,9.000000136438757e-05,103.0,33.220001220703125,1.8179999589920044,0.029999999329447746,49.0,8.329999923706055,4.159999847412109,58.0,302.0,4.5,0.699999988079071,0.4000000059604645,7.5,1.3799999952316284,2.492000102996826,7000.0,48.88999938964844,1.2000000476837158,45.0,62000.0,4590000.0,4250000.0,15900000.0,15100000.0,0.05000000074505806,0.17000000178813934,0.009999999776482582,15220000.0,1.6699999570846558,312.7799987792969,1.1100000143051147,4232.0,0.25,689000.0,4030000.0,9.829999923706055,8.550000190734863,12200000.0,231.10000610351562,88.3239974975586,633.0,1.1430000066757202,0.6858000159263611,-10.0,-3.7799999713897705,0.7799999713897705,295.5,4030000.0,12400000.0,0.9200000166893005,5.0,0,0,0,228,160,0,0,0,0,0,0,0,0,1,0,0,0,1,1,1,0,1,0,0,1,0,0,1,1,1,0,0,0,0,0,0,0,0,0,0,0,0,0,0,0.976030707359314,6369201.0,1.087668538093567,0.998020589351654,1.0287072658538818,308.8642883300781,34.16708755493164,0.00017437530914321542,1,1,1,0,0,0,1,1,0,0,0,0,0,186,0.20000000298023224,0.20000000298023224,0.20000000298023224,0.0,2,0,0,0,0,0,0,0,0,0,0,0,0,0,0,0,0,0,0,0,0,0,0,0,0,0,0,0,0,0,0,0,0,0,0,0,0,0,0,0,0,0,0,0,0,0,0,0,0,0,0,1,0,0,0,0,0,0,0,0,0,0,0,0,0,0,0,0,0,0,0,0,0,0,0,0,0,0,0,0,0,0,0,0,0,0,0,0,0,0,0,0,0,0,0,0,0,0,0,0,0,0,0,0,0,0,0,0,0,0,0,0,0,0,0,0,0,0,0,0,0,0,0,0,0,0,0,0,0,0,0,0,0,0,0,0,0,0,0,0,0,0,0,1,0,0,0,0,0,0,0,0,0,0,0,-1,0,0,0,0,0,0,1,1,0,0,97.60307312011719,-3.360356092453003,0.0,-0.5355064272880554,-1.6815581571897805e-44,309.2539978027344,308.8642883300781,738.17529296875,-4.900637941318564e-05,99.29373168945312,2663.789794921875,1.087668538093567,1.0287072658538818,-1.0,0.38970947265625,6.827850029367255e-06,0.00481535866856575,100.0,27.0,0.0,7.799991607666016,3.129573106765747,1.0,1.0,35.549827575683594,0.25382182002067566,20.0,6.24543417870882e-06,0.0,74.07351684570312,1.733327865600586,1.8179994821548462,0.00036938843550160527,0.6817498207092285,0.5431932806968689,29.00692367553711,8.919807434082031,19.870464324951172,15.382596015930176,0.536017119884491,51.46445083618164,44.898040771484375,276.63525390625,143.79302978515625,0.9696123600006104,325.8061828613281,40.007659912109375,0.29459047317504883,291.7923583984375,291.79925537109375,291.75006103515625,325.9079895019531,326.0277404785156,325.9082336425781,100.0,4.360133171081543,57.0653190612793,150.50364685058594,308.85015869140625,308.91351318359375,308.82916259765625,340.26397705078125,52.70518493652344,36.454105377197266,150.50364685058594,0.0,0.996517539024353,0.9998140335083008,0.9977601766586304,88.7984848022461,88.8031234741211,88.84619140625,64.99484252929688,64.99337005615234,64.9919662475586,50.141845703125,50.159908294677734,50.21780776977539,100.25011444091797,99.805908203125,99.9822998046875,1942.013671875,1939.690185546875,1908.0836181640625,525.2761840820312,526.3008422851562,524.8336181640625,29.0,0.0,48.0,0.5197150707244873,0.6976805925369263,0.4321247935295105,0.7343270182609558,0.514299213886261,0.6918403506278992,41.0,78.36749267578125,64.46763610839844,226.29965209960938,98.29681396484375,9.999999974752427e-07,87.01481628417969,0.6265168786048889,155.53758239746094,0.9955116510391235,721.2213134765625,39.849830627441406,31.42851448059082,1.0,9.475680351257324,77.8822250366211,0.0,0.9718579053878784,20.0,0.0,60.0,120.0,22.0,120.0,3.487696409225464,0.0,0.0,988.9274291992188,18.088335037231445,89.19807434082031,2.0,200.0,0,0,228,228,228,228,201,228,228,228,160,0,99999,99999,13,402,1800,180,1800,998,20,988,97,23,0,0,0,806,1424,29,31,32,0,0,0,0,0,0,0,0,0,0,0,0,0,0,1,0,0,0,0,1,1,1,0,1,0,0,0,1,0,0,0,0,0,0,0,0,0,0,0,0,1,0,1,0,0,1,1,0,1,0,1,0,1,0,0,0,1,1,0,1,0,1,0,0,0,1,1,0,0,0,1,0,1,0,0,0,0,0,1,0,0,1,0,0,0,1,0,0,0,0,0,0,1,0,0,0,1,1,0,0,1,0,1,0,1,0,1,0,0,0,1,0,1,1,1,0,0,1,0,0,0,0,0,1,1,1,0,0,0,0,0,0,0,0,0,0,0,1,0,1,0,1,0,0,0,0,0,0,0,0,0,1,0,1,0,1,0,1,1,1,1,1,1,1,0,0,0,0,0,0,1,0,1,1,1,1,1,1,1,1,1,1,1,0,0,0,1,1,0,0,1,1,0,1,0,1,0,1,1,0,0,0,0,0,0,0,0,1,0,0,0,1,0,1,1,0,0,1,0,0,1,1,0,1,1,1,0,1,1,0,1,0,1,1,0,0,0,0,0,0,1,1,1,1,0,0,0,0,0,0,0,0,0,0,0,0,0,0,0,0,0,0,0,0,0,0,0,0,0,0,0,0,0,0,0,0,0,0,0,0,0,0,0,0,0,0,0,0,0,0,0,0,0,0,0,0,0,0,0,0,0,0,0,0,0,0,0,0,0,0,0,0,0,0,0,0,0,0,0,0,0,0,0,0,0,0,0,0,0,0,0,0,0,0,0,0,0,0,0,0,0,0,0,0,0,0,0,0,0,0,0,0,0,0,0,0,0,0,0,0,0,0,0,0,0,0,0,0,0,0,0,0,0,0,0,0,0,0,0,0,0,0,0,0,0,0,0,0,0,0,0,1,0,1,0,0,0,0,0,1,0,0,0,0,0,0,0,0,0,0,0,0,0,0,0,1,0,0,0,0,0,0,0,0,0,0,0,0,0,0,1,0,0,0,0,0,0,0,0,0,0,1,0,0,0,0,0,0,0,0,0,0,0,0,0,0,0,0,0,0,0,0,0,0,0,0,0,0,0,1,0,0,0,0,0,0,1,1,1,0,0,0,0,0,0,-1,0,0,0,0,0,0,0,0,-1,0,0,-1,0,0,0,0,0,0,0,0,0,0,0,0,0,0,0,0,0,0,1,0,0,0,0,0,0,0,0,0,0,0,0,0,0,0,0,1,1,0,-1,-1,-1,1,1,1,0,0,0,0,1,0,0,1,1,0,0,0,0,1,0,0,0,0,0,0,0,0,0,0,0,0,0,0,0,0,0,0,0,0,0,0,0,0,0,0,0,0,0,1,1,0,1,0,1,1,0,1,0,1,1,0,1,0,0,1,0,0,0,0,0,0,0,0,0,0,0,0,0,0,0,0,0,0,0,0,0,0,0,0,0,0
0,1,1,300,228,8,8,228,114,25,1,0,0.0020000000949949026,4000.0,1.0,0.04500000178813934,25.0,48.0,8.0,291.70001220703125,1.7000000476837158,-3.179999907843012e-07,0.007360000163316727,0.008080000057816505,8.0,0.33000001311302185,0.0333000011742115,1.0,9.999999747378752e-06,21.0,9.999999747378752e-06,2775000064.0,9.000000136438757e-05,4.999999980020986e-13,5.0,40.0,3.0,-3.3499999046325684,3.3499999046325684,0.5,0.0004799999878741801,292.3927001953125,492.6077880859375,-0.0036125299520790577,0.002354159951210022,0.0008944629807956517,0.013157900422811508,0.800646185874939,0.02024419978260994,2650129920.0,0.006539999973028898,228,228,228,228,228,228,228,228,228,228,228,228,228,228,228,228,228,228,228,228,228,228,228,228,201,201,201,201,228,228,228,228,228,228,228,228,228,228,228,228,228,228,228,228,228,228,228,228,228,228,228,228,0,1,4,4,228,228,228,201,228,228,228,228,3,0,0.00040181263466365635,292.299560546875,666.4934692382812,752.7757568359375,843.5528564453125,931.1194458007812,1065.7984619140625,1100.2271728515625,1112.4576416015625,1097.5576171875,1059.50830078125,1001.5794677734375,921.4046020507812,833.9562377929688,746.8455200195312,667.6837158203125,591.2285766601562,529.4683227539062,483.0147705078125,451.4048156738281,431.979248046875,423.580322265625,423.45489501953125,428.1794128417969,434.33038330078125,438.484375,-0.002527802251279354,0.7537861466407776,0.7719831466674805,-5.842129758093506e-05,0.7554412484169006,0.9909653067588806,116347.0703125,3.633063533925451e-05,0.32604146003723145,0.7682982683181763,0.9750196933746338,0.9755536317825317,0.022402847185730934,1.0,-1.6815581571897805e-44,-3.360748767852783,0.0,99.2937240600586,2663.792236328125,0.9435394406318665,737.9173583984375,228.0,32.57017517089844,3.3483612537384033,0.4000000059604645,0.0,309.24359130859375,280610.59375,-0.5358364582061768,6.446976661682129,130.28829956054688,1.2135423421859741,7750000.0,8160000.0,86.12000274658203,119.0999984741211,0.5,9.999999747378752e-05,0.0,3.299999952316284,200.0,0.30000001192092896,309.20001220703125,2.439019908706541e-06,0,0,0,1,1,1,0,24,0,308.8356628417969,0.0,0.0,0.0,0.0,0.0,0.0,0.5145609378814697,0.8731022477149963,0.518653154373169,-0.0020461082458496094,-0.00046529556857421994,-0.00035831896821036935,0.5020461082458496,0.5014961361885071,0.5013350248336792,1.0,25.0,24.0,6369256.0,6369378.5,6369531.5,291.75494384765625,291.79705810546875,291.7889404296875,325.85760498046875,325.95819091796875,325.8572998046875,4400000.0,308.8062744140625,308.87762451171875,308.8231201171875,34.1026611328125,34.1611328125,34.068359375,325.76995849609375,4597.630859375,4588.15380859375,4609.9140625,12.775476455688477,12.769858360290527,12.769453048706055,13.298187255859375,0.0,0.0,0.0020000000949949026,291.7803039550781,325.8910217285156,-21.021766662597656,1.6314669847488403,1.6297270059585571,1.6292427778244019,-7.169723033905029,39.0,40.0,42.0,41.0,0.0,0.0,6369215.5,6317864.0,82.83059692382812,5.0,0.014999999664723873,-180000.0,600.0,1000000.0,400000.0,0.17000000178813934,22000.0,786000.0,120000.0,0.0,40.0,30.0,36.810001373291016,0.5,18.399999618530273,50000.0,115692.3984375,15.113750457763672,0,0,1,0,0,0,0,14737387.0,0.0,0.0,0.0,0.0,0.0,-658881.0,400000.0,1000000.0,1.0,1400000.0,0.0,0.5265544056892395,14741119.0,126869.6328125,14737387.0,340.2650146484375,40.007659912109375,5.263247489929199,-658881.0,0.0,0.0,0.0,3.641745090484619,40.007659912109375,0.0,22230.939453125,1.2010046243667603,0.0,0.0,0.0,20.0,14.711517333984375,22.0,0.0,0.0,0.0,0.05000000074505806,0.02500000037252903,0.17000000178813934,15400000.0,0.5,6.25,0.0006667000125162303,2.0,2410000.0,4140000.0,4.734799861907959,0.15000000596046448,0.20000000298023224,0.2199999988079071,1.0,0.0,-1.0,0.0,5.0,20.0,30.0,50.0,74.0,80.0,86.0,9.800000190734863,500000.0,1.0499999802959792e-07,0.5,750.0,1000.0,600.0,1000.0,1150.0,32.0,32.0,37.400001525878906,10.0,10.0,0.007000000216066837,0.5049999952316284,82.0,189.26499938964844,0.0,1.5099999904632568,231.60000610351562,20.0,36.0,16.600000381469727,16.5,225.0,-0.1756729930639267,27.5,-0.1756729930639267,30.485509872436523,0.1561516970396042,11.10221004486084,-1.8332500457763672,-75.0,4.3520002365112305,9.800000190734863,189.26499938964844,93.30000305175781,2650000.0,0.8500000238418579,7.570000171661377,0,1,0,0,0,0,0,0,0,0,0,1,3,3,0,0,1,1,0,0,0,0,0,0,0,0,0,0,1,0,0,0,0,0,0,0,0,0,0,1,0,0,0,0,0,0,0,0,0,0,12.05915355682373,29061.65625,2153.699951171875,0.00041495522600598633,0.0004361289902590215,0.0006248649442568421,1.0,1.0,0.0,0.0,0.0,0.5367368459701538,0.5275596380233765,1.0,0.0,0.0,0.0,1.0,0.0,0.0,1.0,1.0,0.0,1.0,1.0,0.01013869047164917,0.0,1.0,0.0,0.6444477438926697,0.6465804576873779,0.00041495522600598633,0.0,0.0,0.0,99998.78125,99999.0,2842014.5,2410000.0,36.20000076293945,36.20000076293945,36.20000076293945,32.305686950683594,276.3797607421875,143.5436553955078,51.371639251708984,26.150760650634766,38.751068115234375,27.0,28.816242218017578,27.0,0.0,32.0,20.0,68.57752227783203,3446668.0,0.5431932806968689,3.7799999713897705,4.280264854431152,8.919807434082031,0.0,0.0,0.0,1.401298464324817e-45,5.516873836517334,5.516873836517334,0.5049998760223389,0.5049998760223389,0.5049998760223389,0.18937495350837708,0.18937495350837708,0.18937495350837708,0.0,0.0,0.0,0.0,0.0,0.0,5.294999599456787,0.0,0.0,0.0,0.0,0.0,0.0,100.0,74.07439422607422,0.5702553987503052,0.0,20.0,0.0,5.460939884185791,5.219817638397217,0.0,0.0,0.0,0.007000000216066837,0.0,0.0,9.571610450744629,0.0,1.7333364486694336,1.401298464324817e-45,5.227139472961426,0.0,0.0,0.0,0.0,0.0,0.0,20.0,0.0,0.0,14434404.0,0.0,0.0,0.0,0.0,0.0,0.0,0.0,0.351500004529953,18.93000030517578,23.030000686645508,7.69199959904654e-06,0.08500000089406967,0.009999999776482582,24.0,27.0,8.800000190734863,500000.0,0.05000000074505806,2.7000000013543968e-09,2.7000000013543968e-09,145100.0,120000.0,14650000.0,86400.0,17.0,34.5,48.70000076293945,321.8999938964844,83170.0,0.0,1.0,1.0,0.0010000000474974513,725.0,0.0,0.5,0.0,0.0,57.31999969482422,837142.875,9359.77734375,117376.1015625,2623.89794921875,83026.390625,725.0,1.0204100362898316e-05,740000000.0,1,0,1,0,1,0,1,0,0,0,0,8.799991607666016,27.0,659.185302734375,0.0,0.0,0.0,0.0,0.26446595788002014,0.0003462017048150301,0.0,0.00507045304402709,35.59513473510742,1.0,24885.4609375,1411.8209228515625,6.576816758752102e-06,2743262976.0,4284850688.0,2895537408.0,4231874560.0,-83.12163543701172,32.155029296875,-134606272.0,52976096.0,5.227139472961426,1552.6158447265625,88.3487777709961,1520.4608154296875,106381.3984375,3392.895263671875,143967.609375,149499.5625,122885.4609375,7.799996852874756,35.59513473510742,35.59513473510742,1.0,6.576816758752102e-06,1411.8209228515625,397193084928.0,0.19670264422893524,137600.0,137600.0,107705016.0,82.85675048828125,5504.70556640625,1.0,0.0,1700.0,250000.0,10000.0,1038.0,0.004999999888241291,400.0,5000.0,0,0,0,0,2963552.0,64.70406341552734,64.70406341552734,1229521.0,2783235.0,1.0,1.0,1233228.625,228.83131408691406,6317897.5,1.0,0.9954818487167358,1.0,1.0,1037.7596435546875,278.0255432128906,189.48764038085938,128.4331512451172,6213422.0,808706.0,189.48764038085938,1.0,1.0,1.0,136.56918334960938,1570.0174560546875,795.8582153320312,0.0,0.0,0.0,7680000.0,521.958251953125,523.2044067382812,524.802001953125,0.0,2783235.0,0.0,129.4081268310547,0.0,0.0,278.90771484375,1.0,0.0,-7.5742998123168945,0.0,5.605193857299268e-45,9.999999974752427e-07,0.0,2.0,0.0003000000142492354,0.004999999888241291,0.0010000000474974513,2.0000000233721948e-07,2.0000000233721948e-07,0.0005555999814532697,993000000.0,1.0,0.05000000074505806,0.10000000149011612,0.0005000000237487257,0.0016700000269338489,0.009999999776482582,1.0,1.0,0.0010000000474974513,4.999999873689376e-05,0.00039999998989515007,0.019999999552965164,0.9891999959945679,0.9891999959945679,0.9950000047683716,0.9950000047683716,1,0,0,0,0,1,0,0,1,0,1,0,0,0,0.9953553676605225,988387904.0,63192.34375,4856167.0,1163.8387451171875,2545707.5,1441.5595703125,1.0,2328901.25,0.9640042185783386,1.0,60.0,180.0,1800.0,1800.0,1.0047005414962769,0.019808992743492126,1.0,1.0,-0.012236599810421467,0.0,0.0,0.0,0.0,-0.00026160478591918945,6.602997746085748e-05,0.0,0.0,6.602997746085748e-05,0.0,6.602997746085748e-05,6.602997746085748e-05,0.0,7.006492321624085e-44,1,1,0,1,1,1,0,1,1,0,1,0,1,1,1,1,1,1,1,1,0,1000,1000,0,1,5001,5001,220.0,3486.066162109375,120.0,120.0,60.0,0.0,0.4000000059604645,0.10000000149011612,0.10000000149011612,2.0,500.0,200.0,0.9900000095367432,300000.0,5000.0,45000.0,20000.0,0.019999999552965164,2.0,0.05000000074505806,0.019999999552965164,6.0,0.05000000074505806,0.019999999552965164,0.019999999552965164,88.30000305175781,0.10000000149011612,0.800000011920929,0.05000000074505806,0.009999999776482582,50.0,50.0,340.0,340.0,1000000.0,1,1,1,1,1,1,1,1,1,1,0,0,0,1,1,0,1.0,0.0,0.0,0.0,0.009782155975699425,0.0,0.0,0.0,0.9181286692619324,0.9181286692619324,0.9181286692619324,5000.40478515625,3900275.0,3905275.5,50.0,27.618148803710938,0.4000000059604645,0.0,0.0,0.10000000149011612,0.16452857851982117,1.0,45000.0,20.0,29.336605072021484,778824.625,33.46559143066406,4589.11376953125,721.2213134765625,0.7788246273994446,0.918197751045227,9.475654602050781,1.0,3221722.5,3304317.0,9.718579292297363,20.0,0.27247917652130127,27.24791717529297,0.0,636.4223022460938,411.2876281738281,100000.0,50000.0,1115.300048828125,50000.0,700.0,2000.0,2800000.0,3500000.0,4000000.0,9.999999747378752e-05,4.999999873689376e-05,500.0,20000.0,100.0,500.0,60000.0,1200.0,1.0,120.0,150000.0,3000.0,300.0,1.0,300.0,0.019999999552965164,0.019999999552965164,0.009999999776482582,0.009999999776482582,0.009999999776482582,0.019999999552965164,1.100000023841858,0.019999999552965164,4.0,0.019999999552965164,88.0,1613.0,0.009999999776482582,0.20000000298023224,3.0,5.0,600.0,0.0010000000474974513,88.0,88.0,2000.0,2340.0,-0.11599799990653992,-0.03561130166053772,-0.04758000001311302,-0.01752999983727932,0,0,0,0,0,1,0,523.1986083984375,523.1986083984375,2.1011962890625,2.1011962890625,0.017042670398950577,31.428510665893555,164.21835327148438,1604.366455078125,1050.4697265625,798.9744873046875,798.9744873046875,3.208740234375,3.208740234375,1603.5699462890625,548.6551513671875,0.0,0.0,2667196.75,20.00048065185547,20.00048065185547,156.3689727783203,156.3689727783203,65723.2734375,65723.2734375,1.0953879356384277,1.0953879356384277,114.41565704345703,114.41565704345703,24.998971939086914,24.998971939086914,104598.2109375,104598.2109375,25.0089111328125,155.53704833984375,158.5155792236328,2644120.75,20.00048065185547,20.00048065185547,227.02394104003906,227.02394104003906,155.960205078125,155.960205078125,652553.1875,652553.1875,0.0,114.46552276611328,114.46552276611328,228.94808959960938,160209.171875,160209.171875,1.068061113357544,1.068061113357544,226.29469299316406,155.960205078125,277.678955078125,138.8394775390625,138.8394775390625,204.18333435058594,204.18333435058594,408.3666687011719,0.0,0.0,0.0,138.81832885742188,138.81832885742188,204.18333435058594,204.18333435058594,0.026315800845623016,13.064504623413086,0.20000000298023224,0.8652026057243347,0.9181991219520569,0.8723233342170715,0.5145609378814697,0.4323290288448334,0.5198805332183838,0.9599996209144592,1.0,1.0,1.0,0.9999998211860657,0.9999998211860657,0.9999998211860657,190861.421875,193242.0625,0.0,0.0,0.0,0.0,0.0,0.0,0.0,296.3810119628906,297.7510070800781,0.0,189231.0625,189231.0625,0.0,0.0,0.0,0.0,0.8736802339553833,0.8736802339553833,0.8736802339553833,0.8563106656074524,1198284.875,0.9959999918937683,0.9959999918937683,0.9959999918937683,0.9959999918937683,5793303.0,2733056.5,7415721.0,8526335.0,2606300.0,4016935.25,0.0039002748671919107,0.00781055074185133,1050.599609375,530.2169189453125,538.8653564453125,539.427734375,332.48089599609375,366.3645935058594,337.9931640625,197.73602294921875,172.50076293945312,201.4345703125,1604.383544921875,1050.611328125,350.3009338378906,350.3009338378906,350.3009338378906,526.680419921875,526.680419921875,526.680419921875,3.000063419342041,0.8633130788803101,0.8643382787704468,3.0000672340393066,5.0,0.0040000081062316895,0.0040000081062316895,0.0040000081062316895,0.0040000081062316895,0.0,-0.4368000030517578,0.0,600012.6875,164.21835327148438,164.21835327148438,0.0,20.0,2782973.0,7.25,12.0,10.25,225.3002166748047,225.3002166748047,225.3002166748047,0.0,0.0,0.7926306128501892,0.9211652278900146,10000.0,10000.0,0.011826000176370144,1038.5,0.027953999117016792,0.0,0.0,1.0878000259399414,1.0809999704360962,9.000000136438757e-05,103.0,33.220001220703125,1.8179999589920044,0.029999999329447746,49.0,8.329999923706055,4.159999847412109,58.0,302.0,4.5,0.699999988079071,0.4000000059604645,7.5,1.3799999952316284,2.492000102996826,7000.0,48.88999938964844,1.2000000476837158,45.0,62000.0,4590000.0,4250000.0,15900000.0,15100000.0,0.05000000074505806,0.17000000178813934,0.009999999776482582,15220000.0,1.6699999570846558,312.7799987792969,1.1100000143051147,4232.0,0.25,689000.0,4030000.0,9.829999923706055,8.550000190734863,12200000.0,231.10000610351562,88.3239974975586,633.0,1.1430000066757202,0.6858000159263611,-10.0,-3.7799999713897705,0.7799999713897705,295.5,4030000.0,12400000.0,0.9200000166893005,5.0,0,0,0,228,160,0,0,0,0,0,0,0,0,1,0,0,0,1,1,1,0,1,0,0,1,0,0,1,1,1,0,0,0,0,0,0,0,0,0,0,0,0,0,0,0.9750196933746338,6369256.0,1.087693452835083,0.9968760013580322,1.0284311771392822,308.8448181152344,34.12790298461914,-0.0008039986714720726,1,1,1,0,0,0,1,1,0,0,0,0,0,188,0.20000000298023224,0.20000000298023224,0.20000000298023224,0.0,2,0,0,0,0,0,0,0,0,0,0,0,0,0,0,0,0,0,0,0,0,0,0,0,0,0,0,0,0,0,0,0,0,0,0,0,0,0,0,0,0,0,0,0,0,0,0,0,0,0,0,1,0,0,0,0,0,0,0,0,0,0,0,0,0,0,0,0,0,0,0,0,0,0,0,0,0,0,0,0,0,0,0,0,0,0,0,0,0,0,0,0,0,0,0,0,0,0,0,0,0,0,0,0,0,0,0,0,0,0,0,0,0,0,0,0,0,0,0,0,0,0,0,0,0,0,0,0,0,0,0,0,0,0,0,0,0,0,0,0,0,0,0,1,0,0,0,0,0,0,0,0,0,0,0,-1,0,0,0,0,0,0,1,1,0,0,97.50196838378906,-3.360748767852783,0.0,-0.5358364582061768,-1.6815581571897805e-44,309.24359130859375,308.8448181152344,737.9173583984375,-5.842129758093506e-05,99.2937240600586,2663.792236328125,1.087693452835083,1.0284311771392822,-1.0,0.398773193359375,6.827850029367255e-06,0.00507045304402709,100.0,27.0,0.0,7.799991607666016,3.1497795581817627,1.0,1.0,35.59513473510742,0.25393372774124146,20.0,6.576816758752102e-06,0.0,74.07439422607422,1.7333364486694336,1.8179994821548462,0.00036938843550160527,0.6817498207092285,0.5431932806968689,29.000200271606445,8.919807434082031,19.86074447631836,15.408952713012695,0.5367368459701538,51.371639251708984,44.898040771484375,276.3797607421875,143.5436553955078,0.9695152044296265,325.7817687988281,40.007659912109375,0.29459047317504883,291.790283203125,291.798095703125,291.7537841796875,325.8733215332031,325.9800109863281,325.8735656738281,100.0,4.370099067687988,57.02553939819336,150.41986083984375,308.831787109375,308.8890380859375,308.81365966796875,340.2646484375,52.65544128417969,36.42902755737305,150.41986083984375,0.0,0.9955655336380005,0.9984537363052368,0.9966387748718262,88.7983169555664,88.80180358886719,88.84221649169922,64.9953384399414,64.9937744140625,64.9925308227539,50.13350296020508,50.14961242675781,50.204612731933594,100.23006439208984,99.76483917236328,99.96282196044922,1941.9398193359375,1939.915283203125,1908.7808837890625,524.9390258789062,525.8861694335938,524.5548095703125,29.0,0.0,48.0,0.5198805332183838,0.6978586912155151,0.4323290288448334,0.7345592975616455,0.5145609378814697,0.6921620965003967,41.0,78.36749267578125,64.46846008300781,226.29469299316406,98.2489013671875,9.999999974752427e-07,87.00357818603516,0.6266027092933655,155.53704833984375,0.9954818487167358,721.2213134765625,39.849822998046875,31.428510665893555,1.0,9.475654602050781,77.88246154785156,0.0,0.9718579053878784,20.0,0.0,60.0,120.0,22.0,120.0,3.4860663414001465,0.0,0.0,988.3878784179688,18.088335037231445,89.19807434082031,2.0,200.0,0,0,228,228,228,228,201,228,228,228,160,0,99999,99999,13,402,1800,180,1800,998,20,988,97,23,0,0,0,806,1424,29,31,32,0,0,0,0,0,0,0,0,0,0,0,0,0,0,1,0,0,0,0,1,1,1,0,1,0,0,0,1,0,0,0,0,0,0,0,0,0,0,0,0,1,0,1,0,0,1,1,0,1,0,1,0,1,0,0,0,1,1,0,1,0,1,0,0,0,1,1,1,0,0,1,0,1,0,0,0,0,1,1,0,0,1,0,0,0,1,0,0,0,0,0,0,1,0,0,0,1,1,0,0,1,0,1,0,1,0,1,0,0,0,1,0,1,1,1,0,0,1,0,0,0,0,0,1,1,1,0,0,0,0,0,0,0,0,0,0,0,1,0,1,0,1,0,0,0,0,0,0,0,0,0,1,0,1,0,1,0,1,1,1,1,1,1,1,0,0,0,0,0,0,1,0,1,1,1,1,1,1,1,1,1,1,1,1,0,0,1,1,0,0,1,1,0,1,0,1,0,1,1,0,0,0,0,0,0,0,0,1,0,0,0,1,0,1,1,0,0,1,0,0,1,1,0,1,1,1,0,1,1,0,1,0,1,1,0,0,0,0,0,0,1,1,1,1,0,0,0,0,0,0,0,0,0,0,0,0,0,0,0,0,0,0,0,0,0,0,0,0,0,0,0,0,0,0,0,0,0,0,0,0,0,0,0,0,0,0,0,0,0,0,0,0,0,0,0,0,0,0,0,0,0,0,0,0,0,0,0,1,0,0,0,1,0,0,0,0,0,0,0,0,0,0,0,0,0,0,1,0,0,0,0,0,0,0,0,0,0,0,0,0,0,0,0,0,0,0,0,0,0,0,0,0,0,0,0,0,0,0,0,0,0,0,0,0,0,0,0,0,0,0,0,0,0,0,0,0,0,0,0,0,0,0,0,0,0,0,0,0,0,0,0,1,0,1,0,0,0,0,0,1,0,0,0,0,0,0,0,0,0,0,0,0,0,0,0,1,0,0,0,0,0,0,0,0,0,0,0,0,0,0,1,0,0,0,0,0,0,0,0,0,0,1,0,0,0,0,0,0,0,0,0,0,0,0,0,0,0,0,0,0,0,0,0,0,0,0,0,0,0,1,0,0,0,0,0,0,1,1,1,0,0,0,0,0,0,-1,0,0,0,0,0,0,0,0,-1,0,0,-1,0,0,0,0,0,0,0,0,0,0,0,0,0,0,0,0,0,0,1,0,0,0,0,0,0,0,0,0,0,0,0,0,0,0,0,1,1,0,-1,-1,-1,1,1,1,0,0,0,0,1,0,0,1,1,0,0,0,0,1,0,0,0,0,0,0,0,0,0,0,0,0,0,0,0,0,0,0,0,0,0,0,0,0,0,0,0,0,0,1,1,0,1,0,1,1,0,1,0,1,1,0,1,0,0,1,0,0,0,0,0,0,0,0,0,0,0,0,0,0,0,0,0,0,0,0,0,0,0,0,0,0
0,1,1,300,228,8,8,228,114,25,1,0,0.0020000000949949026,4000.0,1.0,0.04500000178813934,25.0,48.0,8.0,291.70001220703125,1.7000000476837158,-3.179999907843012e-07,0.007360000163316727,0.008080000057816505,8.0,0.33000001311302185,0.0333000011742115,1.0,9.999999747378752e-06,21.0,9.999999747378752e-06,2775000064.0,9.000000136438757e-05,4.999999980020986e-13,5.0,40.0,3.0,-3.3499999046325684,3.3499999046325684,0.5,0.0004799999878741801,292.3927001953125,492.6077880859375,-0.0036125299520790577,0.002354159951210022,0.0008944629807956517,0.013157900422811508,0.800646185874939,0.02024419978260994,2650129920.0,0.006539999973028898,228,228,228,228,228,228,228,228,228,228,228,228,228,228,228,228,228,228,228,228,228,228,228,228,201,201,201,201,228,228,228,228,228,228,228,228,228,228,228,228,228,228,228,228,228,228,228,228,228,228,228,228,0,1,4,4,228,228,228,201,228,228,228,228,3,0,0.00040181263466365635,292.2932434082031,666.5032958984375,752.7423706054688,843.4829711914062,931.0082397460938,1065.5450439453125,1099.8311767578125,1111.826416015625,1096.691650390625,1058.446044921875,1000.3961181640625,920.1870727539062,832.7852172851562,745.773681640625,666.735595703125,590.434814453125,528.81640625,482.47882080078125,450.9485778808594,431.5647277832031,423.16961669921875,423.01953125,427.7027587890625,433.80755615234375,437.92218017578125,-0.002425607293844223,0.7520828247070312,0.7719830870628357,-6.660863436991349e-05,0.7554421424865723,0.9908672571182251,116007.84375,3.62592727469746e-05,0.32595476508140564,0.7665168046951294,0.9732360243797302,0.9738466143608093,0.022385569289326668,1.0,-1.6815581571897805e-44,-3.361509323120117,0.0,99.2936782836914,2663.7958984375,0.9435405731201172,737.3800659179688,228.0,26.60680389404297,3.6535003185272217,1.0,0.0,309.2303161621094,280611.15625,-0.536094605922699,6.446247100830078,130.28829956054688,1.2156434059143066,7750000.0,8160000.0,86.12000274658203,119.0999984741211,0.5,9.999999747378752e-05,0.0,3.299999952316284,200.0,0.30000001192092896,309.20001220703125,2.439019908706541e-06,0,0,0,1,1,1,0,24,0,308.80938720703125,0.0,0.0,0.0,0.0,0.0,0.0,0.5148612260818481,0.8730794787406921,0.5186500549316406,-0.0018944144248962402,-0.0004845087823923677,-0.00037237699143588543,0.5018944144248962,0.5013881921768188,0.5012680292129517,1.0,25.0,24.0,6368999.5,6369097.5,6369268.0,291.755859375,291.7916259765625,291.78302001953125,325.8132019042969,325.8996276855469,325.8129577636719,4400000.0,308.7845458984375,308.84564208984375,308.7979736328125,34.057342529296875,34.108001708984375,34.029937744140625,325.7350769042969,4596.08837890625,4585.93994140625,4608.3740234375,12.775063514709473,12.770025253295898,12.769951820373535,13.268951416015625,0.0,0.0,0.0020000000949949026,291.7768249511719,325.8419189453125,-19.243389129638672,1.6310349702835083,1.629437804222107,1.6290987730026245,-7.318142414093018,39.0,40.0,42.0,41.0,0.0,0.0,6368829.0,6317499.5,82.71050262451172,5.0,0.014999999664723873,-180000.0,600.0,1000000.0,400000.0,0.17000000178813934,22000.0,786000.0,120000.0,0.0,40.0,30.0,36.810001373291016,0.5,18.399999618530273,50000.0,115692.3984375,15.113750457763672,0,0,1,0,0,0,0,14727105.0,0.0,0.0,0.0,0.0,0.0,-669589.0,400000.0,1000000.0,1.0,1400000.0,0.0,0.5258951783180237,14730411.0,126869.6328125,14727105.0,340.26617431640625,40.007659912109375,5.256904125213623,-669589.0,0.0,0.0,0.0,3.638546943664551,40.007659912109375,0.0,22230.939453125,1.2010046243667603,0.0,0.0,0.0,20.0,14.711517333984375,22.0,0.0,0.0,0.0,0.05000000074505806,0.02500000037252903,0.17000000178813934,15400000.0,0.5,6.25,0.0006667000125162303,2.0,2410000.0,4140000.0,4.734799861907959,0.15000000596046448,0.20000000298023224,0.2199999988079071,1.0,0.0,-1.0,0.0,5.0,20.0,30.0,50.0,74.0,80.0,86.0,9.800000190734863,500000.0,1.0499999802959792e-07,0.5,750.0,1000.0,600.0,1000.0,1150.0,32.0,32.0,37.400001525878906,10.0,10.0,0.007000000216066837,0.5049999952316284,82.0,189.26499938964844,0.0,1.5099999904632568,231.60000610351562,20.0,36.0,16.600000381469727,16.5,225.0,-0.1756729930639267,27.5,-0.1756729930639267,30.485509872436523,0.1561516970396042,11.10221004486084,-1.8332500457763672,-75.0,4.3520002365112305,9.800000190734863,189.26499938964844,93.30000305175781,2650000.0,0.8500000238418579,7.570000171661377,0,1,0,0,0,0,0,0,0,0,0,1,3,3,0,0,1,1,0,0,0,0,0,0,0,0,0,0,1,0,0,0,0,0,0,0,0,0,0,1,0,0,0,0,0,0,0,0,0,0,12.059167861938477,29061.794921875,2153.699951171875,0.00041495374171063304,0.0004361289902590215,0.0006248649442568421,1.0,1.0,0.0,0.0,0.0,0.5378110408782959,0.5286102890968323,1.0,0.0,0.0,0.0,1.0,0.0,0.0,1.0,1.0,0.0,1.0,1.0,0.010244429111480713,0.0,1.0,0.0,0.6442388892173767,0.6464180946350098,0.00041495374171063304,0.0,0.0,0.0,99998.78125,99999.0,2841093.5,2410000.0,36.20000076293945,36.20000076293945,36.20000076293945,32.309879302978516,276.0047302246094,143.18968200683594,51.245548248291016,26.156532287597656,38.7117919921875,27.0,28.80385971069336,27.0,0.0,32.0,20.0,68.57752227783203,3446668.0,0.5431932806968689,3.7799999713897705,4.291145324707031,8.919807434082031,0.0,0.0,0.0,1.401298464324817e-45,5.513549327850342,5.513549327850342,0.5049998760223389,0.5049998760223389,0.5049998760223389,0.18937495350837708,0.18937495350837708,0.18937495350837708,0.0,0.0,0.0,0.0,0.0,0.0,5.294999599456787,0.0,0.0,0.0,0.0,0.0,0.0,100.0,74.07563781738281,0.5697080492973328,0.0,20.0,0.0,5.457066059112549,5.23077917098999,0.0,0.0,0.0,0.007000000216066837,0.0,0.0,9.58253002166748,0.0,1.7333488464355469,1.401298464324817e-45,5.238019943237305,0.0,0.0,0.0,0.0,0.0,0.0,20.0,0.0,0.0,14423726.0,0.0,0.0,0.0,0.0,0.0,0.0,0.0,0.351500004529953,18.93000030517578,23.030000686645508,7.69199959904654e-06,0.08500000089406967,0.009999999776482582,24.0,27.0,8.800000190734863,500000.0,0.05000000074505806,2.7000000013543968e-09,2.7000000013543968e-09,145100.0,120000.0,14650000.0,86400.0,17.0,34.5,48.70000076293945,321.8999938964844,83170.0,0.0,1.0,1.0,0.0010000000474974513,725.0,0.0,0.5,0.0,0.0,57.31999969482422,837142.875,9359.77734375,117376.1015625,2623.89794921875,83026.390625,725.0,1.0204100362898316e-05,740000000.0,1,0,1,0,1,0,1,0,0,0,0,8.799991607666016,27.0,708.8760375976562,0.0,0.0,0.0,0.0,0.2844323217868805,0.00035405022208578885,0.0,0.005452674347907305,35.66279220581055,1.0,24901.9375,1507.8258056640625,7.073343567753909e-06,2736619776.0,4279993344.0,2890349568.0,4229135872.0,-82.98200988769531,33.24609375,-132049976.0,50857344.0,5.238019943237305,1552.8016357421875,88.22003173828125,1519.5555419921875,106381.3984375,3404.841552734375,144005.359375,149783.734375,122901.9375,8.399996757507324,35.66279220581055,35.66279220581055,1.0,7.073343567753909e-06,1507.8258056640625,420598775808.0,0.1967647522687912,137600.0,137600.0,107548944.0,82.73631286621094,5521.03564453125,1.0,0.0,1700.0,250000.0,10000.0,1038.0,0.004999999888241291,400.0,5000.0,0,0,0,0,2963558.25,64.7010498046875,64.7010498046875,1229515.125,2783096.0,1.0,1.0,1232936.375,228.8135528564453,6317664.5,1.0,0.9954345226287842,1.0,1.0,1037.1640625,278.0245056152344,189.4766387939453,128.36080932617188,6213307.5,808655.8125,189.4766387939453,1.0,1.0,1.0,136.51768493652344,1569.07958984375,795.2799682617188,0.0,0.0,0.0,7680000.0,521.664794921875,522.6571044921875,524.4371337890625,0.0,2783096.0,0.0,129.402099609375,0.0,0.0,278.90386962890625,1.0,0.0,-7.5742998123168945,0.0,5.605193857299268e-45,9.999999974752427e-07,0.0,2.0,0.0003000000142492354,0.004999999888241291,0.0010000000474974513,2.0000000233721948e-07,2.0000000233721948e-07,0.0005555999814532697,993000000.0,1.0,0.05000000074505806,0.10000000149011612,0.0005000000237487257,0.0016700000269338489,0.009999999776482582,1.0,1.0,0.0010000000474974513,4.999999873689376e-05,0.00039999998989515007,0.019999999552965164,0.9891999959945679,0.9891999959945679,0.9950000047683716,0.9950000047683716,1,0,0,0,0,1,0,0,1,0,1,0,0,0,0.9946527481079102,987690176.0,63155.453125,4853776.5,1163.1009521484375,2545598.5,1440.6949462890625,1.0,2328972.5,0.964202344417572,1.0,60.0,180.0,1800.0,1800.0,1.0047005414962769,0.019808992743492126,1.0,1.0,-0.012236599810421467,0.0,0.0,0.0,0.0,-0.0002199411392211914,6.602997746085748e-05,0.0,0.0,6.602997746085748e-05,0.0,6.602997746085748e-05,6.602997746085748e-05,0.0,7.006492321624085e-44,1,1,0,1,1,1,0,1,1,0,1,0,1,1,1,1,1,1,1,1,0,1000,1000,0,1,5001,5001,220.0,3483.958251953125,120.0,120.0,60.0,0.0,0.4000000059604645,0.10000000149011612,0.10000000149011612,2.0,500.0,200.0,0.9900000095367432,300000.0,5000.0,45000.0,20000.0,0.019999999552965164,2.0,0.05000000074505806,0.019999999552965164,6.0,0.05000000074505806,0.019999999552965164,0.019999999552965164,88.30000305175781,0.10000000149011612,0.800000011920929,0.05000000074505806,0.009999999776482582,50.0,50.0,340.0,340.0,1000000.0,1,1,1,1,1,1,1,1,1,1,0,0,0,1,1,0,1.0,0.0,0.0,0.0,0.009204468689858913,0.0,0.0,0.0,0.9181293845176697,0.9181293845176697,0.9181293845176697,5000.40478515625,3900273.0,3905273.5,50.0,27.61810874938965,0.4000000059604645,0.0,0.0,0.10000000149011612,0.16452251374721527,1.0,45000.0,20.0,29.32984733581543,778828.125,33.455997467041016,4589.1123046875,721.2213134765625,0.7788281440734863,0.9181973934173584,9.475614547729492,1.0,3221709.0,3304317.0,9.718579292297363,20.0,0.27252572774887085,27.252573013305664,0.0,636.4223022460938,411.33221435546875,100000.0,50000.0,1115.300048828125,50000.0,700.0,2000.0,2800000.0,3500000.0,4000000.0,9.999999747378752e-05,4.999999873689376e-05,500.0,20000.0,100.0,500.0,60000.0,1200.0,1.0,120.0,150000.0,3000.0,300.0,1.0,300.0,0.019999999552965164,0.019999999552965164,0.009999999776482582,0.009999999776482582,0.009999999776482582,0.019999999552965164,1.100000023841858,0.019999999552965164,4.0,0.019999999552965164,88.0,1613.0,0.009999999776482582,0.20000000298023224,3.0,5.0,600.0,0.0010000000474974513,88.0,88.0,2000.0,2340.0,-0.11599799990653992,-0.03561130166053772,-0.04758000001311302,-0.01752999983727932,0,0,0,0,0,1,0,523.2099609375,523.2099609375,2.10125732421875,2.10125732421875,0.017039300873875618,31.428504943847656,164.2183074951172,1604.61865234375,1050.50732421875,799.10009765625,799.10009765625,3.209228515625,3.209228515625,1603.8331298828125,548.6465454101562,0.0,0.0,2667202.25,20.00048065185547,20.00048065185547,156.366943359375,156.366943359375,65723.25,65723.25,1.0953874588012695,1.0953874588012695,114.40677642822266,114.40677642822266,24.998966217041016,24.998966217041016,104598.1875,104598.1875,25.00890350341797,155.5361328125,158.51486206054688,2643983.75,20.00048065185547,20.00048065185547,227.01026916503906,227.01026916503906,155.9600830078125,155.9600830078125,652552.625,652552.625,0.0,114.46495056152344,114.46495056152344,228.9469451904297,160208.78125,160208.78125,1.0680584907531738,1.0680584907531738,226.28665161132812,155.9600830078125,277.55108642578125,138.77554321289062,138.77554321289062,204.17547607421875,204.17547607421875,408.3509521484375,0.0,0.0,0.0,138.75401306152344,138.75401306152344,204.17547607421875,204.17547607421875,0.026315800845623016,13.064412117004395,0.20000000298023224,0.8656498789787292,0.9184802770614624,0.8724676966667175,0.5148612260818481,0.4325426518917084,0.5200124979019165,0.9599996209144592,1.0,1.0,1.0,0.9999998211860657,0.9999998211860657,0.9999998211860657,190861.015625,193242.0625,0.0,0.0,0.0,0.0,0.0,0.0,0.0,296.3810119628906,297.7510070800781,0.0,189326.9375,189326.9375,0.0,0.0,0.0,0.0,0.8735359907150269,0.8735359907150269,0.8735359907150269,0.8557137250900269,1198130.75,0.9959999918937683,0.9959999918937683,0.9959999918937683,0.9959999918937683,5791542.0,2733136.75,7414840.0,8524651.0,2606300.0,4016715.0,0.0039002730045467615,0.007810546550899744,1050.6224365234375,530.4669189453125,538.9229125976562,539.312744140625,332.62945556640625,366.3816833496094,337.9100036621094,197.83746337890625,172.54122924804688,201.40274047851562,1604.6357421875,1050.6341552734375,350.3036804199219,350.3036804199219,350.3036804199219,526.5527954101562,526.5527954101562,526.5527954101562,3.0000522136688232,0.8627510070800781,0.864374041557312,3.0000557899475098,5.0,0.0040000081062316895,0.0040000081062316895,0.0040000081062316895,0.0040000081062316895,0.0,-0.4368000030517578,0.0,600010.4375,164.2183074951172,164.2183074951172,0.0,20.0,2782883.0,7.25,12.0,10.25,225.29803466796875,225.29803466796875,225.29803466796875,0.0,0.0,0.7926306128501892,0.9211652278900146,10000.0,10000.0,0.011826000176370144,1038.5,0.027953999117016792,0.0,0.0,1.0878000259399414,1.0809999704360962,9.000000136438757e-05,103.0,33.220001220703125,1.8179999589920044,0.029999999329447746,49.0,8.329999923706055,4.159999847412109,58.0,302.0,4.5,0.699999988079071,0.4000000059604645,7.5,1.3799999952316284,2.492000102996826,7000.0,48.88999938964844,1.2000000476837158,45.0,62000.0,4590000.0,4250000.0,15900000.0,15100000.0,0.05000000074505806,0.17000000178813934,0.009999999776482582,15220000.0,1.6699999570846558,312.7799987792969,1.1100000143051147,4232.0,0.25,689000.0,4030000.0,9.829999923706055,8.550000190734863,12200000.0,231.10000610351562,88.3239974975586,633.0,1.1430000066757202,0.6858000159263611,-10.0,-3.7799999713897705,0.7799999713897705,295.5,4030000.0,12400000.0,0.9200000166893005,5.0,0,0,0,228,160,0,0,0,0,0,0,0,0,1,0,0,0,1,1,1,0,1,0,0,1,0,0,1,1,1,0,0,0,0,0,0,0,0,0,0,0,0,0,0,0.9732360243797302,6368999.5,1.0877223014831543,0.9954432845115662,1.0281065702438354,308.8180236816406,34.078853607177734,-0.0018684420501813293,1,1,1,0,0,0,1,1,0,0,0,0,0,191,0.20000000298023224,0.20000000298023224,0.20000000298023224,0.0,2,0,0,0,0,0,0,0,0,0,0,0,0,0,0,0,0,0,0,0,0,0,0,0,0,0,0,0,0,0,0,0,0,0,0,0,0,0,0,0,0,0,0,0,0,0,0,0,0,0,0,1,0,0,0,0,0,0,0,0,0,0,0,0,0,0,0,0,0,0,0,0,0,0,0,0,0,0,0,0,0,0,0,0,0,0,0,0,0,0,0,0,0,0,0,0,0,0,0,0,0,0,0,0,0,0,0,0,0,0,0,0,0,0,0,0,0,0,0,0,0,0,0,0,0,0,0,0,0,0,0,0,0,0,0,0,0,0,0,0,0,0,0,1,0,0,0,0,0,0,0,0,0,0,0,-1,0,0,0,0,0,0,1,1,0,0,97.32360076904297,-3.361509323120117,0.0,-0.536094605922699,-1.6815581571897805e-44,309.2303161621094,308.8180236816406,737.3800659179688,-6.660863436991349e-05,99.2936782836914,2663.7958984375,1.0877223014831543,1.0281065702438354,-1.0,0.41229248046875,6.827850029367255e-06,0.005452674347907305,100.0,27.0,0.0,7.799991607666016,3.1783511638641357,1.0,1.0,35.66279220581055,0.25410187244415283,20.0,7.073343567753909e-06,0.0,74.07563781738281,1.7333488464355469,1.8179994821548462,0.00036938843550160527,0.6817498207092285,0.5431932806968689,28.990802764892578,8.919807434082031,19.848777770996094,15.44812297821045,0.5378110408782959,51.245548248291016,44.898040771484375,276.0047302246094,143.18968200683594,0.9693952798843384,325.7466735839844,40.007659912109375,0.29459047317504883,291.78533935546875,291.79388427734375,291.756103515625,325.8271179199219,325.9183044433594,325.8274841308594,100.0,4.381287097930908,56.97080612182617,150.3105926513672,308.80621337890625,308.8560791015625,308.79180908203125,340.26580810546875,52.58951950073242,36.39579391479492,150.3105926513672,0.0,0.9943603277206421,0.9967743158340454,0.9952250123023987,88.80076599121094,88.80207824707031,88.83845520019531,64.9926528930664,64.99091339111328,64.98990631103516,50.12680435180664,50.13882064819336,50.1894416809082,100.19743347167969,99.71302032470703,99.93025970458984,1941.52587890625,1940.1224365234375,1909.680908203125,524.5429077148438,525.3240356445312,524.2373046875,29.0,0.0,48.0,0.5200124979019165,0.6979741454124451,0.4325426518917084,0.7347842454910278,0.5148612260818481,0.6925199031829834,41.0,78.36749267578125,64.46607971191406,226.28665161132812,98.19021606445312,9.999999974752427e-07,86.98639678955078,0.6267315149307251,155.5361328125,0.9954345226287842,721.2213134765625,39.84980392456055,31.428504943847656,1.0,9.475614547729492,77.8828125,0.0,0.9718579053878784,20.0,0.0,60.0,120.0,22.0,120.0,3.4839584827423096,0.0,0.0,987.690185546875,18.088335037231445,89.19807434082031,2.0,200.0,0,0,228,228,228,228,201,228,228,228,160,0,99999,99999,13,402,1800,180,1800,998,20,987,97,23,0,0,0,806,1424,29,31,32,0,0,0,0,0,0,0,0,0,0,0,0,0,0,1,0,0,0,0,1,1,1,0,1,0,0,0,1,0,0,0,0,0,0,0,0,0,0,0,0,1,0,1,0,0,1,1,0,1,0,1,0,1,0,0,0,1,1,0,1,0,1,0,0,0,1,1,0,0,0,1,0,1,0,0,0,0,0,1,0,0,1,0,0,0,1,0,0,0,0,0,0,1,0,0,0,1,1,0,0,1,0,1,0,1,0,1,0,0,0,1,0,1,1,1,0,0,1,0,0,0,0,0,1,1,1,0,0,0,0,0,0,0,0,0,0,0,1,0,1,0,1,0,0,0,0,0,0,0,0,0,1,0,1,0,1,0,1,1,1,1,1,1,1,0,0,0,0,0,0,1,0,1,1,1,1,1,1,1,1,1,1,1,0,0,0,1,1,0,0,1,1,0,1,0,1,0,1,1,0,0,0,0,0,0,0,0,1,0,0,0,1,0,1,1,0,0,1,0,0,1,1,0,1,1,1,0,1,1,0,1,0,1,1,0,0,0,0,0,0,1,1,1,1,0,0,0,0,0,0,0,0,0,0,0,0,0,0,0,0,0,0,0,0,0,0,0,0,0,0,0,0,0,0,0,0,0,0,0,0,0,0,0,0,0,0,0,0,0,0,0,0,0,0,0,0,0,0,0,0,0,0,0,0,0,0,0,0,0,0,0,0,0,0,0,0,0,0,0,0,0,0,0,0,0,0,1,0,0,0,0,0,0,0,0,0,0,0,0,0,0,0,0,0,0,0,0,0,0,0,0,0,0,0,0,0,0,0,0,0,0,0,0,0,0,0,0,0,0,0,0,0,0,0,0,0,0,0,0,0,0,0,0,0,0,0,0,0,0,0,0,1,0,1,0,0,0,0,0,1,0,0,0,0,0,0,0,0,0,0,0,0,0,0,0,1,0,0,0,0,0,0,0,0,0,0,0,0,0,0,1,0,0,0,0,0,0,0,0,0,0,1,0,0,0,0,0,0,0,0,0,0,0,0,0,0,0,0,0,0,0,0,0,0,0,0,0,0,0,1,0,0,0,0,0,0,1,1,1,0,0,0,0,0,0,-1,0,0,0,0,0,0,0,0,-1,0,0,-1,0,0,0,0,0,0,0,0,0,0,0,0,0,0,0,0,0,0,1,0,0,0,0,0,0,0,0,0,0,0,0,0,0,0,0,1,1,0,-1,-1,-1,1,1,1,0,0,0,0,1,0,0,1,1,0,0,0,0,1,0,0,0,0,0,0,0,0,0,0,0,0,0,0,0,0,0,0,0,0,0,0,0,0,0,0,0,0,0,1,1,0,1,0,1,1,0,1,0,1,1,0,1,0,0,1,0,0,0,0,0,0,0,0,0,0,0,0,0,0,0,0,0,0,0,0,0,0,0,0,0,0
0,1,1,300,228,8,8,228,114,25,1,0,0.0020000000949949026,4000.0,1.0,0.04500000178813934,25.0,48.0,8.0,291.70001220703125,1.7000000476837158,-3.179999907843012e-07,0.007360000163316727,0.008080000057816505,8.0,0.33000001311302185,0.0333000011742115,1.0,9.999999747378752e-06,21.0,9.999999747378752e-06,2775000064.0,9.000000136438757e-05,4.999999980020986e-13,5.0,40.0,3.0,-3.3499999046325684,3.3499999046325684,0.5,0.0004799999878741801,292.3927001953125,492.6077880859375,-0.0036125299520790577,0.002354159951210022,0.0008944629807956517,0.013157900422811508,0.800646185874939,0.02024419978260994,2650129920.0,0.006539999973028898,228,228,228,228,228,228,228,228,228,228,228,228,228,228,228,228,228,228,228,228,228,228,228,228,201,201,201,201,228,228,228,228,228,228,228,228,228,228,228,228,228,228,228,228,228,228,228,228,228,228,228,228,0,1,4,4,228,228,228,201,228,228,228,228,3,0,0.00040181263466365635,292.2885437011719,666.3309936523438,752.5073852539062,843.1895141601562,930.6532592773438,1065.028564453125,1099.1817626953125,1110.9698486328125,1095.63818359375,1057.23779296875,999.1076049804688,918.9052734375,831.5838012695312,744.6978149414062,665.8017578125,589.6663208007812,528.1944580078125,481.9737854003906,450.5230407714844,431.1811828613281,422.79150390625,422.619384765625,427.2644348144531,433.32635498046875,437.40472412109375,-0.0022526048123836517,0.750408947467804,0.7719829082489014,-7.235649536596611e-05,0.7554430365562439,0.990757942199707,115701.125,3.618304981500842e-05,0.3258579969406128,0.7647663950920105,0.9713572263717651,0.9719918966293335,0.02237917296588421,1.0,-1.6815581571897805e-44,-3.362337350845337,0.0,99.29362487792969,2663.800048828125,0.9435416460037231,736.745849609375,228.0,23.159954071044922,3.934908628463745,1.6000001430511475,0.0,309.21923828125,280611.71875,-0.5361207127571106,6.445368766784668,130.28829956054688,1.2175606489181519,7750000.0,8160000.0,86.12000274658203,119.0999984741211,0.5,9.999999747378752e-05,0.0,3.299999952316284,200.0,0.30000001192092896,309.20001220703125,2.439019908706541e-06,0,0,0,1,1,1,0,24,0,308.7840881347656,0.0,0.0,0.0,0.0,0.0,0.0,0.5150486826896667,0.8730577826499939,0.5186471343040466,-0.0017992258071899414,-0.000502593582496047,-0.0003857418487314135,0.5017992258071899,0.5013372302055359,0.5012679696083069,1.0,25.0,24.0,6368372.0,6368442.5,6368635.5,291.75244140625,291.78289794921875,291.7744140625,325.772705078125,325.84954833984375,325.77264404296875,4400000.0,308.7625732421875,308.81622314453125,308.7735290527344,34.020263671875,34.066650390625,33.99822998046875,325.70037841796875,4594.41796875,4584.1787109375,4606.71435546875,12.77502727508545,12.770577430725098,12.77087116241455,13.248870849609375,0.0,0.0,0.0020000000949949026,291.7699279785156,325.7983093261719,-18.511945724487305,1.630785346031189,1.629332423210144,1.6291669607162476,-7.50645637512207,39.0,40.0,42.0,41.0,0.0,0.0,6368091.5,6316774.0,82.5821304321289,5.0,0.014999999664723873,-180000.0,600.0,1000000.0,400000.0,0.17000000178813934,22000.0,786000.0,120000.0,0.0,40.0,30.0,36.810001373291016,0.5,18.399999618530273,50000.0,115692.3984375,15.113750457763672,0,0,1,0,0,0,0,14717615.0,0.0,0.0,0.0,0.0,0.0,-679265.0,400000.0,1000000.0,1.0,1400000.0,0.0,0.5252942442893982,14720735.0,126869.6328125,14717615.0,340.26727294921875,40.007659912109375,5.251006603240967,-679265.0,0.0,0.0,0.0,3.6355738639831543,40.007659912109375,0.0,22230.939453125,1.2010046243667603,0.0,0.0,0.0,20.0,14.711517333984375,22.0,0.0,0.0,0.0,0.05000000074505806,0.02500000037252903,0.17000000178813934,15400000.0,0.5,6.25,0.0006667000125162303,2.0,2410000.0,4140000.0,4.734799861907959,0.15000000596046448,0.20000000298023224,0.2199999988079071,1.0,0.0,-1.0,0.0,5.0,20.0,30.0,50.0,74.0,80.0,86.0,9.800000190734863,500000.0,1.0499999802959792e-07,0.5,750.0,1000.0,600.0,1000.0,1150.0,32.0,32.0,37.400001525878906,10.0,10.0,0.007000000216066837,0.5049999952316284,82.0,189.26499938964844,0.0,1.5099999904632568,231.60000610351562,20.0,36.0,16.600000381469727,16.5,225.0,-0.1756729930639267,27.5,-0.1756729930639267,30.485509872436523,0.1561516970396042,11.10221004486084,-1.8332500457763672,-75.0,4.3520002365112305,9.800000190734863,189.26499938964844,93.30000305175781,2650000.0,0.8500000238418579,7.570000171661377,0,1,0,0,0,0,0,0,0,0,0,1,3,3,0,0,1,1,0,0,0,0,0,0,0,0,0,0,1,0,0,0,0,0,0,0,0,0,0,1,0,0,0,0,0,0,0,0,0,0,12.059178352355957,29061.92578125,2153.699951171875,0.0004149522283114493,0.0004361289902590215,0.0006248649442568421,1.0,1.0,0.0,0.0,0.0,0.5388802886009216,0.5296630859375,1.0,0.0,0.0,0.0,1.0,0.0,0.0,1.0,1.0,0.0,1.0,1.0,0.010343194007873535,0.0,1.0,0.0,0.6440424919128418,0.6462530493736267,0.0004149522283114493,0.0,0.0,0.0,99998.78125,99999.0,2840227.5,2410000.0,36.20000076293945,36.20000076293945,36.20000076293945,32.31403350830078,275.638671875,142.85801696777344,51.1331787109375,26.161693572998047,38.675376892089844,27.0,28.792821884155273,27.0,0.0,32.0,20.0,68.57752227783203,3446668.0,0.5431932806968689,3.7799999713897705,4.3019208908081055,8.919807434082031,0.0,0.0,0.0,1.401298464324817e-45,5.510826587677002,5.510826587677002,0.5049998760223389,0.5049998760223389,0.5049998760223389,0.18937495350837708,0.18937495350837708,0.18937495350837708,0.0,0.0,0.0,0.0,0.0,0.0,5.294999599456787,0.0,0.0,0.0,0.0,0.0,0.0,100.0,74.0768051147461,0.5691856145858765,0.0,20.0,0.0,5.453826904296875,5.241622447967529,0.0,0.0,0.0,0.007000000216066837,0.0,0.0,9.593338966369629,0.0,1.7333602905273438,1.401298464324817e-45,5.248795509338379,0.0,0.0,0.0,0.0,0.0,0.0,20.0,0.0,0.0,14414036.0,0.0,0.0,0.0,0.0,0.0,0.0,0.0,0.351500004529953,18.93000030517578,23.030000686645508,7.69199959904654e-06,0.08500000089406967,0.009999999776482582,24.0,27.0,8.800000190734863,500000.0,0.05000000074505806,2.7000000013543968e-09,2.7000000013543968e-09,145100.0,120000.0,14650000.0,86400.0,17.0,34.5,48.70000076293945,321.8999938964844,83170.0,0.0,1.0,1.0,0.0010000000474974513,725.0,0.0,0.5,0.0,0.0,57.31999969482422,837142.875,9359.77734375,117376.1015625,2623.89794921875,83026.390625,725.0,1.0204100362898316e-05,740000000.0,1,0,1,0,1,0,1,0,0,0,0,8.799991607666016,27.0,758.4924926757812,0.0,0.0,0.0,0.0,0.30436885356903076,0.00036078490666113794,0.0,0.0058343238197267056,35.73008728027344,1.0,24918.3359375,1603.4952392578125,7.5691282290790696e-06,2730988032.0,4275669760.0,2885897472.0,4226949632.0,-82.83525085449219,33.93115234375,-130777720.0,48720480.0,5.248795509338379,1552.771484375,88.08404541015625,1518.84033203125,106381.3984375,3416.7607421875,144043.046875,150066.359375,122918.3359375,8.999996185302734,35.73008728027344,35.73008728027344,1.0,7.5691282290790696e-06,1603.4952392578125,443186282496.0,0.1968267560005188,137600.0,137600.0,107382840.0,82.60831451416016,5537.33349609375,1.0,0.0,1700.0,250000.0,10000.0,1038.0,0.004999999888241291,400.0,5000.0,0,0,0,0,2963558.25,64.69784545898438,64.69784545898438,1229489.375,2782992.25,1.0,1.0,1232642.75,228.79443359375,6317050.5,1.0,0.9953842163085938,1.0,1.0,1036.6505126953125,278.0195007324219,189.46560668945312,128.29071044921875,6212800.5,808605.375,189.46560668945312,1.0,1.0,1.0,136.47238159179688,1568.338623046875,794.7852783203125,0.0,0.0,0.0,7680000.0,521.4476318359375,522.1776123046875,524.1630249023438,0.0,2782992.25,0.0,129.39569091796875,0.0,0.0,278.8962707519531,1.0,0.0,-7.5742998123168945,0.0,5.605193857299268e-45,9.999999974752427e-07,0.0,2.0,0.0003000000142492354,0.004999999888241291,0.0010000000474974513,2.0000000233721948e-07,2.0000000233721948e-07,0.0005555999814532697,993000000.0,1.0,0.05000000074505806,0.10000000149011612,0.0005000000237487257,0.0016700000269338489,0.009999999776482582,1.0,1.0,0.0010000000474974513,4.999999873689376e-05,0.00039999998989515007,0.019999999552965164,0.9891999959945679,0.9891999959945679,0.9950000047683716,0.9950000047683716,1,0,0,0,0,1,0,0,1,0,1,0,0,0,0.9940673112869263,987108864.0,63128.39453125,4851418.0,1162.559814453125,2545501.0,1440.024658203125,1.0,2329024.5,0.9644004702568054,1.0,60.0,180.0,1800.0,1800.0,1.0047005414962769,0.019808992743492126,1.0,1.0,-0.012236599810421467,0.0,0.0,0.0,0.0,-0.0001842975616455078,6.602997746085748e-05,0.0,0.0,6.602997746085748e-05,0.0,6.602997746085748e-05,6.602997746085748e-05,0.0,7.006492321624085e-44,1,1,0,1,1,1,0,1,1,0,1,0,1,1,1,1,1,1,1,1,0,1000,1000,0,1,5001,5001,220.0,3482.201904296875,120.0,120.0,60.0,0.0,0.4000000059604645,0.10000000149011612,0.10000000149011612,2.0,500.0,200.0,0.9900000095367432,300000.0,5000.0,45000.0,20000.0,0.019999999552965164,2.0,0.05000000074505806,0.019999999552965164,6.0,0.05000000074505806,0.019999999552965164,0.019999999552965164,88.30000305175781,0.10000000149011612,0.800000011920929,0.05000000074505806,0.009999999776482582,50.0,50.0,340.0,340.0,1000000.0,1,1,1,1,1,1,1,1,1,1,0,0,0,1,1,0,1.0,0.0,0.0,0.0,0.008661000058054924,0.0,0.0,0.0,0.918130099773407,0.918130099773407,0.918130099773407,5000.4033203125,3900270.25,3905270.75,50.0,27.61806869506836,0.4000000059604645,0.0,0.0,0.10000000149011612,0.16450652480125427,1.0,45000.0,20.0,29.32351303100586,778831.5,33.44713592529297,4589.11083984375,721.2213134765625,0.7788314819335938,0.9181970357894897,9.47557544708252,1.0,3221695.5,3304317.0,9.718579292297363,20.0,0.2725723087787628,27.257230758666992,0.0,636.4223022460938,411.3079833984375,100000.0,50000.0,1115.300048828125,50000.0,700.0,2000.0,2800000.0,3500000.0,4000000.0,9.999999747378752e-05,4.999999873689376e-05,500.0,20000.0,100.0,500.0,60000.0,1200.0,1.0,120.0,150000.0,3000.0,300.0,1.0,300.0,0.019999999552965164,0.019999999552965164,0.009999999776482582,0.009999999776482582,0.009999999776482582,0.019999999552965164,1.100000023841858,0.019999999552965164,4.0,0.019999999552965164,88.0,1613.0,0.009999999776482582,0.20000000298023224,3.0,5.0,600.0,0.0010000000474974513,88.0,88.0,2000.0,2340.0,-0.11599799990653992,-0.03561130166053772,-0.04758000001311302,-0.01752999983727932,0,0,0,0,0,1,0,523.2183227539062,523.2183227539062,2.10125732421875,2.10125732421875,0.017035868018865585,31.428499221801758,164.2182159423828,1604.858642578125,1050.540283203125,799.2196044921875,799.2196044921875,3.209716796875,3.209716796875,1604.09130859375,548.6227416992188,0.0,0.0,2667202.25,20.00048065185547,20.00048065185547,156.36471557617188,156.36471557617188,65723.2109375,65723.2109375,1.0953868627548218,1.0953868627548218,114.397216796875,114.397216796875,24.998960494995117,24.998960494995117,104598.1640625,104598.1640625,25.008893966674805,155.5350799560547,158.5139923095703,2643861.25,20.00048065185547,20.00048065185547,226.99598693847656,226.99598693847656,155.9598846435547,155.9598846435547,652551.8125,652551.8125,0.0,114.4642333984375,114.4642333984375,228.94549560546875,160208.359375,160208.359375,1.0680557489395142,1.0680557489395142,226.2779083251953,155.9598846435547,277.4217834472656,138.7108917236328,138.7108917236328,204.16725158691406,204.16725158691406,408.3345031738281,0.0,0.0,0.0,138.6893768310547,138.6893768310547,204.16725158691406,204.16725158691406,0.026315800845623016,13.064308166503906,0.20000000298023224,0.8659084439277649,0.9185733199119568,0.872395396232605,0.5150486826896667,0.4326424300670624,0.5200106501579285,0.9599996209144592,1.0,1.0,1.0,0.9999998211860657,0.9999998211860657,0.9999998211860657,190860.625,193242.0625,0.0,0.0,0.0,0.0,0.0,0.0,0.0,296.3810119628906,297.7510070800781,0.0,189417.125,189417.125,0.0,0.0,0.0,0.0,0.873389720916748,0.873389720916748,0.873389720916748,0.8551338911056519,1197968.75,0.9959999918937683,0.9959999918937683,0.9959999918937683,0.9959999918937683,5789737.5,2733227.5,7413919.5,8522934.0,2606300.0,4016463.0,0.0039002702105790377,0.007810541428625584,1050.63916015625,530.6533203125,538.9205932617188,539.0972900390625,332.7381896972656,366.3649597167969,337.7649841308594,197.91513061523438,172.55563354492188,201.33230590820312,1604.875732421875,1050.65087890625,350.3065185546875,350.3065185546875,350.3065185546875,526.42919921875,526.42919921875,526.42919921875,3.0000410079956055,0.862192690372467,0.8644030690193176,3.000044584274292,5.0,0.0040000081062316895,0.0040000081062316895,0.0040000081062316895,0.0040000081062316895,0.0,-0.4368000030517578,0.0,600008.1875,164.2182159423828,164.2182159423828,0.0,20.0,2782805.0,7.25,12.0,10.25,225.2954864501953,225.2954864501953,225.2954864501953,0.0,0.0,0.7926306128501892,0.9211652278900146,10000.0,10000.0,0.011826000176370144,1038.5,0.027953999117016792,0.0,0.0,1.0878000259399414,1.0809999704360962,9.000000136438757e-05,103.0,33.220001220703125,1.8179999589920044,0.029999999329447746,49.0,8.329999923706055,4.159999847412109,58.0,302.0,4.5,0.699999988079071,0.4000000059604645,7.5,1.3799999952316284,2.492000102996826,7000.0,48.88999938964844,1.2000000476837158,45.0,62000.0,4590000.0,4250000.0,15900000.0,15100000.0,0.05000000074505806,0.17000000178813934,0.009999999776482582,15220000.0,1.6699999570846558,312.7799987792969,1.1100000143051147,4232.0,0.25,689000.0,4030000.0,9.829999923706055,8.550000190734863,12200000.0,231.10000610351562,88.3239974975586,633.0,1.1430000066757202,0.6858000159263611,-10.0,-3.7799999713897705,0.7799999713897705,295.5,4030000.0,12400000.0,0.9200000166893005,5.0,0,0,0,228,160,0,0,0,0,0,0,0,0,1,0,0,0,1,1,1,0,1,0,0,1,0,0,1,1,1,0,0,0,0,0,0,0,0,0,0,0,0,0,0,0.9713572263717651,6368372.0,1.0877434015274048,0.994292140007019,1.0278476476669312,308.7924499511719,34.03944396972656,-0.0024875947274267673,1,1,1,0,0,0,1,1,0,0,0,0,0,194,0.20000000298023224,0.20000000298023224,0.20000000298023224,0.0,2,0,0,0,0,0,0,0,0,0,0,0,0,0,0,0,0,0,0,0,0,0,0,0,0,0,0,0,0,0,0,0,0,0,0,0,0,0,0,0,0,0,0,0,0,0,0,0,0,0,0,1,0,0,0,0,0,0,0,0,0,0,0,0,0,0,0,0,0,0,0,0,0,0,0,0,0,0,0,0,0,0,0,0,0,0,0,0,0,0,0,0,0,0,0,0,0,0,0,0,0,0,0,0,0,0,0,0,0,0,0,0,0,0,0,0,0,0,0,0,0,0,0,0,0,0,0,0,0,0,0,0,0,0,0,0,0,0,0,0,0,0,0,1,0,0,0,0,0,0,0,0,0,0,0,-1,0,0,0,0,0,0,1,1,0,0,97.1357192993164,-3.362337350845337,0.0,-0.5361207127571106,-1.6815581571897805e-44,309.21923828125,308.7924499511719,736.745849609375,-7.235649536596611e-05,99.29362487792969,2663.800048828125,1.0877434015274048,1.0278476476669312,-1.0,0.426788330078125,6.827850029367255e-06,0.0058343238197267056,100.0,27.0,0.0,7.799991607666016,3.2050676345825195,1.0,1.0,35.73008728027344,0.25426921248435974,20.0,7.5691282290790696e-06,0.0,74.0768051147461,1.7333602905273438,1.8179994821548462,0.00036938843550160527,0.6817498207092285,0.5431932806968689,28.981966018676758,8.919807434082031,19.83897590637207,15.48691463470459,0.5388802886009216,51.1331787109375,44.898040771484375,275.638671875,142.85801696777344,0.969292163848877,325.7118835449219,40.007659912109375,0.29459047317504883,291.77752685546875,291.78619384765625,291.75396728515625,325.7858581542969,325.8654479980469,325.7857360839844,100.0,4.389137268066406,56.91856002807617,150.21185302734375,308.78167724609375,308.8258056640625,308.76983642578125,340.2669677734375,52.529422760009766,36.36549758911133,150.21185302734375,0.0,0.9933833479881287,0.9954549670219421,0.9940679669380188,88.80621337890625,88.80502319335938,88.83735656738281,64.98619842529297,64.9842300415039,64.98350524902344,50.12679672241211,50.133724212646484,50.17992401123047,100.16241455078125,99.67196655273438,99.89508056640625,1940.750244140625,1940.1141357421875,1910.3519287109375,524.25,524.8195190429688,523.9998168945312,29.0,0.0,48.0,0.5200106501579285,0.6979163289070129,0.4326424300670624,0.7348586916923523,0.5150486826896667,0.6927267909049988,41.0,78.36749267578125,64.4598159790039,226.2779083251953,98.14384460449219,9.999999974752427e-07,86.9688720703125,0.6268602609634399,155.5350799560547,0.9953842163085938,721.2213134765625,39.84977340698242,31.428499221801758,1.0,9.47557544708252,77.88314819335938,0.0,0.9718579053878784,20.0,0.0,60.0,120.0,22.0,120.0,3.4822020530700684,0.0,0.0,987.10888671875,18.088335037231445,89.19807434082031,2.0,200.0,0,0,228,228,228,228,201,228,228,228,160,0,99999,99999,13,402,1800,180,1800,998,20,987,97,23,0,0,0,806,1424,29,31,32,0,0,0,0,0,0,0,0,0,0,0,0,0,0,1,0,0,0,0,1,1,1,0,1,0,0,0,1,0,0,0,0,0,0,0,0,0,0,0,0,1,0,1,0,0,1,1,0,1,0,1,0,1,0,0,0,1,1,0,1,0,1,0,0,0,1,1,0,0,0,1,0,1,0,0,0,0,0,1,0,0,1,0,0,0,1,0,0,0,0,0,0,1,0,0,0,1,1,0,0,1,0,1,0,1,0,1,0,0,0,1,0,1,1,1,0,0,1,0,0,0,0,0,1,1,1,0,0,0,0,0,0,0,0,0,0,0,1,0,1,0,1,0,0,0,0,0,0,0,0,0,1,0,1,0,1,0,1,1,1,1,1,1,1,0,0,0,0,0,0,1,0,1,1,1,1,1,1,1,1,1,1,1,0,0,0,1,1,0,0,1,1,0,1,0,1,0,1,1,0,0,0,0,0,0,0,0,1,0,0,0,1,0,1,1,0,0,1,0,0,1,1,0,1,1,1,0,1,1,0,1,0,1,1,0,0,0,0,0,0,1,1,1,1,0,0,0,0,0,0,0,0,0,0,0,0,0,0,0,0,0,0,0,0,0,0,0,0,0,0,0,0,0,0,0,0,0,0,0,0,0,0,0,0,0,0,0,0,0,0,0,0,0,0,0,0,0,0,0,0,0,0,0,0,0,0,0,0,0,0,0,0,0,0,0,0,0,0,0,0,0,0,0,0,0,0,0,0,0,0,0,0,0,0,0,0,0,0,0,0,0,0,0,0,0,0,0,0,0,0,0,0,0,0,0,0,0,0,0,0,0,0,0,0,0,0,0,0,0,0,0,0,0,0,0,0,0,0,0,0,0,0,0,0,0,0,0,0,0,0,0,1,0,1,0,0,0,0,0,1,0,0,0,0,0,0,0,0,0,0,0,0,0,0,0,1,0,0,0,0,0,0,0,0,0,0,0,0,0,0,1,0,0,0,0,0,0,0,0,0,0,1,0,0,0,0,0,0,0,0,0,0,0,0,0,0,0,0,0,0,0,0,0,0,0,0,0,0,0,1,0,0,0,0,0,0,1,1,1,0,0,0,0,0,0,-1,0,0,0,0,0,0,0,0,-1,0,0,-1,0,0,0,0,0,0,0,0,0,0,0,0,0,0,0,0,0,0,1,0,0,0,0,0,0,0,0,0,0,0,0,0,0,0,0,1,1,0,-1,-1,-1,1,1,1,0,0,0,0,1,0,0,1,1,0,0,0,0,1,0,0,0,0,0,0,0,0,0,0,0,0,0,0,0,0,0,0,0,0,0,0,0,0,0,0,0,0,0,1,1,0,1,0,1,1,0,1,0,1,1,0,1,0,0,1,0,0,0,0,0,0,0,0,0,0,0,0,0,0,0,0,0,0,0,0,0,0,0,0,0,0
0,1,1,300,228,8,8,228,114,25,1,0,0.0020000000949949026,4000.0,1.0,0.04500000178813934,25.0,48.0,8.0,291.70001220703125,1.7000000476837158,-3.179999907843012e-07,0.007360000163316727,0.008080000057816505,8.0,0.33000001311302185,0.0333000011742115,1.0,9.999999747378752e-06,21.0,9.999999747378752e-06,2775000064.0,9.000000136438757e-05,4.999999980020986e-13,5.0,40.0,3.0,-3.3499999046325684,3.3499999046325684,0.5,0.0004799999878741801,292.3927001953125,492.6077880859375,-0.0036125299520790577,0.002354159951210022,0.0008944629807956517,0.013157900422811508,0.800646185874939,0.02024419978260994,2650129920.0,0.006539999973028898,228,228,228,228,228,228,228,228,228,228,228,228,228,228,228,228,228,228,228,228,228,228,228,228,201,201,201,201,228,228,228,228,228,228,228,228,228,228,228,228,228,228,228,228,228,228,228,228,228,228,228,228,0,1,4,4,228,228,228,201,228,228,228,228,3,0,0.00040181344957090914,292.2833557128906,665.840576171875,751.9024658203125,842.4703979492188,929.8197631835938,1063.964111328125,1097.9822998046875,1109.588134765625,1094.103759765625,1055.605712890625,997.4575805664062,917.331298828125,830.155029296875,743.4521484375,664.745849609375,588.8164672851562,527.5215454101562,481.4393615722656,450.0827331542969,430.793212890625,422.41583251953125,422.2259521484375,426.835693359375,432.8570556640625,436.902099609375,-0.002137037692591548,0.7469685673713684,0.771982729434967,-9.416481771040708e-05,0.7554441094398499,0.9906363487243652,115320.2421875,3.607985854614526e-05,0.3257501423358917,0.7611664533615112,0.9688514471054077,0.9697245955467224,0.022326184436678886,1.0,-1.6815581571897805e-44,-3.363351583480835,0.0,99.29356384277344,2663.804443359375,0.943543016910553,735.9391479492188,228.0,22.595504760742188,4.1998186111450195,2.200000286102295,0.0,309.2101135253906,280612.28125,-0.536025881767273,6.444343090057373,130.28829956054688,1.222548484802246,7750000.0,8160000.0,86.12000274658203,119.0999984741211,0.5,9.999999747378752e-05,0.0,3.299999952316284,200.0,0.30000001192092896,309.20001220703125,2.439019908706541e-06,0,0,0,1,1,1,0,24,0,308.75885009765625,0.0,0.0,0.0,0.0,0.0,0.0,0.5151273608207703,0.8730365633964539,0.5186442732810974,-0.0017584562301635742,-0.0005200974992476404,-0.0003989714023191482,0.5017584562301636,0.5013421773910522,0.501329243183136,1.0,25.0,24.0,6367431.5,6367478.5,6367690.5,291.7449951171875,291.77056884765625,291.76300048828125,325.73455810546875,325.805419921875,325.73455810546875,4400000.0,308.7397766113281,308.7879943847656,308.748779296875,33.98956298828125,34.03485107421875,33.9715576171875,325.665283203125,4592.64697265625,4582.76953125,4604.95458984375,12.775341987609863,12.77149486541748,12.772168159484863,13.231781005859375,0.0,0.0,0.0020000000949949026,291.759521484375,325.7581787109375,-18.547306060791016,1.6307095289230347,1.6294080018997192,1.6294280290603638,-7.71398401260376,39.0,40.0,42.0,41.0,0.0,0.0,6367058.5,6315746.0,82.44911193847656,5.0,0.014999999664723873,-180000.0,600.0,1000000.0,400000.0,0.17000000178813934,22000.0,786000.0,120000.0,0.0,40.0,30.0,36.810001373291016,0.5,18.399999618530273,50000.0,115692.3984375,15.113750457763672,0,0,1,0,0,0,0,14708339.0,0.0,0.0,0.0,0.0,0.0,-688560.0,400000.0,1000000.0,1.0,1400000.0,0.0,0.5247172117233276,14711440.0,126869.6328125,14708339.0,340.2684326171875,40.007659912109375,5.245259761810303,-688560.0,0.0,0.0,0.0,3.632676124572754,40.007659912109375,0.0,22230.939453125,1.2010046243667603,0.0,0.0,0.0,20.0,14.711517333984375,22.0,0.0,0.0,0.0,0.05000000074505806,0.02500000037252903,0.17000000178813934,15400000.0,0.5,6.25,0.0006667000125162303,2.0,2410000.0,4140000.0,4.734799861907959,0.15000000596046448,0.20000000298023224,0.2199999988079071,1.0,0.0,-1.0,0.0,5.0,20.0,30.0,50.0,74.0,80.0,86.0,9.800000190734863,500000.0,1.0499999802959792e-07,0.5,750.0,1000.0,600.0,1000.0,1150.0,32.0,32.0,37.400001525878906,10.0,10.0,0.007000000216066837,0.5049999952316284,82.0,189.26499938964844,0.0,1.5099999904632568,231.60000610351562,20.0,36.0,16.600000381469727,16.5,225.0,-0.1756729930639267,27.5,-0.1756729930639267,30.485509872436523,0.1561516970396042,11.10221004486084,-1.8332500457763672,-75.0,4.3520002365112305,9.800000190734863,189.26499938964844,93.30000305175781,2650000.0,0.8500000238418579,7.570000171661377,0,1,0,0,0,0,0,0,0,0,0,1,3,3,0,0,1,1,0,0,0,0,0,0,0,0,0,0,1,0,0,0,0,0,0,0,0,0,0,1,0,0,0,0,0,0,0,0,0,0,12.059185981750488,29062.046875,2153.699951171875,0.000414950744016096,0.0004361289902590215,0.0006248649442568421,1.0,1.0,0.0,0.0,0.0,0.5399479269981384,0.5307174921035767,1.0,0.0,0.0,0.0,1.0,0.0,0.0,1.0,1.0,0.0,1.0,1.0,0.010436296463012695,0.0,1.0,0.0,0.6438533067703247,0.6460860967636108,0.000414950744016096,0.0,0.0,0.0,99998.78125,99999.0,2839393.0,2410000.0,36.20000076293945,36.20000076293945,36.20000076293945,32.31815719604492,275.28021240234375,142.54568481445312,51.03188705444336,26.166339874267578,38.641326904296875,27.0,28.782873153686523,27.0,0.0,32.0,20.0,68.57752227783203,3446668.0,0.5431943535804749,3.7799999713897705,4.312612056732178,8.919805526733398,0.0,0.0,0.0,1.401298464324817e-45,5.5084686279296875,5.5084686279296875,0.5049998760223389,0.5049998760223389,0.5049998760223389,0.18937495350837708,0.18937495350837708,0.18937495350837708,0.0,0.0,0.0,0.0,0.0,0.0,5.294999599456787,0.0,0.0,0.0,0.0,0.0,0.0,100.0,74.0779037475586,0.5686718821525574,0.0,20.0,0.0,5.4509806632995605,5.2523674964904785,0.0,0.0,0.0,0.007000000216066837,0.0,0.0,9.604055404663086,0.0,1.7333712577819824,1.401298464324817e-45,5.259486675262451,0.0,0.0,0.0,0.0,0.0,0.0,20.0,0.0,0.0,14404642.0,0.0,0.0,0.0,0.0,0.0,0.0,0.0,0.351500004529953,18.93000030517578,23.030000686645508,7.69199959904654e-06,0.08500000089406967,0.009999999776482582,24.0,27.0,8.800000190734863,500000.0,0.05000000074505806,2.7000000013543968e-09,2.7000000013543968e-09,145100.0,120000.0,14650000.0,86400.0,17.0,34.5,48.70000076293945,321.8999938964844,83170.0,0.0,1.0,1.0,0.0010000000474974513,725.0,0.0,0.5,0.0,0.0,57.31999969482422,837142.875,9359.77734375,117376.1015625,2623.89794921875,83026.390625,725.0,1.0204100362898316e-05,740000000.0,1,0,1,0,1,0,1,0,0,0,0,8.799991607666016,27.0,808.0311889648438,0.0,0.0,0.0,0.0,0.3242741525173187,0.00036656390875577927,0.0,0.006215375382453203,35.797000885009766,1.0,24934.703125,1698.82861328125,8.064136636676267e-06,2718512640.0,4271769344.0,2882106112.0,4225331456.0,-82.68431091308594,34.2255859375,-130891544.0,46437728.0,5.259486675262451,1552.4923095703125,87.94379425048828,1518.2667236328125,106381.3984375,3428.646484375,144080.703125,150347.40625,122934.703125,9.599995613098145,35.797000885009766,35.797000885009766,1.0,8.064136636676267e-06,1698.82861328125,464979689472.0,0.19688865542411804,137600.0,137600.0,107210376.0,82.47593688964844,5553.59521484375,1.0,0.0,1700.0,250000.0,10000.0,1038.0,0.004999999888241291,400.0,5000.0,0,0,0,0,2963553.25,64.69445037841797,64.69445037841797,1229447.375,2783000.25,1.0,1.0,1232350.25,228.7742462158203,6316117.5,1.0,0.9953309893608093,1.0,1.0,1036.2052001953125,278.0111083984375,189.45460510253906,128.22242736816406,6211966.5,808555.125,189.45460510253906,1.0,1.0,1.0,136.43177795410156,1567.744384765625,794.3599243164062,0.0,0.0,0.0,7680000.0,521.2825317382812,521.7747192382812,523.9561767578125,0.0,2783000.25,0.0,129.38890075683594,0.0,0.0,278.885498046875,1.0,0.0,-7.5742998123168945,0.0,5.605193857299268e-45,9.999999974752427e-07,0.0,2.0,0.0003000000142492354,0.004999999888241291,0.0010000000474974513,2.0000000233721948e-07,2.0000000233721948e-07,0.0005555999814532697,993000000.0,1.0,0.05000000074505806,0.10000000149011612,0.0005000000237487257,0.0016700000269338489,0.009999999776482582,1.0,1.0,0.0010000000474974513,4.999999873689376e-05,0.00039999998989515007,0.019999999552965164,0.9891999959945679,0.9891999959945679,0.9950000047683716,0.9950000047683716,1,0,0,0,0,1,0,0,1,0,1,0,0,0,0.9935906529426575,986635520.0,63108.58203125,4849133.0,1162.16357421875,2545503.25,1439.4993896484375,1.0,2329063.0,0.9645985960960388,1.0,60.0,180.0,1800.0,1800.0,1.0047005414962769,0.019808992743492126,1.0,1.0,-0.012236599810421467,0.0,0.0,0.0,0.0,-0.0001494884490966797,6.602997746085748e-05,0.0,0.0,6.602997746085748e-05,0.0,6.602997746085748e-05,6.602997746085748e-05,0.0,7.006492321624085e-44,1,1,0,1,1,1,0,1,1,0,1,0,1,1,1,1,1,1,1,1,0,1000,1000,0,1,5001,5001,220.0,3480.77197265625,120.0,120.0,60.0,0.0,0.4000000059604645,0.10000000149011612,0.10000000149011612,2.0,500.0,200.0,0.9900000095367432,300000.0,5000.0,45000.0,20000.0,0.019999999552965164,2.0,0.05000000074505806,0.019999999552965164,6.0,0.05000000074505806,0.019999999552965164,0.019999999552965164,88.30000305175781,0.10000000149011612,0.800000011920929,0.05000000074505806,0.009999999776482582,50.0,50.0,340.0,340.0,1000000.0,1,1,1,1,1,1,1,1,1,1,0,0,0,1,1,0,1.0,0.0,0.0,0.0,0.008149500004947186,0.0,0.0,0.0,0.9181308150291443,0.9181308150291443,0.9181308150291443,5000.40234375,3900267.25,3905267.75,50.0,27.61802864074707,0.4000000059604645,0.0,0.0,0.10000000149011612,0.1644822210073471,1.0,45000.0,20.0,29.317785263061523,778834.875,33.43918228149414,4589.11083984375,721.2213134765625,0.778834879398346,0.9181966781616211,9.47553539276123,1.0,3221682.0,3304317.0,9.718579292297363,20.0,0.27261778712272644,27.261777877807617,0.0,636.4223022460938,411.27386474609375,100000.0,50000.0,1115.300048828125,50000.0,700.0,2000.0,2800000.0,3500000.0,4000000.0,9.999999747378752e-05,4.999999873689376e-05,500.0,20000.0,100.0,500.0,60000.0,1200.0,1.0,120.0,150000.0,3000.0,300.0,1.0,300.0,0.019999999552965164,0.019999999552965164,0.009999999776482582,0.009999999776482582,0.009999999776482582,0.019999999552965164,1.100000023841858,0.019999999552965164,4.0,0.019999999552965164,88.0,1613.0,0.009999999776482582,0.20000000298023224,3.0,5.0,600.0,0.0010000000474974513,88.0,88.0,2000.0,2340.0,-0.11599799990653992,-0.03561130166053772,-0.04758000001311302,-0.01752999983727932,0,0,0,0,0,1,0,523.223388671875,523.223388671875,2.101318359375,2.101318359375,0.01703237183392048,31.42849349975586,164.21812438964844,1605.0726318359375,1050.568115234375,799.326171875,799.326171875,3.21014404296875,3.21014404296875,1604.3399658203125,548.5833740234375,0.0,0.0,2667197.75,20.00048065185547,20.00048065185547,156.36227416992188,156.36227416992188,65723.1640625,65723.1640625,1.095386028289795,1.095386028289795,114.38712310791016,114.38712310791016,24.99895477294922,24.99895477294922,104598.140625,104598.140625,25.008888244628906,155.53387451171875,158.5129852294922,2643847.75,20.00048065185547,20.00048065185547,226.98117065429688,226.98117065429688,155.9595947265625,155.9595947265625,652550.625,652550.625,0.0,114.4632339477539,114.4632339477539,228.94349670410156,160207.890625,160207.890625,1.0680526494979858,1.0680526494979858,226.26852416992188,155.9595947265625,277.29315185546875,138.64657592773438,138.64657592773438,204.15794372558594,204.15794372558594,408.3158874511719,0.0,0.0,0.0,138.62533569335938,138.62533569335938,204.15794372558594,204.15794372558594,0.026315800845623016,13.064191818237305,0.20000000298023224,0.8659865856170654,0.9184827208518982,0.8721256852149963,0.5151273608207703,0.43263038992881775,0.5198860168457031,0.9599996209144592,1.0,1.0,1.0,0.9999998211860657,0.9999998211860657,0.9999998211860657,190860.25,193242.0625,0.0,0.0,0.0,0.0,0.0,0.0,0.0,296.3810119628906,297.7510070800781,0.0,189502.0,189502.0,0.0,0.0,0.0,0.0,0.8732413053512573,0.8732413053512573,0.8732413053512573,0.8545753955841064,1197799.625,0.9959999918937683,0.9959999918937683,0.9959999918937683,0.9959999918937683,5787891.0,2733331.25,7412972.0,8521186.0,2606300.0,4016180.25,0.00390026718378067,0.007810535375028849,1050.6494140625,530.7628784179688,538.8367309570312,538.7823486328125,332.79913330078125,366.2996520996094,337.55889892578125,197.9637451171875,172.53707885742188,201.22344970703125,1605.0897216796875,1050.6611328125,350.3097229003906,350.3097229003906,350.3097229003906,526.3082275390625,526.3082275390625,526.3082275390625,3.0000298023223877,0.8616364002227783,0.8644254207611084,3.000033378601074,5.0,0.0040000081062316895,0.0040000081062316895,0.0040000081062316895,0.0040000081062316895,0.0,-0.4368000030517578,0.0,600005.9375,164.21812438964844,164.21812438964844,0.0,20.0,2782738.0,7.25,12.0,10.25,225.2925567626953,225.2925567626953,225.2925567626953,0.0,0.0,0.7926306128501892,0.9211652278900146,10000.0,10000.0,0.011826000176370144,1038.5,0.027953999117016792,0.0,0.0,1.0878000259399414,1.0809999704360962,9.000000136438757e-05,103.0,33.220001220703125,1.8179999589920044,0.029999999329447746,49.0,8.329999923706055,4.159999847412109,58.0,302.0,4.5,0.699999988079071,0.4000000059604645,7.5,1.3799999952316284,2.492000102996826,7000.0,48.88999938964844,1.2000000476837158,45.0,62000.0,4590000.0,4250000.0,15900000.0,15100000.0,0.05000000074505806,0.17000000178813934,0.009999999776482582,15220000.0,1.6699999570846558,312.7799987792969,1.1100000143051147,4232.0,0.25,689000.0,4030000.0,9.829999923706055,8.550000190734863,12200000.0,231.10000610351562,88.3239974975586,633.0,1.1430000066757202,0.6858000159263611,-10.0,-3.7799999713897705,0.7799999713897705,295.5,4030000.0,12400000.0,0.9200000166893005,5.0,0,0,0,228,160,0,0,0,0,0,0,0,0,1,0,0,0,1,1,1,0,1,0,0,1,0,0,1,1,1,0,0,0,0,0,0,0,0,0,0,0,0,0,0,0.9688514471054077,6367431.5,1.0877587795257568,0.9933579564094543,1.0276134014129639,308.7673034667969,34.00746154785156,-0.003328208578750491,1,1,1,0,0,0,1,1,0,0,0,0,0,197,0.20000000298023224,0.20000000298023224,0.20000000298023224,0.0,2,0,0,0,0,0,0,0,0,0,0,0,0,0,0,0,0,0,0,0,0,0,0,0,0,0,0,0,0,0,0,0,0,0,0,0,0,0,0,0,0,0,0,0,0,0,0,0,0,0,0,1,0,0,0,0,0,0,0,0,0,0,0,0,0,0,0,0,0,0,0,0,0,0,0,0,0,0,0,0,0,0,0,0,0,0,0,0,0,0,0,0,0,0,0,0,0,0,0,0,0,0,0,0,0,0,0,0,0,0,0,0,0,0,0,0,0,0,0,0,0,0,0,0,0,0,0,0,0,0,0,0,0,0,0,0,0,0,0,0,0,0,0,1,0,0,0,0,0,0,0,0,0,0,0,-1,0,0,0,0,0,0,1,1,0,0,96.88514709472656,-3.363351583480835,0.0,-0.536025881767273,-1.6815581571897805e-44,309.2101135253906,308.7673034667969,735.9391479492188,-9.416481771040708e-05,99.29356384277344,2663.804443359375,1.0877587795257568,1.0276134014129639,-1.0,0.44281005859375,6.827850029367255e-06,0.006215375382453203,100.0,27.0,0.0,7.799991607666016,3.230149507522583,1.0,1.0,35.797000885009766,0.2544362246990204,20.0,8.064136636676267e-06,0.0,74.0779037475586,1.7333712577819824,1.8179994821548462,0.00036938843550160527,0.6817498207092285,0.5431943535804749,28.973451614379883,8.919805526733398,19.830486297607422,15.525403022766113,0.5399479269981384,51.03188705444336,44.898040771484375,275.28021240234375,142.54568481445312,0.9691202640533447,325.6770324707031,40.007659912109375,0.29459047317504883,291.76715087890625,291.77508544921875,291.7479248046875,325.7469787597656,325.8196105957031,325.7469787597656,100.0,4.3954668045043945,56.8671875,150.11700439453125,308.757080078125,308.79736328125,308.7474365234375,340.26806640625,52.47172164916992,36.336402893066406,150.11700439453125,0.0,0.9925507307052612,0.9944405555725098,0.993112325668335,88.81439208984375,88.81057739257812,88.83875274658203,64.97655487060547,64.9743881225586,64.97390747070312,50.1329231262207,50.13421630859375,50.175846099853516,100.12484741210938,99.6390380859375,99.85720825195312,1939.616455078125,1939.8121337890625,1910.746337890625,524.0189819335938,524.385498046875,523.819580078125,29.0,0.0,48.0,0.5198860168457031,0.697700560092926,0.43263038992881775,0.7347862124443054,0.5151273608207703,0.6927892565727234,41.0,78.36749267578125,64.4502944946289,226.26852416992188,98.10665893554688,9.999999974752427e-07,86.95103454589844,0.6269890666007996,155.53387451171875,0.9953309893608093,721.2213134765625,39.8497428894043,31.42849349975586,1.0,9.47553539276123,77.88349151611328,0.0,0.9718579053878784,20.0,0.0,60.0,120.0,22.0,120.0,3.4807722568511963,0.0,0.0,986.635498046875,18.08837127685547,89.19805908203125,2.0,200.0,0,0,228,228,228,228,201,228,228,228,160,0,99999,99999,13,402,1800,180,1800,998,20,986,96,23,0,0,0,806,1424,29,31,32,0,0,0,0,0,0,0,0,0,0,0,0,0,0,1,0,0,0,0,1,1,1,0,1,0,0,0,1,0,0,0,0,0,0,0,0,0,0,0,0,1,0,1,0,0,1,1,0,1,0,1,0,1,0,0,0,1,1,0,1,0,1,0,0,0,1,1,1,0,0,1,0,1,0,0,0,0,1,1,0,0,1,0,0,0,1,0,0,0,0,0,0,1,0,0,0,1,1,0,0,1,0,1,0,1,0,1,0,0,0,1,0,1,1,1,0,0,1,0,0,0,0,0,1,1,1,0,0,0,0,0,0,0,0,0,0,0,1,0,1,0,1,0,0,0,0,0,0,0,0,0,1,0,1,0,1,0,1,1,1,1,1,1,1,0,0,0,0,0,0,1,0,1,1,1,1,1,1,1,1,1,1,1,1,0,0,1,1,0,0,1,1,0,1,0,1,0,1,1,0,0,0,0,0,0,0,0,1,0,0,0,1,0,1,1,0,0,1,0,0,1,1,0,1,1,1,0,1,1,0,1,0,1,1,0,0,0,0,0,0,1,1,1,1,0,0,0,0,0,0,0,0,0,0,0,0,0,0,0,0,0,0,0,0,0,0,0,0,0,0,0,0,0,0,0,0,0,0,0,0,0,0,0,0,0,0,0,0,0,0,0,0,0,0,0,0,0,0,0,0,0,0,0,0,0,0,0,1,0,0,0,1,0,0,0,0,0,0,0,0,0,0,0,0,0,0,1,0,0,0,0,0,0,0,0,0,0,0,0,0,0,0,0,0,0,0,0,0,0,0,0,0,0,0,0,0,0,0,0,0,0,0,0,0,0,0,0,0,0,0,0,0,0,0,0,0,0,0,0,0,0,0,0,0,0,0,0,0,0,0,0,1,0,1,0,0,0,0,0,1,0,0,0,0,0,0,0,0,0,0,0,0,0,0,0,1,0,0,0,0,0,0,0,0,0,0,0,0,0,0,1,0,0,0,0,0,0,0,0,0,0,1,0,0,0,0,0,0,0,0,0,0,0,0,0,0,0,0,0,0,0,0,0,0,0,0,0,0,0,1,0,0,0,0,0,0,1,1,1,0,0,0,0,0,0,-1,0,0,0,0,0,0,0,0,-1,0,0,-1,0,0,0,0,0,0,0,0,0,0,0,0,0,0,0,0,0,0,1,0,0,0,0,0,0,0,0,0,0,0,0,0,0,0,0,1,1,0,-1,-1,-1,1,1,1,0,0,0,0,1,0,0,1,1,0,0,0,0,1,0,0,0,0,0,0,0,0,0,0,0,0,0,0,0,0,0,0,0,0,0,0,0,0,0,0,0,0,0,1,1,0,1,0,1,1,0,1,0,1,1,0,1,0,0,1,0,0,0,0,0,0,0,0,0,0,0,0,0,0,0,0,0,0,0,0,0,0,0,0,0,0
0,1,1,300,228,8,8,228,114,25,1,0,0.0020000000949949026,4000.0,1.0,0.04500000178813934,25.0,48.0,8.0,291.70001220703125,1.7000000476837158,-3.179999907843012e-07,0.007360000163316727,0.008080000057816505,8.0,0.33000001311302185,0.0333000011742115,1.0,9.999999747378752e-06,21.0,9.999999747378752e-06,2775000064.0,9.000000136438757e-05,4.999999980020986e-13,5.0,40.0,3.0,-3.3499999046325684,3.3499999046325684,0.5,0.0004799999878741801,292.3927001953125,492.6077880859375,-0.0036125299520790577,0.002354159951210022,0.0008944629807956517,0.013157900422811508,0.800646185874939,0.02024419978260994,2650129920.0,0.006539999973028898,228,228,228,228,228,228,228,228,228,228,228,228,228,228,228,228,228,228,228,228,228,228,228,228,202,202,202,202,228,228,228,228,228,228,228,228,228,228,228,228,228,228,228,228,228,228,228,228,228,228,228,228,0,1,4,4,228,228,228,202,228,228,228,228,3,0,0.00040181344957090914,292.2794189453125,665.4405517578125,751.410400390625,841.885009765625,929.141845703125,1063.112548828125,1097.0418701171875,1108.537841796875,1092.969482421875,1054.427001953125,996.2882080078125,916.2344360351562,829.1737060546875,742.608154296875,664.0400390625,588.25537109375,527.0829467773438,481.09619140625,449.8052978515625,430.55450439453125,422.1904602050781,421.99481201171875,426.58758544921875,432.58868408203125,436.61810302734375,-0.002032437827438116,0.7458810210227966,0.7719826102256775,-9.466317715123296e-05,0.7554448843002319,0.9905465245246887,115066.15625,3.600309355533682e-05,0.32567039132118225,0.7600294947624207,0.967171311378479,0.9679858088493347,0.022336937487125397,1.0,-1.6815581571897805e-44,-3.364130973815918,0.0,99.29351806640625,2663.8076171875,0.9435439705848694,735.2977905273438,228.0,23.77847671508789,4.370949745178223,0.0,0.0,309.2049255371094,280612.65625,-0.5356609225273132,6.443820953369141,130.28829956054688,1.2238069772720337,7750000.0,8160000.0,86.12000274658203,119.0999984741211,0.5,9.999999747378752e-05,0.0,3.299999952316284,200.0,0.30000001192092896,309.20001220703125,2.439019908706541e-06,0,0,0,1,1,1,0,24,0,308.7417907714844,0.0,0.0,0.0,0.0,0.0,0.0,0.5151235461235046,0.8730224370956421,0.5186423659324646,-0.0017594099044799805,-0.0005316991591826081,-0.0004079834034200758,0.50175940990448,0.501375138759613,0.5014004707336426,1.0,25.0,24.0,6366660.0,6366693.0,6366918.0,291.73822021484375,291.7607421875,291.75408935546875,325.7096862792969,325.7786560058594,325.7094421386719,4400000.0,308.72393798828125,308.76971435546875,308.73175048828125,33.971466064453125,34.017913818359375,33.955352783203125,325.6412048339844,4591.3994140625,4581.95751953125,4603.7109375,12.775728225708008,12.772299766540527,12.773209571838379,13.221405029296875,0.0,0.0,0.0020000000949949026,291.7510070800781,325.7325744628906,-19.252685546875,1.6307464838027954,1.6295534372329712,1.6296955347061157,-7.85502290725708,39.0,40.0,42.0,41.0,0.0,0.0,6366239.0,6314927.0,82.3555679321289,5.0,0.014999999664723873,-180000.0,600.0,1000000.0,400000.0,0.17000000178813934,22000.0,786000.0,120000.0,0.0,40.0,30.0,36.810001373291016,0.5,18.399999618530273,50000.0,115692.3984375,15.113750457763672,0,0,1,0,0,0,0,14701949.0,0.0,0.0,0.0,0.0,0.0,-694810.0,400000.0,1000000.0,1.0,1400000.0,0.0,0.5243334770202637,14705190.0,126869.6328125,14701949.0,340.26922607421875,40.007659912109375,5.241384506225586,-694810.0,0.0,0.0,0.0,3.630722761154175,40.007659912109375,0.0,22230.939453125,1.2010046243667603,0.0,0.0,0.0,20.0,14.711517333984375,22.0,0.0,0.0,0.0,0.05000000074505806,0.02500000037252903,0.17000000178813934,15400000.0,0.5,6.25,0.0006667000125162303,2.0,2410000.0,4140000.0,4.734799861907959,0.15000000596046448,0.20000000298023224,0.2199999988079071,1.0,0.0,-1.0,0.0,5.0,20.0,30.0,50.0,74.0,80.0,86.0,9.800000190734863,500000.0,1.0499999802959792e-07,0.5,750.0,1000.0,600.0,1000.0,1150.0,32.0,32.0,37.400001525878906,10.0,10.0,0.007000000216066837,0.5049999952316284,82.0,189.26499938964844,0.0,1.5099999904632568,231.60000610351562,20.0,36.0,16.600000381469727,16.5,225.0,-0.1756729930639267,27.5,-0.1756729930639267,30.485509872436523,0.1561516970396042,11.10221004486084,-1.8332500457763672,-75.0,4.3520002365112305,9.800000190734863,189.26499938964844,93.30000305175781,2650000.0,0.8500000238418579,7.570000171661377,0,1,0,0,0,0,0,0,0,0,0,1,3,3,0,0,1,1,0,0,0,0,0,0,0,0,0,0,1,0,0,0,0,0,0,0,0,0,0,1,0,0,0,0,0,0,0,0,0,0,12.059188842773438,29062.123046875,2153.699951171875,0.00041494975448586047,0.0004361289902590215,0.0006248649442568421,1.0,1.0,0.0,0.0,0.0,0.540659487247467,0.5314211845397949,1.0,0.0,0.0,0.0,1.0,0.0,0.0,1.0,1.0,0.0,1.0,1.0,0.010495185852050781,0.0,1.0,0.0,0.6437291502952576,0.6459739804267883,0.00041494975448586047,0.0,0.0,0.0,99998.78125,99999.0,2838845.5,2410000.0,36.20000076293945,36.20000076293945,36.20000076293945,32.320892333984375,275.04461669921875,142.34652709960938,50.9692497253418,26.169204711914062,38.619651794433594,27.0,28.776721954345703,27.0,0.0,32.0,20.0,68.57752227783203,3446668.0,0.5431943535804749,3.7799999713897705,4.319704055786133,8.919805526733398,0.0,0.0,0.0,1.401298464324817e-45,5.507009029388428,5.507009029388428,0.5049998760223389,0.5049998760223389,0.5049998760223389,0.18937495350837708,0.18937495350837708,0.18937495350837708,0.0,0.0,0.0,0.0,0.0,0.0,5.294999599456787,0.0,0.0,0.0,0.0,0.0,0.0,100.0,74.07859802246094,0.5683252215385437,0.0,20.0,0.0,5.449212074279785,5.259486675262451,0.0,0.0,0.0,0.007000000216066837,0.0,0.0,9.611160278320312,0.0,1.7333781719207764,1.401298464324817e-45,5.266578674316406,0.0,0.0,0.0,0.0,0.0,0.0,20.0,0.0,0.0,14397934.0,0.0,0.0,0.0,0.0,0.0,0.0,0.0,0.351500004529953,18.93000030517578,23.030000686645508,7.69199959904654e-06,0.08500000089406967,0.009999999776482582,24.0,27.0,8.800000190734863,500000.0,0.05000000074505806,2.7000000013543968e-09,2.7000000013543968e-09,145100.0,120000.0,14650000.0,86400.0,17.0,34.5,48.70000076293945,321.8999938964844,83170.0,0.0,1.0,1.0,0.0010000000474974513,725.0,0.0,0.5,0.0,0.0,57.31999969482422,837142.875,9359.77734375,117376.1015625,2623.89794921875,83026.390625,725.0,1.0204100362898316e-05,740000000.0,1,0,1,0,1,0,1,0,0,0,0,8.799991607666016,27.0,841.0125122070312,0.0,0.0,0.0,0.0,0.33752647042274475,0.00036995348636992276,0.0,0.006469068117439747,35.841400146484375,1.0,24945.609375,1762.1982421875,8.393697498831898e-06,2715427584.0,4269363200.0,2879908096.0,4224444160.0,-82.58053588867188,34.21826171875,-131405200.0,44918688.0,5.266578674316406,1552.162841796875,87.84711456298828,1517.944580078125,106381.3984375,3436.55322265625,144105.78125,150533.875,122945.609375,9.999995231628418,35.841400146484375,35.841400146484375,1.0,8.393697498831898e-06,1762.1982421875,479079399424.0,0.19692984223365784,137600.0,137600.0,107090848.0,82.38451385498047,5564.41748046875,1.0,0.0,1700.0,250000.0,10000.0,1038.0,0.004999999888241291,400.0,5000.0,0,0,0,0,2963545.75,64.69208526611328,64.69208526611328,1229411.375,2783006.5,1.0,1.0,1232156.875,228.7602996826172,6315347.5,1.0,0.9952939748764038,1.0,1.0,1035.940673828125,278.0038757324219,189.4473419189453,128.17784118652344,6211258.0,808522.0,189.4473419189453,1.0,1.0,1.0,136.4034881591797,1567.41064453125,794.1091918945312,0.0,0.0,0.0,7680000.0,521.1922607421875,521.5349731445312,523.8389892578125,0.0,2783006.5,0.0,129.38417053222656,0.0,0.0,278.8769226074219,1.0,0.0,-7.5742998123168945,0.0,5.605193857299268e-45,9.999999974752427e-07,0.0,2.0,0.0003000000142492354,0.004999999888241291,0.0010000000474974513,2.0000000233721948e-07,2.0000000233721948e-07,0.0005555999814532697,993000000.0,1.0,0.05000000074505806,0.10000000149011612,0.0005000000237487257,0.0016700000269338489,0.009999999776482582,1.0,1.0,0.0010000000474974513,4.999999873689376e-05,0.00039999998989515007,0.019999999552965164,0.9891999959945679,0.9891999959945679,0.9950000047683716,0.9950000047683716,1,0,0,0,0,1,0,0,1,0,1,0,0,0,0.9933153986930847,986362176.0,63098.40234375,4847664.5,1161.9599609375,2545516.5,1439.2105712890625,1.0,2329082.5,0.9647306799888611,1.0,60.0,180.0,1800.0,1800.0,1.0047005414962769,0.019808992743492126,1.0,1.0,-0.012236599810421467,0.0,0.0,0.0,0.0,-0.0001347064971923828,6.602997746085748e-05,0.0,0.0,6.602997746085748e-05,0.0,6.602997746085748e-05,6.602997746085748e-05,0.0,7.006492321624085e-44,1,1,0,1,1,1,0,1,1,0,1,0,1,1,1,1,1,1,1,1,0,1000,1000,0,1,5001,5001,220.0,3479.9462890625,120.0,120.0,60.0,0.0,0.4000000059604645,0.10000000149011612,0.10000000149011612,2.0,500.0,200.0,0.9900000095367432,300000.0,5000.0,45000.0,20000.0,0.019999999552965164,2.0,0.05000000074505806,0.019999999552965164,6.0,0.05000000074505806,0.019999999552965164,0.019999999552965164,88.30000305175781,0.10000000149011612,0.800000011920929,0.05000000074505806,0.009999999776482582,50.0,50.0,340.0,340.0,1000000.0,1,1,1,1,1,1,1,1,1,1,0,0,0,1,1,0,1.0,0.0,0.0,0.0,0.00782531313598156,0.0,0.0,0.0,0.9181312322616577,0.9181312322616577,0.9181312322616577,5000.404296875,3900265.25,3905265.75,50.0,27.61800193786621,0.4000000059604645,0.0,0.0,0.10000000149011612,0.16446217894554138,1.0,45000.0,20.0,29.31432342529297,778837.125,33.434391021728516,4589.10888671875,721.2213134765625,0.7788371443748474,0.918196439743042,9.475508689880371,1.0,3221673.0,3304317.0,9.718579292297363,20.0,0.2726488411426544,27.26488494873047,0.0,636.4223022460938,411.31280517578125,100000.0,50000.0,1115.300048828125,50000.0,700.0,2000.0,2800000.0,3500000.0,4000000.0,9.999999747378752e-05,4.999999873689376e-05,500.0,20000.0,100.0,500.0,60000.0,1200.0,1.0,120.0,150000.0,3000.0,300.0,1.0,300.0,0.019999999552965164,0.019999999552965164,0.009999999776482582,0.009999999776482582,0.009999999776482582,0.019999999552965164,1.100000023841858,0.019999999552965164,4.0,0.019999999552965164,88.0,1613.0,0.009999999776482582,0.20000000298023224,3.0,5.0,600.0,0.0010000000474974513,88.0,88.0,2000.0,2340.0,-0.11599799990653992,-0.03561130166053772,-0.04758000001311302,-0.01752999983727932,0,0,0,0,0,1,0,523.2249755859375,523.2249755859375,2.101318359375,2.101318359375,0.017030013725161552,31.428489685058594,164.2180633544922,1605.19384765625,1050.583740234375,799.3865356445312,799.3865356445312,3.21038818359375,3.21038818359375,1604.4969482421875,548.5482788085938,0.0,0.0,2667191.0,20.00048065185547,20.00048065185547,156.36053466796875,156.36053466796875,65723.1328125,65723.1328125,1.0953855514526367,1.0953855514526367,114.3801498413086,114.3801498413086,24.998947143554688,24.998947143554688,104598.1015625,104598.1015625,25.008880615234375,155.53297424316406,158.51222229003906,2643853.5,20.00048065185547,20.00048065185547,226.9710235595703,226.9710235595703,155.95933532714844,155.95933532714844,652549.5,652549.5,0.0,114.46266174316406,114.46266174316406,228.94235229492188,160207.5625,160207.5625,1.0680503845214844,1.0680503845214844,226.2618865966797,155.95933532714844,277.2084655761719,138.60423278808594,138.60423278808594,204.15115356445312,204.15115356445312,408.30230712890625,0.0,0.0,0.0,138.5832977294922,138.5832977294922,204.15115356445312,204.15115356445312,0.026315800845623016,13.064107894897461,0.20000000298023224,0.8659458160400391,0.9183254837989807,0.8718486428260803,0.5151235461235046,0.43256300687789917,0.5197420716285706,0.9599996209144592,1.0,1.0,1.0,0.9999998211860657,0.9999998211860657,0.9999998211860657,190860.0,193242.0625,0.0,0.0,0.0,0.0,0.0,0.0,0.0,296.3810119628906,297.7510070800781,0.0,189555.78125,189555.78125,0.0,0.0,0.0,0.0,0.8731410503387451,0.8731410503387451,0.8731410503387451,0.8542162775993347,1197683.125,0.9959999918937683,0.9959999918937683,0.9959999918937683,0.9959999918937683,5786637.5,2733409.0,7412332.0,8520007.0,2606300.0,4015975.75,0.0039002650883048773,0.007810531184077263,1050.652587890625,530.7906494140625,538.730224609375,538.5198364257812,332.8116149902344,366.2254333496094,337.3892822265625,197.97903442382812,172.50479125976562,201.13055419921875,1605.2109375,1050.664306640625,350.3115234375,350.3115234375,350.3115234375,526.2286376953125,526.2286376953125,526.2286376953125,3.0000221729278564,0.8612658977508545,0.8644365668296814,3.000025987625122,5.0,0.0040000081062316895,0.0040000081062316895,0.0040000081062316895,0.0040000081062316895,0.0,-0.4368000030517578,0.0,600004.4375,164.2180633544922,164.2180633544922,0.0,20.0,2782699.0,7.25,12.0,10.25,225.29037475585938,225.29037475585938,225.29037475585938,0.0,0.0,0.7926306128501892,0.9211652278900146,10000.0,10000.0,0.011826000176370144,1038.5,0.027953999117016792,0.0,0.0,1.0878000259399414,1.0809999704360962,9.000000136438757e-05,103.0,33.220001220703125,1.8179999589920044,0.029999999329447746,49.0,8.329999923706055,4.159999847412109,58.0,302.0,4.5,0.699999988079071,0.4000000059604645,7.5,1.3799999952316284,2.492000102996826,7000.0,48.88999938964844,1.2000000476837158,45.0,62000.0,4590000.0,4250000.0,15900000.0,15100000.0,0.05000000074505806,0.17000000178813934,0.009999999776482582,15220000.0,1.6699999570846558,312.7799987792969,1.1100000143051147,4232.0,0.25,689000.0,4030000.0,9.829999923706055,8.550000190734863,12200000.0,231.10000610351562,88.3239974975586,633.0,1.1430000066757202,0.6858000159263611,-10.0,-3.7799999713897705,0.7799999713897705,295.5,4030000.0,12400000.0,0.9200000166893005,5.0,0,0,0,228,160,0,0,0,0,0,0,0,0,1,0,0,0,1,1,1,0,1,0,0,1,0,0,1,1,1,0,0,0,0,0,0,0,0,0,0,0,0,0,0,0.967171311378479,6366660.0,1.0877666473388672,0.9928320050239563,1.027457356452942,308.7503356933594,33.98945617675781,-0.0036370616871863604,1,1,1,0,0,0,1,1,0,0,0,0,0,199,0.20000000298023224,0.20000000298023224,0.20000000298023224,0.0,2,0,0,0,0,0,0,0,0,0,0,0,0,0,0,0,0,0,0,0,0,0,0,0,0,0,0,0,0,0,0,0,0,0,0,0,0,0,0,0,0,0,0,0,0,0,0,0,0,0,0,1,0,0,0,0,0,0,0,0,0,0,0,0,0,0,0,0,0,0,0,0,0,0,0,0,0,0,0,0,0,0,0,0,0,0,0,0,0,0,0,0,0,0,0,0,0,0,0,0,0,0,0,0,0,0,0,0,0,0,0,0,0,0,0,0,0,0,0,0,0,0,0,0,0,0,0,0,0,0,0,0,0,0,0,0,0,0,0,0,0,0,0,1,0,0,0,0,0,0,0,0,0,0,0,-1,0,0,0,0,0,0,1,1,0,0,96.71713256835938,-3.364130973815918,0.0,-0.5356609225273132,-1.6815581571897805e-44,309.2049255371094,308.7503356933594,735.2977905273438,-9.466317715123296e-05,99.29351806640625,2663.8076171875,1.0877666473388672,1.027457356452942,-1.0,0.45458984375,6.827850029367255e-06,0.006469068117439747,100.0,27.0,0.0,7.799991607666016,3.2460546493530273,1.0,1.0,35.841400146484375,0.25454750657081604,20.0,8.393697498831898e-06,0.0,74.07859802246094,1.7333781719207764,1.8179994821548462,0.00036938843550160527,0.6817498207092285,0.5431943535804749,28.967864990234375,8.919805526733398,19.825231552124023,15.550933837890625,0.540659487247467,50.9692497253418,44.898040771484375,275.04461669921875,142.34652709960938,0.969032883644104,325.6532897949219,40.007659912109375,0.29459047317504883,291.75872802734375,291.76580810546875,291.7418212890625,325.7218933105469,325.7918395996094,325.7220153808594,100.0,4.399174690246582,56.832523345947266,150.05323791503906,308.74029541015625,308.77880859375,308.73193359375,340.268798828125,52.433349609375,36.31705856323242,150.05323791503906,0.0,0.9920640587806702,0.9939003586769104,0.9925614595413208,88.8211669921875,88.81565856933594,88.84095764160156,64.96867370605469,64.96637725830078,64.96603393554688,50.140045166015625,50.13751220703125,50.175941467285156,100.09841918945312,99.62039947509766,99.8305892944336,1938.67138671875,1939.4287109375,1910.8463134765625,523.9031982421875,524.136962890625,523.720458984375,29.0,0.0,48.0,0.5197420716285706,0.6974789500236511,0.43256300687789917,0.7346603870391846,0.5151235461235046,0.6927566528320312,41.0,78.36749267578125,64.44243621826172,226.2618865966797,98.08576965332031,9.999999974752427e-07,86.93900299072266,0.6270748972892761,155.53297424316406,0.9952939748764038,721.2213134765625,39.84972381591797,31.428489685058594,1.0,9.475508689880371,77.88371276855469,0.0,0.9718579053878784,20.0,0.0,60.0,120.0,22.0,120.0,3.4799463748931885,0.0,0.0,986.3621826171875,18.08837127685547,89.19805908203125,2.0,200.0,0,0,228,228,228,228,202,228,228,228,160,0,99999,99999,13,402,1800,180,1800,998,20,986,96,23,0,0,0,806,1424,29,31,32,0,0,0,0,0,0,0,0,0,0,0,0,0,0,1,0,0,0,0,1,1,1,0,1,0,0,0,1,0,0,0,0,0,0,0,0,0,0,0,0,1,0,1,0,0,1,1,0,1,0,1,0,1,0,0,0,1,1,0,1,0,1,0,0,0,1,1,0,0,0,1,0,1,0,0,0,0,0,1,0,0,1,0,0,0,1,0,0,0,0,0,0,1,0,0,0,1,1,0,0,1,0,1,0,1,0,1,0,0,0,1,0,1,1,1,0,0,1,0,0,0,0,0,1,1,1,0,0,0,0,0,0,0,0,0,0,0,1,0,1,0,1,0,0,0,0,0,0,0,0,0,1,0,1,0,1,0,1,1,1,1,1,1,1,0,0,0,0,0,0,1,0,1,1,1,1,1,1,1,1,1,1,1,0,0,0,1,1,0,0,1,1,0,1,0,1,0,1,1,0,0,0,0,0,0,0,0,1,0,0,0,1,0,1,1,0,0,1,0,0,1,1,0,1,1,1,0,1,1,0,1,0,1,1,0,0,0,0,0,0,1,1,1,1,0,0,0,0,0,0,0,0,0,0,0,0,0,0,0,0,0,0,0,0,0,0,0,0,0,0,0,0,0,0,0,0,0,0,0,0,0,0,0,0,0,0,0,0,0,0,0,0,0,0,0,0,0,0,0,0,0,0,0,0,0,0,0,0,0,0,0,0,0,0,0,0,0,0,0,0,0,0,0,0,0,0,1,0,0,0,0,0,0,0,0,0,0,0,0,0,0,0,0,0,0,0,0,0,0,0,0,0,0,0,0,0,0,0,0,0,0,0,0,0,0,0,0,0,0,0,0,0,0,0,0,0,0,0,0,0,0,0,0,0,0,0,0,0,0,0,0,1,0,1,0,0,0,0,0,1,0,0,0,0,0,0,0,0,0,0,0,0,0,0,0,1,0,0,0,0,0,0,0,0,0,0,0,0,0,0,1,0,0,0,0,0,0,0,0,0,0,1,0,0,0,0,0,0,0,0,0,0,0,0,0,0,0,0,0,0,0,0,0,0,0,0,0,0,0,1,0,0,0,0,0,0,1,1,1,0,0,0,0,0,0,-1,0,0,0,0,0,0,0,0,-1,0,0,-1,0,0,0,0,0,0,0,0,0,0,0,0,0,0,0,0,0,0,1,0,0,0,0,0,0,0,0,0,0,0,0,0,0,0,0,1,1,0,-1,-1,-1,1,1,1,0,0,0,0,1,0,0,1,1,0,0,0,0,1,0,0,0,0,0,0,0,0,0,0,0,0,0,0,0,0,0,0,0,0,0,0,0,0,0,0,0,0,0,1,1,0,1,0,1,1,0,1,0,1,1,0,1,0,0,1,0,0,0,0,0,0,0,0,0,0,0,0,0,0,0,0,0,0,0,0,0,0,0,0,0,0
0,1,1,300,228,8,8,228,114,25,1,0,0.0020000000949949026,4000.0,1.0,0.04500000178813934,25.0,48.0,8.0,291.70001220703125,1.7000000476837158,-3.179999907843012e-07,0.007360000163316727,0.008080000057816505,8.0,0.33000001311302185,0.0333000011742115,1.0,9.999999747378752e-06,21.0,9.999999747378752e-06,2775000064.0,9.000000136438757e-05,4.999999980020986e-13,5.0,40.0,3.0,-3.3499999046325684,3.3499999046325684,0.5,0.0004799999878741801,292.3927001953125,492.6077880859375,-0.0036125299520790577,0.002354159951210022,0.0008944629807956517,0.013157900422811508,0.800646185874939,0.02024419978260994,2650129920.0,0.006539999973028898,228,228,228,228,228,228,228,228,228,228,228,228,228,228,228,228,228,228,228,228,228,228,228,228,202,202,202,202,228,228,228,228,228,228,228,228,228,228,228,228,228,228,228,228,228,228,228,228,228,228,228,228,0,1,4,4,228,228,228,202,228,228,228,228,3,0,0.00040181344957090914,292.2720947265625,664.7855834960938,750.6076049804688,840.9310302734375,928.0392456054688,1061.7430419921875,1095.550537109375,1106.9068603515625,1091.24267578125,1052.6641845703125,994.5650024414062,914.6417236328125,827.7679443359375,741.4154052734375,663.0559692382812,587.4828491210938,526.4862670898438,480.6352233886719,449.4383544921875,430.2454528808594,421.90570068359375,421.70916748046875,426.2862243652344,432.2673034667969,436.28277587890625,-0.001841407734900713,0.7442967295646667,0.7719824314117432,-9.620182390790433e-05,0.7554461359977722,0.9903988838195801,114756.6328125,3.5901473893318325e-05,0.3255392014980316,0.7583737373352051,0.9648662209510803,0.965613842010498,0.02234930545091629,1.0,-1.6815581571897805e-44,-3.365196466445923,0.0,99.29347229003906,2663.8125,0.9435455203056335,734.350341796875,228.0,26.540761947631836,4.623594760894775,0.6000000238418579,0.0,309.1981201171875,280613.21875,-0.5354621410369873,6.44308614730835,130.28829956054688,1.2254525423049927,7750000.0,8160000.0,86.12000274658203,119.0999984741211,0.5,9.999999747378752e-05,0.0,3.299999952316284,200.0,0.30000001192092896,309.20001220703125,2.439019908706541e-06,0,0,0,1,1,1,0,24,0,308.71563720703125,0.0,0.0,0.0,0.0,0.0,0.0,0.5150430798530579,0.873000979423523,0.5186395049095154,-0.0017982125282287598,-0.0005493423668667674,-0.0004221696581225842,0.5017982125282288,0.5014671087265015,0.5015463829040527,1.0,25.0,24.0,6365325.0,6365340.0,6365579.0,291.72552490234375,291.74359130859375,291.73895263671875,325.67242431640625,325.74114990234375,325.67218017578125,4400000.0,308.698974609375,308.74237060546875,308.70556640625,33.9468994140625,33.99755859375,33.9332275390625,325.60333251953125,4589.45263671875,4580.88037109375,4601.77099609375,12.776532173156738,12.773764610290527,12.774996757507324,13.2054443359375,0.0,0.0,0.0020000000949949026,291.73602294921875,325.69525146484375,-20.717361450195312,1.6309174299240112,1.6299039125442505,1.6302152872085571,-8.059962272644043,39.0,40.0,42.0,41.0,0.0,0.0,6364839.0,6313524.5,82.21141052246094,5.0,0.014999999664723873,-180000.0,600.0,1000000.0,400000.0,0.17000000178813934,22000.0,786000.0,120000.0,0.0,40.0,30.0,36.810001373291016,0.5,18.399999618530273,50000.0,115692.3984375,15.113750457763672,0,0,1,0,0,0,0,14691613.0,0.0,0.0,0.0,0.0,0.0,-704843.0,400000.0,1000000.0,1.0,1400000.0,0.0,0.523733377456665,14695157.0,126869.6328125,14691613.0,340.27044677734375,40.007659912109375,5.235233306884766,-704843.0,0.0,0.0,0.0,3.6276214122772217,40.007659912109375,0.0,22230.939453125,1.2010046243667603,0.0,0.0,0.0,20.0,14.711517333984375,22.0,0.0,0.0,0.0,0.05000000074505806,0.02500000037252903,0.17000000178813934,15400000.0,0.5,6.25,0.0006667000125162303,2.0,2410000.0,4140000.0,4.734799861907959,0.15000000596046448,0.20000000298023224,0.2199999988079071,1.0,0.0,-1.0,0.0,5.0,20.0,30.0,50.0,74.0,80.0,86.0,9.800000190734863,500000.0,1.0499999802959792e-07,0.5,750.0,1000.0,600.0,1000.0,1150.0,32.0,32.0,37.400001525878906,10.0,10.0,0.007000000216066837,0.5049999952316284,82.0,189.26499938964844,0.0,1.5099999904632568,231.60000610351562,20.0,36.0,16.600000381469727,16.5,225.0,-0.1756729930639267,27.5,-0.1756729930639267,30.485509872436523,0.1561516970396042,11.10221004486084,-1.8332500457763672,-75.0,4.3520002365112305,9.800000190734863,189.26499938964844,93.30000305175781,2650000.0,0.8500000238418579,7.570000171661377,0,1,0,0,0,0,0,0,0,0,0,1,3,3,0,0,1,1,0,0,0,0,0,0,0,0,0,0,1,0,0,0,0,0,0,0,0,0,0,1,0,0,0,0,0,0,0,0,0,0,12.05919075012207,29062.232421875,2153.699951171875,0.0004149482701905072,0.0004361289902590215,0.0006248649442568421,1.0,1.0,0.0,0.0,0.0,0.541731595993042,0.5324780344963074,1.0,0.0,0.0,0.0,1.0,0.0,0.0,1.0,1.0,0.0,1.0,1.0,0.010578751564025879,0.0,1.0,0.0,0.6435428857803345,0.645804762840271,0.0004149482701905072,0.0,0.0,0.0,99998.78125,99999.0,2838024.25,2410000.0,36.20000076293945,36.20000076293945,36.20000076293945,32.32496643066406,274.6950378417969,142.05874633789062,50.88078689575195,26.173274993896484,38.58831024169922,27.0,28.76803207397461,27.0,0.0,32.0,20.0,68.57752227783203,3446668.0,0.5431943535804749,3.7799999713897705,4.330307483673096,8.919805526733398,0.0,0.0,0.0,1.401298464324817e-45,5.504858493804932,5.504858493804932,0.5049998760223389,0.5049998760223389,0.5049998760223389,0.18937495350837708,0.18937495350837708,0.18937495350837708,0.0,0.0,0.0,0.0,0.0,0.0,5.294999599456787,0.0,0.0,0.0,0.0,0.0,0.0,100.0,74.07958221435547,0.5677977800369263,0.0,20.0,0.0,5.446623802185059,5.270116329193115,0.0,0.0,0.0,0.007000000216066837,0.0,0.0,9.621774673461914,0.0,1.7333879470825195,1.401298464324817e-45,5.277182102203369,0.0,0.0,0.0,0.0,0.0,0.0,20.0,0.0,0.0,14387656.0,0.0,0.0,0.0,0.0,0.0,0.0,0.0,0.351500004529953,18.93000030517578,23.030000686645508,7.69199959904654e-06,0.08500000089406967,0.009999999776482582,24.0,27.0,8.800000190734863,500000.0,0.05000000074505806,2.7000000013543968e-09,2.7000000013543968e-09,145100.0,120000.0,14650000.0,86400.0,17.0,34.5,48.70000076293945,321.8999938964844,83170.0,0.0,1.0,1.0,0.0010000000474974513,725.0,0.0,0.5,0.0,0.0,57.31999969482422,837142.875,9359.77734375,117376.1015625,2623.89794921875,83026.390625,725.0,1.0204100362898316e-05,740000000.0,1,0,1,0,1,0,1,0,0,0,0,8.799991607666016,27.0,890.4146118164062,0.0,0.0,0.0,0.0,0.35737690329551697,0.0003744316636584699,0.0,0.006849068682640791,35.90766143798828,1.0,24961.90625,1856.9716796875,8.887339390639681e-06,2710841344.0,4265924608.0,2876971008.0,4223303936.0,-82.41883850097656,33.9373779296875,-132797784.0,42620448.0,5.277182102203369,1551.46728515625,87.6960220336914,1517.5299072265625,106381.3984375,3448.382080078125,144143.359375,150812.171875,122961.90625,10.599994659423828,35.90766143798828,35.90766143798828,1.0,8.887339390639681e-06,1856.9716796875,499601408000.0,0.19699156284332275,137600.0,137600.0,106903144.0,82.24137878417969,5580.61328125,1.0,0.0,1700.0,250000.0,10000.0,1038.0,0.004999999888241291,400.0,5000.0,0,0,0,0,2963531.75,64.68838500976562,64.68838500976562,1229348.125,2783017.0,1.0,1.0,1231870.125,228.73873901367188,6314011.5,1.0,0.9952362179756165,1.0,1.0,1035.585205078125,277.99114990234375,189.43653869628906,128.1123046875,6210008.5,808472.5625,189.43653869628906,1.0,1.0,1.0,136.36029052734375,1566.98095703125,793.7752075195312,0.0,0.0,0.0,7680000.0,521.080810546875,521.2369384765625,523.7030029296875,0.0,2783017.0,0.0,129.37677001953125,0.0,0.0,278.8622131347656,1.0,0.0,-7.5742998123168945,0.0,5.605193857299268e-45,9.999999974752427e-07,0.0,2.0,0.0003000000142492354,0.004999999888241291,0.0010000000474974513,2.0000000233721948e-07,2.0000000233721948e-07,0.0005555999814532697,993000000.0,1.0,0.05000000074505806,0.10000000149011612,0.0005000000237487257,0.0016700000269338489,0.009999999776482582,1.0,1.0,0.0010000000474974513,4.999999873689376e-05,0.00039999998989515007,0.019999999552965164,0.9891999959945679,0.9891999959945679,0.9950000047683716,0.9950000047683716,1,0,0,0,0,1,0,0,1,0,1,0,0,0,0.9929519891738892,986001344.0,63086.5,4845554.5,1161.721923828125,2545534.75,1438.8470458984375,1.0,2329105.5,0.9649288058280945,1.0,60.0,180.0,1800.0,1800.0,1.0047005414962769,0.019808992743492126,1.0,1.0,-0.012236599810421467,0.0,0.0,0.0,0.0,-0.00011616945266723633,6.602997746085748e-05,0.0,0.0,6.602997746085748e-05,0.0,6.602997746085748e-05,6.602997746085748e-05,0.0,7.006492321624085e-44,1,1,0,1,1,1,0,1,1,0,1,0,1,1,1,1,1,1,1,1,0,1000,1000,0,1,5001,5001,220.0,3478.85595703125,120.0,120.0,60.0,0.0,0.4000000059604645,0.10000000149011612,0.10000000149011612,2.0,500.0,200.0,0.9900000095367432,300000.0,5000.0,45000.0,20000.0,0.019999999552965164,2.0,0.05000000074505806,0.019999999552965164,6.0,0.05000000074505806,0.019999999552965164,0.019999999552965164,88.30000305175781,0.10000000149011612,0.800000011920929,0.05000000074505806,0.009999999776482582,50.0,50.0,340.0,340.0,1000000.0,1,1,1,1,1,1,1,1,1,1,0,0,0,1,1,0,1.0,0.0,0.0,0.0,0.00736265629529953,0.0,0.0,0.0,0.9181317687034607,0.9181317687034607,0.9181317687034607,5000.40380859375,3900262.25,3905262.75,50.0,27.617961883544922,0.4000000059604645,0.0,0.0,0.10000000149011612,0.16442738473415375,1.0,45000.0,20.0,29.309648513793945,778840.375,33.42792892456055,4589.1064453125,721.2213134765625,0.7788403630256653,0.9181960821151733,9.475468635559082,1.0,3221659.5,3304317.0,9.718579292297363,20.0,0.272695392370224,27.26953887939453,0.0,636.4223022460938,411.33465576171875,100000.0,50000.0,1115.300048828125,50000.0,700.0,2000.0,2800000.0,3500000.0,4000000.0,9.999999747378752e-05,4.999999873689376e-05,500.0,20000.0,100.0,500.0,60000.0,1200.0,1.0,120.0,150000.0,3000.0,300.0,1.0,300.0,0.019999999552965164,0.019999999552965164,0.009999999776482582,0.009999999776482582,0.009999999776482582,0.019999999552965164,1.100000023841858,0.019999999552965164,4.0,0.019999999552965164,88.0,1613.0,0.009999999776482582,0.20000000298023224,3.0,5.0,600.0,0.0010000000474974513,88.0,88.0,2000.0,2340.0,-0.11599799990653992,-0.03561130166053772,-0.04758000001311302,-0.01752999983727932,0,0,0,0,0,1,0,523.224365234375,523.224365234375,2.101318359375,2.101318359375,0.017026441171765327,31.428478240966797,164.2179718017578,1605.333740234375,1050.6024169921875,799.4561767578125,799.4561767578125,3.210693359375,3.210693359375,1604.7130126953125,548.4820556640625,0.0,0.0,2667178.5,20.00048065185547,20.00048065185547,156.35775756835938,156.35775756835938,65723.0859375,65723.0859375,1.0953847169876099,1.0953847169876099,114.36936950683594,114.36936950683594,24.99893569946289,24.99893569946289,104598.0546875,104598.0546875,25.00886344909668,155.53150939941406,158.51095581054688,2643862.5,20.00048065185547,20.00048065185547,226.9554901123047,226.9554901123047,155.95887756347656,155.95887756347656,652547.625,652547.625,0.0,114.46166229248047,114.46166229248047,228.9403533935547,160207.046875,160207.046875,1.0680469274520874,1.0680469274520874,226.2514190673828,155.95887756347656,277.0838928222656,138.5419464111328,138.5419464111328,204.14077758789062,204.14077758789062,408.28155517578125,0.0,0.0,0.0,138.5215606689453,138.5215606689453,204.14077758789062,204.14077758789062,0.026315800845623016,13.063971519470215,0.20000000298023224,0.8657620549201965,0.9179515242576599,0.871308445930481,0.5150430798530579,0.43237677216529846,0.5194478631019592,0.9599996209144592,1.0,1.0,1.0,0.9999998211860657,0.9999998211860657,0.9999998211860657,190859.578125,193242.0625,0.0,0.0,0.0,0.0,0.0,0.0,0.0,296.3810119628906,297.7510070800781,0.0,189632.46875,189632.46875,0.0,0.0,0.0,0.0,0.8729885816574097,0.8729885816574097,0.8729885816574097,0.8536990284919739,1197503.25,0.9959999918937683,0.9959999918937683,0.9959999918937683,0.9959999918937683,5784726.5,2733540.5,7411370.0,8518221.0,2606300.0,4015646.5,0.0039002620615065098,0.007810525130480528,1050.6513671875,530.7702026367188,538.4882202148438,538.0618286132812,332.7918395996094,366.0636291503906,337.0955810546875,197.97836303710938,172.42459106445312,200.96624755859375,1605.3507080078125,1050.6630859375,350.31390380859375,350.31390380859375,350.31390380859375,526.109130859375,526.109130859375,526.109130859375,3.0000109672546387,0.8607097864151001,0.8644476532936096,3.0000147819519043,5.0,0.0040000081062316895,0.0040000081062316895,0.0040000081062316895,0.0040000081062316895,0.0,-0.4368000030517578,0.0,600002.1875,164.2179718017578,164.2179718017578,0.0,20.0,2782649.0,7.25,12.0,10.25,225.28675842285156,225.28675842285156,225.28675842285156,0.0,0.0,0.7926306128501892,0.9211652278900146,10000.0,10000.0,0.011826000176370144,1038.5,0.027953999117016792,0.0,0.0,1.0878000259399414,1.0809999704360962,9.000000136438757e-05,103.0,33.220001220703125,1.8179999589920044,0.029999999329447746,49.0,8.329999923706055,4.159999847412109,58.0,302.0,4.5,0.699999988079071,0.4000000059604645,7.5,1.3799999952316284,2.492000102996826,7000.0,48.88999938964844,1.2000000476837158,45.0,62000.0,4590000.0,4250000.0,15900000.0,15100000.0,0.05000000074505806,0.17000000178813934,0.009999999776482582,15220000.0,1.6699999570846558,312.7799987792969,1.1100000143051147,4232.0,0.25,689000.0,4030000.0,9.829999923706055,8.550000190734863,12200000.0,231.10000610351562,88.3239974975586,633.0,1.1430000066757202,0.6858000159263611,-10.0,-3.7799999713897705,0.7799999713897705,295.5,4030000.0,12400000.0,0.9200000166893005,5.0,0,0,0,228,160,0,0,0,0,0,0,0,0,1,0,0,0,1,1,1,0,1,0,0,1,0,0,1,1,1,0,0,0,0,0,0,0,0,0,0,0,0,0,0,0.9648662209510803,6365325.0,1.087775707244873,0.9921536445617676,1.02717125415802,308.7245178222656,33.96623229980469,-0.0037294484209269285,1,1,1,0,0,0,1,1,0,0,0,0,0,202,0.20000000298023224,0.20000000298023224,0.20000000298023224,0.0,2,0,0,0,0,0,0,0,0,0,0,0,0,0,0,0,0,0,0,0,0,0,0,0,0,0,0,0,0,0,0,0,0,0,0,0,0,0,0,0,0,0,0,0,0,0,0,0,0,0,0,1,0,0,0,0,0,0,0,0,0,0,0,0,0,0,0,0,0,0,0,0,0,0,0,0,0,0,0,0,0,0,0,0,0,0,0,0,0,0,0,0,0,0,0,0,0,0,0,0,0,0,0,0,0,0,0,0,0,0,0,0,0,0,0,0,0,0,0,0,0,0,0,0,0,0,0,0,0,0,0,0,0,0,0,0,0,0,0,0,0,0,0,1,0,0,0,0,0,0,0,0,0,0,0,-1,0,0,0,0,0,0,1,1,0,0,96.48662567138672,-3.365196466445923,0.0,-0.5354621410369873,-1.6815581571897805e-44,309.1981201171875,308.7245178222656,734.350341796875,-9.620182390790433e-05,99.29347229003906,2663.8125,1.087775707244873,1.02717125415802,-1.0,0.473602294921875,6.827850029367255e-06,0.006849068682640791,100.0,27.0,0.0,7.799991607666016,3.2688052654266357,1.0,1.0,35.90766143798828,0.2547138035297394,20.0,8.887339390639681e-06,0.0,74.07958221435547,1.7333879470825195,1.8179994821548462,0.00036938843550160527,0.6817498207092285,0.5431943535804749,28.959484100341797,8.919805526733398,19.817489624023438,15.589106559753418,0.541731595993042,50.88078689575195,44.898040771484375,274.6950378417969,142.05874633789062,0.9689223170280457,325.61639404296875,40.007659912109375,0.29459047317504883,291.744140625,291.74957275390625,291.72998046875,325.68487548828125,325.75360107421875,325.6849365234375,100.0,4.406440258026123,56.77977752685547,149.9508514404297,308.7145080566406,308.7515869140625,308.70745849609375,340.26995849609375,52.37333679199219,36.28680419921875,149.9508514404297,0.0,0.9914088249206543,0.9932576417922974,0.9918242692947388,88.83299255371094,88.82512664794922,88.845947265625,64.95500946044922,64.95256805419922,64.9524154663086,50.154640197753906,50.14670944213867,50.1798210144043,100.0569076538086,99.59603881835938,99.7890853881836,1937.0225830078125,1938.5574951171875,1910.772705078125,523.7463989257812,523.8145141601562,523.6007690429688,29.0,0.0,48.0,0.5194478631019592,0.6970467567443848,0.43237677216529846,0.7343612313270569,0.5150430798530579,0.6926096677780151,41.0,78.36749267578125,64.4288101196289,226.2514190673828,98.05888366699219,9.999999974752427e-07,86.92078399658203,0.6272037029266357,155.53150939941406,0.9952362179756165,721.2213134765625,39.849693298339844,31.428478240966797,1.0,9.475468635559082,77.884033203125,0.0,0.9718579053878784,20.0,0.0,60.0,120.0,22.0,120.0,3.478856086730957,0.0,0.0,986.0013427734375,18.08837127685547,89.19805908203125,2.0,200.0,0,0,228,228,228,228,202,228,228,228,160,0,99999,99999,13,402,1800,180,1800,998,20,986,96,23,0,0,0,806,1424,29,31,32,0,0,0,0,0,0,0,0,0,0,0,0,0,0,1,0,0,0,0,1,1,1,0,1,0,0,0,1,0,0,0,0,0,0,0,0,0,0,0,0,1,0,1,0,0,1,1,0,1,0,1,0,1,0,0,0,1,1,0,1,0,1,0,0,0,1,1,0,0,0,1,0,1,0,0,0,0,0,1,0,0,1,0,0,0,1,0,0,0,0,0,0,1,0,0,0,1,1,0,0,1,0,1,0,1,0,1,0,0,0,1,0,1,1,1,0,0,1,0,0,0,0,0,1,1,1,0,0,0,0,0,0,0,0,0,0,0,1,0,1,0,1,0,0,0,0,0,0,0,0,0,1,0,1,0,1,0,1,1,1,1,1,1,1,0,0,0,0,0,0,1,0,1,1,1,1,1,1,1,1,1,1,1,0,0,0,1,1,0,0,1,1,0,1,0,1,0,1,1,0,0,0,0,0,0,0,0,1,0,0,0,1,0,1,1,0,0,1,0,0,1,1,0,1,1,1,0,1,1,0,1,0,1,1,0,0,0,0,0,0,1,1,1,1,0,0,0,0,0,0,0,0,0,0,0,0,0,0,0,0,0,0,0,0,0,0,0,0,0,0,0,0,0,0,0,0,0,0,0,0,0,0,0,0,0,0,0,0,0,0,0,0,0,0,0,0,0,0,0,0,0,0,0,0,0,0,0,0,0,0,0,0,0,0,0,0,0,0,0,0,0,0,0,0,0,0,0,0,0,0,0,0,0,0,0,0,0,0,0,0,0,0,0,0,0,0,0,0,0,0,0,0,0,0,0,0,0,0,0,0,0,0,0,0,0,0,0,0,0,0,0,0,0,0,0,0,0,0,0,0,0,0,0,0,0,0,0,0,0,0,0,1,0,1,0,0,0,0,0,1,0,0,0,0,0,0,0,0,0,0,0,0,0,0,0,1,0,0,0,0,0,0,0,0,0,0,0,0,0,0,1,0,0,0,0,0,0,0,0,0,0,1,0,0,0,0,0,0,0,0,0,0,0,0,0,0,0,0,0,0,0,0,0,0,0,0,0,0,0,1,0,0,0,0,0,0,1,1,1,0,0,0,0,0,0,-1,0,0,0,0,0,0,0,0,-1,0,0,-1,0,0,0,0,0,0,0,0,0,0,0,0,0,0,0,0,0,0,1,0,0,0,0,0,0,0,0,0,0,0,0,0,0,0,0,1,1,0,-1,-1,-1,1,1,1,0,0,0,0,1,0,0,1,1,0,0,0,0,1,0,0,0,0,0,0,0,0,0,0,0,0,0,0,0,0,0,0,0,0,0,0,0,0,0,0,0,0,0,1,1,0,1,0,1,1,0,1,0,1,1,0,1,0,0,1,0,0,0,0,0,0,0,0,0,0,0,0,0,0,0,0,0,0,0,0,0,0,0,0,0,0
0,1,1,300,228,8,8,228,114,25,1,0,0.0020000000949949026,4000.0,1.0,0.04500000178813934,25.0,48.0,8.0,291.70001220703125,1.7000000476837158,-3.179999907843012e-07,0.007360000163316727,0.008080000057816505,8.0,0.33000001311302185,0.0333000011742115,1.0,9.999999747378752e-06,21.0,9.999999747378752e-06,2775000064.0,9.000000136438757e-05,4.999999980020986e-13,5.0,40.0,3.0,-3.3499999046325684,3.3499999046325684,0.5,0.0004799999878741801,292.3927001953125,492.6077880859375,-0.0036125299520790577,0.002354159951210022,0.0008944629807956517,0.013157900422811508,0.800646185874939,0.02024419978260994,2650129920.0,0.006539999973028898,228,228,228,228,228,228,228,228,228,228,228,228,228,228,228,228,228,228,228,228,228,228,228,228,202,202,202,202,228,228,228,228,228,228,228,228,228,228,228,228,228,228,228,228,228,228,228,228,228,228,228,228,0,1,4,4,228,228,228,202,228,228,228,228,3,0,0.00040181426447816193,292.2628173828125,664.0511474609375,749.712158203125,839.8692626953125,926.8148193359375,1060.2412109375,1093.9385986328125,1105.183837890625,1089.458984375,1050.879638671875,992.8512573242188,913.0846557617188,826.4149169921875,740.28466796875,662.1364135742188,586.7705078125,525.9421997070312,480.21826171875,449.108154296875,429.9685974121094,421.6517333984375,421.45526123046875,426.01904296875,431.98291015625,435.98663330078125,-0.00162078021094203,0.7424430251121521,0.7719821929931641,-0.00010034853039542213,0.7554473876953125,0.9902374744415283,114485.09375,3.5806806408800185e-05,0.32539573311805725,0.7564360499382019,0.9626780152320862,0.9634048342704773,0.02235184796154499,1.0,-1.6815581571897805e-44,-3.3661911487579346,0.0,99.29340362548828,2663.818115234375,0.9435471296310425,733.3986206054688,228.0,30.60211181640625,4.875851631164551,1.2000000476837158,0.0,309.1921691894531,280613.78125,-0.5351893901824951,6.442264080047607,130.28829956054688,1.227461814880371,7750000.0,8160000.0,86.12000274658203,119.0999984741211,0.5,9.999999747378752e-05,0.0,3.299999952316284,200.0,0.30000001192092896,309.20001220703125,2.439019908706541e-06,0,0,0,1,1,1,0,24,0,308.6884460449219,0.0,0.0,0.0,0.0,0.0,0.0,0.5148854851722717,0.8729787468910217,0.5186365246772766,-0.0018755197525024414,-0.0005676299333572388,-0.0004375724820420146,0.5018755197525024,0.5016049146652222,0.5017312169075012,1.0,25.0,24.0,6363814.0,6363815.0,6364065.5,291.71038818359375,291.7242431640625,291.7218017578125,325.6343994140625,325.70538330078125,325.6343994140625,4400000.0,308.6723937988281,308.7148132324219,308.6781005859375,33.92401123046875,33.98114013671875,33.91259765625,325.56402587890625,4587.43994140625,4579.900390625,4599.7548828125,12.777562141418457,12.77550220489502,12.776987075805664,13.188262939453125,0.0,0.0,0.0020000000949949026,291.71881103515625,325.6580505371094,-22.224369049072266,1.631203532218933,1.6303962469100952,1.6308501958847046,-8.248592376708984,39.0,40.0,42.0,41.0,0.0,0.0,6363279.5,6311959.5,82.0595703125,5.0,0.014999999664723873,-180000.0,600.0,1000000.0,400000.0,0.17000000178813934,22000.0,786000.0,120000.0,0.0,40.0,30.0,36.810001373291016,0.5,18.399999618530273,50000.0,115692.3984375,15.113750457763672,0,0,1,0,0,0,0,14680343.0,0.0,0.0,0.0,0.0,0.0,-715800.0,400000.0,1000000.0,1.0,1400000.0,0.0,0.5230873823165894,14684200.0,126869.6328125,14680343.0,340.27154541015625,40.007659912109375,5.228611946105957,-715800.0,0.0,0.0,0.0,3.6242833137512207,40.007659912109375,0.0,22230.939453125,1.2010046243667603,0.0,0.0,0.0,20.0,14.711517333984375,22.0,0.0,0.0,0.0,0.05000000074505806,0.02500000037252903,0.17000000178813934,15400000.0,0.5,6.25,0.0006667000125162303,2.0,2410000.0,4140000.0,4.734799861907959,0.15000000596046448,0.20000000298023224,0.2199999988079071,1.0,0.0,-1.0,0.0,5.0,20.0,30.0,50.0,74.0,80.0,86.0,9.800000190734863,500000.0,1.0499999802959792e-07,0.5,750.0,1000.0,600.0,1000.0,1150.0,32.0,32.0,37.400001525878906,10.0,10.0,0.007000000216066837,0.5049999952316284,82.0,189.26499938964844,0.0,1.5099999904632568,231.60000610351562,20.0,36.0,16.600000381469727,16.5,225.0,-0.1756729930639267,27.5,-0.1756729930639267,30.485509872436523,0.1561516970396042,11.10221004486084,-1.8332500457763672,-75.0,4.3520002365112305,9.800000190734863,189.26499938964844,93.30000305175781,2650000.0,0.8500000238418579,7.570000171661377,0,1,0,0,0,0,0,0,0,0,0,1,3,3,0,0,1,1,0,0,0,0,0,0,0,0,0,0,1,0,0,0,0,0,0,0,0,0,0,1,0,0,0,0,0,0,0,0,0,0,12.059189796447754,29062.333984375,2153.699951171875,0.0004149467858951539,0.0004361289902590215,0.0006248649442568421,1.0,1.0,0.0,0.0,0.0,0.5428110361099243,0.5335370898246765,1.0,0.0,0.0,0.0,1.0,0.0,0.0,1.0,1.0,0.0,1.0,1.0,0.010656654834747314,0.0,1.0,0.0,0.6433536410331726,0.6456341743469238,0.0004149467858951539,0.0,0.0,0.0,99998.78125,99999.0,2837189.5,2410000.0,36.20000076293945,36.20000076293945,36.20000076293945,32.329017639160156,274.3485412597656,141.7809295654297,50.796878814697266,26.177120208740234,38.55792999267578,27.0,28.75979232788086,27.0,0.0,32.0,20.0,68.57752227783203,3446668.0,0.5431943535804749,3.7799999713897705,4.340898513793945,8.919805526733398,0.0,0.0,0.0,1.401298464324817e-45,5.502640724182129,5.502640724182129,0.5049998760223389,0.5049998760223389,0.5049998760223389,0.18937495350837708,0.18937495350837708,0.18937495350837708,0.0,0.0,0.0,0.0,0.0,0.0,5.294999599456787,0.0,0.0,0.0,0.0,0.0,0.0,100.0,74.08049774169922,0.5672491788864136,0.0,20.0,0.0,5.444001197814941,5.280712604522705,0.0,0.0,0.0,0.007000000216066837,0.0,0.0,9.632367134094238,0.0,1.7333970069885254,1.401298464324817e-45,5.287773132324219,0.0,0.0,0.0,0.0,0.0,0.0,20.0,0.0,0.0,14376493.0,0.0,0.0,0.0,0.0,0.0,0.0,0.0,0.351500004529953,18.93000030517578,23.030000686645508,7.69199959904654e-06,0.08500000089406967,0.009999999776482582,24.0,27.0,8.800000190734863,500000.0,0.05000000074505806,2.7000000013543968e-09,2.7000000013543968e-09,145100.0,120000.0,14650000.0,86400.0,17.0,34.5,48.70000076293945,321.8999938964844,83170.0,0.0,1.0,1.0,0.0010000000474974513,725.0,0.0,0.5,0.0,0.0,57.31999969482422,837142.875,9359.77734375,117376.1015625,2623.89794921875,83026.390625,725.0,1.0204100362898316e-05,740000000.0,1,0,1,0,1,0,1,0,0,0,0,8.799991607666016,27.0,939.729736328125,0.0,0.0,0.0,0.0,0.3771923780441284,0.0003782746789511293,0.0,0.007228400558233261,35.97353744506836,1.0,24978.1796875,1951.4073486328125,9.380113624501973e-06,2705456128.0,4262647296.0,2874393344.0,4222339840.0,-82.25015258789062,33.38330078125,-134529008.0,40307552.0,5.287773132324219,1550.560546875,87.53792572021484,1517.17724609375,106381.3984375,3460.17626953125,144180.875,151088.859375,122978.1796875,11.199994087219238,35.97353744506836,35.97353744506836,1.0,9.380113624501973e-06,1951.4073486328125,519390035968.0,0.19705311954021454,137600.0,137600.0,106705872.0,82.09136962890625,5596.77197265625,1.0,0.0,1700.0,250000.0,10000.0,1038.0,0.004999999888241291,400.0,5000.0,0,0,0,0,2963514.0,64.68450927734375,64.68450927734375,1229275.875,2783029.0,1.0,1.0,1231588.125,228.716552734375,6312497.0,1.0,0.9951757788658142,1.0,1.0,1035.2724609375,277.9765319824219,189.42593383789062,128.04830932617188,6208575.5,808424.125,189.42593383789062,1.0,1.0,1.0,136.3175811767578,1566.6156005859375,793.484619140625,0.0,0.0,0.0,7680000.0,520.9857788085938,521.0026245117188,523.5767822265625,0.0,2783029.0,0.0,129.3690185546875,0.0,0.0,278.8457946777344,1.0,0.0,-7.5742998123168945,0.0,5.605193857299268e-45,9.999999974752427e-07,0.0,2.0,0.0003000000142492354,0.004999999888241291,0.0010000000474974513,2.0000000233721948e-07,2.0000000233721948e-07,0.0005555999814532697,993000000.0,1.0,0.05000000074505806,0.10000000149011612,0.0005000000237487257,0.0016700000269338489,0.009999999776482582,1.0,1.0,0.0010000000474974513,4.999999873689376e-05,0.00039999998989515007,0.019999999552965164,0.9891999959945679,0.9891999959945679,0.9950000047683716,0.9950000047683716,1,0,0,0,0,1,0,0,1,0,1,0,0,0,0.9926357865333557,985687360.0,63077.578125,4843563.0,1161.54345703125,2545553.25,1438.546142578125,1.0,2329122.25,0.9651269316673279,1.0,60.0,180.0,1800.0,1800.0,1.0047005414962769,0.019808992743492126,1.0,1.0,-0.012236599810421467,0.0,0.0,0.0,0.0,-9.959936141967773e-05,6.602997746085748e-05,0.0,0.0,6.602997746085748e-05,0.0,6.602997746085748e-05,6.602997746085748e-05,0.0,7.006492321624085e-44,1,1,0,1,1,1,0,1,1,0,1,0,1,1,1,1,1,1,1,1,0,1000,1000,0,1,5001,5001,220.0,3477.907470703125,120.0,120.0,60.0,0.0,0.4000000059604645,0.10000000149011612,0.10000000149011612,2.0,500.0,200.0,0.9900000095367432,300000.0,5000.0,45000.0,20000.0,0.019999999552965164,2.0,0.05000000074505806,0.019999999552965164,6.0,0.05000000074505806,0.019999999552965164,0.019999999552965164,88.30000305175781,0.10000000149011612,0.800000011920929,0.05000000074505806,0.009999999776482582,50.0,50.0,340.0,340.0,1000000.0,1,1,1,1,1,1,1,1,1,1,0,0,0,1,1,0,1.0,0.0,0.0,0.0,0.006927468813955784,0.0,0.0,0.0,0.9181323051452637,0.9181323051452637,0.9181323051452637,5000.40283203125,3900260.25,3905260.75,50.0,27.617921829223633,0.4000000059604645,0.0,0.0,0.10000000149011612,0.16438794136047363,1.0,45000.0,20.0,29.305538177490234,778843.5625,33.42225646972656,4589.1044921875,721.2213134765625,0.7788435816764832,0.9181957244873047,9.47542953491211,1.0,3221646.0,3304317.0,9.718579292297363,20.0,0.27274197340011597,27.27419662475586,0.0,636.4223022460938,411.3052978515625,100000.0,50000.0,1115.300048828125,50000.0,700.0,2000.0,2800000.0,3500000.0,4000000.0,9.999999747378752e-05,4.999999873689376e-05,500.0,20000.0,100.0,500.0,60000.0,1200.0,1.0,120.0,150000.0,3000.0,300.0,1.0,300.0,0.019999999552965164,0.019999999552965164,0.009999999776482582,0.009999999776482582,0.009999999776482582,0.019999999552965164,1.100000023841858,0.019999999552965164,4.0,0.019999999552965164,88.0,1613.0,0.009999999776482582,0.20000000298023224,3.0,5.0,600.0,0.0010000000474974513,88.0,88.0,2000.0,2340.0,-0.11599799990653992,-0.03561130166053772,-0.04758000001311302,-0.01752999983727932,0,0,0,0,0,1,0,523.2199096679688,523.2199096679688,2.101318359375,2.101318359375,0.017022838816046715,31.428466796875,164.21788024902344,1605.414306640625,1050.614990234375,799.496337890625,799.496337890625,3.2108154296875,3.2108154296875,1604.8974609375,548.3992309570312,0.0,0.0,2667162.5,20.00048065185547,20.00048065185547,156.3548126220703,156.3548126220703,65723.03125,65723.03125,1.095383882522583,1.095383882522583,114.3582763671875,114.3582763671875,24.998924255371094,24.998924255371094,104598.0078125,104598.0078125,25.00885009765625,155.5298614501953,158.509521484375,2643873.5,20.00048065185547,20.00048065185547,226.9396514892578,226.9396514892578,155.9583282470703,155.9583282470703,652545.3125,652545.3125,0.0,114.46066284179688,114.46066284179688,228.9383544921875,160206.484375,160206.484375,1.0680432319641113,1.0680432319641113,226.24034118652344,155.9583282470703,276.9627990722656,138.4813995361328,138.4813995361328,204.12969970703125,204.12969970703125,408.2593994140625,0.0,0.0,0.0,138.46163940429688,138.46163940429688,204.12969970703125,204.12969970703125,0.026315800845623016,13.063821792602539,0.20000000298023224,0.8654521107673645,0.9174295663833618,0.8706445693969727,0.5148854851722717,0.4320986568927765,0.5190755724906921,0.9599996209144592,1.0,1.0,1.0,0.9999998211860657,0.9999998211860657,0.9999998211860657,190859.203125,193242.0625,0.0,0.0,0.0,0.0,0.0,0.0,0.0,296.3810119628906,297.7510070800781,0.0,189704.625,189704.625,0.0,0.0,0.0,0.0,0.8728334903717041,0.8728334903717041,0.8728334903717041,0.8532094955444336,1197317.75,0.9959999918937683,0.9959999918937683,0.9959999918937683,0.9959999918937683,5782781.0,2733692.5,7410413.5,8516420.0,2606300.0,4015292.0,0.0039002601988613605,0.007810521405190229,1050.6424560546875,530.685791015625,538.1537475585938,537.5410766601562,332.73248291015625,365.84503173828125,336.7636413574219,197.95330810546875,172.3087158203125,200.77743530273438,1605.4312744140625,1050.6541748046875,350.31610107421875,350.31610107421875,350.31610107421875,525.9882202148438,525.9882202148438,525.9882202148438,2.999999523162842,0.8601520657539368,0.8644519448280334,3.0000033378601074,5.0,0.0040000081062316895,0.0040000081062316895,0.0040000081062316895,0.0040000081062316895,0.0,-0.4368000030517578,0.0,599999.9375,164.21788024902344,164.21788024902344,0.0,20.0,2782637.5,7.25,12.0,10.25,225.28271484375,225.28271484375,225.28271484375,0.0,0.0,0.7926306128501892,0.9211652278900146,10000.0,10000.0,0.011826000176370144,1038.5,0.027953999117016792,0.0,0.0,1.0878000259399414,1.0809999704360962,9.000000136438757e-05,103.0,33.220001220703125,1.8179999589920044,0.029999999329447746,49.0,8.329999923706055,4.159999847412109,58.0,302.0,4.5,0.699999988079071,0.4000000059604645,7.5,1.3799999952316284,2.492000102996826,7000.0,48.88999938964844,1.2000000476837158,45.0,62000.0,4590000.0,4250000.0,15900000.0,15100000.0,0.05000000074505806,0.17000000178813934,0.009999999776482582,15220000.0,1.6699999570846558,312.7799987792969,1.1100000143051147,4232.0,0.25,689000.0,4030000.0,9.829999923706055,8.550000190734863,12200000.0,231.10000610351562,88.3239974975586,633.0,1.1430000066757202,0.6858000159263611,-10.0,-3.7799999713897705,0.7799999713897705,295.5,4030000.0,12400000.0,0.9200000166893005,5.0,0,0,0,228,160,0,0,0,0,0,0,0,0,1,0,0,0,1,1,1,0,1,0,0,1,0,0,1,1,1,0,0,0,0,0,0,0,0,0,0,0,0,0,0,0.9626780152320862,6363814.0,1.0877822637557983,0.991549015045166,1.026824951171875,308.6976623535156,33.945533752441406,-0.0036879894323647022,1,1,1,0,0,0,1,1,0,0,0,0,0,205,0.20000000298023224,0.20000000298023224,0.20000000298023224,0.0,2,0,0,0,0,0,0,0,0,0,0,0,0,0,0,0,0,0,0,0,0,0,0,0,0,0,0,0,0,0,0,0,0,0,0,0,0,0,0,0,0,0,0,0,0,0,0,0,0,0,0,1,0,0,0,0,0,0,0,0,0,0,0,0,0,0,0,0,0,0,0,0,0,0,0,0,0,0,0,0,0,0,0,0,0,0,0,0,0,0,0,0,0,0,0,0,0,0,0,0,0,0,0,0,0,0,0,0,0,0,0,0,0,0,0,0,0,0,0,0,0,0,0,0,0,0,0,0,0,0,0,0,0,0,0,0,0,0,0,0,0,0,0,1,0,0,0,0,0,0,0,0,0,0,0,-1,0,0,0,0,0,0,1,1,0,0,96.2677993774414,-3.3661911487579346,0.0,-0.5351893901824951,-1.6815581571897805e-44,309.1921691894531,308.6976623535156,733.3986206054688,-0.00010034853039542213,99.29340362548828,2663.818115234375,1.0877822637557983,1.026824951171875,-1.0,0.4945068359375,6.827850029367255e-06,0.007228400558233261,100.0,27.0,0.0,7.799991607666016,3.2903480529785156,1.0,1.0,35.97353744506836,0.2548798620700836,20.0,9.380113624501973e-06,0.0,74.08049774169922,1.7333970069885254,1.8179994821548462,0.00036938843550160527,0.6817498207092285,0.5431943535804749,28.950965881347656,8.919805526733398,19.809505462646484,15.62723445892334,0.5428110361099243,50.796878814697266,44.898040771484375,274.3485412597656,141.7809295654297,0.9688048958778381,325.5772399902344,40.007659912109375,0.29459047317504883,291.7276611328125,291.73089599609375,291.715576171875,325.6471862792969,325.7172546386719,325.6473083496094,100.0,4.416179656982422,56.724918365478516,149.83905029296875,308.68743896484375,308.72406005859375,308.68145751953125,340.2711181640625,52.308738708496094,36.254234313964844,149.83905029296875,0.0,0.9907892942428589,0.9927415251731873,0.9911458492279053,88.84642791748047,88.83663177490234,88.8526382446289,64.93955993652344,64.93700408935547,64.93699645996094,50.17312240600586,50.160491943359375,50.18755340576172,100.01348114013672,99.57398986816406,99.7456283569336,1935.1478271484375,1937.3533935546875,1910.46875,523.6116333007812,523.554931640625,523.4961547851562,29.0,0.0,48.0,0.5190755724906921,0.696515679359436,0.4320986568927765,0.7339436411857605,0.5148854851722717,0.6923617124557495,41.0,78.36749267578125,64.4133529663086,226.24034118652344,98.03601837158203,9.999999974752427e-07,86.90240478515625,0.6273325085639954,155.5298614501953,0.9951757788658142,721.2213134765625,39.849674224853516,31.428466796875,1.0,9.47542953491211,77.88436126708984,0.0,0.9718579053878784,20.0,0.0,60.0,120.0,22.0,120.0,3.477907657623291,0.0,0.0,985.6873779296875,18.08837127685547,89.19805908203125,2.0,200.0,0,0,228,228,228,228,202,228,228,228,160,0,99999,99999,13,402,1800,180,1800,998,20,985,96,23,0,0,0,806,1424,29,31,32,0,0,0,0,0,0,0,0,0,0,0,0,0,0,1,0,0,0,0,1,1,1,0,1,0,0,0,1,0,0,0,0,0,0,0,0,0,0,0,0,1,0,1,0,0,1,1,0,1,0,1,0,1,0,0,0,1,1,0,1,0,1,0,0,0,1,1,1,0,0,1,0,1,0,0,0,0,1,1,0,0,1,0,0,0,1,0,0,0,0,0,0,1,0,0,0,1,1,0,0,1,0,1,0,1,0,1,0,0,0,1,0,1,1,1,0,0,1,0,0,0,0,0,1,1,1,0,0,0,0,0,0,0,0,0,0,0,1,0,1,0,1,0,0,0,0,0,0,0,0,0,1,0,1,0,1,0,1,1,1,1,1,1,1,0,0,0,0,0,0,1,0,1,1,1,1,1,1,1,1,1,1,1,1,0,0,1,1,0,0,1,1,0,1,0,1,0,1,1,0,0,0,0,0,0,0,0,1,0,0,0,1,0,1,1,0,0,1,0,0,1,1,0,1,1,1,0,1,1,0,1,0,1,1,0,0,0,0,0,0,1,1,1,1,0,0,0,0,0,0,0,0,0,0,0,0,0,0,0,0,0,0,0,0,0,0,0,0,0,0,0,0,0,0,0,0,0,0,0,0,0,0,0,0,0,0,0,0,0,0,0,0,0,0,0,0,0,0,0,0,0,0,0,0,0,0,0,1,0,0,0,1,0,0,0,0,0,0,0,0,0,0,0,0,0,0,1,0,0,0,0,0,0,0,0,0,0,0,0,0,0,0,0,0,0,0,0,0,0,0,0,0,0,0,0,0,0,0,0,0,0,0,0,0,0,0,0,0,0,0,0,0,0,0,0,0,0,0,0,0,0,0,0,0,0,0,0,0,0,0,0,1,0,1,0,0,0,0,0,1,0,0,0,0,0,0,0,0,0,0,0,0,0,0,0,1,0,0,0,0,0,0,0,0,0,0,0,0,0,0,1,0,0,0,0,0,0,0,0,0,0,1,0,0,0,0,0,0,0,0,0,0,0,0,0,0,0,0,0,0,0,0,0,0,0,0,0,0,0,1,0,0,0,0,0,0,1,1,1,0,0,0,0,0,0,-1,0,0,0,0,0,0,0,0,-1,0,0,-1,0,0,0,0,0,0,0,0,0,0,0,0,0,0,0,0,0,0,1,0,0,0,0,0,0,0,0,0,0,0,0,0,0,0,0,1,1,0,-1,-1,-1,1,1,1,0,0,0,0,1,0,0,1,1,0,0,0,0,1,0,0,0,0,0,0,0,0,0,0,0,0,0,0,0,0,0,0,0,0,0,0,0,0,0,0,0,0,0,1,1,0,1,0,1,1,0,1,0,1,1,0,1,0,0,1,0,0,0,0,0,0,0,0,0,0,0,0,0,0,0,0,0,0,0,0,0,0,0,0,0,0
0,1,1,300,228,8,8,228,114,25,1,0,0.0020000000949949026,4000.0,1.0,0.04500000178813934,25.0,48.0,8.0,291.70001220703125,1.7000000476837158,-3.179999907843012e-07,0.007360000163316727,0.008080000057816505,8.0,0.33000001311302185,0.0333000011742115,1.0,9.999999747378752e-06,21.0,9.999999747378752e-06,2775000064.0,9.000000136438757e-05,4.999999980020986e-13,5.0,40.0,3.0,-3.3499999046325684,3.3499999046325684,0.5,0.0004799999878741801,292.3927001953125,492.6077880859375,-0.0036125299520790577,0.002354159951210022,0.0008944629807956517,0.013157900422811508,0.800646185874939,0.02024419978260994,2650129920.0,0.006539999973028898,228,228,228,228,228,228,228,228,228,228,228,228,228,228,228,228,228,228,228,228,228,228,228,228,203,203,203,203,228,228,228,228,228,228,228,228,228,228,228,228,228,228,228,228,228,228,228,228,228,228,228,228,0,1,4,4,228,228,228,203,228,228,228,228,3,0,0.00040181426447816193,292.25140380859375,663.223876953125,748.706298828125,838.6776733398438,925.4427490234375,1058.5731201171875,1092.16748046875,1103.324951171875,1087.56982421875,1049.0224609375,991.0942993164062,911.5111694335938,825.0653076171875,739.1708984375,661.2420654296875,586.0859375,525.4254760742188,479.827392578125,448.8037109375,429.71923828125,421.42950439453125,421.2392272949219,425.796875,431.7509765625,435.75006103515625,-0.0013807718642055988,0.7403883934020996,0.7719818353652954,-0.00010494674643268809,0.7554487586021423,0.9900632500648499,114215.8671875,3.5709512303583324e-05,0.32524076104164124,0.754288375377655,0.9604970812797546,0.9612124562263489,0.022351913154125214,1.0,-1.6815581571897805e-44,-3.367180585861206,0.0,99.29335021972656,2663.823486328125,0.9435487985610962,732.4102172851562,228.0,35.955810546875,5.13209342956543,0.0,0.0,309.18695068359375,280614.34375,-0.5345606803894043,6.441324234008789,130.28829956054688,1.2297661304473877,7750000.0,8160000.0,86.12000274658203,119.0999984741211,0.5,9.999999747378752e-05,0.0,3.299999952316284,200.0,0.30000001192092896,309.20001220703125,2.439019908706541e-06,0,0,0,1,1,1,0,24,0,308.65997314453125,0.0,0.0,0.0,0.0,0.0,0.0,0.5146669745445251,0.8729554414749146,0.5186334252357483,-0.0019832253456115723,-0.0005868881708011031,-0.000454605498816818,0.5019832253456116,0.5017823576927185,0.5019451379776001,1.0,25.0,24.0,6362162.5,6362156.5,6362414.0,291.69305419921875,291.70330810546875,291.703125,325.595458984375,325.6695556640625,325.5953369140625,4400000.0,308.6442565917969,308.6864318847656,308.64923095703125,33.90240478515625,33.96624755859375,33.8922119140625,325.5225830078125,4585.3876953125,4578.9677734375,4597.70068359375,12.778767585754395,12.777470588684082,12.779133796691895,13.16827392578125,0.0,0.0,0.0020000000949949026,291.6998291015625,325.6201171875,-23.67435073852539,1.6315823793411255,1.6310127973556519,1.6315723657608032,-8.415555953979492,39.0,40.0,42.0,41.0,0.0,0.0,6361586.5,6310261.5,81.90047454833984,5.0,0.014999999664723873,-180000.0,600.0,1000000.0,400000.0,0.17000000178813934,22000.0,786000.0,120000.0,0.0,40.0,30.0,36.810001373291016,0.5,18.399999618530273,50000.0,115692.3984375,15.113750457763672,0,0,1,0,0,0,0,14668192.0,0.0,0.0,0.0,0.0,0.0,-727657.0,400000.0,1000000.0,1.0,1400000.0,0.0,0.5223941802978516,14672343.0,126869.6328125,14668192.0,340.27276611328125,40.007659912109375,5.221531391143799,-727657.0,0.0,0.0,0.0,3.620713472366333,40.007659912109375,0.0,22230.939453125,1.2010046243667603,0.0,0.0,0.0,20.0,14.711517333984375,22.0,0.0,0.0,0.0,0.05000000074505806,0.02500000037252903,0.17000000178813934,15400000.0,0.5,6.25,0.0006667000125162303,2.0,2410000.0,4140000.0,4.734799861907959,0.15000000596046448,0.20000000298023224,0.2199999988079071,1.0,0.0,-1.0,0.0,5.0,20.0,30.0,50.0,74.0,80.0,86.0,9.800000190734863,500000.0,1.0499999802959792e-07,0.5,750.0,1000.0,600.0,1000.0,1150.0,32.0,32.0,37.400001525878906,10.0,10.0,0.007000000216066837,0.5049999952316284,82.0,189.26499938964844,0.0,1.5099999904632568,231.60000610351562,20.0,36.0,16.600000381469727,16.5,225.0,-0.1756729930639267,27.5,-0.1756729930639267,30.485509872436523,0.1561516970396042,11.10221004486084,-1.8332500457763672,-75.0,4.3520002365112305,9.800000190734863,189.26499938964844,93.30000305175781,2650000.0,0.8500000238418579,7.570000171661377,0,1,0,0,0,0,0,0,0,0,0,1,3,3,0,0,1,1,0,0,0,0,0,0,0,0,0,0,1,0,0,0,0,0,0,0,0,0,0,1,0,0,0,0,0,0,0,0,0,0,12.059185028076172,29062.42578125,2153.699951171875,0.0004149453015998006,0.0004361289902590215,0.0006248649442568421,1.0,1.0,0.0,0.0,0.0,0.5438979268074036,0.5345988273620605,1.0,0.0,0.0,0.0,1.0,0.0,0.0,1.0,1.0,0.0,1.0,1.0,0.010728836059570312,0.0,1.0,0.0,0.6431596875190735,0.6454620957374573,0.0004149453015998006,0.0,0.0,0.0,99998.78125,99999.0,2836334.25,2410000.0,36.20000076293945,36.20000076293945,36.20000076293945,32.33304214477539,274.0035095214844,141.50978088378906,50.715579986572266,26.180858612060547,38.52809143066406,27.0,28.751806259155273,27.0,0.0,32.0,20.0,68.57752227783203,3446668.0,0.5431954860687256,3.7799999713897705,4.351500511169434,8.919804573059082,0.0,0.0,0.0,1.401298464324817e-45,5.5002851486206055,5.5002851486206055,0.5049998760223389,0.5049998760223389,0.5049998760223389,0.18937495350837708,0.18937495350837708,0.18937495350837708,0.0,0.0,0.0,0.0,0.0,0.0,5.294999599456787,0.0,0.0,0.0,0.0,0.0,0.0,100.0,74.08134460449219,0.5666755437850952,0.0,20.0,0.0,5.4412736892700195,5.291305065155029,0.0,0.0,0.0,0.007000000216066837,0.0,0.0,9.642963409423828,0.0,1.733405351638794,1.401298464324817e-45,5.298375129699707,0.0,0.0,0.0,0.0,0.0,0.0,20.0,0.0,0.0,14364387.0,0.0,0.0,0.0,0.0,0.0,0.0,0.0,0.351500004529953,18.93000030517578,23.030000686645508,7.69199959904654e-06,0.08500000089406967,0.009999999776482582,24.0,27.0,8.800000190734863,500000.0,0.05000000074505806,2.7000000013543968e-09,2.7000000013543968e-09,145100.0,120000.0,14650000.0,86400.0,17.0,34.5,48.70000076293945,321.8999938964844,83170.0,0.0,1.0,1.0,0.0010000000474974513,725.0,0.0,0.5,0.0,0.0,57.31999969482422,837142.875,9359.77734375,117376.1015625,2623.89794921875,83026.390625,725.0,1.0204100362898316e-05,740000000.0,1,0,1,0,1,0,1,0,0,0,0,8.799991607666016,27.0,988.95361328125,0.0,0.0,0.0,0.0,0.3969712555408478,0.0003815727250184864,0.0,0.0076070306822657585,36.03901672363281,1.0,24994.421875,2045.50244140625,9.871975635178387e-06,2699878656.0,4259483392.0,2872076288.0,4221500928.0,-82.07461547851562,32.625244140625,-136610224.0,37982080.0,5.298375129699707,1549.4942626953125,87.37299346923828,1516.8690185546875,106381.3984375,3471.933349609375,144218.328125,151363.875,122994.421875,11.799993515014648,36.03901672363281,36.03901672363281,1.0,9.871975635178387e-06,2045.50244140625,538466058240.0,0.19711452722549438,137600.0,137600.0,106499280.0,81.93463134765625,5612.888671875,1.0,0.0,1700.0,250000.0,10000.0,1038.0,0.004999999888241291,400.0,5000.0,0,0,0,0,2963489.75,64.68047332763672,64.68047332763672,1229195.875,2783041.25,1.0,1.0,1231311.125,228.69386291503906,6310841.0,1.0,0.9951128363609314,1.0,1.0,1034.9957275390625,277.9603271484375,189.41551208496094,127.98578643798828,6206995.0,808376.5,189.41551208496094,1.0,1.0,1.0,136.27627563476562,1566.2962646484375,793.2305297851562,0.0,0.0,0.0,7680000.0,520.8823852539062,520.8204345703125,523.460205078125,0.0,2783041.25,0.0,129.36094665527344,0.0,0.0,278.8280029296875,1.0,0.0,-7.5742998123168945,0.0,5.605193857299268e-45,9.999999974752427e-07,0.0,2.0,0.0003000000142492354,0.004999999888241291,0.0010000000474974513,2.0000000233721948e-07,2.0000000233721948e-07,0.0005555999814532697,993000000.0,1.0,0.05000000074505806,0.10000000149011612,0.0005000000237487257,0.0016700000269338489,0.009999999776482582,1.0,1.0,0.0010000000474974513,4.999999873689376e-05,0.00039999998989515007,0.019999999552965164,0.9891999959945679,0.9891999959945679,0.9950000047683716,0.9950000047683716,1,0,0,0,0,1,0,0,1,0,1,0,0,0,0.9923547506332397,985408256.0,63070.6796875,4841691.5,1161.405517578125,2545569.5,1438.289794921875,1.0,2329135.5,0.9653250575065613,1.0,60.0,180.0,1800.0,1800.0,1.0047005414962769,0.019808992743492126,1.0,1.0,-0.012236599810421467,0.0,0.0,0.0,0.0,-8.803606033325195e-05,6.602997746085748e-05,0.0,0.0,6.602997746085748e-05,0.0,6.602997746085748e-05,6.602997746085748e-05,0.0,7.006492321624085e-44,1,1,0,1,1,1,0,1,1,0,1,0,1,1,1,1,1,1,1,1,0,1000,1000,0,1,5001,5001,220.0,3477.064208984375,120.0,120.0,60.0,0.0,0.4000000059604645,0.10000000149011612,0.10000000149011612,2.0,500.0,200.0,0.9900000095367432,300000.0,5000.0,45000.0,20000.0,0.019999999552965164,2.0,0.05000000074505806,0.019999999552965164,6.0,0.05000000074505806,0.019999999552965164,0.019999999552965164,88.30000305175781,0.10000000149011612,0.800000011920929,0.05000000074505806,0.009999999776482582,50.0,50.0,340.0,340.0,1000000.0,1,1,1,1,1,1,1,1,1,1,0,0,0,1,1,0,1.0,0.0,0.0,0.0,0.0065177809447050095,0.0,0.0,0.0,0.9181328415870667,0.9181328415870667,0.9181328415870667,5000.40185546875,3900259.25,3905259.75,50.0,27.617881774902344,0.4000000059604645,0.0,0.0,0.10000000149011612,0.16434481739997864,1.0,45000.0,20.0,29.301937103271484,778846.75,33.41728210449219,4589.1015625,721.2213745117188,0.7788467407226562,0.918195366859436,9.47538948059082,1.0,3221632.5,3304317.0,9.718579292297363,20.0,0.27278634905815125,27.278635025024414,0.0,636.4223022460938,411.2808532714844,100000.0,50000.0,1115.300048828125,50000.0,700.0,2000.0,2800000.0,3500000.0,4000000.0,9.999999747378752e-05,4.999999873689376e-05,500.0,20000.0,100.0,500.0,60000.0,1200.0,1.0,120.0,150000.0,3000.0,300.0,1.0,300.0,0.019999999552965164,0.019999999552965164,0.009999999776482582,0.009999999776482582,0.009999999776482582,0.019999999552965164,1.100000023841858,0.019999999552965164,4.0,0.019999999552965164,88.0,1613.0,0.009999999776482582,0.20000000298023224,3.0,5.0,600.0,0.0010000000474974513,88.0,88.0,2000.0,2340.0,-0.11599799990653992,-0.03561130166053772,-0.04758000001311302,-0.01752999983727932,0,0,0,0,0,1,0,523.2113647460938,523.2113647460938,2.10125732421875,2.10125732421875,0.017019223421812057,31.428455352783203,164.21778869628906,1605.4281005859375,1050.620849609375,799.503173828125,799.503173828125,3.21087646484375,3.21087646484375,1605.0413818359375,548.2994384765625,0.0,0.0,2667140.75,20.00048065185547,20.00048065185547,156.35174560546875,156.35174560546875,65722.9609375,65722.9609375,1.0953826904296875,1.0953826904296875,114.34693145751953,114.34693145751953,24.998912811279297,24.998912811279297,104597.9609375,104597.9609375,25.008838653564453,155.528076171875,158.50796508789062,2643885.25,20.00048065185547,20.00048065185547,226.92359924316406,226.92359924316406,155.95765686035156,155.95765686035156,652542.5,652542.5,0.0,114.459228515625,114.459228515625,228.9354705810547,160205.890625,160205.890625,1.0680392980575562,1.0680392980575562,226.2287139892578,155.95765686035156,276.8456115722656,138.4228057861328,138.4228057861328,204.11788940429688,204.11788940429688,408.23577880859375,0.0,0.0,0.0,138.4037322998047,138.4037322998047,204.11788940429688,204.11788940429688,0.026315800845623016,13.06365966796875,0.20000000298023224,0.8650426268577576,0.9167802333831787,0.8698887228965759,0.5146669745445251,0.43174099922180176,0.5186447501182556,0.9599996209144592,1.0,1.0,1.0,0.9999998211860657,0.9999998211860657,0.9999998211860657,190858.8125,193242.0625,0.0,0.0,0.0,0.0,0.0,0.0,0.0,296.3810119628906,297.7510070800781,0.0,189772.515625,189772.515625,0.0,0.0,0.0,0.0,0.8726755976676941,0.8726755976676941,0.8726755976676941,0.8527507185935974,1197127.25,0.9959999918937683,0.9959999918937683,0.9959999918937683,0.9959999918937683,5780805.5,2733866.75,7409471.5,8514612.0,2606300.0,4014914.25,0.0039002590347081423,0.007810519076883793,1050.625244140625,530.5567016601562,537.7366943359375,536.9827880859375,332.6454772949219,365.5755310058594,336.4090881347656,197.91122436523438,172.16116333007812,200.57369995117188,1605.445068359375,1050.636962890625,350.3180236816406,350.3180236816406,350.3180236816406,525.8637084960938,525.8637084960938,525.8637084960938,2.999988317489624,0.8595916628837585,0.8644494414329529,2.9999921321868896,5.0,0.0040000081062316895,0.0040000081062316895,0.0040000081062316895,0.0040000081062316895,0.0,-0.4368000030517578,0.0,599997.6875,164.21778869628906,164.21778869628906,0.0,20.0,2782650.0,7.25,12.0,10.25,225.27822875976562,225.27822875976562,225.27822875976562,0.0,0.0,0.7926306128501892,0.9211652278900146,10000.0,10000.0,0.011826000176370144,1038.5,0.027953999117016792,0.0,0.0,1.0878000259399414,1.0809999704360962,9.000000136438757e-05,103.0,33.220001220703125,1.8179999589920044,0.029999999329447746,49.0,8.329999923706055,4.159999847412109,58.0,302.0,4.5,0.699999988079071,0.4000000059604645,7.5,1.3799999952316284,2.492000102996826,7000.0,48.88999938964844,1.2000000476837158,45.0,62000.0,4590000.0,4250000.0,15900000.0,15100000.0,0.05000000074505806,0.17000000178813934,0.009999999776482582,15220000.0,1.6699999570846558,312.7799987792969,1.1100000143051147,4232.0,0.25,689000.0,4030000.0,9.829999923706055,8.550000190734863,12200000.0,231.10000610351562,88.3239974975586,633.0,1.1430000066757202,0.6858000159263611,-10.0,-3.7799999713897705,0.7799999713897705,295.5,4030000.0,12400000.0,0.9200000166893005,5.0,0,0,0,228,160,0,0,0,0,0,0,0,0,1,0,0,0,1,1,1,0,1,0,0,1,0,0,1,1,1,0,0,0,0,0,0,0,0,0,0,0,0,0,0,0.9604970812797546,6362162.5,1.0877870321273804,0.9909865260124207,1.0264253616333008,308.6695861816406,33.92627716064453,-0.0036591808311641216,1,1,1,0,0,0,1,1,0,0,0,0,0,208,0.20000000298023224,0.20000000298023224,0.20000000298023224,0.0,2,0,0,0,0,0,0,0,0,0,0,0,0,0,0,0,0,0,0,0,0,0,0,0,0,0,0,0,0,0,0,0,0,0,0,0,0,0,0,0,0,0,0,0,0,0,0,0,0,0,0,1,0,0,0,0,0,0,0,0,0,0,0,0,0,0,0,0,0,0,0,0,0,0,0,0,0,0,0,0,0,0,0,0,0,0,0,0,0,0,0,0,0,0,0,0,0,0,0,0,0,0,0,0,0,0,0,0,0,0,0,0,0,0,0,0,0,0,0,0,0,0,0,0,0,0,0,0,0,0,0,0,0,0,0,0,0,0,0,0,0,0,0,1,0,0,0,0,0,0,0,0,0,0,0,-1,0,0,0,0,0,0,1,1,0,0,96.0497055053711,-3.367180585861206,0.0,-0.5345606803894043,-1.6815581571897805e-44,309.18695068359375,308.6695861816406,732.4102172851562,-0.00010494674643268809,99.29335021972656,2663.823486328125,1.0877870321273804,1.0264253616333008,-1.0,0.517364501953125,6.827850029367255e-06,0.0076070306822657585,100.0,27.0,0.0,7.799991607666016,3.310800075531006,1.0,1.0,36.03901672363281,0.2550455927848816,20.0,9.871975635178387e-06,0.0,74.08134460449219,1.733405351638794,1.8179994821548462,0.00036938843550160527,0.6817498207092285,0.5431954860687256,28.94223976135254,8.919804573059082,19.801025390625,15.665401458740234,0.5438979268074036,50.715579986572266,44.898040771484375,274.0035095214844,141.50978088378906,0.9686694145202637,325.53643798828125,40.007659912109375,0.29459047317504883,291.70947265625,291.71038818359375,291.698974609375,325.6085205078125,325.6815185546875,325.608642578125,100.0,4.428136348724365,56.66755294799805,149.7180633544922,308.65899658203125,308.6959533691406,308.65380859375,340.2723388671875,52.239418029785156,36.21928787231445,149.7180633544922,0.0,0.9901911616325378,0.9922966957092285,0.9905014038085938,88.86101531982422,88.84981536865234,88.86064147949219,64.92271423339844,64.92008209228516,64.9201431274414,50.194515228271484,50.1782341003418,50.19832229614258,99.96884155273438,99.55327606201172,99.7013168334961,1933.137939453125,1935.85205078125,1910.0040283203125,523.4972534179688,523.3541870117188,523.390869140625,29.0,0.0,48.0,0.5186447501182556,0.6959109902381897,0.43174099922180176,0.733424186706543,0.5146669745445251,0.692034125328064,41.0,78.36749267578125,64.39645385742188,226.2287139892578,98.01603698730469,9.999999974752427e-07,86.88395690917969,0.6274612545967102,155.528076171875,0.9951128363609314,721.2213745117188,39.84966278076172,31.428455352783203,1.0,9.47538948059082,77.88467407226562,0.0,0.9718579053878784,20.0,0.0,60.0,120.0,22.0,120.0,3.477064371109009,0.0,0.0,985.4082641601562,18.088409423828125,89.19804382324219,2.0,200.0,0,0,228,228,228,228,203,228,228,228,160,0,99999,99999,13,402,1800,180,1800,998,20,985,96,23,0,0,0,806,1424,29,31,32,0,0,0,0,0,0,0,0,0,0,0,0,0,0,1,0,0,0,0,1,1,1,0,1,0,0,0,1,0,0,0,0,0,0,0,0,0,0,0,0,1,0,1,0,0,1,1,0,1,0,1,0,1,0,0,0,1,1,0,1,0,1,0,0,0,1,1,1,0,0,1,0,1,0,0,0,0,1,1,0,0,1,0,0,0,1,0,0,0,0,0,0,1,0,0,0,1,1,0,0,1,0,1,0,1,0,1,0,0,0,1,0,1,1,1,0,0,1,0,0,0,0,0,1,1,1,0,0,0,0,0,0,0,0,0,0,0,1,0,1,0,1,0,0,0,0,0,0,0,0,0,1,0,1,0,1,0,1,1,1,1,1,1,1,0,0,0,0,0,0,1,0,1,1,1,1,1,1,1,1,1,1,1,1,0,0,1,1,0,0,1,1,0,1,0,1,0,1,1,0,0,0,0,0,0,0,0,1,0,0,0,1,0,1,1,0,0,1,0,0,1,1,0,1,1,1,0,1,1,0,1,0,1,1,0,0,0,0,0,0,1,1,1,1,0,0,0,0,0,0,0,0,0,0,0,0,0,0,0,0,0,0,0,0,0,0,0,0,0,0,0,0,0,0,0,0,0,0,0,0,0,0,0,0,0,0,0,0,0,0,0,0,0,0,0,0,0,0,0,0,0,0,0,0,0,0,0,1,0,0,0,1,0,0,0,0,0,0,0,0,0,0,0,0,0,0,0,0,0,0,0,0,0,0,0,0,0,0,0,0,0,0,0,0,0,0,0,0,0,0,0,0,0,0,0,0,0,0,0,0,0,0,0,0,0,0,0,0,0,0,0,0,0,0,0,0,0,0,0,0,0,0,0,0,0,0,0,0,0,0,0,1,0,1,0,0,0,0,0,1,0,0,0,0,0,0,0,0,0,0,0,0,0,0,0,1,0,0,0,0,0,0,0,0,0,0,0,0,0,0,1,0,0,0,0,0,0,0,0,0,0,1,0,0,0,0,0,0,0,0,0,0,0,0,0,0,0,0,0,0,0,0,0,0,0,0,0,0,0,1,0,0,0,0,0,0,1,1,1,0,0,0,0,0,0,-1,0,0,0,0,0,0,0,0,-1,0,0,-1,0,0,0,0,0,0,0,0,0,0,0,0,0,0,0,0,0,0,1,0,0,0,0,0,0,0,0,0,0,0,0,0,0,0,0,1,1,0,-1,-1,-1,1,1,1,0,0,0,0,1,0,0,1,1,0,0,0,0,1,0,0,0,0,0,0,0,0,0,0,0,0,0,0,0,0,0,0,0,0,0,0,0,0,0,0,0,0,0,1,1,0,1,0,1,1,0,1,0,1,1,0,1,0,0,1,0,0,0,0,0,0,0,0,0,0,0,0,0,0,0,0,0,0,0,0,0,0,0,0,0,0
0,1,1,300,228,8,8,228,114,25,1,0,0.0020000000949949026,4000.0,1.0,0.04500000178813934,25.0,48.0,8.0,291.70001220703125,1.7000000476837158,-3.179999907843012e-07,0.007360000163316727,0.008080000057816505,8.0,0.33000001311302185,0.0333000011742115,1.0,9.999999747378752e-06,21.0,9.999999747378752e-06,2775000064.0,9.000000136438757e-05,4.999999980020986e-13,5.0,40.0,3.0,-3.3499999046325684,3.3499999046325684,0.5,0.0004799999878741801,292.3927001953125,492.6077880859375,-0.0036125299520790577,0.002354159951210022,0.0008944629807956517,0.013157900422811508,0.800646185874939,0.02024419978260994,2650129920.0,0.006539999973028898,228,228,228,228,228,228,228,228,228,228,228,228,228,228,228,228,228,228,228,228,228,228,228,228,203,203,203,203,228,228,228,228,228,228,228,228,228,228,228,228,228,228,228,228,228,228,228,228,228,228,228,228,0,1,4,4,228,228,228,203,228,228,228,228,3,0,0.00040181426447816193,292.23760986328125,662.3088989257812,747.59423828125,837.3592529296875,923.9244384765625,1056.736572265625,1090.2322998046875,1101.321044921875,1085.56201171875,1047.0753173828125,989.274658203125,909.8998413085938,823.697021484375,738.0526123046875,660.353271484375,585.4121704101562,524.9226684570312,479.4527282714844,448.5185852050781,429.49407958984375,421.23846435546875,421.0628662109375,425.62384033203125,431.577880859375,435.5816650390625,-0.0011274984572082758,0.7382287383079529,0.7719814777374268,-0.00011212639219593257,0.7554501891136169,0.9898764491081238,113943.703125,3.560765253496356e-05,0.3250746428966522,0.7520308494567871,0.9582865238189697,0.959034264087677,0.022342942655086517,1.0,-1.6815581571897805e-44,-3.3681657314300537,0.0,99.29326629638672,2663.830078125,0.9435505867004395,731.3897705078125,228.0,42.28179931640625,5.395776748657227,0.6000000238418579,0.0,309.1824035644531,280614.90625,-0.5343374013900757,6.440304756164551,130.28829956054688,1.2322368621826172,7750000.0,8160000.0,86.12000274658203,119.0999984741211,0.5,9.999999747378752e-05,0.0,3.299999952316284,200.0,0.30000001192092896,309.20001220703125,2.439019908706541e-06,0,0,0,1,1,1,0,24,0,308.6303405761719,0.0,0.0,0.0,0.0,0.0,0.0,0.5144004225730896,0.8729307651519775,0.5186300873756409,-0.0021148324012756348,-0.0006073757540434599,-0.0004736237751785666,0.5021148324012756,0.5019935965538025,0.5021809935569763,1.0,25.0,24.0,6360394.5,6360385.0,6360643.0,291.67413330078125,291.68109130859375,291.6832275390625,325.5550842285156,325.6334533691406,325.5549621582031,4400000.0,308.6146240234375,308.65728759765625,308.61907958984375,33.880950927734375,33.952362060546875,33.871734619140625,325.4795227050781,4583.35205078125,4578.04150390625,4595.64501953125,12.780104637145996,12.779622077941895,12.781378746032715,13.14447021484375,0.0,0.0,0.0020000000949949026,291.6794738769531,325.5811767578125,-25.310834884643555,1.6320310831069946,1.6317299604415894,1.6323567628860474,-8.558462142944336,39.0,40.0,42.0,41.0,0.0,0.0,6359782.5,6308451.5,81.73434448242188,5.0,0.014999999664723873,-180000.0,600.0,1000000.0,400000.0,0.17000000178813934,22000.0,786000.0,120000.0,0.0,40.0,30.0,36.810001373291016,0.5,18.399999618530273,50000.0,115692.3984375,15.113750457763672,0,0,1,0,0,0,0,14655063.0,0.0,0.0,0.0,0.0,0.0,-740451.0,400000.0,1000000.0,1.0,1400000.0,0.0,0.5216547846794128,14659549.0,126869.6328125,14655063.0,340.27386474609375,40.007659912109375,5.2139692306518555,-740451.0,0.0,0.0,0.0,3.616900682449341,40.007659912109375,0.0,22230.939453125,1.2010046243667603,0.0,0.0,0.0,20.0,14.711517333984375,22.0,0.0,0.0,0.0,0.05000000074505806,0.02500000037252903,0.17000000178813934,15400000.0,0.5,6.25,0.0006667000125162303,2.0,2410000.0,4140000.0,4.734799861907959,0.15000000596046448,0.20000000298023224,0.2199999988079071,1.0,0.0,-1.0,0.0,5.0,20.0,30.0,50.0,74.0,80.0,86.0,9.800000190734863,500000.0,1.0499999802959792e-07,0.5,750.0,1000.0,600.0,1000.0,1150.0,32.0,32.0,37.400001525878906,10.0,10.0,0.007000000216066837,0.5049999952316284,82.0,189.26499938964844,0.0,1.5099999904632568,231.60000610351562,20.0,36.0,16.600000381469727,16.5,225.0,-0.1756729930639267,27.5,-0.1756729930639267,30.485509872436523,0.1561516970396042,11.10221004486084,-1.8332500457763672,-75.0,4.3520002365112305,9.800000190734863,189.26499938964844,93.30000305175781,2650000.0,0.8500000238418579,7.570000171661377,0,1,0,0,0,0,0,0,0,0,0,1,3,3,0,0,1,1,0,0,0,0,0,0,0,0,0,0,1,0,0,0,0,0,0,0,0,0,0,1,0,0,0,0,0,0,0,0,0,0,12.05917739868164,29062.509765625,2153.699951171875,0.0004149438173044473,0.0004361289902590215,0.0006248649442568421,1.0,1.0,0.0,0.0,0.0,0.5449929237365723,0.5356638431549072,1.0,0.0,0.0,0.0,1.0,0.0,0.0,1.0,1.0,0.0,1.0,1.0,0.010795354843139648,0.0,1.0,0.0,0.6429599523544312,0.6452881097793579,0.0004149438173044473,0.0,0.0,0.0,99998.78125,99999.0,2835453.5,2410000.0,36.20000076293945,36.20000076293945,36.20000076293945,32.337039947509766,273.6585693359375,141.24256896972656,50.63546371459961,26.184532165527344,38.498504638671875,27.0,28.74393653869629,27.0,0.0,32.0,20.0,68.57752227783203,3446668.0,0.5431954860687256,3.7799999713897705,4.3621296882629395,8.919804573059082,0.0,0.0,0.0,1.401298464324817e-45,5.497758865356445,5.497758865356445,0.5049998760223389,0.5049998760223389,0.5049998760223389,0.18937495350837708,0.18937495350837708,0.18937495350837708,0.0,0.0,0.0,0.0,0.0,0.0,5.294999599456787,0.0,0.0,0.0,0.0,0.0,0.0,100.0,74.08211517333984,0.5660789608955383,0.0,20.0,0.0,5.438408374786377,5.301913738250732,0.0,0.0,0.0,0.007000000216066837,0.0,0.0,9.653581619262695,0.0,1.7334129810333252,1.401298464324817e-45,5.309004306793213,0.0,0.0,0.0,0.0,0.0,0.0,20.0,0.0,0.0,14351292.0,0.0,0.0,0.0,0.0,0.0,0.0,0.0,0.351500004529953,18.93000030517578,23.030000686645508,7.69199959904654e-06,0.08500000089406967,0.009999999776482582,24.0,27.0,8.800000190734863,500000.0,0.05000000074505806,2.7000000013543968e-09,2.7000000013543968e-09,145100.0,120000.0,14650000.0,86400.0,17.0,34.5,48.70000076293945,321.8999938964844,83170.0,0.0,1.0,1.0,0.0010000000474974513,725.0,0.0,0.5,0.0,0.0,57.31999969482422,837142.875,9359.77734375,117376.1015625,2623.89794921875,83026.390625,725.0,1.0204100362898316e-05,740000000.0,1,0,1,0,1,0,1,0,0,0,0,8.799991607666016,27.0,1038.081787109375,0.0,0.0,0.0,0.0,0.416711688041687,0.00038440327625721693,0.0,0.00798492506146431,36.10407638549805,1.0,25010.6015625,2139.25390625,1.0362883585912641e-05,2693147392.0,4256369152.0,2869906176.0,4220748800.0,-81.89161682128906,31.7291259765625,-138887072.0,35620512.0,5.309004306793213,1548.3206787109375,87.20062255859375,1516.591552734375,106381.3984375,3483.6494140625,144255.734375,151637.125,123010.6015625,12.399992942810059,36.10407638549805,36.10407638549805,1.0,1.0362883585912641e-05,2139.25390625,556849496064.0,0.19717581570148468,137600.0,137600.0,106282608.0,81.77050018310547,5628.95751953125,1.0,0.0,1700.0,250000.0,10000.0,1038.0,0.004999999888241291,400.0,5000.0,0,0,0,0,2963466.25,64.67627716064453,64.67627716064453,1229109.875,2783055.0,1.0,1.0,1231039.0,228.67074584960938,6309066.0,1.0,0.9950474500656128,1.0,1.0,1034.74951171875,277.9429016113281,189.4052734375,127.92455291748047,6205291.5,808329.75,189.4052734375,1.0,1.0,1.0,136.2369842529297,1566.0089111328125,793.0075073242188,0.0,0.0,0.0,7680000.0,520.7848510742188,520.681396484375,523.3417358398438,0.0,2783055.0,0.0,129.35255432128906,0.0,0.0,278.80902099609375,1.0,0.0,-7.5742998123168945,0.0,5.605193857299268e-45,9.999999974752427e-07,0.0,2.0,0.0003000000142492354,0.004999999888241291,0.0010000000474974513,2.0000000233721948e-07,2.0000000233721948e-07,0.0005555999814532697,993000000.0,1.0,0.05000000074505806,0.10000000149011612,0.0005000000237487257,0.0016700000269338489,0.009999999776482582,1.0,1.0,0.0010000000474974513,4.999999873689376e-05,0.00039999998989515007,0.019999999552965164,0.9891999959945679,0.9891999959945679,0.9950000047683716,0.9950000047683716,1,0,0,0,0,1,0,0,1,0,1,0,0,0,0.992106020450592,985161280.0,63065.12109375,4839936.5,1161.2943115234375,2545585.0,1438.0640869140625,1.0,2329146.0,0.9655231833457947,1.0,60.0,180.0,1800.0,1800.0,1.0047005414962769,0.019808992743492126,1.0,1.0,-0.012236599810421467,0.0,0.0,0.0,0.0,-8.159875869750977e-05,6.602997746085748e-05,0.0,0.0,6.602997746085748e-05,0.0,6.602997746085748e-05,6.602997746085748e-05,0.0,7.006492321624085e-44,1,1,0,1,1,1,0,1,1,0,1,0,1,1,1,1,1,1,1,1,0,1000,1000,0,1,5001,5001,220.0,3476.318115234375,120.0,120.0,60.0,0.0,0.4000000059604645,0.10000000149011612,0.10000000149011612,2.0,500.0,200.0,0.9900000095367432,300000.0,5000.0,45000.0,20000.0,0.019999999552965164,2.0,0.05000000074505806,0.019999999552965164,6.0,0.05000000074505806,0.019999999552965164,0.019999999552965164,88.30000305175781,0.10000000149011612,0.800000011920929,0.05000000074505806,0.009999999776482582,50.0,50.0,340.0,340.0,1000000.0,1,1,1,1,1,1,1,1,1,1,0,0,0,1,1,0,1.0,0.0,0.0,0.0,0.006132281385362148,0.0,0.0,0.0,0.9181333780288696,0.9181333780288696,0.9181333780288696,5000.40234375,3900260.0,3905260.5,50.0,27.617841720581055,0.4000000059604645,0.0,0.0,0.10000000149011612,0.16429859399795532,1.0,45000.0,20.0,29.298778533935547,778849.9375,33.41291809082031,4589.099609375,721.2213134765625,0.7788499593734741,0.9181950092315674,9.475349426269531,1.0,3221619.0,3304317.0,9.718579292297363,20.0,0.2728329002857208,27.28329086303711,0.0,636.4223022460938,411.2640075683594,100000.0,50000.0,1115.300048828125,50000.0,700.0,2000.0,2800000.0,3500000.0,4000000.0,9.999999747378752e-05,4.999999873689376e-05,500.0,20000.0,100.0,500.0,60000.0,1200.0,1.0,120.0,150000.0,3000.0,300.0,1.0,300.0,0.019999999552965164,0.019999999552965164,0.009999999776482582,0.009999999776482582,0.009999999776482582,0.019999999552965164,1.100000023841858,0.019999999552965164,4.0,0.019999999552965164,88.0,1613.0,0.009999999776482582,0.20000000298023224,3.0,5.0,600.0,0.0010000000474974513,88.0,88.0,2000.0,2340.0,-0.11599799990653992,-0.03561130166053772,-0.04758000001311302,-0.01752999983727932,0,0,0,0,0,1,0,523.1983032226562,523.1983032226562,2.1011962890625,2.1011962890625,0.017015598714351654,31.428443908691406,164.2176971435547,1605.3714599609375,1050.6197509765625,799.4749755859375,799.4749755859375,3.21075439453125,3.21075439453125,1605.136962890625,548.1825561523438,0.0,0.0,2667119.5,20.00048065185547,20.00048065185547,156.34849548339844,156.34849548339844,65722.890625,65722.890625,1.095381498336792,1.095381498336792,114.33537292480469,114.33537292480469,24.9989013671875,24.9989013671875,104597.9140625,104597.9140625,25.008827209472656,155.526123046875,158.5062255859375,2643898.0,20.00048065185547,20.00048065185547,226.90748596191406,226.90748596191406,155.95687866210938,155.95687866210938,652539.25,652539.25,0.0,114.45779418945312,114.45779418945312,228.93260192871094,160205.28125,160205.28125,1.0680352449417114,1.0680352449417114,226.21658325195312,155.95687866210938,276.7325744628906,138.3662872314453,138.3662872314453,204.10572814941406,204.10572814941406,408.2114562988281,0.0,0.0,0.0,138.34791564941406,138.34791564941406,204.10572814941406,204.10572814941406,0.026315800845623016,13.063484191894531,0.20000000298023224,0.8645545244216919,0.9160230159759521,0.8690633773803711,0.5144004225730896,0.43131545186042786,0.518169641494751,0.9599996209144592,1.0,1.0,1.0,0.9999998211860657,0.9999998211860657,0.9999998211860657,190858.421875,193242.0625,0.0,0.0,0.0,0.0,0.0,0.0,0.0,296.3810119628906,297.7510070800781,0.0,189836.375,189836.375,0.0,0.0,0.0,0.0,0.8725147247314453,0.8725147247314453,0.8725147247314453,0.8523257374763489,1196932.75,0.9959999918937683,0.9959999918937683,0.9959999918937683,0.9959999918937683,5778804.0,2734064.5,7408549.5,8512800.0,2606300.0,4014515.75,0.003900259966030717,0.007810520939528942,1050.5989990234375,530.3991088867188,537.2530517578125,536.4080810546875,332.54095458984375,365.26544189453125,336.044921875,197.858154296875,171.98760986328125,200.3631591796875,1605.388427734375,1050.6107177734375,350.31939697265625,350.31939697265625,350.31939697265625,525.7342529296875,525.7342529296875,525.7342529296875,2.9999771118164062,0.8590275049209595,0.8644402623176575,2.999980926513672,5.0,0.0040000081062316895,0.0040000081062316895,0.0040000081062316895,0.0040000081062316895,0.0,-0.4368000030517578,0.0,599995.4375,164.2176971435547,164.2176971435547,0.0,20.0,2782664.0,7.25,12.0,10.25,225.27330017089844,225.27330017089844,225.27330017089844,0.0,0.0,0.7926306128501892,0.9211652278900146,10000.0,10000.0,0.011826000176370144,1038.5,0.027953999117016792,0.0,0.0,1.0878000259399414,1.0809999704360962,9.000000136438757e-05,103.0,33.220001220703125,1.8179999589920044,0.029999999329447746,49.0,8.329999923706055,4.159999847412109,58.0,302.0,4.5,0.699999988079071,0.4000000059604645,7.5,1.3799999952316284,2.492000102996826,7000.0,48.88999938964844,1.2000000476837158,45.0,62000.0,4590000.0,4250000.0,15900000.0,15100000.0,0.05000000074505806,0.17000000178813934,0.009999999776482582,15220000.0,1.6699999570846558,312.7799987792969,1.1100000143051147,4232.0,0.25,689000.0,4030000.0,9.829999923706055,8.550000190734863,12200000.0,231.10000610351562,88.3239974975586,633.0,1.1430000066757202,0.6858000159263611,-10.0,-3.7799999713897705,0.7799999713897705,295.5,4030000.0,12400000.0,0.9200000166893005,5.0,0,0,0,228,160,0,0,0,0,0,0,0,0,1,0,0,0,1,1,1,0,1,0,0,1,0,0,1,1,1,0,0,0,0,0,0,0,0,0,0,0,0,0,0,0.9582865238189697,6360394.5,1.087790608406067,0.9904409646987915,1.025966763496399,308.640380859375,33.90760040283203,-0.0036752703599631786,1,1,1,0,0,0,1,1,0,0,0,0,0,211,0.20000000298023224,0.20000000298023224,0.20000000298023224,0.0,2,0,0,0,0,0,0,0,0,0,0,0,0,0,0,0,0,0,0,0,0,0,0,0,0,0,0,0,0,0,0,0,0,0,0,0,0,0,0,0,0,0,0,0,0,0,0,0,0,0,0,1,0,0,0,0,0,0,0,0,0,0,0,0,0,0,0,0,0,0,0,0,0,0,0,0,0,0,0,0,0,0,0,0,0,0,0,0,0,0,0,0,0,0,0,0,0,0,0,0,0,0,0,0,0,0,0,0,0,0,0,0,0,0,0,0,0,0,0,0,0,0,0,0,0,0,0,0,0,0,0,0,0,0,0,0,0,0,0,0,0,0,0,1,0,0,0,0,0,0,0,0,0,0,0,-1,0,0,0,0,0,0,1,1,0,0,95.82865142822266,-3.3681657314300537,0.0,-0.5343374013900757,-1.6815581571897805e-44,309.1824035644531,308.640380859375,731.3897705078125,-0.00011212639219593257,99.29326629638672,2663.830078125,1.087790608406067,1.025966763496399,-1.0,0.542022705078125,6.827850029367255e-06,0.00798492506146431,100.0,27.0,0.0,7.799991607666016,3.3302624225616455,1.0,1.0,36.10407638549805,0.2552106976509094,20.0,1.0362883585912641e-05,0.0,74.08211517333984,1.7334129810333252,1.8179994821548462,0.00036938843550160527,0.6817498207092285,0.5431954860687256,28.933252334594727,8.919804573059082,19.79193115234375,15.703666687011719,0.5449929237365723,50.63546371459961,44.898040771484375,273.6585693359375,141.24256896972656,0.9685187935829163,325.494140625,40.007659912109375,0.29459047317504883,291.69000244140625,291.68865966796875,291.6805419921875,325.568603515625,325.6456298828125,325.56878662109375,100.0,4.442417621612549,56.60789489746094,149.58750915527344,308.6293029785156,308.6671447753906,308.6246643066406,340.27349853515625,52.16547775268555,36.182010650634766,149.58750915527344,0.0,0.9895939230918884,0.9918830990791321,0.9898756146430969,88.8764419555664,88.86437225341797,88.86966705322266,64.9046401977539,64.90200805664062,64.90210723876953,50.21809768676758,50.19935989379883,50.211483001708984,99.9241943359375,99.53326416015625,99.65675354003906,1931.069091796875,1934.1109619140625,1909.436767578125,523.3778076171875,523.2078857421875,523.2965087890625,29.0,0.0,48.0,0.518169641494751,0.6952506899833679,0.43131545186042786,0.7328184247016907,0.5144004225730896,0.6916436553001404,41.0,78.36749267578125,64.37834167480469,226.21658325195312,97.99805450439453,9.999999974752427e-07,86.86546325683594,0.6275900602340698,155.526123046875,0.9950474500656128,721.2213134765625,39.84967041015625,31.428443908691406,1.0,9.475349426269531,77.88499450683594,0.0,0.9718579053878784,20.0,0.0,60.0,120.0,22.0,120.0,3.476318359375,0.0,0.0,985.1612548828125,18.088409423828125,89.19804382324219,2.0,200.0,0,0,228,228,228,228,203,228,228,228,160,0,99999,99999,13,402,1800,180,1800,998,20,985,95,23,0,0,0,806,1424,29,31,32,0,0,0,0,0,0,0,0,0,0,0,0,0,0,1,0,0,0,0,1,1,1,0,1,0,0,0,1,0,0,0,0,0,0,0,0,0,0,0,0,1,0,1,0,0,1,1,0,1,0,1,0,1,0,0,0,1,1,0,1,0,1,0,0,0,1,1,0,0,0,1,0,1,0,0,0,0,0,1,0,0,1,0,0,0,1,0,0,0,0,0,0,1,0,0,0,1,1,0,0,1,0,1,0,1,0,1,0,0,0,1,0,1,1,1,0,0,1,0,0,0,0,0,1,1,1,0,0,0,0,0,0,0,0,0,0,0,1,0,1,0,1,0,0,0,0,0,0,0,0,0,1,0,1,0,1,0,1,1,1,1,1,1,1,0,0,0,0,0,0,1,0,1,1,1,1,1,1,1,1,1,1,1,0,0,0,1,1,0,0,1,1,0,1,0,1,0,1,1,0,0,0,0,0,0,0,0,1,0,0,0,1,0,1,1,0,0,1,0,0,1,1,0,1,1,1,0,1,1,0,1,0,1,1,0,0,0,0,0,0,1,1,1,1,0,0,0,0,0,0,0,0,0,0,0,0,0,0,0,0,0,0,0,0,0,0,0,0,0,0,0,0,0,0,0,0,0,0,0,0,0,0,0,0,0,0,0,0,0,0,0,0,0,0,0,0,0,0,0,0,0,0,0,0,0,0,0,0,0,0,0,0,0,0,0,0,0,0,0,0,0,0,0,0,0,0,0,0,0,0,0,0,0,0,0,0,0,0,0,0,0,0,0,0,0,0,0,0,0,0,0,0,0,0,0,0,0,0,0,0,0,0,0,0,0,0,0,0,0,0,0,0,0,0,0,0,0,0,0,0,0,0,0,0,0,0,0,0,0,0,0,1,0,1,0,0,0,0,0,1,0,0,0,0,0,0,0,0,0,0,0,0,0,0,0,1,0,0,0,0,0,0,0,0,0,0,0,0,0,0,1,0,0,0,0,0,0,0,0,0,0,1,0,0,0,0,0,0,0,0,0,0,0,0,0,0,0,0,0,0,0,0,0,0,0,0,0,0,0,1,0,0,0,0,0,0,1,1,1,0,0,0,0,0,0,-1,0,0,0,0,0,0,0,0,-1,0,0,-1,0,0,0,0,0,0,0,0,0,0,0,0,0,0,0,0,0,0,1,0,0,0,0,0,0,0,0,0,0,0,0,0,0,0,0,1,1,0,-1,-1,-1,1,1,1,0,0,0,0,1,0,0,1,1,0,0,0,0,1,0,0,0,0,0,0,0,0,0,0,0,0,0,0,0,0,0,0,0,0,0,0,0,0,0,0,0,0,0,1,1,0,1,0,1,1,0,1,0,1,1,0,1,0,0,1,0,0,0,0,0,0,0,0,0,0,0,0,0,0,0,0,0,0,0,0,0,0,0,0,0,0
0,1,1,300,228,8,8,228,114,25,1,0,0.0020000000949949026,4000.0,1.0,0.04500000178813934,25.0,48.0,8.0,291.70001220703125,1.7000000476837158,-3.179999907843012e-07,0.007360000163316727,0.008080000057816505,8.0,0.33000001311302185,0.0333000011742115,1.0,9.999999747378752e-06,21.0,9.999999747378752e-06,2775000064.0,9.000000136438757e-05,4.999999980020986e-13,5.0,40.0,3.0,-3.3499999046325684,3.3499999046325684,0.5,0.0004799999878741801,292.3927001953125,492.6077880859375,-0.0036125299520790577,0.002354159951210022,0.0008944629807956517,0.013157900422811508,0.800646185874939,0.02024419978260994,2650129920.0,0.006539999973028898,228,228,228,228,228,228,228,228,228,228,228,228,228,228,228,228,228,228,228,228,228,228,228,228,203,203,203,203,228,228,228,228,228,228,228,228,228,228,228,228,228,228,228,228,228,228,228,228,228,228,228,228,0,1,4,4,228,228,228,203,228,228,228,228,3,0,0.00040181426447816193,292.22723388671875,661.6563110351562,746.7998046875,836.416015625,922.83740234375,1055.424560546875,1088.8560791015625,1099.9080810546875,1084.158935546875,1045.7265625,988.0240478515625,908.800537109375,822.769287109375,737.2985229492188,659.756591796875,584.9615478515625,524.5869750976562,479.20220947265625,448.3267517089844,429.3409423828125,421.106689453125,420.939453125,425.5010681152344,431.45361328125,435.45892333984375,-0.000953316455706954,0.7367948889732361,0.7719812393188477,-0.00011654092668322846,0.7554512619972229,0.9897449016571045,113752.34375,3.5537312214728445e-05,0.32495763897895813,0.7505322694778442,0.9567659497261047,0.9575300216674805,0.022338058799505234,1.0,-1.6815581571897805e-44,-3.368847608566284,0.0,99.29322814941406,2663.833984375,0.9435519576072693,730.6749267578125,228.0,47.00769805908203,5.5769171714782715,1.0,0.0,309.1795654296875,280615.28125,-0.534198522567749,6.439598083496094,130.28829956054688,1.2338510751724243,7750000.0,8160000.0,86.12000274658203,119.0999984741211,0.5,9.999999747378752e-05,0.0,3.299999952316284,200.0,0.30000001192092896,309.20001220703125,2.439019908706541e-06,0,0,0,1,1,1,0,24,0,308.6097717285156,0.0,0.0,0.0,0.0,0.0,0.0,0.5142025947570801,0.8729135394096375,0.5186277627944946,-0.0022125840187072754,-0.0006218147464096546,-0.000487549405079335,0.5022125840187073,0.5021496415138245,0.5023464560508728,1.0,25.0,24.0,6359159.0,6359149.5,6359407.5,291.66064453125,291.665771484375,291.669189453125,325.5271301269531,325.6089172363281,325.5271301269531,4400000.0,308.5938720703125,308.6373291015625,308.59814453125,33.866485595703125,33.943145751953125,33.857940673828125,325.4497375488281,4582.0107421875,4577.439453125,4594.296875,12.781051635742188,12.781132698059082,12.782909393310547,13.126678466796875,0.0,0.0,0.0020000000949949026,291.6651916503906,325.5544128417969,-26.507556915283203,1.6323593854904175,1.6322535276412964,1.63290274143219,-8.640655517578125,39.0,40.0,42.0,41.0,0.0,0.0,6358528.0,6307193.5,81.61967468261719,5.0,0.014999999664723873,-180000.0,600.0,1000000.0,400000.0,0.17000000178813934,22000.0,786000.0,120000.0,0.0,40.0,30.0,36.810001373291016,0.5,18.399999618530273,50000.0,115692.3984375,15.113750457763672,0,0,1,0,0,0,0,14645717.0,0.0,0.0,0.0,0.0,0.0,-749550.0,400000.0,1000000.0,1.0,1400000.0,0.0,0.5211333632469177,14650450.0,126869.6328125,14645717.0,340.27484130859375,40.007659912109375,5.2086358070373535,-749550.0,0.0,0.0,0.0,3.6142120361328125,40.007659912109375,0.0,22230.939453125,1.2010046243667603,0.0,0.0,0.0,20.0,14.711517333984375,22.0,0.0,0.0,0.0,0.05000000074505806,0.02500000037252903,0.17000000178813934,15400000.0,0.5,6.25,0.0006667000125162303,2.0,2410000.0,4140000.0,4.734799861907959,0.15000000596046448,0.20000000298023224,0.2199999988079071,1.0,0.0,-1.0,0.0,5.0,20.0,30.0,50.0,74.0,80.0,86.0,9.800000190734863,500000.0,1.0499999802959792e-07,0.5,750.0,1000.0,600.0,1000.0,1150.0,32.0,32.0,37.400001525878906,10.0,10.0,0.007000000216066837,0.5049999952316284,82.0,189.26499938964844,0.0,1.5099999904632568,231.60000610351562,20.0,36.0,16.600000381469727,16.5,225.0,-0.1756729930639267,27.5,-0.1756729930639267,30.485509872436523,0.1561516970396042,11.10221004486084,-1.8332500457763672,-75.0,4.3520002365112305,9.800000190734863,189.26499938964844,93.30000305175781,2650000.0,0.8500000238418579,7.570000171661377,0,1,0,0,0,0,0,0,0,0,0,1,3,3,0,0,1,1,0,0,0,0,0,0,0,0,0,0,1,0,0,0,0,0,0,0,0,0,0,1,0,0,0,0,0,0,0,0,0,0,12.059170722961426,29062.5625,2153.699951171875,0.00041494282777421176,0.0004361289902590215,0.0006248649442568421,1.0,1.0,0.0,0.0,0.0,0.5457276701927185,0.5363759398460388,1.0,0.0,0.0,0.0,1.0,0.0,0.0,1.0,1.0,0.0,1.0,1.0,0.010835230350494385,0.0,1.0,0.0,0.6428230404853821,0.6451709270477295,0.00041494282777421176,0.0,0.0,0.0,99998.78125,99999.0,2834849.5,2410000.0,36.20000076293945,36.20000076293945,36.20000076293945,32.339691162109375,273.4280700683594,141.06546020507812,50.5821418762207,26.186965942382812,38.478782653808594,27.0,28.73870086669922,27.0,0.0,32.0,20.0,68.57752227783203,3446668.0,0.5431954860687256,3.7799999713897705,4.369239807128906,8.919804573059082,0.0,0.0,0.0,1.401298464324817e-45,5.495964527130127,5.495964527130127,0.5049998760223389,0.5049998760223389,0.5049998760223389,0.18937495350837708,0.18937495350837708,0.18937495350837708,0.0,0.0,0.0,0.0,0.0,0.0,5.294999599456787,0.0,0.0,0.0,0.0,0.0,0.0,100.0,74.08258056640625,0.565665602684021,0.0,20.0,0.0,5.43641471862793,5.309004306793213,0.0,0.0,0.0,0.007000000216066837,0.0,0.0,9.66068172454834,0.0,1.7334175109863281,1.401298464324817e-45,5.31611442565918,0.0,0.0,0.0,0.0,0.0,0.0,20.0,0.0,0.0,14341926.0,0.0,0.0,0.0,0.0,0.0,0.0,0.0,0.351500004529953,18.93000030517578,23.030000686645508,7.69199959904654e-06,0.08500000089406967,0.009999999776482582,24.0,27.0,8.800000190734863,500000.0,0.05000000074505806,2.7000000013543968e-09,2.7000000013543968e-09,145100.0,120000.0,14650000.0,86400.0,17.0,34.5,48.70000076293945,321.8999938964844,83170.0,0.0,1.0,1.0,0.0010000000474974513,725.0,0.0,0.5,0.0,0.0,57.31999969482422,837142.875,9359.77734375,117376.1015625,2623.89794921875,83026.390625,725.0,1.0204100362898316e-05,740000000.0,1,0,1,0,1,0,1,0,0,0,0,8.799991607666016,27.0,1070.77880859375,0.0,0.0,0.0,0.0,0.4298498332500458,0.00038606373709626496,0.0,0.008236430585384369,36.147220611572266,1.0,25021.375,2201.562744140625,1.0689605005609337e-05,2688660992.0,4254320384.0,2868512768.0,4220281856.0,-81.76594543457031,31.0889892578125,-140569200.0,34038944.0,5.31611442565918,1547.507568359375,87.08206176757812,1516.4185791015625,106381.3984375,3491.4375,144280.65625,151818.328125,123021.375,12.799992561340332,36.147220611572266,36.147220611572266,1.0,1.0689605005609337e-05,2201.562744140625,568730124288.0,0.19721662998199463,137600.0,137600.0,106133200.0,81.65744018554688,5639.64501953125,1.0,0.0,1700.0,250000.0,10000.0,1038.0,0.004999999888241291,400.0,5000.0,0,0,0,0,2963448.5,64.67339324951172,64.67339324951172,1229049.625,2783064.75,1.0,1.0,1230860.25,228.6551513671875,6307827.5,1.0,0.9950025081634521,1.0,1.0,1034.60009765625,277.9306945800781,189.3985595703125,127.8843765258789,6204099.0,808299.0625,189.3985595703125,1.0,1.0,1.0,136.21200561523438,1565.8297119140625,792.8737182617188,0.0,0.0,0.0,7680000.0,520.7101440429688,520.6058959960938,523.2567749023438,0.0,2783064.75,0.0,129.34678649902344,0.0,0.0,278.7958068847656,1.0,0.0,-7.5742998123168945,0.0,5.605193857299268e-45,9.999999974752427e-07,0.0,2.0,0.0003000000142492354,0.004999999888241291,0.0010000000474974513,2.0000000233721948e-07,2.0000000233721948e-07,0.0005555999814532697,993000000.0,1.0,0.05000000074505806,0.10000000149011612,0.0005000000237487257,0.0016700000269338489,0.009999999776482582,1.0,1.0,0.0010000000474974513,4.999999873689376e-05,0.00039999998989515007,0.019999999552965164,0.9891999959945679,0.9891999959945679,0.9950000047683716,0.9950000047683716,1,0,0,0,0,1,0,0,1,0,1,0,0,0,0.9919528365135193,985009152.0,63061.87890625,4838828.5,1161.2294921875,2545594.5,1437.92529296875,1.0,2329152.25,0.9656552672386169,1.0,60.0,180.0,1800.0,1800.0,1.0047005414962769,0.019808992743492126,1.0,1.0,-0.012236599810421467,0.0,0.0,0.0,0.0,-7.62939453125e-05,6.602997746085748e-05,0.0,0.0,6.602997746085748e-05,0.0,6.602997746085748e-05,6.602997746085748e-05,0.0,7.006492321624085e-44,1,1,0,1,1,1,0,1,1,0,1,0,1,1,1,1,1,1,1,1,0,1000,1000,0,1,5001,5001,220.0,3475.8583984375,120.0,120.0,60.0,0.0,0.4000000059604645,0.10000000149011612,0.10000000149011612,2.0,500.0,200.0,0.9900000095367432,300000.0,5000.0,45000.0,20000.0,0.019999999552965164,2.0,0.05000000074505806,0.019999999552965164,6.0,0.05000000074505806,0.019999999552965164,0.019999999552965164,88.30000305175781,0.10000000149011612,0.800000011920929,0.05000000074505806,0.009999999776482582,50.0,50.0,340.0,340.0,1000000.0,1,1,1,1,1,1,1,1,1,1,0,0,0,1,1,0,1.0,0.0,0.0,0.0,0.0058878748677670956,0.0,0.0,0.0,0.9181337356567383,0.9181337356567383,0.9181337356567383,5000.4033203125,3900261.75,3905262.25,50.0,27.617815017700195,0.4000000059604645,0.0,0.0,0.10000000149011612,0.16426634788513184,1.0,45000.0,20.0,29.296890258789062,778852.0625,33.410308837890625,4589.09814453125,721.2213134765625,0.7788520455360413,0.9181947708129883,9.475323677062988,1.0,3221610.0,3304317.0,9.718579292297363,20.0,0.2728639543056488,27.286396026611328,0.0,636.4223022460938,411.34039306640625,100000.0,50000.0,1115.300048828125,50000.0,700.0,2000.0,2800000.0,3500000.0,4000000.0,9.999999747378752e-05,4.999999873689376e-05,500.0,20000.0,100.0,500.0,60000.0,1200.0,1.0,120.0,150000.0,3000.0,300.0,1.0,300.0,0.019999999552965164,0.019999999552965164,0.009999999776482582,0.009999999776482582,0.009999999776482582,0.019999999552965164,1.100000023841858,0.019999999552965164,4.0,0.019999999552965164,88.0,1613.0,0.009999999776482582,0.20000000298023224,3.0,5.0,600.0,0.0010000000474974513,88.0,88.0,2000.0,2340.0,-0.11599799990653992,-0.03561130166053772,-0.04758000001311302,-0.01752999983727932,0,0,0,0,0,1,0,523.1869506835938,523.1869506835938,2.10113525390625,2.10113525390625,0.0170131828635931,31.428436279296875,164.21763610839844,1605.29443359375,1050.61474609375,799.4366455078125,799.4366455078125,3.2105712890625,3.2105712890625,1605.1707763671875,548.0950317382812,0.0,0.0,2667103.5,20.00048065185547,20.00048065185547,156.34625244140625,156.34625244140625,65722.84375,65722.84375,1.0953807830810547,1.0953807830810547,114.32757568359375,114.32757568359375,24.99889373779297,24.99889373779297,104597.8828125,104597.8828125,25.00881576538086,155.5247344970703,158.50498962402344,2643906.75,20.00048065185547,20.00048065185547,226.89671325683594,226.89671325683594,155.95628356933594,155.95628356933594,652536.75,652536.75,0.0,114.45693969726562,114.45693969726562,228.93089294433594,160204.84375,160204.84375,1.0680322647094727,1.0680322647094727,226.20826721191406,155.95628356933594,276.6595458984375,138.32977294921875,138.32977294921875,204.0968017578125,204.0968017578125,408.193603515625,0.0,0.0,0.0,138.31185913085938,138.31185913085938,204.0968017578125,204.0968017578125,0.026315800845623016,13.063360214233398,0.20000000298023224,0.8641961812973022,0.9154698252677917,0.8684871196746826,0.5142025947570801,0.43100112676620483,0.5178362727165222,0.9599996209144592,1.0,1.0,1.0,0.9999998211860657,0.9999998211860657,0.9999998211860657,190858.15625,193242.0625,0.0,0.0,0.0,0.0,0.0,0.0,0.0,296.3810119628906,297.7510070800781,0.0,189876.84375,189876.84375,0.0,0.0,0.0,0.0,0.8724057674407959,0.8724057674407959,0.8724057674407959,0.8520625829696655,1196801.125,0.9959999918937683,0.9959999918937683,0.9959999918937683,0.9959999918937683,5777456.5,2734209.5,7407947.0,8511592.0,2606300.0,4014239.75,0.0039002615958452225,0.007810524199157953,1050.576171875,530.2877807617188,536.9041137695312,536.026123046875,332.4674072265625,365.04278564453125,335.8031311035156,197.82037353515625,171.861328125,200.22299194335938,1605.3114013671875,1050.587890625,350.3199462890625,350.3199462890625,350.3199462890625,525.6441650390625,525.6441650390625,525.6441650390625,2.999969720840454,0.8586487770080566,0.8644303679466248,2.9999735355377197,5.0,0.0040000081062316895,0.0040000081062316895,0.0040000081062316895,0.0040000081062316895,0.0,-0.4368000030517578,0.0,599993.9375,164.21763610839844,164.21763610839844,0.0,20.0,2782674.0,7.25,12.0,10.25,225.269775390625,225.269775390625,225.269775390625,0.0,0.0,0.7926306128501892,0.9211652278900146,10000.0,10000.0,0.011826000176370144,1038.5,0.027953999117016792,0.0,0.0,1.0878000259399414,1.0809999704360962,9.000000136438757e-05,103.0,33.220001220703125,1.8179999589920044,0.029999999329447746,49.0,8.329999923706055,4.159999847412109,58.0,302.0,4.5,0.699999988079071,0.4000000059604645,7.5,1.3799999952316284,2.492000102996826,7000.0,48.88999938964844,1.2000000476837158,45.0,62000.0,4590000.0,4250000.0,15900000.0,15100000.0,0.05000000074505806,0.17000000178813934,0.009999999776482582,15220000.0,1.6699999570846558,312.7799987792969,1.1100000143051147,4232.0,0.25,689000.0,4030000.0,9.829999923706055,8.550000190734863,12200000.0,231.10000610351562,88.3239974975586,633.0,1.1430000066757202,0.6858000159263611,-10.0,-3.7799999713897705,0.7799999713897705,295.5,4030000.0,12400000.0,0.9200000166893005,5.0,0,0,0,228,160,0,0,0,0,0,0,0,0,1,0,0,0,1,1,1,0,1,0,0,1,0,0,1,1,1,0,0,0,0,0,0,0,0,0,0,0,0,0,0,0.9567659497261047,6359159.0,1.0877923965454102,0.9900776147842407,1.0256270170211792,308.6201477050781,33.89516067504883,-0.003721446730196476,1,1,1,0,0,0,1,1,0,0,0,0,0,213,0.20000000298023224,0.20000000298023224,0.20000000298023224,0.0,2,0,0,0,0,0,0,0,0,0,0,0,0,0,0,0,0,0,0,0,0,0,0,0,0,0,0,0,0,0,0,0,0,0,0,0,0,0,0,0,0,0,0,0,0,0,0,0,0,0,0,1,0,0,0,0,0,0,0,0,0,0,0,0,0,0,0,0,0,0,0,0,0,0,0,0,0,0,0,0,0,0,0,0,0,0,0,0,0,0,0,0,0,0,0,0,0,0,0,0,0,0,0,0,0,0,0,0,0,0,0,0,0,0,0,0,0,0,0,0,0,0,0,0,0,0,0,0,0,0,0,0,0,0,0,0,0,0,0,0,0,0,0,1,0,0,0,0,0,0,0,0,0,0,0,-1,0,0,0,0,0,0,1,1,0,0,95.67659759521484,-3.368847608566284,0.0,-0.534198522567749,-1.6815581571897805e-44,309.1795654296875,308.6201477050781,730.6749267578125,-0.00011654092668322846,99.29322814941406,2663.833984375,1.0877923965454102,1.0256270170211792,-1.0,0.559417724609375,6.827850029367255e-06,0.008236430585384369,100.0,27.0,0.0,7.799991607666016,3.34273099899292,1.0,1.0,36.147220611572266,0.25532060861587524,20.0,1.0689605005609337e-05,0.0,74.08258056640625,1.7334175109863281,1.8179994821548462,0.00036938843550160527,0.6817498207092285,0.5431954860687256,28.92708969116211,8.919804573059082,19.785470962524414,15.729263305664062,0.5457276701927185,50.5821418762207,44.898040771484375,273.4280700683594,141.06546020507812,0.9684146642684937,325.4648132324219,40.007659912109375,0.29459047317504883,291.67633056640625,291.67352294921875,291.66741943359375,325.5412292480469,325.6213073730469,325.5412292480469,100.0,4.453224182128906,56.566558837890625,149.49465942382812,308.6087646484375,308.64739990234375,308.60430908203125,340.27423095703125,52.11333465576172,36.155723571777344,149.49465942382812,0.0,0.9891936779022217,0.9916147589683533,0.9894539713859558,88.88700866699219,88.87469482421875,88.87611389160156,64.89202880859375,64.88939666748047,64.88949584960938,50.23464584350586,50.2149658203125,50.22126007080078,99.89445495605469,99.51997375488281,99.62723541259766,1929.6939697265625,1932.854736328125,1909.0360107421875,523.3006591796875,523.123046875,523.2235107421875,29.0,0.0,48.0,0.5178362727165222,0.694789707660675,0.43100112676620483,0.7323758602142334,0.5142025947570801,0.6913569569587708,41.0,78.36749267578125,64.36570739746094,226.20826721191406,97.9868392944336,9.999999974752427e-07,86.85314178466797,0.6276758909225464,155.5247344970703,0.9950025081634521,721.2213134765625,39.84968948364258,31.428436279296875,1.0,9.475323677062988,77.88520812988281,0.0,0.9718579053878784,20.0,0.0,60.0,120.0,22.0,120.0,3.475858449935913,0.0,0.0,985.0091552734375,18.088409423828125,89.19804382324219,2.0,200.0,0,0,228,228,228,228,203,228,228,228,160,0,99999,99999,13,402,1800,180,1800,998,20,985,95,23,0,0,0,806,1424,29,31,32,0,0,0,0,0,0,0,0,0,0,0,0,0,0,1,0,0,0,0,1,1,1,0,1,0,0,0,1,0,0,0,0,0,0,0,0,0,0,0,0,1,0,1,0,0,1,1,0,1,0,1,0,1,0,0,0,1,1,0,1,0,1,0,0,0,1,1,1,0,0,1,0,1,0,0,0,0,1,1,0,0,1,0,0,0,1,0,0,0,0,0,0,1,0,0,0,1,1,0,0,1,0,1,0,1,0,1,0,0,0,1,0,1,1,1,0,0,1,0,0,0,0,0,1,1,1,0,0,0,0,0,0,0,0,0,0,0,1,0,1,0,1,0,0,0,0,0,0,0,0,0,1,0,1,0,1,0,1,1,1,1,1,1,1,0,0,0,0,0,0,1,0,1,1,1,1,1,1,1,1,1,1,1,1,0,0,1,1,0,0,1,1,0,1,0,1,0,1,1,0,0,0,0,0,0,0,0,1,0,0,0,1,0,1,1,0,0,1,0,0,1,1,0,1,1,1,0,1,1,0,1,0,1,1,0,0,0,0,0,0,1,1,1,1,0,0,0,0,0,0,0,0,0,0,0,0,0,0,0,0,0,0,0,0,0,0,0,0,0,0,0,0,0,0,0,0,0,0,0,0,0,0,0,0,0,0,0,0,0,0,0,0,0,0,0,0,0,0,0,0,0,0,0,0,0,0,0,1,0,0,0,1,0,0,0,0,0,0,0,0,0,0,0,0,0,0,1,0,0,0,0,0,0,0,0,0,0,0,0,0,0,0,0,0,0,0,0,0,0,0,0,0,0,0,0,0,0,0,0,0,0,0,0,0,0,0,0,0,0,0,0,0,0,0,0,0,0,0,0,0,0,0,0,0,0,0,0,0,0,0,0,1,0,1,0,0,0,0,0,1,0,0,0,0,0,0,0,0,0,0,0,0,0,0,0,1,0,0,0,0,0,0,0,0,0,0,0,0,0,0,1,0,0,0,0,0,0,0,0,0,0,1,0,0,0,0,0,0,0,0,0,0,0,0,0,0,0,0,0,0,0,0,0,0,0,0,0,0,0,1,0,0,0,0,0,0,1,1,1,0,0,0,0,0,0,-1,0,0,0,0,0,0,0,0,-1,0,0,-1,0,0,0,0,0,0,0,0,0,0,0,0,0,0,0,0,0,0,1,0,0,0,0,0,0,0,0,0,0,0,0,0,0,0,0,1,1,0,-1,-1,-1,1,1,1,0,0,0,0,1,0,0,1,1,0,0,0,0,1,0,0,0,0,0,0,0,0,0,0,0,0,0,0,0,0,0,0,0,0,0,0,0,0,0,0,0,0,0,1,1,0,1,0,1,1,0,1,0,1,1,0,1,0,0,1,0,0,0,0,0,0,0,0,0,0,0,0,0,0,0,0,0,0,0,0,0,0,0,0,0,0
0,1,1,300,228,8,8,228,114,25,1,0,0.0020000000949949026,4000.0,1.0,0.04500000178813934,25.0,48.0,8.0,291.70001220703125,1.7000000476837158,-3.179999907843012e-07,0.007360000163316727,0.008080000057816505,8.0,0.33000001311302185,0.0333000011742115,1.0,9.999999747378752e-06,21.0,9.999999747378752e-06,2775000064.0,9.000000136438757e-05,4.999999980020986e-13,5.0,40.0,3.0,-3.3499999046325684,3.3499999046325684,0.5,0.0004799999878741801,292.3927001953125,492.6077880859375,-0.0036125299520790577,0.002354159951210022,0.0008944629807956517,0.013157900422811508,0.800646185874939,0.02024419978260994,2650129920.0,0.006539999973028898,228,228,228,228,228,228,228,228,228,228,228,228,228,228,228,228,228,228,228,228,228,228,228,228,204,204,204,204,228,228,228,228,228,228,228,228,228,228,228,228,228,228,228,228,228,228,228,228,228,228,228,228,0,1,4,4,228,228,228,204,228,228,228,228,3,0,0.0004018151084892452,292.2100830078125,660.6285400390625,745.5452270507812,834.9230346679688,921.1143798828125,1053.3468017578125,1086.6839599609375,1097.6923828125,1081.97509765625,1043.6434326171875,986.10595703125,907.1251220703125,821.3634033203125,736.1622314453125,658.8629150390625,584.2905883789062,524.0908203125,478.836181640625,448.05206298828125,429.1292724609375,420.93365478515625,420.786865234375,425.35833740234375,431.3175048828125,435.3338623046875,-0.0006871803198009729,0.7346915602684021,0.771980881690979,-0.00012092690303688869,0.7554528713226318,0.9895368218421936,113465.296875,3.543023194652051e-05,0.3247726261615753,0.7483342289924622,0.9544879198074341,0.9552439451217651,0.022337347269058228,1.0,-1.6815581571897805e-44,-3.3698856830596924,0.0,99.29316711425781,2663.840087890625,0.9435539245605469,729.56591796875,228.0,54.64495849609375,5.858304500579834,0.20000000298023224,0.0,309.1756591796875,280615.84375,-0.5336083173751831,6.438503265380859,130.28829956054688,1.236158013343811,7750000.0,8160000.0,86.12000274658203,119.0999984741211,0.5,9.999999747378752e-05,0.0,3.299999952316284,200.0,0.30000001192092896,309.20001220703125,2.439019908706541e-06,0,0,0,1,1,1,0,24,0,308.57806396484375,0.0,0.0,0.0,0.0,0.0,0.0,0.5138825178146362,0.8728863596916199,0.5186240673065186,-0.002370774745941162,-0.0006447545601986349,-0.0005104787414893508,0.5023707747459412,0.5024015307426453,0.5026033520698547,1.0,25.0,24.0,6357229.5,6357221.0,6357477.0,291.63946533203125,291.6424560546875,291.64752197265625,325.4840087890625,325.5709228515625,325.48394775390625,4400000.0,308.5617370605469,308.606689453125,308.56573486328125,33.84454345703125,33.928466796875,33.83642578125,325.40252685546875,4580.05517578125,4576.546875,4592.32373046875,12.782535552978516,12.783486366271973,12.785237312316895,13.098663330078125,0.0,0.0,0.0020000000949949026,291.6431579589844,325.5129699707031,-28.318559646606445,1.632886290550232,1.6330918073654175,1.633745551109314,-8.745922088623047,39.0,40.0,42.0,41.0,0.0,0.0,6356565.0,6305224.0,81.44331359863281,5.0,0.014999999664723873,-180000.0,600.0,1000000.0,400000.0,0.17000000178813934,22000.0,786000.0,120000.0,0.0,40.0,30.0,36.810001373291016,0.5,18.399999618530273,50000.0,115692.3984375,15.113750457763672,0,0,1,0,0,0,0,14630802.0,0.0,0.0,0.0,0.0,0.0,-764099.0,400000.0,1000000.0,1.0,1400000.0,0.0,0.520305871963501,14635901.0,126869.6328125,14630802.0,340.27593994140625,40.007659912109375,5.200176239013672,-764099.0,0.0,0.0,0.0,3.6099469661712646,40.007659912109375,0.0,22230.939453125,1.2010046243667603,0.0,0.0,0.0,20.0,14.711517333984375,22.0,0.0,0.0,0.0,0.05000000074505806,0.02500000037252903,0.17000000178813934,15400000.0,0.5,6.25,0.0006667000125162303,2.0,2410000.0,4140000.0,4.734799861907959,0.15000000596046448,0.20000000298023224,0.2199999988079071,1.0,0.0,-1.0,0.0,5.0,20.0,30.0,50.0,74.0,80.0,86.0,9.800000190734863,500000.0,1.0499999802959792e-07,0.5,750.0,1000.0,600.0,1000.0,1150.0,32.0,32.0,37.400001525878906,10.0,10.0,0.007000000216066837,0.5049999952316284,82.0,189.26499938964844,0.0,1.5099999904632568,231.60000610351562,20.0,36.0,16.600000381469727,16.5,225.0,-0.1756729930639267,27.5,-0.1756729930639267,30.485509872436523,0.1561516970396042,11.10221004486084,-1.8332500457763672,-75.0,4.3520002365112305,9.800000190734863,189.26499938964844,93.30000305175781,2650000.0,0.8500000238418579,7.570000171661377,0,1,0,0,0,0,0,0,0,0,0,1,3,3,0,0,1,1,0,0,0,0,0,0,0,0,0,0,1,0,0,0,0,0,0,0,0,0,0,1,0,0,0,0,0,0,0,0,0,0,12.059157371520996,29062.634765625,2153.699951171875,0.00041494134347885847,0.0004361289902590215,0.0006248649442568421,1.0,1.0,0.0,0.0,0.0,0.546838641166687,0.5374476313591003,1.0,0.0,0.0,0.0,1.0,0.0,0.0,1.0,1.0,0.0,1.0,1.0,0.010890305042266846,0.0,1.0,0.0,0.6426116228103638,0.6449931859970093,0.00041494134347885847,0.0,0.0,0.0,99998.78125,99999.0,2833917.25,2410000.0,36.20000076293945,36.20000076293945,36.20000076293945,32.34364700317383,273.0807800292969,140.79995727539062,50.5015869140625,26.190662384033203,38.44904327392578,27.0,28.730789184570312,27.0,0.0,32.0,20.0,68.57752227783203,3446668.0,0.5431966185569763,3.7799999713897705,4.379950523376465,8.919803619384766,0.0,0.0,0.0,1.401298464324817e-45,5.493091583251953,5.493091583251953,0.5049998760223389,0.5049998760223389,0.5049998760223389,0.18937495350837708,0.18937495350837708,0.18937495350837708,0.0,0.0,0.0,0.0,0.0,0.0,5.294999599456787,0.0,0.0,0.0,0.0,0.0,0.0,100.0,74.08322143554688,0.565024733543396,0.0,20.0,0.0,5.43326997756958,5.319677829742432,0.0,0.0,0.0,0.007000000216066837,0.0,0.0,9.671372413635254,0.0,1.7334239482879639,1.401298464324817e-45,5.326825141906738,0.0,0.0,0.0,0.0,0.0,0.0,20.0,0.0,0.0,14327004.0,0.0,0.0,0.0,0.0,0.0,0.0,0.0,0.351500004529953,18.93000030517578,23.030000686645508,7.69199959904654e-06,0.08500000089406967,0.009999999776482582,24.0,27.0,8.800000190734863,500000.0,0.05000000074505806,2.7000000013543968e-09,2.7000000013543968e-09,145100.0,120000.0,14650000.0,86400.0,17.0,34.5,48.70000076293945,321.8999938964844,83170.0,0.0,1.0,1.0,0.0010000000474974513,725.0,0.0,0.5,0.0,0.0,57.31999969482422,837142.875,9359.77734375,117376.1015625,2623.89794921875,83026.390625,725.0,1.0204100362898316e-05,740000000.0,1,0,1,0,1,0,1,0,0,0,0,8.799991607666016,27.0,1119.7388916015625,0.0,0.0,0.0,0.0,0.4495226740837097,0.00038825790397822857,0.0,0.00861303135752678,36.211585998535156,1.0,25037.4609375,2294.736328125,1.117882948165061e-05,2682737664.0,4251267072.0,2866450688.0,4219615232.0,-81.5732650756836,30.1051025390625,-143254912.0,31651904.0,5.326825141906738,1546.2760009765625,86.90009307861328,1516.1708984375,106381.3984375,3503.083984375,144317.96875,152088.65625,123037.4609375,13.399991989135742,36.211585998535156,36.211585998535156,1.0,1.117882948165061e-05,2294.736328125,586002726912.0,0.1972777098417282,137600.0,137600.0,105903232.0,81.48369598388672,5655.634765625,1.0,0.0,1700.0,250000.0,10000.0,1038.0,0.004999999888241291,400.0,5000.0,0,0,0,0,2963421.25,64.66893005371094,64.66893005371094,1228954.75,2783079.5,1.0,1.0,1230595.875,228.6315155029297,6305891.0,1.0,0.9949331283569336,1.0,1.0,1034.395263671875,277.9114685058594,189.38858032226562,127.8248519897461,6202228.0,808253.5,189.38858032226562,1.0,1.0,1.0,136.1763458251953,1565.5731201171875,792.692626953125,0.0,0.0,0.0,7680000.0,520.603271484375,520.5201416015625,523.1422119140625,0.0,2783079.5,0.0,129.33786010742188,0.0,0.0,278.775146484375,1.0,0.0,-7.5742998123168945,0.0,5.605193857299268e-45,9.999999974752427e-07,0.0,2.0,0.0003000000142492354,0.004999999888241291,0.0010000000474974513,2.0000000233721948e-07,2.0000000233721948e-07,0.0005555999814532697,993000000.0,1.0,0.05000000074505806,0.10000000149011612,0.0005000000237487257,0.0016700000269338489,0.009999999776482582,1.0,1.0,0.0010000000474974513,4.999999873689376e-05,0.00039999998989515007,0.019999999552965164,0.9891999959945679,0.9891999959945679,0.9950000047683716,0.9950000047683716,1,0,0,0,0,1,0,0,1,0,1,0,0,0,0.9917418956756592,984799680.0,63057.41015625,4837253.0,1161.14013671875,2545607.75,1437.728515625,1.0,2329160.25,0.9658533930778503,1.0,60.0,180.0,1800.0,1800.0,1.0047005414962769,0.019808992743492126,1.0,1.0,-0.012236599810421467,0.0,0.0,0.0,0.0,-6.699562072753906e-05,6.602997746085748e-05,0.0,0.0,6.602997746085748e-05,0.0,6.602997746085748e-05,6.602997746085748e-05,0.0,7.006492321624085e-44,1,1,0,1,1,1,0,1,1,0,1,0,1,1,1,1,1,1,1,1,0,1000,1000,0,1,5001,5001,220.0,3475.2255859375,120.0,120.0,60.0,0.0,0.4000000059604645,0.10000000149011612,0.10000000149011612,2.0,500.0,200.0,0.9900000095367432,300000.0,5000.0,45000.0,20000.0,0.019999999552965164,2.0,0.05000000074505806,0.019999999552965164,6.0,0.05000000074505806,0.019999999552965164,0.019999999552965164,88.30000305175781,0.10000000149011612,0.800000011920929,0.05000000074505806,0.009999999776482582,50.0,50.0,340.0,340.0,1000000.0,1,1,1,1,1,1,1,1,1,1,0,0,0,1,1,0,1.0,0.0,0.0,0.0,0.005539406556636095,0.0,0.0,0.0,0.9181342720985413,0.9181342720985413,0.9181342720985413,5000.40185546875,3900266.25,3905266.75,50.0,27.617774963378906,0.4000000059604645,0.0,0.0,0.10000000149011612,0.16421590745449066,1.0,45000.0,20.0,29.294342041015625,778855.25,33.40678787231445,4589.09619140625,721.2213745117188,0.7788552641868591,0.9181944131851196,9.475284576416016,1.0,3221596.5,3304317.0,9.718579292297363,20.0,0.27291053533554077,27.291053771972656,0.0,636.4223022460938,411.2969055175781,100000.0,50000.0,1115.300048828125,50000.0,700.0,2000.0,2800000.0,3500000.0,4000000.0,9.999999747378752e-05,4.999999873689376e-05,500.0,20000.0,100.0,500.0,60000.0,1200.0,1.0,120.0,150000.0,3000.0,300.0,1.0,300.0,0.019999999552965164,0.019999999552965164,0.009999999776482582,0.009999999776482582,0.009999999776482582,0.019999999552965164,1.100000023841858,0.019999999552965164,4.0,0.019999999552965164,88.0,1613.0,0.009999999776482582,0.20000000298023224,3.0,5.0,600.0,0.0010000000474974513,88.0,88.0,2000.0,2340.0,-0.11599799990653992,-0.03561130166053772,-0.04758000001311302,-0.01752999983727932,0,0,0,0,0,1,0,523.1657104492188,523.1657104492188,2.10107421875,2.10107421875,0.017009567469358444,31.428424835205078,164.21754455566406,1605.1219482421875,1050.600341796875,799.3507080078125,799.3507080078125,3.21026611328125,3.21026611328125,1605.1732177734375,547.9493408203125,0.0,0.0,2667079.0,20.00048065185547,20.00048065185547,156.3428192138672,156.3428192138672,65722.7734375,65722.7734375,1.0953795909881592,1.0953795909881592,114.31575775146484,114.31575775146484,24.998882293701172,24.998882293701172,104597.8359375,104597.8359375,25.00880241394043,155.5225372314453,158.5030059814453,2643921.0,20.00048065185547,20.00048065185547,226.88058471679688,226.88058471679688,155.95530700683594,155.95530700683594,652532.6875,652532.6875,0.0,114.45550537109375,114.45550537109375,228.9280242919922,160204.1875,160204.1875,1.0680279731750488,1.0680279731750488,226.1954345703125,155.95530700683594,276.5534362792969,138.27671813964844,138.27671813964844,204.08392333984375,204.08392333984375,408.1678466796875,0.0,0.0,0.0,138.25949096679688,138.25949096679688,204.08392333984375,204.08392333984375,0.026315800845623016,13.063163757324219,0.20000000298023224,0.8636199831962585,0.9145835638046265,0.8675947785377502,0.5138825178146362,0.43049365282058716,0.5173184275627136,0.9599996209144592,1.0,1.0,1.0,0.9999998211860657,0.9999998211860657,0.9999998211860657,190857.78125,193242.0625,0.0,0.0,0.0,0.0,0.0,0.0,0.0,296.3810119628906,297.7510070800781,0.0,189934.546875,189934.546875,0.0,0.0,0.0,0.0,0.8722396492958069,0.8722396492958069,0.8722396492958069,0.851700484752655,1196601.125,0.9959999918937683,0.9959999918937683,0.9959999918937683,0.9959999918937683,5775419.5,2734446.75,7407060.5,8509784.0,2606300.0,4013812.25,0.0039002662524580956,0.007810533046722412,1050.5335693359375,530.1199340820312,536.3566284179688,535.4654541015625,332.3567199707031,364.69500732421875,335.448486328125,197.76321411132812,171.66162109375,200.0169677734375,1605.138916015625,1050.5452880859375,350.3200378417969,350.3200378417969,350.3200378417969,525.5023193359375,525.5023193359375,525.5023193359375,2.9999585151672363,0.8580759763717651,0.8644099831581116,2.999962329864502,5.0,0.0040000081062316895,0.0040000081062316895,0.0040000081062316895,0.0040000081062316895,0.0,-0.4368000030517578,0.0,599991.6875,164.21754455566406,164.21754455566406,0.0,20.0,2782689.0,7.25,12.0,10.25,225.2641143798828,225.2641143798828,225.2641143798828,0.0,0.0,0.7926306128501892,0.9211652278900146,10000.0,10000.0,0.011826000176370144,1038.5,0.027953999117016792,0.0,0.0,1.0878000259399414,1.0809999704360962,9.000000136438757e-05,103.0,33.220001220703125,1.8179999589920044,0.029999999329447746,49.0,8.329999923706055,4.159999847412109,58.0,302.0,4.5,0.699999988079071,0.4000000059604645,7.5,1.3799999952316284,2.492000102996826,7000.0,48.88999938964844,1.2000000476837158,45.0,62000.0,4590000.0,4250000.0,15900000.0,15100000.0,0.05000000074505806,0.17000000178813934,0.009999999776482582,15220000.0,1.6699999570846558,312.7799987792969,1.1100000143051147,4232.0,0.25,689000.0,4030000.0,9.829999923706055,8.550000190734863,12200000.0,231.10000610351562,88.3239974975586,633.0,1.1430000066757202,0.6858000159263611,-10.0,-3.7799999713897705,0.7799999713897705,295.5,4030000.0,12400000.0,0.9200000166893005,5.0,0,0,0,228,160,0,0,0,0,0,0,0,0,1,0,0,0,1,1,1,0,1,0,0,1,0,0,1,1,1,0,0,0,0,0,0,0,0,0,0,0,0,0,0,0.9544879198074341,6357229.5,1.0877944231033325,0.9895183444023132,1.0250592231750488,308.5887756347656,33.876014709472656,-0.0037553850561380386,1,1,1,0,0,0,1,1,0,0,0,0,0,216,0.20000000298023224,0.20000000298023224,0.20000000298023224,0.0,2,0,0,0,0,0,0,0,0,0,0,0,0,0,0,0,0,0,0,0,0,0,0,0,0,0,0,0,0,0,0,0,0,0,0,0,0,0,0,0,0,0,0,0,0,0,0,0,0,0,0,1,0,0,0,0,0,0,0,0,0,0,0,0,0,0,0,0,0,0,0,0,0,0,0,0,0,0,0,0,0,0,0,0,0,0,0,0,0,0,0,0,0,0,0,0,0,0,0,0,0,0,0,0,0,0,0,0,0,0,0,0,0,0,0,0,0,0,0,0,0,0,0,0,0,0,0,0,0,0,0,0,0,0,0,0,0,0,0,0,0,0,0,1,0,0,0,0,0,0,0,0,0,0,0,-1,0,0,0,0,0,0,1,1,0,0,95.44879150390625,-3.3698856830596924,0.0,-0.5336083173751831,-1.6815581571897805e-44,309.1756591796875,308.5887756347656,729.56591796875,-0.00012092690303688869,99.29316711425781,2663.840087890625,1.0877944231033325,1.0250592231750488,-1.0,0.586883544921875,6.827850029367255e-06,0.00861303135752678,100.0,27.0,0.0,7.799991607666016,3.3607327938079834,1.0,1.0,36.211585998535156,0.25548475980758667,20.0,1.117882948165061e-05,0.0,74.08322143554688,1.7334239482879639,1.8179994821548462,0.00036938843550160527,0.6817498207092285,0.5431966185569763,28.91757583618164,8.919803619384766,19.775129318237305,15.767821311950684,0.546838641166687,50.5015869140625,44.898040771484375,273.0807800292969,140.79995727539062,0.9682517051696777,325.4185485839844,40.007659912109375,0.29459047317504883,291.65484619140625,291.6502685546875,291.64666748046875,325.4985046386719,325.5838317871094,325.4985046386719,100.0,4.471886157989502,56.502471923828125,149.34620666503906,308.57666015625,308.6170654296875,308.57257080078125,340.27545166015625,52.03058624267578,36.1140022277832,149.34620666503906,0.0,0.9885732531547546,0.9911993741989136,0.9888121485710144,88.90313720703125,88.89085388183594,88.88627624511719,64.87232971191406,64.86972045898438,64.86980438232422,50.26033401489258,50.24015426635742,50.23707580566406,99.85099792480469,99.50041198730469,99.58428192138672,1927.675537109375,1930.8837890625,1908.4317626953125,523.1825561523438,523.0252075195312,523.1194458007812,29.0,0.0,48.0,0.5173184275627136,0.6940758228302002,0.43049365282058716,0.7316668629646301,0.5138825178146362,0.6908959746360779,41.0,78.36749267578125,64.345947265625,226.1954345703125,97.97078704833984,9.999999974752427e-07,86.83468627929688,0.627804696559906,155.5225372314453,0.9949331283569336,721.2213745117188,39.849735260009766,31.428424835205078,1.0,9.475284576416016,77.88552856445312,0.0,0.9718579053878784,20.0,0.0,60.0,120.0,22.0,120.0,3.4752256870269775,0.0,0.0,984.7996826171875,18.08844757080078,89.19803619384766,2.0,200.0,0,0,228,228,228,228,204,228,228,228,160,0,99999,99999,13,402,1800,180,1800,998,20,984,95,23,0,0,0,806,1424,29,31,32,0,0,0,0,0,0,0,0,0,0,0,0,0,0,1,0,0,0,0,1,1,1,0,1,0,0,0,1,0,0,0,0,0,0,0,0,0,0,0,0,1,0,1,0,0,1,1,0,1,0,1,0,1,0,0,0,1,1,0,1,0,1,0,0,0,1,1,1,0,0,1,0,1,0,0,0,0,1,1,0,0,1,0,0,0,1,0,0,0,0,0,0,1,0,0,0,1,1,0,0,1,0,1,0,1,0,1,0,0,0,1,0,1,1,1,0,0,1,0,0,0,0,0,1,1,1,0,0,0,0,0,0,0,0,0,0,0,1,0,1,0,1,0,0,0,0,0,0,0,0,0,1,0,1,0,1,0,1,1,1,1,1,1,1,0,0,0,0,0,0,1,0,1,1,1,1,1,1,1,1,1,1,1,1,0,0,1,1,0,0,1,1,0,1,0,1,0,1,1,0,0,0,0,0,0,0,0,1,0,0,0,1,0,1,1,0,0,1,0,0,1,1,0,1,1,1,0,1,1,0,1,0,1,1,0,0,0,0,0,0,1,1,1,1,0,0,0,0,0,0,0,0,0,0,0,0,0,0,0,0,0,0,0,0,0,0,0,0,0,0,0,0,0,0,0,0,0,0,0,0,0,0,0,0,0,0,0,0,0,0,0,0,0,0,0,0,0,0,0,0,0,0,0,0,0,0,0,1,0,0,0,1,0,0,0,0,0,0,0,0,0,0,0,0,0,0,0,0,0,0,0,0,0,0,0,0,0,0,0,0,0,0,0,0,0,0,0,0,0,0,0,0,0,0,0,0,0,0,0,0,0,0,0,0,0,0,0,0,0,0,0,0,0,0,0,0,0,0,0,0,0,0,0,0,0,0,0,0,0,0,0,1,0,1,0,0,0,0,0,1,0,0,0,0,0,0,0,0,0,0,0,0,0,0,0,1,0,0,0,0,0,0,0,0,0,0,0,0,0,0,1,0,0,0,0,0,0,0,0,0,0,1,0,0,0,0,0,0,0,0,0,0,0,0,0,0,0,0,0,0,0,0,0,0,0,0,0,0,0,1,0,0,0,0,0,0,1,1,1,0,0,0,0,0,0,-1,0,0,0,0,0,0,0,0,-1,0,0,-1,0,0,0,0,0,0,0,0,0,0,0,0,0,0,0,0,0,0,1,0,0,0,0,0,0,0,0,0,0,0,0,0,0,0,0,1,1,0,-1,-1,-1,1,1,1,0,0,0,0,1,0,0,1,1,0,0,0,0,1,0,0,0,0,0,0,0,0,0,0,0,0,0,0,0,0,0,0,0,0,0,0,0,0,0,0,0,0,0,1,1,0,1,0,1,1,0,1,0,1,1,0,1,0,0,1,0,0,0,0,0,0,0,0,0,0,0,0,0,0,0,0,0,0,0,0,0,0,0,0,0,0
0,1,1,300,228,8,8,228,114,25,1,0,0.0020000000949949026,4000.0,1.0,0.04500000178813934,25.0,48.0,8.0,291.70001220703125,1.7000000476837158,-3.179999907843012e-07,0.007360000163316727,0.008080000057816505,8.0,0.33000001311302185,0.0333000011742115,1.0,9.999999747378752e-06,21.0,9.999999747378752e-06,2775000064.0,9.000000136438757e-05,4.999999980020986e-13,5.0,40.0,3.0,-3.3499999046325684,3.3499999046325684,0.5,0.0004799999878741801,292.3927001953125,492.6077880859375,-0.0036125299520790577,0.002354159951210022,0.0008944629807956517,0.013157900422811508,0.800646185874939,0.02024419978260994,2650129920.0,0.006539999973028898,228,228,228,228,228,228,228,228,228,228,228,228,228,228,228,228,228,228,228,228,228,228,228,228,204,204,204,204,228,228,228,228,228,228,228,228,228,228,228,228,228,228,228,228,228,228,228,228,228,228,228,228,0,1,4,4,228,228,228,204,228,228,228,228,3,0,0.0004018151084892452,292.191162109375,659.5552978515625,744.2303466796875,833.3533935546875,919.2992553710938,1051.1578369140625,1084.40234375,1095.3797607421875,1079.711669921875,1041.499755859375,984.1449584960938,905.4228515625,819.942626953125,735.019287109375,657.9678344726562,583.6207885742188,523.5966796875,478.471923828125,447.7786560058594,428.9185791015625,420.76190185546875,420.63616943359375,425.2182312011719,431.1849365234375,435.213134765625,-0.0004165181890130043,0.7326209545135498,0.7719804644584656,-0.00012646394316107035,0.7554545998573303,0.9893161654472351,113178.0390625,3.532293703756295e-05,0.3245764374732971,0.746170699596405,0.9521885514259338,0.9529579281806946,0.022332429885864258,1.0,-1.6815581571897805e-44,-3.3709261417388916,0.0,99.29306030273438,2663.846923828125,0.9435561299324036,728.4259643554688,228.0,62.83688735961914,6.152560234069824,0.800000011920929,0.0,309.17205810546875,280616.40625,-0.5334129333496094,6.4373779296875,130.28829956054688,1.2383955717086792,7750000.0,8160000.0,86.12000274658203,119.0999984741211,0.5,9.999999747378752e-05,0.0,3.299999952316284,200.0,0.30000001192092896,309.20001220703125,2.439019908706541e-06,0,0,0,1,1,1,0,24,0,308.5447082519531,0.0,0.0,0.0,0.0,0.0,0.0,0.5135418772697449,0.872857391834259,0.5186200737953186,-0.0025390982627868652,-0.0006693303002975881,-0.0005360121722333133,0.5025390982627869,0.5026695132255554,0.502866268157959,1.0,25.0,24.0,6355207.0,6355203.5,6355453.0,291.61700439453125,291.618408203125,291.6246337890625,325.4383544921875,325.53155517578125,325.43841552734375,4400000.0,308.5276794433594,308.5749816894531,308.5315246582031,33.82135009765625,33.91314697265625,33.81378173828125,325.35296630859375,4578.1845703125,4575.681640625,4590.43798828125,12.78406810760498,12.785909652709961,12.787579536437988,13.06756591796875,0.0,0.0,0.0020000000949949026,291.6200256347656,325.4694519042969,-30.14206886291504,1.6334415674209595,1.6339765787124634,1.634604573249817,-8.832666397094727,39.0,40.0,42.0,41.0,0.0,0.0,6354511.0,6303165.0,81.26254272460938,5.0,0.014999999664723873,-180000.0,600.0,1000000.0,400000.0,0.17000000178813934,22000.0,786000.0,120000.0,0.0,40.0,30.0,36.810001373291016,0.5,18.399999618530273,50000.0,115692.3984375,15.113750457763672,0,0,1,0,0,0,0,14614748.0,0.0,0.0,0.0,0.0,0.0,-779783.0,400000.0,1000000.0,1.0,1400000.0,0.0,0.5194209218025208,14620217.0,126869.6328125,14614748.0,340.27703857421875,40.007659912109375,5.191131114959717,-779783.0,0.0,0.0,0.0,3.605386734008789,40.007659912109375,0.0,22230.939453125,1.2010046243667603,0.0,0.0,0.0,20.0,14.711517333984375,22.0,0.0,0.0,0.0,0.05000000074505806,0.02500000037252903,0.17000000178813934,15400000.0,0.5,6.25,0.0006667000125162303,2.0,2410000.0,4140000.0,4.734799861907959,0.15000000596046448,0.20000000298023224,0.2199999988079071,1.0,0.0,-1.0,0.0,5.0,20.0,30.0,50.0,74.0,80.0,86.0,9.800000190734863,500000.0,1.0499999802959792e-07,0.5,750.0,1000.0,600.0,1000.0,1150.0,32.0,32.0,37.400001525878906,10.0,10.0,0.007000000216066837,0.5049999952316284,82.0,189.26499938964844,0.0,1.5099999904632568,231.60000610351562,20.0,36.0,16.600000381469727,16.5,225.0,-0.1756729930639267,27.5,-0.1756729930639267,30.485509872436523,0.1561516970396042,11.10221004486084,-1.8332500457763672,-75.0,4.3520002365112305,9.800000190734863,189.26499938964844,93.30000305175781,2650000.0,0.8500000238418579,7.570000171661377,0,1,0,0,0,0,0,0,0,0,0,1,3,3,0,0,1,1,0,0,0,0,0,0,0,0,0,0,1,0,0,0,0,0,0,0,0,0,0,1,0,0,0,0,0,0,0,0,0,0,12.059141159057617,29062.697265625,2153.699951171875,0.0004149398591835052,0.0004361289902590215,0.0006248649442568421,1.0,1.0,0.0,0.0,0.0,0.5479605793952942,0.5385242700576782,1.0,0.0,0.0,0.0,1.0,0.0,0.0,1.0,1.0,0.0,1.0,1.0,0.010939717292785645,0.0,1.0,0.0,0.6423921585083008,0.6448126435279846,0.0004149398591835052,0.0,0.0,0.0,99998.78125,99999.0,2832949.5,2410000.0,36.20000076293945,36.20000076293945,36.20000076293945,32.34757614135742,272.73089599609375,140.53317260742188,50.419708251953125,26.194429397583008,38.418968200683594,27.0,28.722745895385742,27.0,0.0,32.0,20.0,68.57752227783203,3446668.0,0.5431966185569763,3.7799999713897705,4.390728950500488,8.919803619384766,0.0,0.0,0.0,1.401298464324817e-45,5.48998498916626,5.48998498916626,0.5049998760223389,0.5049998760223389,0.5049998760223389,0.18937495350837708,0.18937495350837708,0.18937495350837708,0.0,0.0,0.0,0.0,0.0,0.0,5.294999599456787,0.0,0.0,0.0,0.0,0.0,0.0,100.0,74.08379364013672,0.564355731010437,0.0,20.0,0.0,5.429925918579102,5.330409526824951,0.0,0.0,0.0,0.007000000216066837,0.0,0.0,9.682126998901367,0.0,1.7334295511245728,1.401298464324817e-45,5.337603569030762,0.0,0.0,0.0,0.0,0.0,0.0,20.0,0.0,0.0,14311064.0,0.0,0.0,0.0,0.0,0.0,0.0,0.0,0.351500004529953,18.93000030517578,23.030000686645508,7.69199959904654e-06,0.08500000089406967,0.009999999776482582,24.0,27.0,8.800000190734863,500000.0,0.05000000074505806,2.7000000013543968e-09,2.7000000013543968e-09,145100.0,120000.0,14650000.0,86400.0,17.0,34.5,48.70000076293945,321.8999938964844,83170.0,0.0,1.0,1.0,0.0010000000474974513,725.0,0.0,0.5,0.0,0.0,57.31999969482422,837142.875,9359.77734375,117376.1015625,2623.89794921875,83026.390625,725.0,1.0204100362898316e-05,740000000.0,1,0,1,0,1,0,1,0,0,0,0,8.799991607666016,27.0,1168.5933837890625,0.0,0.0,0.0,0.0,0.46915313601493835,0.0003901413583662361,0.0,0.008988820016384125,36.27552032470703,1.0,25053.5078125,2387.560791015625,1.1667000762827229e-05,2676222976.0,4248236288.0,2864374784.0,4218969856.0,-81.37552642822266,29.146728515625,-145991968.0,29266624.0,5.337603569030762,1545.0777587890625,86.71312713623047,1515.9310302734375,106381.3984375,3514.68505859375,144355.203125,152357.1875,123053.5078125,13.999991416931152,36.27552032470703,36.27552032470703,1.0,1.1667000762827229e-05,2387.560791015625,602634387456.0,0.19733859598636627,137600.0,137600.0,105666256.0,81.30491638183594,5671.5732421875,1.0,0.0,1700.0,250000.0,10000.0,1038.0,0.004999999888241291,400.0,5000.0,0,0,0,0,2963390.75,64.66432189941406,64.66432189941406,1228855.375,2783094.75,1.0,1.0,1230335.5,228.60763549804688,6303861.5,1.0,0.9948614239692688,1.0,1.0,1034.2103271484375,277.8912658691406,189.3787841796875,127.76587677001953,6200261.5,808208.75,189.3787841796875,1.0,1.0,1.0,136.14276123046875,1565.3245849609375,792.5316772460938,0.0,0.0,0.0,7680000.0,520.48193359375,520.45458984375,523.0184326171875,0.0,2783094.75,0.0,129.32864379882812,0.0,0.0,278.7535095214844,1.0,0.0,-7.5742998123168945,0.0,5.605193857299268e-45,9.999999974752427e-07,0.0,2.0,0.0003000000142492354,0.004999999888241291,0.0010000000474974513,2.0000000233721948e-07,2.0000000233721948e-07,0.0005555999814532697,993000000.0,1.0,0.05000000074505806,0.10000000149011612,0.0005000000237487257,0.0016700000269338489,0.009999999776482582,1.0,1.0,0.0010000000474974513,4.999999873689376e-05,0.00039999998989515007,0.019999999552965164,0.9891999959945679,0.9891999959945679,0.9950000047683716,0.9950000047683716,1,0,0,0,0,1,0,0,1,0,1,0,0,0,0.9915446043014526,984603776.0,63053.109375,4835773.5,1161.0540771484375,2545618.75,1437.5390625,1.0,2329168.5,0.9660515189170837,1.0,60.0,180.0,1800.0,1800.0,1.0047005414962769,0.019808992743492126,1.0,1.0,-0.012236599810421467,0.0,0.0,0.0,0.0,-6.35385513305664e-05,6.602997746085748e-05,0.0,0.0,6.602997746085748e-05,0.0,6.602997746085748e-05,6.602997746085748e-05,0.0,7.006492321624085e-44,1,1,0,1,1,1,0,1,1,0,1,0,1,1,1,1,1,1,1,1,0,1000,1000,0,1,5001,5001,220.0,3474.6337890625,120.0,120.0,60.0,0.0,0.4000000059604645,0.10000000149011612,0.10000000149011612,2.0,500.0,200.0,0.9900000095367432,300000.0,5000.0,45000.0,20000.0,0.019999999552965164,2.0,0.05000000074505806,0.019999999552965164,6.0,0.05000000074505806,0.019999999552965164,0.019999999552965164,88.30000305175781,0.10000000149011612,0.800000011920929,0.05000000074505806,0.009999999776482582,50.0,50.0,340.0,340.0,1000000.0,1,1,1,1,1,1,1,1,1,1,0,0,0,1,1,0,1.0,0.0,0.0,0.0,0.005211375188082457,0.0,0.0,0.0,0.9181348085403442,0.9181348085403442,0.9181348085403442,5000.4013671875,3900274.0,3905274.5,50.0,27.617734909057617,0.4000000059604645,0.0,0.0,0.10000000149011612,0.16416305303573608,1.0,45000.0,20.0,29.292097091674805,778858.4375,33.4036750793457,4589.09326171875,721.2213745117188,0.7788584232330322,0.918194055557251,9.475244522094727,1.0,3221583.0,3304317.0,9.718579292297363,20.0,0.2729560136795044,27.29560089111328,0.0,636.4223022460938,411.26629638671875,100000.0,50000.0,1115.300048828125,50000.0,700.0,2000.0,2800000.0,3500000.0,4000000.0,9.999999747378752e-05,4.999999873689376e-05,500.0,20000.0,100.0,500.0,60000.0,1200.0,1.0,120.0,150000.0,3000.0,300.0,1.0,300.0,0.019999999552965164,0.019999999552965164,0.009999999776482582,0.009999999776482582,0.009999999776482582,0.019999999552965164,1.100000023841858,0.019999999552965164,4.0,0.019999999552965164,88.0,1613.0,0.009999999776482582,0.20000000298023224,3.0,5.0,600.0,0.0010000000474974513,88.0,88.0,2000.0,2340.0,-0.11599799990653992,-0.03561130166053772,-0.04758000001311302,-0.01752999983727932,0,0,0,0,0,1,0,523.1392822265625,523.1392822265625,2.1009521484375,2.1009521484375,0.01700596511363983,31.42841339111328,164.2174530029297,1604.8856201171875,1050.5772705078125,799.2330322265625,799.2330322265625,3.20977783203125,3.20977783203125,1605.1162109375,547.786376953125,0.0,0.0,2667051.5,20.00048065185547,20.00048065185547,156.33926391601562,156.33926391601562,65722.6796875,65722.6796875,1.095378041267395,1.095378041267395,114.30381774902344,114.30381774902344,24.998865127563477,24.998865127563477,104597.7578125,104597.7578125,25.008779525756836,155.52015686035156,158.50086975097656,2643935.0,20.00048065185547,20.00048065185547,226.86456298828125,226.86456298828125,155.95420837402344,155.95420837402344,652528.0625,652528.0625,0.0,114.45365142822266,114.45365142822266,228.92431640625,160203.484375,160203.484375,1.0680232048034668,1.0680232048034668,226.18223571777344,155.95420837402344,276.451416015625,138.2257080078125,138.2257080078125,204.06961059570312,204.06961059570312,408.13922119140625,0.0,0.0,0.0,138.20913696289062,138.20913696289062,204.06961059570312,204.06961059570312,0.026315800845623016,13.06295394897461,0.20000000298023224,0.8630090951919556,0.913646399974823,0.8666823506355286,0.5135418772697449,0.42995354533195496,0.516788125038147,0.9599996209144592,1.0,1.0,1.0,0.9999998211860657,0.9999998211860657,0.9999998211860657,190857.390625,193242.0625,0.0,0.0,0.0,0.0,0.0,0.0,0.0,296.3810119628906,297.7510070800781,0.0,189988.828125,189988.828125,0.0,0.0,0.0,0.0,0.8720700740814209,0.8720700740814209,0.8720700740814209,0.8513796925544739,1196398.375,0.9959999918937683,0.9959999918937683,0.9959999918937683,0.9959999918937683,5773365.0,2734706.75,7406193.0,8507983.0,2606300.0,4013370.75,0.003900273935869336,0.007810548879206181,1050.48046875,529.9649658203125,535.7996215820312,534.93603515625,332.2540283203125,364.3431396484375,335.1134948730469,197.7109375,171.45648193359375,199.82254028320312,1604.902587890625,1050.4921875,350.3194580078125,350.3194580078125,350.3194580078125,525.3506469726562,525.3506469726562,525.3506469726562,2.999948024749756,0.8574965596199036,0.8643830418586731,2.9999516010284424,5.0,0.0040000081062316895,0.0040000081062316895,0.0040000081062316895,0.0040000081062316895,0.0,-0.4368000030517578,0.0,599989.625,164.2174530029297,164.2174530029297,0.0,20.0,2782705.0,7.25,12.0,10.25,225.25802612304688,225.25802612304688,225.25802612304688,0.0,0.0,0.7926306128501892,0.9211652278900146,10000.0,10000.0,0.011826000176370144,1038.5,0.027953999117016792,0.0,0.0,1.0878000259399414,1.0809999704360962,9.000000136438757e-05,103.0,33.220001220703125,1.8179999589920044,0.029999999329447746,49.0,8.329999923706055,4.159999847412109,58.0,302.0,4.5,0.699999988079071,0.4000000059604645,7.5,1.3799999952316284,2.492000102996826,7000.0,48.88999938964844,1.2000000476837158,45.0,62000.0,4590000.0,4250000.0,15900000.0,15100000.0,0.05000000074505806,0.17000000178813934,0.009999999776482582,15220000.0,1.6699999570846558,312.7799987792969,1.1100000143051147,4232.0,0.25,689000.0,4030000.0,9.829999923706055,8.550000190734863,12200000.0,231.10000610351562,88.3239974975586,633.0,1.1430000066757202,0.6858000159263611,-10.0,-3.7799999713897705,0.7799999713897705,295.5,4030000.0,12400000.0,0.9200000166893005,5.0,0,0,0,228,160,0,0,0,0,0,0,0,0,1,0,0,0,1,1,1,0,1,0,0,1,0,0,1,1,1,0,0,0,0,0,0,0,0,0,0,0,0,0,0,0.9521885514259338,6355207.0,1.0877959728240967,0.988933265209198,1.024419903755188,308.5560302734375,33.85598373413086,-0.0037940663751214743,1,1,1,0,0,0,1,1,0,0,0,0,0,219,0.20000000298023224,0.20000000298023224,0.20000000298023224,0.0,2,0,0,0,0,0,0,0,0,0,0,0,0,0,0,0,0,0,0,0,0,0,0,0,0,0,0,0,0,0,0,0,0,0,0,0,0,0,0,0,0,0,0,0,0,0,0,0,0,0,0,1,0,0,0,0,0,0,0,0,0,0,0,0,0,0,0,0,0,0,0,0,0,0,0,0,0,0,0,0,0,0,0,0,0,0,0,0,0,0,0,0,0,0,0,0,0,0,0,0,0,0,0,0,0,0,0,0,0,0,0,0,0,0,0,0,0,0,0,0,0,0,0,0,0,0,0,0,0,0,0,0,0,0,0,0,0,0,0,0,0,0,0,1,0,0,0,0,0,0,0,0,0,0,0,-1,0,0,0,0,0,0,1,1,0,0,95.21885681152344,-3.3709261417388916,0.0,-0.5334129333496094,-1.6815581571897805e-44,309.17205810546875,308.5560302734375,728.4259643554688,-0.00012646394316107035,99.29306030273438,2663.846923828125,1.0877959728240967,1.024419903755188,-1.0,0.61602783203125,6.827850029367255e-06,0.008988820016384125,100.0,27.0,0.0,7.799991607666016,3.3779544830322266,1.0,1.0,36.27552032470703,0.25564849376678467,20.0,1.1667000762827229e-05,0.0,74.08379364013672,1.7334295511245728,1.8179994821548462,0.00036938843550160527,0.6817498207092285,0.5431966185569763,28.90770149230957,8.919803619384766,19.763944625854492,15.806623458862305,0.5479605793952942,50.419708251953125,44.898040771484375,272.73089599609375,140.53317260742188,0.968083381652832,325.36968994140625,40.007659912109375,0.29459047317504883,291.63232421875,291.6265869140625,291.6246337890625,325.45379638671875,325.54486083984375,325.453857421875,100.0,4.493480682373047,56.43557357788086,149.1861572265625,308.5430603027344,308.5857238769531,308.53924560546875,340.27667236328125,51.94209289550781,36.06938552856445,149.1861572265625,0.0,0.9879251718521118,0.9907527565956116,0.9881516098976135,88.9194107055664,88.90755462646484,88.8968276977539,64.85167694091797,64.84913635253906,64.84916687011719,50.28662872314453,50.26695251464844,50.253910064697266,99.80963134765625,99.48168182373047,99.54312133789062,1925.7696533203125,1928.8785400390625,1907.873779296875,523.0587158203125,522.954833984375,523.0092163085938,29.0,0.0,48.0,0.516788125038147,0.6933459043502808,0.42995354533195496,0.7309171557426453,0.5135418772697449,0.6904072761535645,41.0,78.36749267578125,64.32523345947266,226.18223571777344,97.95523071289062,9.999999974752427e-07,86.81631469726562,0.6279334425926208,155.52015686035156,0.9948614239692688,721.2213745117188,39.84981155395508,31.42841339111328,1.0,9.475244522094727,77.8858413696289,0.0,0.9718579053878784,20.0,0.0,60.0,120.0,22.0,120.0,3.4746339321136475,0.0,0.0,984.603759765625,18.08844757080078,89.19803619384766,2.0,200.0,0,0,228,228,228,228,204,228,228,228,160,0,99999,99999,13,402,1800,180,1800,998,20,984,95,23,0,0,0,806,1424,29,31,32,0,0,0,0,0,0,0,0,0,0,0,0,0,0,1,0,0,0,0,1,1,1,0,1,0,0,0,1,0,0,0,0,0,0,0,0,0,0,0,0,1,0,1,0,0,1,1,0,1,0,1,0,1,0,0,0,1,1,0,1,0,1,0,0,0,1,1,0,0,0,1,0,1,0,0,0,0,0,1,0,0,1,0,0,0,1,0,0,0,0,0,0,1,0,0,0,1,1,0,0,1,0,1,0,1,0,1,0,0,0,1,0,1,1,1,0,0,1,0,0,0,0,0,1,1,1,0,0,0,0,0,0,0,0,0,0,0,1,0,1,0,1,0,0,0,0,0,0,0,0,0,1,0,1,0,1,0,1,1,1,1,1,1,1,0,0,0,0,0,0,1,0,1,1,1,1,1,1,1,1,1,1,1,0,0,0,1,1,0,0,1,1,0,1,0,1,0,1,1,0,0,0,0,0,0,0,0,1,0,0,0,1,0,1,1,0,0,1,0,0,1,1,0,1,1,1,0,1,1,0,1,0,1,1,0,0,0,0,0,0,1,1,1,1,0,0,0,0,0,0,0,0,0,0,0,0,0,0,0,0,0,0,0,0,0,0,0,0,0,0,0,0,0,0,0,0,0,0,0,0,0,0,0,0,0,0,0,0,0,0,0,0,0,0,0,0,0,0,0,0,0,0,0,0,0,0,0,0,0,0,0,0,0,0,0,0,0,0,0,0,0,0,0,0,0,0,0,0,0,0,0,0,0,0,0,0,0,0,0,0,0,0,0,0,0,0,0,0,0,0,0,0,0,0,0,0,0,0,0,0,0,0,0,0,0,0,0,0,0,0,0,0,0,0,0,0,0,0,0,0,0,0,0,0,0,0,0,0,0,0,0,1,0,1,0,0,0,0,0,1,0,0,0,0,0,0,0,0,0,0,0,0,0,0,0,1,0,0,0,0,0,0,0,0,0,0,0,0,0,0,1,0,0,0,0,0,0,0,0,0,0,1,0,0,0,0,0,0,0,0,0,0,0,0,0,0,0,0,0,0,0,0,0,0,0,0,0,0,0,1,0,0,0,0,0,0,1,1,1,0,0,0,0,0,0,-1,0,0,0,0,0,0,0,0,-1,0,0,-1,0,0,0,0,0,0,0,0,0,0,0,0,0,0,0,0,0,0,1,0,0,0,0,0,0,0,0,0,0,0,0,0,0,0,0,1,1,0,-1,-1,-1,1,1,1,0,0,0,0,1,0,0,1,1,0,0,0,0,1,0,0,0,0,0,0,0,0,0,0,0,0,0,0,0,0,0,0,0,0,0,0,0,0,0,0,0,0,0,1,1,0,1,0,1,1,0,1,0,1,1,0,1,0,0,1,0,0,0,0,0,0,0,0,0,0,0,0,0,0,0,0,0,0,0,0,0,0,0,0,0,0
0,1,1,300,228,8,8,228,114,25,1,0,0.0020000000949949026,4000.0,1.0,0.04500000178813934,25.0,48.0,8.0,291.70001220703125,1.7000000476837158,-3.179999907843012e-07,0.007360000163316727,0.008080000057816505,8.0,0.33000001311302185,0.0333000011742115,1.0,9.999999747378752e-06,21.0,9.999999747378752e-06,2775000064.0,9.000000136438757e-05,4.999999980020986e-13,5.0,40.0,3.0,-3.3499999046325684,3.3499999046325684,0.5,0.0004799999878741801,292.3927001953125,492.6077880859375,-0.0036125299520790577,0.002354159951210022,0.0008944629807956517,0.013157900422811508,0.800646185874939,0.02024419978260994,2650129920.0,0.006539999973028898,228,228,228,228,228,228,228,228,228,228,228,228,228,228,228,228,228,228,228,228,228,228,228,228,205,205,205,205,228,228,228,228,228,228,228,228,228,228,228,228,228,228,228,228,228,228,228,228,228,228,228,228,0,1,4,4,228,228,228,205,228,228,228,228,3,0,0.0004018151084892452,292.170654296875,658.4561767578125,742.8773193359375,831.7324829101562,917.4205322265625,1048.890625,1082.04443359375,1093.001708984375,1077.3980712890625,1039.322265625,982.1650390625,903.7138671875,818.5238037109375,733.8841552734375,657.0845336914062,582.9638061523438,523.115966796875,478.12274169921875,447.5238342285156,428.73248291015625,420.62322998046875,420.52899169921875,425.1331787109375,431.1192321777344,435.170654296875,-0.000143460463732481,0.7306498289108276,0.7719799280166626,-0.0001294064277317375,0.7554563879966736,0.9890830516815186,112902.046875,3.521722101140767e-05,0.3243692219257355,0.7441117167472839,0.9499530792236328,0.9507009983062744,0.022334692999720573,1.0,-1.6815581571897805e-44,-3.3719558715820312,0.0,99.29298400878906,2663.854736328125,0.9435583353042603,727.266357421875,228.0,71.56338500976562,6.461533069610596,0.4000000059604645,0.0,309.1686706542969,280616.96875,-0.5328225493431091,6.436217308044434,130.28829956054688,1.2404203414916992,7750000.0,8160000.0,86.12000274658203,119.0999984741211,0.5,9.999999747378752e-05,0.0,3.299999952316284,200.0,0.30000001192092896,309.20001220703125,2.439019908706541e-06,0,0,0,1,1,1,0,24,0,308.5097961425781,0.0,0.0,0.0,0.0,0.0,0.0,0.5131877660751343,0.8728266358375549,0.5186158418655396,-0.0027140378952026367,-0.0006956184515729547,-0.0005642762989737093,0.5027140378952026,0.5029488205909729,0.503132164478302,1.0,25.0,24.0,6353094.5,6353098.0,6353339.5,291.59344482421875,291.593994140625,291.60089111328125,325.39044189453125,325.48980712890625,325.39031982421875,4400000.0,308.491943359375,308.5419006347656,308.49560546875,33.7969970703125,33.89581298828125,33.7894287109375,325.30035400390625,4576.42236328125,4574.84423828125,4588.6611328125,12.785637855529785,12.788375854492188,12.7899169921875,13.033233642578125,0.0,0.0,0.0020000000949949026,291.5960998535156,325.42352294921875,-31.90703773498535,1.634015440940857,1.634893536567688,1.6354697942733765,-8.906764030456543,39.0,40.0,42.0,41.0,0.0,0.0,6352370.5,6301016.5,81.07809448242188,5.0,0.014999999664723873,-180000.0,600.0,1000000.0,400000.0,0.17000000178813934,22000.0,786000.0,120000.0,0.0,40.0,30.0,36.810001373291016,0.5,18.399999618530273,50000.0,115692.3984375,15.113750457763672,0,0,1,0,0,0,0,14597611.0,0.0,0.0,0.0,0.0,0.0,-796568.0,400000.0,1000000.0,1.0,1400000.0,0.0,0.5184785723686218,14603432.0,126869.6328125,14597611.0,340.2783203125,40.007659912109375,5.181516647338867,-796568.0,0.0,0.0,0.0,3.6005396842956543,40.007659912109375,0.0,22230.939453125,1.2010046243667603,0.0,0.0,0.0,20.0,14.711517333984375,22.0,0.0,0.0,0.0,0.05000000074505806,0.02500000037252903,0.17000000178813934,15400000.0,0.5,6.25,0.0006667000125162303,2.0,2410000.0,4140000.0,4.734799861907959,0.15000000596046448,0.20000000298023224,0.2199999988079071,1.0,0.0,-1.0,0.0,5.0,20.0,30.0,50.0,74.0,80.0,86.0,9.800000190734863,500000.0,1.0499999802959792e-07,0.5,750.0,1000.0,600.0,1000.0,1150.0,32.0,32.0,37.400001525878906,10.0,10.0,0.007000000216066837,0.5049999952316284,82.0,189.26499938964844,0.0,1.5099999904632568,231.60000610351562,20.0,36.0,16.600000381469727,16.5,225.0,-0.1756729930639267,27.5,-0.1756729930639267,30.485509872436523,0.1561516970396042,11.10221004486084,-1.8332500457763672,-75.0,4.3520002365112305,9.800000190734863,189.26499938964844,93.30000305175781,2650000.0,0.8500000238418579,7.570000171661377,0,1,0,0,0,0,0,0,0,0,0,1,3,3,0,0,1,1,0,0,0,0,0,0,0,0,0,0,1,0,0,0,0,0,0,0,0,0,0,1,0,0,0,0,0,0,0,0,0,0,12.059120178222656,29062.751953125,2153.699951171875,0.0004149383748881519,0.0004361289902590215,0.0006248649442568421,1.0,1.0,0.0,0.0,0.0,0.5490931272506714,0.5396064519882202,1.0,0.0,0.0,0.0,1.0,0.0,0.0,1.0,1.0,0.0,1.0,1.0,0.010983407497406006,0.0,1.0,0.0,0.6421641111373901,0.6446289420127869,0.0004149383748881519,0.0,0.0,0.0,99998.78125,99999.0,2831943.75,2410000.0,36.20000076293945,36.20000076293945,36.20000076293945,32.351478576660156,272.3776550292969,140.2637481689453,50.33588790893555,26.198265075683594,38.388397216796875,27.0,28.714513778686523,27.0,0.0,32.0,20.0,68.57752227783203,3446668.0,0.5431966185569763,3.7799999713897705,4.401585578918457,8.919803619384766,0.0,0.0,0.0,1.401298464324817e-45,5.486635208129883,5.486635208129883,0.5049998760223389,0.5049998760223389,0.5049998760223389,0.18937495350837708,0.18937495350837708,0.18937495350837708,0.0,0.0,0.0,0.0,0.0,0.0,5.294999599456787,0.0,0.0,0.0,0.0,0.0,0.0,100.0,74.08429718017578,0.5636531114578247,0.0,20.0,0.0,5.426373481750488,5.341212749481201,0.0,0.0,0.0,0.007000000216066837,0.0,0.0,9.692956924438477,0.0,1.7334345579147339,1.401298464324817e-45,5.3484601974487305,0.0,0.0,0.0,0.0,0.0,0.0,20.0,0.0,0.0,14294068.0,0.0,0.0,0.0,0.0,0.0,0.0,0.0,0.351500004529953,18.93000030517578,23.030000686645508,7.69199959904654e-06,0.08500000089406967,0.009999999776482582,24.0,27.0,8.800000190734863,500000.0,0.05000000074505806,2.7000000013543968e-09,2.7000000013543968e-09,145100.0,120000.0,14650000.0,86400.0,17.0,34.5,48.70000076293945,321.8999938964844,83170.0,0.0,1.0,1.0,0.0010000000474974513,725.0,0.0,0.5,0.0,0.0,57.31999969482422,837142.875,9359.77734375,117376.1015625,2623.89794921875,83026.390625,725.0,1.0204100362898316e-05,740000000.0,1,0,1,0,1,0,1,0,0,0,0,8.799991607666016,27.0,1217.3397216796875,0.0,0.0,0.0,0.0,0.4887401759624481,0.00039175822166725993,0.0,0.009363777004182339,36.33902359008789,1.0,25069.4921875,2480.03662109375,1.2154091564298142e-05,2670734080.0,4245232128.0,2862259456.0,4218330368.0,-81.1733169555664,28.2508544921875,-148811216.0,26901888.0,5.3484601974487305,1543.9437255859375,86.52177429199219,1515.69287109375,106381.3984375,3526.240966796875,144392.40625,152623.90625,123069.4921875,14.599990844726562,36.33902359008789,36.33902359008789,1.0,1.2154091564298142e-05,2480.03662109375,618644176896.0,0.19739939272403717,137600.0,137600.0,105423008.0,81.12171173095703,5687.458984375,1.0,0.0,1700.0,250000.0,10000.0,1038.0,0.004999999888241291,400.0,5000.0,0,0,0,0,2963355.75,64.65956115722656,64.65956115722656,1228751.125,2783110.75,1.0,1.0,1230078.625,228.5835418701172,6301743.5,1.0,0.9947874546051025,1.0,1.0,1034.04248046875,277.87005615234375,189.36912536621094,127.70719146728516,6198205.0,808164.625,189.36912536621094,1.0,1.0,1.0,136.11105346679688,1565.077880859375,792.3880615234375,0.0,0.0,0.0,7680000.0,520.3626098632812,520.404541015625,522.8839111328125,0.0,2783110.75,0.0,129.31912231445312,0.0,0.0,278.73095703125,1.0,0.0,-7.5742998123168945,0.0,5.605193857299268e-45,9.999999974752427e-07,0.0,2.0,0.0003000000142492354,0.004999999888241291,0.0010000000474974513,2.0000000233721948e-07,2.0000000233721948e-07,0.0005555999814532697,993000000.0,1.0,0.05000000074505806,0.10000000149011612,0.0005000000237487257,0.0016700000269338489,0.009999999776482582,1.0,1.0,0.0010000000474974513,4.999999873689376e-05,0.00039999998989515007,0.019999999552965164,0.9891999959945679,0.9891999959945679,0.9950000047683716,0.9950000047683716,1,0,0,0,0,1,0,0,1,0,1,0,0,0,0.9913556575775146,984416192.0,63048.68359375,4834381.0,1160.965576171875,2545629.25,1437.3511962890625,1.0,2329176.75,0.9662496447563171,1.0,60.0,180.0,1800.0,1800.0,1.0047005414962769,0.019808992743492126,1.0,1.0,-0.012236599810421467,0.0,0.0,0.0,0.0,-6.264448165893555e-05,6.602997746085748e-05,0.0,0.0,6.602997746085748e-05,0.0,6.602997746085748e-05,6.602997746085748e-05,0.0,7.006492321624085e-44,1,1,0,1,1,1,0,1,1,0,1,0,1,1,1,1,1,1,1,1,0,1000,1000,0,1,5001,5001,220.0,3474.06689453125,120.0,120.0,60.0,0.0,0.4000000059604645,0.10000000149011612,0.10000000149011612,2.0,500.0,200.0,0.9900000095367432,300000.0,5000.0,45000.0,20000.0,0.019999999552965164,2.0,0.05000000074505806,0.019999999552965164,6.0,0.05000000074505806,0.019999999552965164,0.019999999552965164,88.30000305175781,0.10000000149011612,0.800000011920929,0.05000000074505806,0.009999999776482582,50.0,50.0,340.0,340.0,1000000.0,1,1,1,1,1,1,1,1,1,1,0,0,0,1,1,0,1.0,0.0,0.0,0.0,0.004902656190097332,0.0,0.0,0.0,0.9181353449821472,0.9181353449821472,0.9181353449821472,5000.40234375,3900285.25,3905285.75,50.0,27.617694854736328,0.4000000059604645,0.0,0.0,0.10000000149011612,0.16410790383815765,1.0,45000.0,20.0,29.29010581970215,778861.625,33.40092086791992,4589.09130859375,721.2213134765625,0.7788616418838501,0.9181936979293823,9.475204467773438,1.0,3221569.5,3304317.0,9.718579292297363,20.0,0.273002564907074,27.300256729125977,0.0,636.4223022460938,411.2765197753906,100000.0,50000.0,1115.300048828125,50000.0,700.0,2000.0,2800000.0,3500000.0,4000000.0,9.999999747378752e-05,4.999999873689376e-05,500.0,20000.0,100.0,500.0,60000.0,1200.0,1.0,120.0,150000.0,3000.0,300.0,1.0,300.0,0.019999999552965164,0.019999999552965164,0.009999999776482582,0.009999999776482582,0.009999999776482582,0.019999999552965164,1.100000023841858,0.019999999552965164,4.0,0.019999999552965164,88.0,1613.0,0.009999999776482582,0.20000000298023224,3.0,5.0,600.0,0.0010000000474974513,88.0,88.0,2000.0,2340.0,-0.11599799990653992,-0.03561130166053772,-0.04758000001311302,-0.01752999983727932,0,0,0,0,0,1,0,523.107421875,523.107421875,2.100830078125,2.100830078125,0.017002373933792114,31.428401947021484,164.2173614501953,1604.5928955078125,1050.5450439453125,799.0872802734375,799.0872802734375,3.20916748046875,3.20916748046875,1605.0,547.6066284179688,0.0,0.0,2667020.0,20.00048065185547,20.00048065185547,156.33563232421875,156.33563232421875,65722.5859375,65722.5859375,1.0953764915466309,1.0953764915466309,114.2917709350586,114.2917709350586,24.99884796142578,24.99884796142578,104597.6875,104597.6875,25.008764266967773,155.51763916015625,158.4986114501953,2643949.75,20.00048065185547,20.00048065185547,226.8486785888672,226.8486785888672,155.95297241210938,155.95297241210938,652522.875,652522.875,0.0,114.45178985595703,114.45178985595703,228.9205780029297,160202.78125,160202.78125,1.0680185556411743,1.0680185556411743,226.16873168945312,155.95297241210938,276.353271484375,138.1766357421875,138.1766357421875,204.0556640625,204.0556640625,408.111328125,0.0,0.0,0.0,138.1606903076172,138.1606903076172,204.0556640625,204.0556640625,0.026315800845623016,13.06273078918457,0.20000000298023224,0.862374484539032,0.9126732349395752,0.8657588362693787,0.5131877660751343,0.4293903708457947,0.5162515044212341,0.9599996209144592,1.0,1.0,1.0,0.9999998211860657,0.9999998211860657,0.9999998211860657,190857.0,193242.0625,0.0,0.0,0.0,0.0,0.0,0.0,0.0,296.3810119628906,297.7510070800781,0.0,190039.890625,190039.890625,0.0,0.0,0.0,0.0,0.8718969225883484,0.8718969225883484,0.8718969225883484,0.8511034846305847,1196193.625,0.9959999918937683,0.9959999918937683,0.9959999918937683,0.9959999918937683,5771295.0,2734988.0,7405340.0,8506187.0,2606300.0,4012918.0,0.0039002851117402315,0.007810571230947971,1050.41650390625,529.8327026367188,535.2484130859375,534.444580078125,332.1654357910156,363.996826171875,334.8022155761719,197.66726684570312,171.2515869140625,199.64236450195312,1604.60986328125,1050.42822265625,350.3175048828125,350.3175048828125,350.3175048828125,525.1878051757812,525.1878051757812,525.1878051757812,2.9999377727508545,0.8569091558456421,0.8643498420715332,2.999941349029541,5.0,0.0040000081062316895,0.0040000081062316895,0.0040000081062316895,0.0040000081062316895,0.0,-0.4368000030517578,0.0,599987.5625,164.2173614501953,164.2173614501953,0.0,20.0,2782721.5,7.25,12.0,10.25,225.25149536132812,225.25149536132812,225.25149536132812,0.0,0.0,0.7926306128501892,0.9211652278900146,10000.0,10000.0,0.011826000176370144,1038.5,0.027953999117016792,0.0,0.0,1.0878000259399414,1.0809999704360962,9.000000136438757e-05,103.0,33.220001220703125,1.8179999589920044,0.029999999329447746,49.0,8.329999923706055,4.159999847412109,58.0,302.0,4.5,0.699999988079071,0.4000000059604645,7.5,1.3799999952316284,2.492000102996826,7000.0,48.88999938964844,1.2000000476837158,45.0,62000.0,4590000.0,4250000.0,15900000.0,15100000.0,0.05000000074505806,0.17000000178813934,0.009999999776482582,15220000.0,1.6699999570846558,312.7799987792969,1.1100000143051147,4232.0,0.25,689000.0,4030000.0,9.829999923706055,8.550000190734863,12200000.0,231.10000610351562,88.3239974975586,633.0,1.1430000066757202,0.6858000159263611,-10.0,-3.7799999713897705,0.7799999713897705,295.5,4030000.0,12400000.0,0.9200000166893005,5.0,0,0,0,228,160,0,0,0,0,0,0,0,0,1,0,0,0,1,1,1,0,1,0,0,1,0,0,1,1,1,0,0,0,0,0,0,0,0,0,0,0,0,0,0,0.9499530792236328,6353094.5,1.0877970457077026,0.9883060455322266,1.0237195491790771,308.5216369628906,33.834510803222656,-0.0037618386559188366,1,1,1,0,0,0,1,1,0,0,0,0,0,222,0.20000000298023224,0.20000000298023224,0.20000000298023224,0.0,2,0,0,0,0,0,0,0,0,0,0,0,0,0,0,0,0,0,0,0,0,0,0,0,0,0,0,0,0,0,0,0,0,0,0,0,0,0,0,0,0,0,0,0,0,0,0,0,0,0,0,1,0,0,0,0,0,0,0,0,0,0,0,0,0,0,0,0,0,0,0,0,0,0,0,0,0,0,0,0,0,0,0,0,0,0,0,0,0,0,0,0,0,0,0,0,0,0,0,0,0,0,0,0,0,0,0,0,0,0,0,0,0,0,0,0,0,0,0,0,0,0,0,0,0,0,0,0,0,0,0,0,0,0,0,0,0,0,0,0,0,0,0,1,0,0,0,0,0,0,0,0,0,0,0,-1,0,0,0,0,0,0,1,1,0,0,94.99530792236328,-3.3719558715820312,0.0,-0.5328225493431091,-1.6815581571897805e-44,309.1686706542969,308.5216369628906,727.266357421875,-0.0001294064277317375,99.29298400878906,2663.854736328125,1.0877970457077026,1.0237195491790771,-1.0,0.64703369140625,6.827850029367255e-06,0.009363777004182339,100.0,27.0,0.0,7.799991607666016,3.394458055496216,1.0,1.0,36.33902359008789,0.2558116018772125,20.0,1.2154091564298142e-05,0.0,74.08429718017578,1.7334345579147339,1.8179994821548462,0.00036938843550160527,0.6817498207092285,0.5431966185569763,28.897438049316406,8.919803619384766,19.75188636779785,15.845707893371582,0.5490931272506714,50.33588790893555,44.898040771484375,272.3776550292969,140.2637481689453,0.9679113030433655,325.3179626464844,40.007659912109375,0.29459047317504883,291.60888671875,291.6021728515625,291.6015625,325.4065856933594,325.5038757324219,325.4067077636719,100.0,4.517454147338867,56.36531066894531,149.014892578125,308.50775146484375,308.55303955078125,308.504150390625,340.27801513671875,51.84785842895508,36.02187728881836,149.014892578125,0.0,0.9872307777404785,0.9902687072753906,0.9874482750892639,88.9356689453125,88.92461395263672,88.90766143798828,64.83011627197266,64.82765197753906,64.8276138305664,50.31321716308594,50.294883728027344,50.27140426635742,99.76994323730469,99.46300506591797,99.50396728515625,1924.00048828125,1926.894287109375,1907.397705078125,522.9263916015625,522.8927612304688,522.8804931640625,29.0,0.0,48.0,0.5162515044212341,0.6926071047782898,0.4293903708457947,0.7301385998725891,0.5131877660751343,0.6898996233940125,41.0,78.36749267578125,64.30361938476562,226.16873168945312,97.9397964477539,9.999999974752427e-07,86.79798889160156,0.6280622482299805,155.51763916015625,0.9947874546051025,721.2213134765625,39.84992599487305,31.428401947021484,1.0,9.475204467773438,77.88616180419922,0.0,0.9718579053878784,20.0,0.0,60.0,120.0,22.0,120.0,3.474066972732544,0.0,0.0,984.4161987304688,18.08844757080078,89.19803619384766,2.0,200.0,0,0,228,228,228,228,205,228,228,228,160,0,99999,99999,13,402,1800,180,1800,998,20,984,94,23,0,0,0,806,1424,29,31,32,0,0,0,0,0,0,0,0,0,0,0,0,0,0,1,0,0,0,0,1,1,1,0,1,0,0,0,1,0,0,0,0,0,0,0,0,0,0,0,0,1,0,1,0,0,1,1,0,1,0,1,0,1,0,0,0,1,1,0,1,0,1,0,0,0,1,1,0,0,0,1,0,1,0,0,0,0,0,1,0,0,1,0,0,0,1,0,0,0,0,0,0,1,0,0,0,1,1,0,0,1,0,1,0,1,0,1,0,0,0,1,0,1,1,1,0,0,1,0,0,0,0,0,1,1,1,0,0,0,0,0,0,0,0,0,0,0,1,0,1,0,1,0,0,0,0,0,0,0,0,0,1,0,1,0,1,0,1,1,1,1,1,1,1,0,0,0,0,0,0,1,0,1,1,1,1,1,1,1,1,1,1,1,0,0,0,1,1,0,0,1,1,0,1,0,1,0,1,1,0,0,0,0,0,0,0,0,1,0,0,0,1,0,1,1,0,0,1,0,0,1,1,0,1,1,1,0,1,1,0,1,0,1,1,0,0,0,0,0,0,1,1,1,1,0,0,0,0,0,0,0,0,0,0,0,0,0,0,0,0,0,0,0,0,0,0,0,0,0,0,0,0,0,0,0,0,0,0,0,0,0,0,0,0,0,0,0,0,0,0,0,0,0,0,0,0,0,0,0,0,0,0,0,0,0,0,0,0,0,0,0,0,0,0,0,0,0,0,0,0,0,0,0,0,0,0,1,0,0,0,0,0,0,0,0,0,0,0,0,0,0,0,0,0,0,0,0,0,0,0,0,0,0,0,0,0,0,0,0,0,0,0,0,0,0,0,0,0,0,0,0,0,0,0,0,0,0,0,0,0,0,0,0,0,0,0,0,0,0,0,0,1,0,1,0,0,0,0,0,1,0,0,0,0,0,0,0,0,0,0,0,0,0,0,0,1,0,0,0,0,0,0,0,0,0,0,0,0,0,0,1,0,0,0,0,0,0,0,0,0,0,1,0,0,0,0,0,0,0,0,0,0,0,0,0,0,0,0,0,0,0,0,0,0,0,0,0,0,0,1,0,0,0,0,0,0,1,1,1,0,0,0,0,0,0,-1,0,0,0,0,0,0,0,0,-1,0,0,-1,0,0,0,0,0,0,0,0,0,0,0,0,0,0,0,0,0,0,1,0,0,0,0,0,0,0,0,0,0,0,0,0,0,0,0,1,1,0,-1,-1,-1,1,1,1,0,0,0,0,1,0,0,1,1,0,0,0,0,1,0,0,0,0,0,0,0,0,0,0,0,0,0,0,0,0,0,0,0,0,0,0,0,0,0,0,0,0,0,1,1,0,1,0,1,1,0,1,0,1,1,0,1,0,0,1,0,0,0,0,0,0,0,0,0,0,0,0,0,0,0,0,0,0,0,0,0,0,0,0,0,0
0,1,1,300,228,8,8,228,114,25,1,0,0.0020000000949949026,4000.0,1.0,0.04500000178813934,25.0,48.0,8.0,291.70001220703125,1.7000000476837158,-3.179999907843012e-07,0.007360000163316727,0.008080000057816505,8.0,0.33000001311302185,0.0333000011742115,1.0,9.999999747378752e-06,21.0,9.999999747378752e-06,2775000064.0,9.000000136438757e-05,4.999999980020986e-13,5.0,40.0,3.0,-3.3499999046325684,3.3499999046325684,0.5,0.0004799999878741801,292.3927001953125,492.6077880859375,-0.0036125299520790577,0.002354159951210022,0.0008944629807956517,0.013157900422811508,0.800646185874939,0.02024419978260994,2650129920.0,0.006539999973028898,228,228,228,228,228,228,228,228,228,228,228,228,228,228,228,228,228,228,228,228,228,228,228,228,205,205,205,205,228,228,228,228,228,228,228,228,228,228,228,228,228,228,228,228,228,228,228,228,228,228,228,228,0,1,4,4,228,228,228,205,228,228,228,228,3,0,0.0004018151084892452,292.1562805175781,657.7135009765625,741.9595336914062,830.629638671875,916.1397094726562,1047.343017578125,1080.4368896484375,1091.385498046875,1075.831787109375,1037.853759765625,980.8345336914062,902.5694580078125,817.576171875,733.1275024414062,656.4962158203125,582.526123046875,522.794677734375,477.8873291015625,447.348876953125,428.6004638671875,420.51971435546875,420.44305419921875,425.0584716796875,431.05389404296875,435.1173095703125,3.904150798916817e-05,0.7293590307235718,0.771979570388794,-0.00013220075925346464,0.7554575800895691,0.9889209270477295,112717.875,3.5147917515132576e-05,0.32422518730163574,0.7427635192871094,0.9484553933143616,0.9492042064666748,0.022333204746246338,1.0,-1.6815581571897805e-44,-3.3726401329040527,0.0,99.29291534423828,2663.860107421875,0.9435598254203796,726.4820556640625,228.0,72.0,6.676292419433594,0.800000011920929,0.0,309.16650390625,280617.34375,-0.5327000617980957,6.4354352951049805,130.28829956054688,1.2417173385620117,7750000.0,8160000.0,86.12000274658203,119.0999984741211,0.5,9.999999747378752e-05,0.0,3.299999952316284,200.0,0.30000001192092896,309.20001220703125,2.439019908706541e-06,0,0,0,1,1,1,0,24,0,308.4856262207031,0.0,0.0,0.0,0.0,0.0,0.0,0.5129458904266357,0.872805118560791,0.5186128616333008,-0.0028334856033325195,-0.0007141213864088058,-0.0005846800631843507,0.5028334856033325,0.503139317035675,0.5033095479011536,1.0,25.0,24.0,6351634.5,6351644.5,6351880.0,291.5772705078125,291.57763671875,291.58453369140625,325.3569641113281,325.4604797363281,325.3569641113281,4400000.0,308.46710205078125,308.51904296875,308.47076416015625,33.779693603515625,33.882843017578125,33.772430419921875,325.2638244628906,4575.30810546875,4574.291015625,4587.5263671875,12.786699295043945,12.79002857208252,12.791468620300293,13.008697509765625,0.0,0.0,0.0020000000949949026,291.5798034667969,325.3914794921875,-32.95645523071289,1.6344066858291626,1.6355160474777222,1.6360467672348022,-8.951102256774902,39.0,40.0,42.0,41.0,0.0,0.0,6350889.5,6299532.0,80.95294952392578,5.0,0.014999999664723873,-180000.0,600.0,1000000.0,400000.0,0.17000000178813934,22000.0,786000.0,120000.0,0.0,40.0,30.0,36.810001373291016,0.5,18.399999618530273,50000.0,115692.3984375,15.113750457763672,0,0,1,0,0,0,0,14585592.0,0.0,0.0,0.0,0.0,0.0,-808336.0,400000.0,1000000.0,1.0,1400000.0,0.0,0.5178189873695374,14591664.0,126869.6328125,14585592.0,340.27911376953125,40.007659912109375,5.174800872802734,-808336.0,0.0,0.0,0.0,3.597153663635254,40.007659912109375,0.0,22230.939453125,1.2010046243667603,0.0,0.0,0.0,20.0,14.711517333984375,22.0,0.0,0.0,0.0,0.05000000074505806,0.02500000037252903,0.17000000178813934,15400000.0,0.5,6.25,0.0006667000125162303,2.0,2410000.0,4140000.0,4.734799861907959,0.15000000596046448,0.20000000298023224,0.2199999988079071,1.0,0.0,-1.0,0.0,5.0,20.0,30.0,50.0,74.0,80.0,86.0,9.800000190734863,500000.0,1.0499999802959792e-07,0.5,750.0,1000.0,600.0,1000.0,1150.0,32.0,32.0,37.400001525878906,10.0,10.0,0.007000000216066837,0.5049999952316284,82.0,189.26499938964844,0.0,1.5099999904632568,231.60000610351562,20.0,36.0,16.600000381469727,16.5,225.0,-0.1756729930639267,27.5,-0.1756729930639267,30.485509872436523,0.1561516970396042,11.10221004486084,-1.8332500457763672,-75.0,4.3520002365112305,9.800000190734863,189.26499938964844,93.30000305175781,2650000.0,0.8500000238418579,7.570000171661377,0,1,0,0,0,0,0,0,0,0,0,1,3,3,0,0,1,1,0,0,0,0,0,0,0,0,0,0,1,0,0,0,0,0,0,0,0,0,0,1,0,0,0,0,0,0,0,0,0,0,12.059104919433594,29062.783203125,2153.699951171875,0.00041493738535791636,0.0004361289902590215,0.0006248649442568421,1.0,1.0,0.0,0.0,0.0,0.5498543381690979,0.5403313040733337,1.0,0.0,0.0,0.0,1.0,0.0,0.0,1.0,1.0,0.0,1.0,1.0,0.011008739471435547,0.0,1.0,0.0,0.6420072317123413,0.6445044875144958,0.00041493738535791636,0.0,0.0,0.0,99998.78125,99999.0,2831252.0,2410000.0,36.20000076293945,36.20000076293945,36.20000076293945,32.354068756103516,272.13995361328125,140.08212280273438,50.27875900268555,26.20089340209961,38.36768341064453,27.0,28.70890235900879,27.0,0.0,32.0,20.0,68.57752227783203,3446668.0,0.5431966185569763,3.7799999713897705,4.408870697021484,8.919803619384766,0.0,0.0,0.0,1.401298464324817e-45,5.484267234802246,5.484267234802246,0.5049998760223389,0.5049998760223389,0.5049998760223389,0.18937495350837708,0.18937495350837708,0.18937495350837708,0.0,0.0,0.0,0.0,0.0,0.0,5.294999599456787,0.0,0.0,0.0,0.0,0.0,0.0,100.0,74.08457946777344,0.5631667971611023,0.0,20.0,0.0,5.423892498016357,5.348459720611572,0.0,0.0,0.0,0.007000000216066837,0.0,0.0,9.700222969055176,0.0,1.7334372997283936,1.401298464324817e-45,5.355745315551758,0.0,0.0,0.0,0.0,0.0,0.0,20.0,0.0,0.0,14282024.0,0.0,0.0,0.0,0.0,0.0,0.0,0.0,0.351500004529953,18.93000030517578,23.030000686645508,7.69199959904654e-06,0.08500000089406967,0.009999999776482582,24.0,27.0,8.800000190734863,500000.0,0.05000000074505806,2.7000000013543968e-09,2.7000000013543968e-09,145100.0,120000.0,14650000.0,86400.0,17.0,34.5,48.70000076293945,321.8999938964844,83170.0,0.0,1.0,1.0,0.0010000000474974513,725.0,0.0,0.5,0.0,0.0,57.31999969482422,837142.875,9359.77734375,117376.1015625,2623.89794921875,83026.390625,725.0,1.0204100362898316e-05,740000000.0,1,0,1,0,1,0,1,0,0,0,0,8.799991607666016,27.0,1249.7762451171875,0.0,0.0,0.0,0.0,0.5017736554145813,0.00039270694833248854,0.0,0.009613278321921825,36.38111877441406,1.0,25080.140625,2541.49365234375,1.247820819116896e-05,2666676480.0,4243249408.0,2860822016.0,4217902336.0,-81.03716278076172,27.70361328125,-150710912.0,25347328.0,5.355745315551758,1543.236572265625,86.39290618896484,1515.532958984375,106381.3984375,3533.91845703125,144417.15625,152800.703125,123080.140625,14.999990463256836,36.38111877441406,36.38111877441406,1.0,1.247820819116896e-05,2541.49365234375,628981104640.0,0.19743983447551727,137600.0,137600.0,105258816.0,80.99825286865234,5698.01953125,1.0,0.0,1700.0,250000.0,10000.0,1038.0,0.004999999888241291,400.0,5000.0,0,0,0,0,2963335.25,64.65631103515625,64.65631103515625,1228679.125,2783122.0,1.0,1.0,1229908.875,228.5673828125,6300278.5,1.0,0.994736909866333,1.0,1.0,1033.9388427734375,277.85546875,189.3627166748047,127.66803741455078,6196780.0,808135.375,189.3627166748047,1.0,1.0,1.0,136.09078979492188,1564.912109375,792.3007202148438,0.0,0.0,0.0,7680000.0,520.2730712890625,520.3681640625,522.7980346679688,0.0,2783122.0,0.0,129.3126220703125,0.0,0.0,278.71539306640625,1.0,0.0,-7.5742998123168945,0.0,5.605193857299268e-45,9.999999974752427e-07,0.0,2.0,0.0003000000142492354,0.004999999888241291,0.0010000000474974513,2.0000000233721948e-07,2.0000000233721948e-07,0.0005555999814532697,993000000.0,1.0,0.05000000074505806,0.10000000149011612,0.0005000000237487257,0.0016700000269338489,0.009999999776482582,1.0,1.0,0.0010000000474974513,4.999999873689376e-05,0.00039999998989515007,0.019999999552965164,0.9891999959945679,0.9891999959945679,0.9950000047683716,0.9950000047683716,1,0,0,0,0,1,0,0,1,0,1,0,0,0,0.9912388920783997,984300224.0,63045.55859375,4833496.0,1160.903076171875,2545636.0,1437.2244873046875,1.0,2329182.5,0.9663817286491394,1.0,60.0,180.0,1800.0,1800.0,1.0047005414962769,0.019808992743492126,1.0,1.0,-0.012236599810421467,0.0,0.0,0.0,0.0,-5.7220458984375e-05,6.602997746085748e-05,0.0,0.0,6.602997746085748e-05,0.0,6.602997746085748e-05,6.602997746085748e-05,0.0,7.006492321624085e-44,1,1,0,1,1,1,0,1,1,0,1,0,1,1,1,1,1,1,1,1,0,1000,1000,0,1,5001,5001,220.0,3473.716796875,120.0,120.0,60.0,0.0,0.4000000059604645,0.10000000149011612,0.10000000149011612,2.0,500.0,200.0,0.9900000095367432,300000.0,5000.0,45000.0,20000.0,0.019999999552965164,2.0,0.05000000074505806,0.019999999552965164,6.0,0.05000000074505806,0.019999999552965164,0.019999999552965164,88.30000305175781,0.10000000149011612,0.800000011920929,0.05000000074505806,0.009999999776482582,50.0,50.0,340.0,340.0,1000000.0,1,1,1,1,1,1,1,1,1,1,0,0,0,1,1,0,1.0,0.0,0.0,0.0,0.004706906620413065,0.0,0.0,0.0,0.9181357026100159,0.9181357026100159,0.9181357026100159,5000.40283203125,3900294.75,3905295.25,50.0,27.61766815185547,0.4000000059604645,0.0,0.0,0.10000000149011612,0.1640697568655014,1.0,45000.0,20.0,29.288909912109375,778863.75,33.39925765991211,4589.09033203125,721.2213134765625,0.7788637280464172,0.9181934595108032,9.475177764892578,1.0,3221560.5,3304317.0,9.718579292297363,20.0,0.27303361892700195,27.303361892700195,0.0,636.4223022460938,411.3478088378906,100000.0,50000.0,1115.300048828125,50000.0,700.0,2000.0,2800000.0,3500000.0,4000000.0,9.999999747378752e-05,4.999999873689376e-05,500.0,20000.0,100.0,500.0,60000.0,1200.0,1.0,120.0,150000.0,3000.0,300.0,1.0,300.0,0.019999999552965164,0.019999999552965164,0.009999999776482582,0.009999999776482582,0.009999999776482582,0.019999999552965164,1.100000023841858,0.019999999552965164,4.0,0.019999999552965164,88.0,1613.0,0.009999999776482582,0.20000000298023224,3.0,5.0,600.0,0.0010000000474974513,88.0,88.0,2000.0,2340.0,-0.11599799990653992,-0.03561130166053772,-0.04758000001311302,-0.01752999983727932,0,0,0,0,0,1,0,523.0830688476562,523.0830688476562,2.10076904296875,2.10076904296875,0.01699998788535595,31.428394317626953,164.21730041503906,1604.370361328125,1050.518310546875,798.9764404296875,798.9764404296875,3.208740234375,3.208740234375,1604.890625,547.4776611328125,0.0,0.0,2667001.75,20.00048065185547,20.00048065185547,156.33316040039062,156.33316040039062,65722.5234375,65722.5234375,1.095375418663025,1.095375418663025,114.28369140625,114.28369140625,24.998836517333984,24.998836517333984,104597.640625,104597.640625,25.00874900817871,155.51588439941406,158.49700927734375,2643960.5,20.00048065185547,20.00048065185547,226.8382110595703,226.8382110595703,155.9521026611328,155.9521026611328,652519.25,652519.25,0.0,114.45050048828125,114.45050048828125,228.91799926757812,160202.28125,160202.28125,1.068015217781067,1.068015217781067,226.15957641601562,155.9521026611328,276.2898864746094,138.1449432373047,138.1449432373047,204.045654296875,204.045654296875,408.09130859375,0.0,0.0,0.0,138.12939453125,138.12939453125,204.045654296875,204.045654296875,0.026315800845623016,13.06257438659668,0.20000000298023224,0.8619408011436462,0.9120106101036072,0.8651415705680847,0.5129458904266357,0.42900609970092773,0.5158932209014893,0.9599996209144592,1.0,1.0,1.0,0.9999998211860657,0.9999998211860657,0.9999998211860657,190856.734375,193242.0625,0.0,0.0,0.0,0.0,0.0,0.0,0.0,296.3810119628906,297.7510070800781,0.0,190072.25,190072.25,0.0,0.0,0.0,0.0,0.8717793226242065,0.8717793226242065,0.8717793226242065,0.8509450554847717,1196056.125,0.9959999918937683,0.9959999918937683,0.9959999918937683,0.9959999918937683,5769907.5,2735186.0,7404776.5,8504994.0,2606300.0,4012611.5,0.0039002946577966213,0.007810590323060751,1050.36767578125,529.7595825195312,534.8907470703125,534.1427001953125,332.1156311035156,363.77325439453125,334.6106872558594,197.64395141601562,171.11749267578125,199.53201293945312,1604.3873291015625,1050.37939453125,350.31573486328125,350.31573486328125,350.31573486328125,525.0723876953125,525.0723876953125,525.0723876953125,2.9999308586120605,0.8565124869346619,0.8643242716789246,2.999934434890747,5.0,0.0040000081062316895,0.0040000081062316895,0.0040000081062316895,0.0040000081062316895,0.0,-0.4368000030517578,0.0,599986.1875,164.21730041503906,164.21730041503906,0.0,20.0,2782732.75,7.25,12.0,10.25,225.2469024658203,225.2469024658203,225.2469024658203,0.0,0.0,0.7926306128501892,0.9211652278900146,10000.0,10000.0,0.011826000176370144,1038.5,0.027953999117016792,0.0,0.0,1.0878000259399414,1.0809999704360962,9.000000136438757e-05,103.0,33.220001220703125,1.8179999589920044,0.029999999329447746,49.0,8.329999923706055,4.159999847412109,58.0,302.0,4.5,0.699999988079071,0.4000000059604645,7.5,1.3799999952316284,2.492000102996826,7000.0,48.88999938964844,1.2000000476837158,45.0,62000.0,4590000.0,4250000.0,15900000.0,15100000.0,0.05000000074505806,0.17000000178813934,0.009999999776482582,15220000.0,1.6699999570846558,312.7799987792969,1.1100000143051147,4232.0,0.25,689000.0,4030000.0,9.829999923706055,8.550000190734863,12200000.0,231.10000610351562,88.3239974975586,633.0,1.1430000066757202,0.6858000159263611,-10.0,-3.7799999713897705,0.7799999713897705,295.5,4030000.0,12400000.0,0.9200000166893005,5.0,0,0,0,228,160,0,0,0,0,0,0,0,0,1,0,0,0,1,1,1,0,1,0,0,1,0,0,1,1,1,0,0,0,0,0,0,0,0,0,0,0,0,0,0,0.9484553933143616,6351634.5,1.0877976417541504,0.9878603219985962,1.0232205390930176,308.4978332519531,33.819252014160156,-0.0037554879672825336,1,1,1,0,0,0,1,1,0,0,0,0,0,224,0.20000000298023224,0.20000000298023224,0.20000000298023224,0.0,2,0,0,0,0,0,0,0,0,0,0,0,0,0,0,0,0,0,0,0,0,0,0,0,0,0,0,0,0,0,0,0,0,0,0,0,0,0,0,0,0,0,0,0,0,0,0,0,0,0,0,1,0,0,0,0,0,0,0,0,0,0,0,0,0,0,0,0,0,0,0,0,0,0,0,0,0,0,0,0,0,0,0,0,0,0,0,0,0,0,0,0,0,0,0,0,0,0,0,0,0,0,0,0,0,0,0,0,0,0,0,0,0,0,0,0,0,0,0,0,0,0,0,0,0,0,0,0,0,0,0,0,0,0,0,0,0,0,0,0,0,0,0,1,0,0,0,0,0,0,0,0,0,0,0,-1,0,0,0,0,0,0,1,1,0,0,94.84554290771484,-3.3726401329040527,0.0,-0.5327000617980957,-1.6815581571897805e-44,309.16650390625,308.4978332519531,726.4820556640625,-0.00013220075925346464,99.29291534423828,2663.860107421875,1.0877976417541504,1.0232205390930176,-1.0,0.668670654296875,6.827850029367255e-06,0.009613278321921825,100.0,27.0,0.0,7.799991607666016,3.4050891399383545,1.0,1.0,36.38111877441406,0.25592026114463806,20.0,1.247820819116896e-05,0.0,74.08457946777344,1.7334372997283936,1.8179994821548462,0.00036938843550160527,0.6817498207092285,0.5431966185569763,28.890378952026367,8.919803619384766,19.743362426757812,15.871933937072754,0.5498543381690979,50.27875900268555,44.898040771484375,272.13995361328125,140.08212280273438,0.9677938222885132,325.2821960449219,40.007659912109375,0.29459047317504883,291.59283447265625,291.5858154296875,291.58551025390625,325.3737487792969,325.4753112792969,325.3738708496094,100.0,4.534780979156494,56.316680908203125,148.89480590820312,308.4832763671875,308.53057861328125,308.47967529296875,340.27880859375,51.781898498535156,35.988624572753906,148.89480590820312,0.0,0.9867404699325562,0.9899121522903442,0.9869579672813416,88.94647216796875,88.93611145019531,88.9150161743164,64.81522369384766,64.81282043457031,64.81271362304688,50.330955505371094,50.31393051147461,50.283348083496094,99.74495697021484,99.45096588134766,99.47906494140625,1922.9136962890625,1925.606689453125,1907.1343994140625,522.8421630859375,522.8703002929688,522.798095703125,29.0,0.0,48.0,0.5158932209014893,0.6921132802963257,0.42900609970092773,0.7296084761619568,0.5129458904266357,0.6895526647567749,41.0,78.36749267578125,64.2886734008789,226.15957641601562,97.9294204711914,9.999999974752427e-07,86.78581237792969,0.628148078918457,155.51588439941406,0.994736909866333,721.2213134765625,39.85002517700195,31.428394317626953,1.0,9.475177764892578,77.8863754272461,0.0,0.9718579053878784,20.0,0.0,60.0,120.0,22.0,120.0,3.473716974258423,0.0,0.0,984.3002319335938,18.08844757080078,89.19803619384766,2.0,200.0,0,0,228,228,228,228,205,228,228,228,160,0,99999,99999,13,402,1800,180,1800,998,20,984,94,23,0,0,0,806,1424,29,31,32,0,0,0,0,0,0,0,0,0,0,0,0,0,0,1,0,0,0,0,1,1,1,0,1,0,0,0,1,0,0,0,0,0,0,0,0,0,0,0,0,1,0,1,0,0,1,1,0,1,0,1,0,1,0,0,0,1,1,0,1,0,1,0,0,0,1,1,1,0,0,1,0,1,0,0,0,0,1,1,0,0,1,0,0,0,1,0,0,0,0,0,0,1,0,0,0,1,1,0,0,1,0,1,0,1,0,1,0,0,0,1,0,1,1,1,0,0,1,0,0,0,0,0,1,1,1,0,0,0,0,0,0,0,0,0,0,0,1,0,1,0,1,0,0,0,0,0,0,0,0,0,1,0,1,0,1,0,1,1,1,1,1,1,1,0,0,0,0,0,0,1,0,1,1,1,1,1,1,1,1,1,1,1,1,0,0,1,1,0,0,1,1,0,1,0,1,0,1,1,0,0,0,0,0,0,0,0,1,0,0,0,1,0,1,1,0,0,1,0,0,1,1,0,1,1,1,0,1,1,0,1,0,1,1,0,0,0,0,0,0,1,1,1,1,0,0,0,0,0,0,0,0,0,0,0,0,0,0,0,0,0,0,0,0,0,0,0,0,0,0,0,0,0,0,0,0,0,0,0,0,0,0,0,0,0,0,0,0,0,0,0,0,0,0,0,0,0,0,0,0,0,0,0,0,0,0,0,1,0,0,0,1,0,0,0,0,0,0,0,0,0,0,0,0,0,0,0,0,0,0,0,0,0,0,0,0,0,0,0,0,0,0,0,0,0,0,0,0,0,0,0,0,0,0,0,0,0,0,0,0,0,0,0,0,0,0,0,0,0,0,0,0,0,0,0,0,0,0,0,0,0,0,0,0,0,0,0,0,0,0,0,1,0,1,0,0,0,0,0,1,0,0,0,0,0,0,0,0,0,0,0,0,0,0,0,1,0,0,0,0,0,0,0,0,0,0,0,0,0,0,1,0,0,0,0,0,0,0,0,0,0,1,0,0,0,0,0,0,0,0,0,0,0,0,0,0,0,0,0,0,0,0,0,0,0,0,0,0,0,1,0,0,0,0,0,0,1,1,1,0,0,0,0,0,0,-1,0,0,0,0,0,0,0,0,-1,0,0,-1,0,0,0,0,0,0,0,0,0,0,0,0,0,0,0,0,0,0,1,0,0,0,0,0,0,0,0,0,0,0,0,0,0,0,0,1,1,0,-1,-1,-1,1,1,1,0,0,0,0,1,0,0,1,1,0,0,0,0,1,0,0,0,0,0,0,0,0,0,0,0,0,0,0,0,0,0,0,0,0,0,0,0,0,0,0,0,0,0,1,1,0,1,0,1,1,0,1,0,1,1,0,1,0,0,1,0,0,0,0,0,0,0,0,0,0,0,0,0,0,0,0,0,0,0,0,0,0,0,0,0,0
0,1,1,300,228,8,8,228,114,25,1,0,0.0020000000949949026,4000.0,1.0,0.04500000178813934,25.0,48.0,8.0,291.70001220703125,1.7000000476837158,-3.179999907843012e-07,0.007360000163316727,0.008080000057816505,8.0,0.33000001311302185,0.0333000011742115,1.0,9.999999747378752e-06,21.0,9.999999747378752e-06,2775000064.0,9.000000136438757e-05,4.999999980020986e-13,5.0,40.0,3.0,-3.3499999046325684,3.3499999046325684,0.5,0.0004799999878741801,292.3927001953125,492.6077880859375,-0.0036125299520790577,0.002354159951210022,0.0008944629807956517,0.013157900422811508,0.800646185874939,0.02024419978260994,2650129920.0,0.006539999973028898,228,228,228,228,228,228,228,228,228,228,228,228,228,228,228,228,228,228,228,228,228,228,228,228,206,206,206,206,228,228,228,228,228,228,228,228,228,228,228,228,228,228,228,228,228,228,228,228,228,228,228,228,0,1,4,4,228,228,228,206,228,228,228,228,3,0,0.0004018159525003284,292.1337890625,656.5943603515625,740.5702514648438,828.954833984375,914.1903686523438,1044.9842529296875,1077.9891357421875,1088.93115234375,1073.460205078125,1035.63818359375,978.8339233398438,900.8539428710938,816.1600341796875,732.0004272460938,655.6235961914062,581.8795166015625,522.3233642578125,477.5466003417969,447.1028137207031,428.425048828125,420.3953857421875,420.355224609375,424.9985656738281,431.01934814453125,435.1116943359375,0.0003117225132882595,0.7274794578552246,0.771979033946991,-0.00013446906814351678,0.7554595470428467,0.9886680245399475,112453.234375,3.504615597194061e-05,0.32400059700012207,0.7408007383346558,0.9462810754776001,0.947006344795227,0.022336015477776527,1.0,-1.6815581571897805e-44,-3.3736469745635986,0.0,99.29283142089844,2663.8681640625,0.9435622692108154,725.3018798828125,228.0,72.0,7.012650489807129,0.4000000059604645,0.0,309.16339111328125,280617.90625,-0.5321363806724548,6.434229850769043,130.28829956054688,1.2435511350631714,7750000.0,8160000.0,86.12000274658203,119.0999984741211,0.5,9.999999747378752e-05,0.0,3.299999952316284,200.0,0.30000001192092896,309.20001220703125,2.439019908706541e-06,0,0,0,1,1,1,0,24,0,308.44775390625,0.0,0.0,0.0,0.0,0.0,0.0,0.5125768780708313,0.8727712631225586,0.5186081528663635,-0.0030156373977661133,-0.0007433729479089379,-0.0006176640745252371,0.5030156373977661,0.5034282803535461,0.5035755038261414,1.0,25.0,24.0,6349365.0,6349384.0,6349610.0,291.552001953125,291.5523681640625,291.55914306640625,325.3046569824219,325.4136657714844,325.3046569824219,4400000.0,308.4283447265625,308.4830322265625,308.431884765625,33.752655029296875,33.861297607421875,33.745513916015625,325.2067565917969,4573.7255859375,4573.490234375,4585.931640625,12.788310050964355,12.792508125305176,12.793778419494629,12.97015380859375,0.0,0.0,0.0020000000949949026,291.55450439453125,325.3409729003906,-34.105560302734375,1.6350017786026,1.6364580392837524,1.6369088888168335,-9.01425838470459,39.0,40.0,42.0,41.0,0.0,0.0,6348587.5,6297223.5,80.76509857177734,5.0,0.014999999664723873,-180000.0,600.0,1000000.0,400000.0,0.17000000178813934,22000.0,786000.0,120000.0,0.0,40.0,30.0,36.810001373291016,0.5,18.399999618530273,50000.0,115692.3984375,15.113750457763672,0,0,1,0,0,0,0,14566754.0,0.0,0.0,0.0,0.0,0.0,-826859.0,400000.0,1000000.0,1.0,1400000.0,0.0,0.5167878866195679,14573141.0,126869.6328125,14566754.0,340.2803955078125,40.007659912109375,5.164352893829346,-826859.0,0.0,0.0,0.0,3.591886281967163,40.007659912109375,0.0,22230.939453125,1.2010046243667603,0.0,0.0,0.0,20.0,14.711517333984375,22.0,0.0,0.0,0.0,0.05000000074505806,0.02500000037252903,0.17000000178813934,15400000.0,0.5,6.25,0.0006667000125162303,2.0,2410000.0,4140000.0,4.734799861907959,0.15000000596046448,0.20000000298023224,0.2199999988079071,1.0,0.0,-1.0,0.0,5.0,20.0,30.0,50.0,74.0,80.0,86.0,9.800000190734863,500000.0,1.0499999802959792e-07,0.5,750.0,1000.0,600.0,1000.0,1150.0,32.0,32.0,37.400001525878906,10.0,10.0,0.007000000216066837,0.5049999952316284,82.0,189.26499938964844,0.0,1.5099999904632568,231.60000610351562,20.0,36.0,16.600000381469727,16.5,225.0,-0.1756729930639267,27.5,-0.1756729930639267,30.485509872436523,0.1561516970396042,11.10221004486084,-1.8332500457763672,-75.0,4.3520002365112305,9.800000190734863,189.26499938964844,93.30000305175781,2650000.0,0.8500000238418579,7.570000171661377,0,1,0,0,0,0,0,0,0,0,0,1,3,3,0,0,1,1,0,0,0,0,0,0,0,0,0,0,1,0,0,0,0,0,0,0,0,0,0,1,0,0,0,0,0,0,0,0,0,0,12.059078216552734,29062.822265625,2153.699951171875,0.00041493590106256306,0.0004361289902590215,0.0006248649442568421,1.0,1.0,0.0,0.0,0.0,0.5510039925575256,0.5414239764213562,1.0,0.0,0.0,0.0,1.0,0.0,0.0,1.0,1.0,0.0,1.0,1.0,0.011041045188903809,0.0,1.0,0.0,0.641764223575592,0.6443145275115967,0.00041493590106256306,0.0,0.0,0.0,99998.78125,99999.0,2830180.25,2410000.0,36.20000076293945,36.20000076293945,36.20000076293945,32.35792541503906,271.7797546386719,139.80606079101562,50.190956115722656,26.204917907714844,38.33606719970703,27.0,28.700279235839844,27.0,0.0,32.0,20.0,68.57752227783203,3446668.0,0.543197751045227,3.7799999713897705,4.419872283935547,8.91980266571045,0.0,0.0,0.0,1.401298464324817e-45,5.4805145263671875,5.4805145263671875,0.5049998760223389,0.5049998760223389,0.5049998760223389,0.18937495350837708,0.18937495350837708,0.18937495350837708,0.0,0.0,0.0,0.0,0.0,0.0,5.294999599456787,0.0,0.0,0.0,0.0,0.0,0.0,100.0,74.08494567871094,0.5624067783355713,0.0,20.0,0.0,5.420003890991211,5.359402179718018,0.0,0.0,0.0,0.007000000216066837,0.0,0.0,9.71119499206543,0.0,1.73344087600708,1.401298464324817e-45,5.36674690246582,0.0,0.0,0.0,0.0,0.0,0.0,20.0,0.0,0.0,14263341.0,0.0,0.0,0.0,0.0,0.0,0.0,0.0,0.351500004529953,18.93000030517578,23.030000686645508,7.69199959904654e-06,0.08500000089406967,0.009999999776482582,24.0,27.0,8.800000190734863,500000.0,0.05000000074505806,2.7000000013543968e-09,2.7000000013543968e-09,145100.0,120000.0,14650000.0,86400.0,17.0,34.5,48.70000076293945,321.8999938964844,83170.0,0.0,1.0,1.0,0.0010000000474974513,725.0,0.0,0.5,0.0,0.0,57.31999969482422,837142.875,9359.77734375,117376.1015625,2623.89794921875,83026.390625,725.0,1.0204100362898316e-05,740000000.0,1,0,1,0,1,0,1,0,0,0,0,8.799991607666016,27.0,1298.3380126953125,0.0,0.0,0.0,0.0,0.5212864875793457,0.0003939609450753778,0.0,0.00998681504279375,36.443904876708984,1.0,25096.046875,2633.3896484375,1.2963454537384678e-05,2661397248.0,4240294400.0,2858598912.0,4217244160.0,-80.83183288574219,26.9764404296875,-153554880.0,23050592.0,5.36674690246582,1542.263671875,86.19857788085938,1515.2872314453125,106381.3984375,3545.396728515625,144454.25,153064.40625,123096.046875,15.599989891052246,36.443904876708984,36.443904876708984,1.0,1.2963454537384678e-05,2633.3896484375,643995860992.0,0.19750037789344788,137600.0,137600.0,105010672.0,80.81201934814453,5713.81689453125,1.0,0.0,1700.0,250000.0,10000.0,1038.0,0.004999999888241291,400.0,5000.0,0,0,0,0,2963300.0,64.65130615234375,64.65130615234375,1228566.875,2783139.0,1.0,1.0,1229656.375,228.54302978515625,6298003.0,1.0,0.9946591854095459,1.0,1.0,1033.7939453125,277.8326721191406,189.35321044921875,127.60906219482422,6194562.5,808091.875,189.35321044921875,1.0,1.0,1.0,136.06143188476562,1564.6575927734375,792.1803588867188,0.0,0.0,0.0,7680000.0,520.1353149414062,520.3304443359375,522.65625,0.0,2783139.0,0.0,129.3026123046875,0.0,0.0,278.6911315917969,1.0,0.0,-7.5742998123168945,0.0,5.605193857299268e-45,9.999999974752427e-07,0.0,2.0,0.0003000000142492354,0.004999999888241291,0.0010000000474974513,2.0000000233721948e-07,2.0000000233721948e-07,0.0005555999814532697,993000000.0,1.0,0.05000000074505806,0.10000000149011612,0.0005000000237487257,0.0016700000269338489,0.009999999776482582,1.0,1.0,0.0010000000474974513,4.999999873689376e-05,0.00039999998989515007,0.019999999552965164,0.9891999959945679,0.9891999959945679,0.9950000047683716,0.9950000047683716,1,0,0,0,0,1,0,0,1,0,1,0,0,0,0.9910655617713928,984128128.0,63040.44140625,4832225.0,1160.80078125,2545645.0,1437.02880859375,1.0,2329192.0,0.9665798544883728,1.0,60.0,180.0,1800.0,1800.0,1.0047005414962769,0.019808992743492126,1.0,1.0,-0.012236599810421467,0.0,0.0,0.0,0.0,-5.6624412536621094e-05,6.602997746085748e-05,0.0,0.0,6.602997746085748e-05,0.0,6.602997746085748e-05,6.602997746085748e-05,0.0,7.006492321624085e-44,1,1,0,1,1,1,0,1,1,0,1,0,1,1,1,1,1,1,1,1,0,1000,1000,0,1,5001,5001,220.0,3473.19677734375,120.0,120.0,60.0,0.0,0.4000000059604645,0.10000000149011612,0.10000000149011612,2.0,500.0,200.0,0.9900000095367432,300000.0,5000.0,45000.0,20000.0,0.019999999552965164,2.0,0.05000000074505806,0.019999999552965164,6.0,0.05000000074505806,0.019999999552965164,0.019999999552965164,88.30000305175781,0.10000000149011612,0.800000011920929,0.05000000074505806,0.009999999776482582,50.0,50.0,340.0,340.0,1000000.0,1,1,1,1,1,1,1,1,1,1,0,0,0,1,1,0,1.0,0.0,0.0,0.0,0.0044280001893639565,0.0,0.0,0.0,0.9181362390518188,0.9181362390518188,0.9181362390518188,5000.40185546875,3900312.75,3905313.25,50.0,27.61762809753418,0.4000000059604645,0.0,0.0,0.10000000149011612,0.16401049494743347,1.0,45000.0,20.0,29.287273406982422,778866.9375,33.39698791503906,4589.0869140625,721.2213745117188,0.7788669466972351,0.918192982673645,9.475138664245605,1.0,3221547.0,3304317.0,9.718579292297363,20.0,0.2730801999568939,27.308019638061523,0.0,636.4223022460938,411.3141784667969,100000.0,50000.0,1115.300048828125,50000.0,700.0,2000.0,2800000.0,3500000.0,4000000.0,9.999999747378752e-05,4.999999873689376e-05,500.0,20000.0,100.0,500.0,60000.0,1200.0,1.0,120.0,150000.0,3000.0,300.0,1.0,300.0,0.019999999552965164,0.019999999552965164,0.009999999776482582,0.009999999776482582,0.009999999776482582,0.019999999552965164,1.100000023841858,0.019999999552965164,4.0,0.019999999552965164,88.0,1613.0,0.009999999776482582,0.20000000298023224,3.0,5.0,600.0,0.0010000000474974513,88.0,88.0,2000.0,2340.0,-0.11599799990653992,-0.03561130166053772,-0.04758000001311302,-0.01752999983727932,0,0,0,0,0,1,0,523.0420532226562,523.0420532226562,2.1005859375,2.1005859375,0.016996411606669426,31.428382873535156,164.2172088623047,1604.0020751953125,1050.4697265625,798.7930297851562,798.7930297851562,3.2080078125,3.2080078125,1604.6815185546875,547.27099609375,0.0,0.0,2666970.0,20.00048065185547,20.00048065185547,156.3294219970703,156.3294219970703,65722.4296875,65722.4296875,1.0953738689422607,1.0953738689422607,114.27151489257812,114.27151489257812,24.99881935119629,24.99881935119629,104597.5703125,104597.5703125,25.008731842041016,155.51316833496094,158.49456787109375,2643976.5,20.00048065185547,20.00048065185547,226.82266235351562,226.82266235351562,155.95068359375,155.95068359375,652513.3125,652513.3125,0.0,114.44863891601562,114.44863891601562,228.91427612304688,160201.53125,160201.53125,1.0680102109909058,1.0680102109909058,226.1456756591797,155.95068359375,276.19769287109375,138.09884643554688,138.09884643554688,204.0306396484375,204.0306396484375,408.061279296875,0.0,0.0,0.0,138.08384704589844,138.08384704589844,204.0306396484375,204.0306396484375,0.026315800845623016,13.062329292297363,0.20000000298023224,0.8612778186798096,0.9110055565834045,0.8642134666442871,0.5125768780708313,0.42842283844947815,0.5153557658195496,0.9599996209144592,1.0,1.0,1.0,0.9999998211860657,0.9999998211860657,0.9999998211860657,190856.375,193242.0625,0.0,0.0,0.0,0.0,0.0,0.0,0.0,296.3810119628906,297.7510070800781,0.0,190118.375,190118.375,0.0,0.0,0.0,0.0,0.8715996146202087,0.8715996146202087,0.8715996146202087,0.8507474064826965,1195848.75,0.9959999918937683,0.9959999918937683,0.9959999918937683,0.9959999918937683,5767814.5,2735497.75,7403934.0,8503206.0,2606300.0,4012147.0,0.0039003125857561827,0.007810626178979874,1050.2852783203125,529.6754760742188,534.3812866210938,533.728515625,332.0567626953125,363.4567565917969,334.3473815917969,197.61871337890625,170.92453002929688,199.38113403320312,1604.01904296875,1050.2969970703125,350.3118896484375,350.3118896484375,350.3118896484375,524.888427734375,524.888427734375,524.888427734375,2.9999215602874756,0.8559087514877319,0.8642809391021729,2.999924659729004,5.0,0.0040000081062316895,0.0040000081062316895,0.0040000081062316895,0.0040000081062316895,0.0,-0.4368000030517578,0.0,599984.3125,164.2172088623047,164.2172088623047,0.0,20.0,2782750.5,7.25,12.0,10.25,225.2396697998047,225.2396697998047,225.2396697998047,0.0,0.0,0.7926306128501892,0.9211652278900146,10000.0,10000.0,0.011826000176370144,1038.5,0.027953999117016792,0.0,0.0,1.0878000259399414,1.0809999704360962,9.000000136438757e-05,103.0,33.220001220703125,1.8179999589920044,0.029999999329447746,49.0,8.329999923706055,4.159999847412109,58.0,302.0,4.5,0.699999988079071,0.4000000059604645,7.5,1.3799999952316284,2.492000102996826,7000.0,48.88999938964844,1.2000000476837158,45.0,62000.0,4590000.0,4250000.0,15900000.0,15100000.0,0.05000000074505806,0.17000000178813934,0.009999999776482582,15220000.0,1.6699999570846558,312.7799987792969,1.1100000143051147,4232.0,0.25,689000.0,4030000.0,9.829999923706055,8.550000190734863,12200000.0,231.10000610351562,88.3239974975586,633.0,1.1430000066757202,0.6858000159263611,-10.0,-3.7799999713897705,0.7799999713897705,295.5,4030000.0,12400000.0,0.9200000166893005,5.0,0,0,0,228,160,0,0,0,0,0,0,0,0,1,0,0,0,1,1,1,0,1,0,0,1,0,0,1,1,1,0,0,0,0,0,0,0,0,0,0,0,0,0,0,0.9462810754776001,6349365.0,1.0877983570098877,0.9871463179588318,1.0224285125732422,308.46063232421875,33.79480743408203,-0.0036916276440024376,1,1,1,0,0,0,1,1,0,0,0,0,0,227,0.20000000298023224,0.20000000298023224,0.20000000298023224,0.0,2,0,0,0,0,0,0,0,0,0,0,0,0,0,0,0,0,0,0,0,0,0,0,0,0,0,0,0,0,0,0,0,0,0,0,0,0,0,0,0,0,0,0,0,0,0,0,0,0,0,0,1,0,0,0,0,0,0,0,0,0,0,0,0,0,0,0,0,0,0,0,0,0,0,0,0,0,0,0,0,0,0,0,0,0,0,0,0,0,0,0,0,0,0,0,0,0,0,0,0,0,0,0,0,0,0,0,0,0,0,0,0,0,0,0,0,0,0,0,0,0,0,0,0,0,0,0,0,0,0,0,0,0,0,0,0,0,0,0,0,0,0,0,1,0,0,0,0,0,0,0,0,0,0,0,-1,0,0,0,0,0,0,1,1,0,0,94.62810516357422,-3.3736469745635986,0.0,-0.5321363806724548,-1.6815581571897805e-44,309.16339111328125,308.46063232421875,725.3018798828125,-0.00013446906814351678,99.29283142089844,2663.8681640625,1.0877983570098877,1.0224285125732422,-1.0,0.7027587890625,6.827850029367255e-06,0.00998681504279375,100.0,27.0,0.0,7.799991607666016,3.4205150604248047,1.0,1.0,36.443904876708984,0.25608259439468384,20.0,1.2963454537384678e-05,0.0,74.08494567871094,1.73344087600708,1.8179994821548462,0.00036938843550160527,0.6817498207092285,0.543197751045227,28.879444122314453,8.91980266571045,19.7298526763916,15.911540031433105,0.5510039925575256,50.190956115722656,44.898040771484375,271.7797546386719,139.80606079101562,0.9676136374473572,325.22601318359375,40.007659912109375,0.29459047317504883,291.56768798828125,291.5609130859375,291.56060791015625,325.32232666015625,325.4298095703125,325.322509765625,100.0,4.561889171600342,56.24067687988281,148.70579528808594,308.44500732421875,308.495361328125,308.4415588378906,340.2799072265625,51.67878723144531,35.93663787841797,148.70579528808594,0.0,0.9859730005264282,0.9893104434013367,0.9861851334571838,88.96259307861328,88.95335388183594,88.9261703491211,64.79206085205078,64.78974914550781,64.78955841064453,50.35755157470703,50.34282684326172,50.30156326293945,99.7093734741211,99.43355560302734,99.44402313232422,1921.422607421875,1923.7725830078125,1906.8316650390625,522.7046508789062,522.8216552734375,522.6620483398438,29.0,0.0,48.0,0.5153557658195496,0.6913707852363586,0.42842283844947815,0.7288044691085815,0.5125768780708313,0.6890222430229187,41.0,78.36749267578125,64.26545715332031,226.1456756591797,97.91349029541016,9.999999974752427e-07,86.76757049560547,0.6282768845558167,155.51316833496094,0.9946591854095459,721.2213745117188,39.8502082824707,31.428382873535156,1.0,9.475138664245605,77.8866958618164,0.0,0.9718579053878784,20.0,0.0,60.0,120.0,22.0,120.0,3.4731969833374023,0.0,0.0,984.1281127929688,18.088483810424805,89.19802856445312,2.0,200.0,0,0,228,228,228,228,206,228,228,228,160,0,99999,99999,12,402,1800,180,1800,998,20,984,94,23,0,0,0,806,1424,29,31,32,0,0,0,0,0,0,0,0,0,0,0,0,0,0,1,0,0,0,0,1,1,1,0,1,0,0,0,1,0,0,0,0,0,0,0,0,0,0,0,0,1,0,1,0,0,1,1,0,1,0,1,0,1,0,0,0,1,1,0,1,0,1,0,0,0,1,1,0,0,0,1,0,1,0,0,0,0,0,1,0,0,1,0,0,0,1,0,0,0,0,0,0,1,0,0,0,1,1,0,0,1,0,1,0,1,0,1,0,0,0,1,0,1,1,1,0,0,1,0,0,0,0,0,1,1,1,0,0,0,0,0,0,0,0,0,0,0,1,0,1,0,1,0,0,0,0,0,0,0,0,0,1,0,1,0,1,0,1,1,1,1,1,1,1,0,0,0,0,0,0,1,0,1,1,1,1,1,1,1,1,1,1,1,0,0,0,1,1,0,0,1,1,0,1,0,1,0,1,1,0,0,0,0,0,0,0,0,1,0,0,0,1,0,1,1,0,0,1,0,0,1,1,0,1,1,1,0,1,1,0,1,0,1,1,0,0,0,0,0,0,1,1,1,1,0,0,0,0,0,0,0,0,0,0,0,0,0,0,0,0,0,0,0,0,0,0,0,0,0,0,0,0,0,0,0,0,0,0,0,0,0,0,0,0,0,0,0,0,0,0,0,0,0,0,0,0,0,0,0,0,0,0,0,0,0,0,0,0,0,0,0,0,0,0,0,0,0,0,0,0,0,0,0,0,0,0,0,0,0,0,0,0,0,0,0,0,0,0,0,0,0,0,0,0,0,0,0,0,0,0,0,0,0,0,0,0,0,0,0,0,0,0,0,0,0,0,0,0,0,0,0,0,0,0,0,0,0,0,0,0,0,0,0,0,0,0,0,0,0,0,0,1,0,1,0,0,0,0,0,1,0,0,0,0,0,0,0,0,0,0,0,0,0,0,0,1,0,0,0,0,0,0,0,0,0,0,0,0,0,0,1,0,0,0,0,0,0,0,0,0,0,1,0,0,0,0,0,0,0,0,0,0,0,0,0,0,0,0,0,0,0,0,0,0,0,0,0,0,0,1,0,0,0,0,0,0,1,1,1,0,0,0,0,0,0,-1,0,0,0,0,0,0,0,0,-1,0,0,-1,0,0,0,0,0,0,0,0,0,0,0,0,0,0,0,0,0,0,1,0,0,0,0,0,0,0,0,0,0,0,0,0,0,0,0,1,1,0,-1,-1,-1,1,1,1,0,0,0,0,1,0,0,1,1,0,0,0,0,1,0,0,0,0,0,0,0,0,0,0,0,0,0,0,0,0,0,0,0,0,0,0,0,0,0,0,0,0,0,1,1,0,1,0,1,1,0,1,0,1,1,0,1,0,0,1,0,0,0,0,0,0,0,0,0,0,0,0,0,0,0,0,0,0,0,0,0,0,0,0,0,0
0,1,1,300,228,8,8,228,114,25,1,0,0.0020000000949949026,4000.0,1.0,0.04500000178813934,25.0,48.0,8.0,291.70001220703125,1.7000000476837158,-3.179999907843012e-07,0.007360000163316727,0.008080000057816505,8.0,0.33000001311302185,0.0333000011742115,1.0,9.999999747378752e-06,21.0,9.999999747378752e-06,2775000064.0,9.000000136438757e-05,4.999999980020986e-13,5.0,40.0,3.0,-3.3499999046325684,3.3499999046325684,0.5,0.0004799999878741801,292.3927001953125,492.6077880859375,-0.0036125299520790577,0.002354159951210022,0.0008944629807956517,0.013157900422811508,0.800646185874939,0.02024419978260994,2650129920.0,0.006539999973028898,228,228,228,228,228,228,228,228,228,228,228,228,228,228,228,228,228,228,228,228,228,228,228,228,207,207,207,207,228,228,228,228,228,228,228,228,228,228,228,228,228,228,228,228,228,228,228,228,228,228,228,228,0,1,4,4,228,228,228,207,228,228,228,228,3,0,0.0004018159525003284,292.1101379394531,655.4766845703125,739.1754760742188,827.2666625976562,912.2203369140625,1042.5953369140625,1075.5115966796875,1086.452392578125,1071.072021484375,1033.4136962890625,976.8309936523438,899.1409912109375,814.748779296875,730.87890625,654.755859375,581.2363891601562,521.8534545898438,477.205078125,446.8536071777344,428.2442626953125,420.263671875,420.25811767578125,424.92755126953125,430.97198486328125,435.0914306640625,0.0005819518119096756,0.7256784439086914,0.771978497505188,-0.0001361250615445897,0.7554615139961243,0.9884040355682373,112191.4921875,3.494716656859964e-05,0.32376623153686523,0.7389203906059265,0.9441328644752502,0.9448300004005432,0.022339913994073868,1.0,-1.6815581571897805e-44,-3.3746461868286133,0.0,99.29273223876953,2663.87646484375,0.943564772605896,724.1102905273438,228.0,72.0,7.3672637939453125,0.0,0.0,309.1603088378906,280618.46875,-0.5315982699394226,6.433004379272461,130.28829956054688,1.2452372312545776,7750000.0,8160000.0,86.12000274658203,119.0999984741211,0.5,9.999999747378752e-05,0.0,3.299999952316284,200.0,0.30000001192092896,309.20001220703125,2.439019908706541e-06,0,0,0,1,1,1,0,24,0,308.4081726074219,0.0,0.0,0.0,0.0,0.0,0.0,0.5122025012969971,0.8727355003356934,0.5186030864715576,-0.0032002925872802734,-0.0007744446629658341,-0.0006535210413858294,0.5032002925872803,0.5037187933921814,0.5038394331932068,1.0,25.0,24.0,6346996.0,6347023.5,6347241.0,291.52569580078125,291.5267333984375,291.53271484375,325.24993896484375,325.36407470703125,325.249755859375,4400000.0,308.3878173828125,308.4454040527344,308.3912353515625,33.7242431640625,33.83734130859375,33.717041015625,325.14727783203125,4572.255859375,4572.73193359375,4584.443359375,12.789937019348145,12.794971466064453,12.79606819152832,12.92840576171875,0.0,0.0,0.0020000000949949026,291.52838134765625,325.2879333496094,-35.213836669921875,1.6356045007705688,1.6374012231826782,1.637764811515808,-9.077849388122559,39.0,40.0,42.0,41.0,0.0,0.0,6346183.0,6294813.0,80.57616424560547,5.0,0.014999999664723873,-180000.0,600.0,1000000.0,400000.0,0.17000000178813934,22000.0,786000.0,120000.0,0.0,40.0,30.0,36.810001373291016,0.5,18.399999618530273,50000.0,115692.3984375,15.113750457763672,0,0,1,0,0,0,0,14547011.0,0.0,0.0,0.0,0.0,0.0,-846313.0,400000.0,1000000.0,1.0,1400000.0,0.0,0.515717089176178,14553687.0,126869.6328125,14547011.0,340.28167724609375,40.007659912109375,5.153520107269287,-846313.0,0.0,0.0,0.0,3.5864245891571045,40.007659912109375,0.0,22230.939453125,1.2010046243667603,0.0,0.0,0.0,20.0,14.711517333984375,22.0,0.0,0.0,0.0,0.05000000074505806,0.02500000037252903,0.17000000178813934,15400000.0,0.5,6.25,0.0006667000125162303,2.0,2410000.0,4140000.0,4.734799861907959,0.15000000596046448,0.20000000298023224,0.2199999988079071,1.0,0.0,-1.0,0.0,5.0,20.0,30.0,50.0,74.0,80.0,86.0,9.800000190734863,500000.0,1.0499999802959792e-07,0.5,750.0,1000.0,600.0,1000.0,1150.0,32.0,32.0,37.400001525878906,10.0,10.0,0.007000000216066837,0.5049999952316284,82.0,189.26499938964844,0.0,1.5099999904632568,231.60000610351562,20.0,36.0,16.600000381469727,16.5,225.0,-0.1756729930639267,27.5,-0.1756729930639267,30.485509872436523,0.1561516970396042,11.10221004486084,-1.8332500457763672,-75.0,4.3520002365112305,9.800000190734863,189.26499938964844,93.30000305175781,2650000.0,0.8500000238418579,7.570000171661377,0,1,0,0,0,0,0,0,0,0,0,1,3,3,0,0,1,1,0,0,0,0,0,0,0,0,0,0,1,0,0,0,0,0,0,0,0,0,0,1,0,0,0,0,0,0,0,0,0,0,12.05904769897461,29062.853515625,2153.699951171875,0.00041493441676720977,0.0004361289902590215,0.0006248649442568421,1.0,1.0,0.0,0.0,0.0,0.5521602630615234,0.5425231456756592,1.0,0.0,0.0,0.0,1.0,0.0,0.0,1.0,1.0,0.0,1.0,1.0,0.011067628860473633,0.0,1.0,0.0,0.6415122151374817,0.6441203355789185,0.00041493441676720977,0.0,0.0,0.0,99998.78125,99999.0,2829068.75,2410000.0,36.20000076293945,36.20000076293945,36.20000076293945,32.361759185791016,271.4148254394531,139.52511596679688,50.10041427612305,26.209075927734375,38.30376434326172,27.0,28.69138526916504,27.0,0.0,32.0,20.0,68.57752227783203,3446668.0,0.543197751045227,3.7799999713897705,4.430957317352295,8.91980266571045,0.0,0.0,0.0,1.401298464324817e-45,5.476532936096191,5.476532936096191,0.5049998760223389,0.5049998760223389,0.5049998760223389,0.18937495350837708,0.18937495350837708,0.18937495350837708,0.0,0.0,0.0,0.0,0.0,0.0,5.294999599456787,0.0,0.0,0.0,0.0,0.0,0.0,100.0,74.08523559570312,0.5616081953048706,0.0,20.0,0.0,5.415920734405518,5.370432376861572,0.0,0.0,0.0,0.007000000216066837,0.0,0.0,9.72225284576416,0.0,1.7334438562393188,1.401298464324817e-45,5.377831935882568,0.0,0.0,0.0,0.0,0.0,0.0,20.0,0.0,0.0,14243695.0,0.0,0.0,0.0,0.0,0.0,0.0,0.0,0.351500004529953,18.93000030517578,23.030000686645508,7.69199959904654e-06,0.08500000089406967,0.009999999776482582,24.0,27.0,8.800000190734863,500000.0,0.05000000074505806,2.7000000013543968e-09,2.7000000013543968e-09,145100.0,120000.0,14650000.0,86400.0,17.0,34.5,48.70000076293945,321.8999938964844,83170.0,0.0,1.0,1.0,0.0010000000474974513,725.0,0.0,0.5,0.0,0.0,57.31999969482422,837142.875,9359.77734375,117376.1015625,2623.89794921875,83026.390625,725.0,1.0204100362898316e-05,740000000.0,1,0,1,0,1,0,1,0,0,0,0,8.799991607666016,27.0,1346.78759765625,0.0,0.0,0.0,0.0,0.5407542586326599,0.00039503772859461606,0.0,0.010359489358961582,36.50624465942383,1.0,25111.8828125,2724.94189453125,1.3447580386127811e-05,2656299264.0,4237333760.0,2856254464.0,4216559360.0,-80.62525939941406,26.3800048828125,-156245520.0,20774880.0,5.377831935882568,1541.4114990234375,86.00308990478516,1515.031494140625,106381.3984375,3556.82470703125,144491.265625,153326.234375,123111.8828125,16.199989318847656,36.50624465942383,36.50624465942383,1.0,1.3447580386127811e-05,2724.94189453125,658438553600.0,0.19756075739860535,137600.0,137600.0,104760376.0,80.62461853027344,5729.55712890625,1.0,0.0,1700.0,250000.0,10000.0,1038.0,0.004999999888241291,400.0,5000.0,0,0,0,0,2963261.25,64.64615631103516,64.64615631103516,1228449.375,2783157.25,1.0,1.0,1229405.5,228.5185546875,6295625.5,1.0,0.9945791959762573,1.0,1.0,1033.6602783203125,277.8087158203125,189.34376525878906,127.5494613647461,6192243.0,808048.75,189.34376525878906,1.0,1.0,1.0,136.0330047607422,1564.3927001953125,792.0714111328125,0.0,0.0,0.0,7680000.0,519.9901123046875,520.2813110351562,522.5097045898438,0.0,2783157.25,0.0,129.2923126220703,0.0,0.0,278.6658020019531,1.0,0.0,-7.5742998123168945,0.0,5.605193857299268e-45,9.999999974752427e-07,0.0,2.0,0.0003000000142492354,0.004999999888241291,0.0010000000474974513,2.0000000233721948e-07,2.0000000233721948e-07,0.0005555999814532697,993000000.0,1.0,0.05000000074505806,0.10000000149011612,0.0005000000237487257,0.0016700000269338489,0.009999999776482582,1.0,1.0,0.0010000000474974513,4.999999873689376e-05,0.00039999998989515007,0.019999999552965164,0.9891999959945679,0.9891999959945679,0.9950000047683716,0.9950000047683716,1,0,0,0,0,1,0,0,1,0,1,0,0,0,0.9908937811851501,983957504.0,63034.6640625,4831013.5,1160.6851806640625,2545653.75,1436.8232421875,1.0,2329202.5,0.9667779803276062,1.0,60.0,180.0,1800.0,1800.0,1.0047005414962769,0.019808992743492126,1.0,1.0,-0.012236599810421467,0.0,0.0,0.0,0.0,-5.555152893066406e-05,6.602997746085748e-05,0.0,0.0,6.602997746085748e-05,0.0,6.602997746085748e-05,6.602997746085748e-05,0.0,7.006492321624085e-44,1,1,0,1,1,1,0,1,1,0,1,0,1,1,1,1,1,1,1,1,0,1000,1000,0,1,5001,5001,220.0,3472.681396484375,120.0,120.0,60.0,0.0,0.4000000059604645,0.10000000149011612,0.10000000149011612,2.0,500.0,200.0,0.9900000095367432,300000.0,5000.0,45000.0,20000.0,0.019999999552965164,2.0,0.05000000074505806,0.019999999552965164,6.0,0.05000000074505806,0.019999999552965164,0.019999999552965164,88.30000305175781,0.10000000149011612,0.800000011920929,0.05000000074505806,0.009999999776482582,50.0,50.0,340.0,340.0,1000000.0,1,1,1,1,1,1,1,1,1,1,0,0,0,1,1,0,1.0,0.0,0.0,0.0,0.00416521867737174,0.0,0.0,0.0,0.9181367754936218,0.9181367754936218,0.9181367754936218,5000.40185546875,3900335.75,3905336.25,50.0,27.61758804321289,0.4000000059604645,0.0,0.0,0.10000000149011612,0.16394858062267303,1.0,45000.0,20.0,29.285818099975586,778870.125,33.394962310791016,4589.08544921875,721.2213745117188,0.7788701057434082,0.918192446231842,9.475098609924316,1.0,3221533.5,3304317.0,9.718579292297363,20.0,0.2731267809867859,27.31267738342285,0.0,636.4223022460938,411.29791259765625,100000.0,50000.0,1115.300048828125,50000.0,700.0,2000.0,2800000.0,3500000.0,4000000.0,9.999999747378752e-05,4.999999873689376e-05,500.0,20000.0,100.0,500.0,60000.0,1200.0,1.0,120.0,150000.0,3000.0,300.0,1.0,300.0,0.019999999552965164,0.019999999552965164,0.009999999776482582,0.009999999776482582,0.009999999776482582,0.019999999552965164,1.100000023841858,0.019999999552965164,4.0,0.019999999552965164,88.0,1613.0,0.009999999776482582,0.20000000298023224,3.0,5.0,600.0,0.0010000000474974513,88.0,88.0,2000.0,2340.0,-0.11599799990653992,-0.03561130166053772,-0.04758000001311302,-0.01752999983727932,0,0,0,0,0,1,0,522.9955444335938,522.9955444335938,2.10040283203125,2.10040283203125,0.0169928427785635,31.42837142944336,164.2171173095703,1603.60107421875,1050.410888671875,798.5933227539062,798.5933227539062,3.20721435546875,3.20721435546875,1604.4229736328125,547.04931640625,0.0,0.0,2666935.0,20.00048065185547,20.00048065185547,156.32562255859375,156.32562255859375,65722.3125,65722.3125,1.0953718423843384,1.0953718423843384,114.25927734375,114.25927734375,24.998802185058594,24.998802185058594,104597.5,104597.5,25.008710861206055,155.5103302001953,158.49197387695312,2643993.5,20.00048065185547,20.00048065185547,226.80735778808594,226.80735778808594,155.9491424560547,155.9491424560547,652506.875,652506.875,0.0,114.44621276855469,114.44621276855469,228.909423828125,160200.75,160200.75,1.0680049657821655,1.0680049657821655,226.13162231445312,155.9491424560547,276.10870361328125,138.05435180664062,138.05435180664062,204.014892578125,204.014892578125,408.02978515625,0.0,0.0,0.0,138.0398406982422,138.0398406982422,204.014892578125,204.014892578125,0.026315800845623016,13.062070846557617,0.20000000298023224,0.8606030941009521,0.9099941253662109,0.8632884621620178,0.5122025012969971,0.42783600091934204,0.5148218870162964,0.9599996209144592,1.0,1.0,1.0,0.9999998211860657,0.9999998211860657,0.9999998211860657,190855.953125,193242.0625,0.0,0.0,0.0,0.0,0.0,0.0,0.0,296.3810119628906,297.7510070800781,0.0,190161.75,190161.75,0.0,0.0,0.0,0.0,0.8714156150817871,0.8714156150817871,0.8714156150817871,0.8505993485450745,1195639.875,0.9959999918937683,0.9959999918937683,0.9959999918937683,0.9959999918937683,5765707.0,2735825.25,7403089.0,8501422.0,2606300.0,4011679.25,0.0039003356359899044,0.007810672279447317,1050.19189453125,529.6248779296875,533.9113159179688,533.3660888671875,332.0184631347656,363.1673278808594,334.11602783203125,197.60641479492188,170.74398803710938,199.25006103515625,1603.6180419921875,1050.20361328125,350.306396484375,350.306396484375,350.306396484375,524.6900024414062,524.6900024414062,524.6900024414062,2.9999122619628906,0.8552932143211365,0.8642320036888123,2.999915361404419,5.0,0.0040000081062316895,0.0040000081062316895,0.0040000081062316895,0.0040000081062316895,0.0,-0.4368000030517578,0.0,599982.4375,164.2171173095703,164.2171173095703,0.0,20.0,2782769.0,7.25,12.0,10.25,225.2320556640625,225.2320556640625,225.2320556640625,0.0,0.0,0.7926306128501892,0.9211652278900146,10000.0,10000.0,0.011826000176370144,1038.5,0.027953999117016792,0.0,0.0,1.0878000259399414,1.0809999704360962,9.000000136438757e-05,103.0,33.220001220703125,1.8179999589920044,0.029999999329447746,49.0,8.329999923706055,4.159999847412109,58.0,302.0,4.5,0.699999988079071,0.4000000059604645,7.5,1.3799999952316284,2.492000102996826,7000.0,48.88999938964844,1.2000000476837158,45.0,62000.0,4590000.0,4250000.0,15900000.0,15100000.0,0.05000000074505806,0.17000000178813934,0.009999999776482582,15220000.0,1.6699999570846558,312.7799987792969,1.1100000143051147,4232.0,0.25,689000.0,4030000.0,9.829999923706055,8.550000190734863,12200000.0,231.10000610351562,88.3239974975586,633.0,1.1430000066757202,0.6858000159263611,-10.0,-3.7799999713897705,0.7799999713897705,295.5,4030000.0,12400000.0,0.9200000166893005,5.0,0,0,0,228,160,0,0,0,0,0,0,0,0,1,0,0,0,1,1,1,0,1,0,0,1,0,0,1,1,1,0,0,0,0,0,0,0,0,0,0,0,0,0,0,0.9441328644752502,6346996.0,1.0877987146377563,0.9863761067390442,1.0215972661972046,308.4215393066406,33.76844024658203,-0.003631999483332038,1,1,1,0,0,0,1,1,0,0,0,0,0,230,0.20000000298023224,0.20000000298023224,0.20000000298023224,0.0,2,0,0,0,0,0,0,0,0,0,0,0,0,0,0,0,0,0,0,0,0,0,0,0,0,0,0,0,0,0,0,0,0,0,0,0,0,0,0,0,0,0,0,0,0,0,0,0,0,0,0,1,0,0,0,0,0,0,0,0,0,0,0,0,0,0,0,0,0,0,0,0,0,0,0,0,0,0,0,0,0,0,0,0,0,0,0,0,0,0,0,0,0,0,0,0,0,0,0,0,0,0,0,0,0,0,0,0,0,0,0,0,0,0,0,0,0,0,0,0,0,0,0,0,0,0,0,0,0,0,0,0,0,0,0,0,0,0,0,0,0,0,0,1,0,0,0,0,0,0,0,0,0,0,0,-1,0,0,0,0,0,0,1,1,0,0,94.41328430175781,-3.3746461868286133,0.0,-0.5315982699394226,-1.6815581571897805e-44,309.1603088378906,308.4215393066406,724.1102905273438,-0.0001361250615445897,99.29273223876953,2663.87646484375,1.0877987146377563,1.0215972661972046,-1.0,0.73876953125,6.827850029367255e-06,0.010359489358961582,100.0,27.0,0.0,7.799991607666016,3.4353573322296143,1.0,1.0,36.50624465942383,0.2562441825866699,20.0,1.3447580386127811e-05,0.0,74.08523559570312,1.7334438562393188,1.8179994821548462,0.00036938843550160527,0.6817498207092285,0.543197751045227,28.868101119995117,8.91980266571045,19.715518951416016,15.951445579528809,0.5521602630615234,50.10041427612305,44.898040771484375,271.4148254394531,139.52511596679688,0.9674304723739624,325.16729736328125,40.007659912109375,0.29459047317504883,291.5416259765625,291.53533935546875,291.5345458984375,325.2684326171875,325.38092041015625,325.26849365234375,100.0,4.589110374450684,56.16082000732422,148.5072784423828,308.405029296875,308.4581298828125,308.4015197753906,340.2811279296875,51.57170867919922,35.882652282714844,148.5072784423828,0.0,0.9851599931716919,0.9886294007301331,0.9853686094284058,88.97856140136719,88.97055053710938,88.93744659423828,64.76788330078125,64.76566314697266,64.765380859375,50.383941650390625,50.37187957763672,50.320030212402344,99.67636108398438,99.41661071777344,99.41136169433594,1920.117919921875,1922.0806884765625,1906.6495361328125,522.567138671875,522.77978515625,522.5258178710938,29.0,0.0,48.0,0.5148218870162964,0.6906307935714722,0.42783600091934204,0.7279953360557556,0.5122025012969971,0.6884824633598328,41.0,78.36749267578125,64.24119567871094,226.13162231445312,97.89691925048828,9.999999974752427e-07,86.7493667602539,0.6284056901931763,155.5103302001953,0.9945791959762573,721.2213745117188,39.85044479370117,31.42837142944336,1.0,9.475098609924316,77.88700866699219,0.0,0.9718579053878784,20.0,0.0,60.0,120.0,22.0,120.0,3.4726815223693848,0.0,0.0,983.95751953125,18.088483810424805,89.19802856445312,2.0,200.0,0,0,228,228,228,228,207,228,228,228,160,0,99999,99999,12,402,1800,180,1800,998,20,983,94,23,0,0,0,806,1424,29,31,32,0,0,0,0,0,0,0,0,0,0,0,0,0,0,1,0,0,0,0,1,1,1,0,1,0,0,0,1,0,0,0,0,0,0,0,0,0,0,0,0,1,0,1,0,0,1,1,0,1,0,1,0,1,0,0,0,1,1,0,1,0,1,0,0,0,1,1,0,0,0,1,0,1,0,0,0,0,0,1,0,0,1,0,0,0,1,0,0,0,0,0,0,1,0,0,0,1,1,0,0,1,0,1,0,1,0,1,0,0,0,1,0,1,1,1,0,0,1,0,0,0,0,0,1,1,1,0,0,0,0,0,0,0,0,0,0,0,1,0,1,0,1,0,0,0,0,0,0,0,0,0,1,0,1,0,1,0,1,1,1,1,1,1,1,0,0,0,0,0,0,1,0,1,1,1,1,1,1,1,1,1,1,1,0,0,0,1,1,0,0,1,1,0,1,0,1,0,1,1,0,0,0,0,0,0,0,0,1,0,0,0,1,0,1,1,0,0,1,0,0,1,1,0,1,1,1,0,1,1,0,1,0,1,1,0,0,0,0,0,0,1,1,1,1,0,0,0,0,0,0,0,0,0,0,0,0,0,0,0,0,0,0,0,0,0,0,0,0,0,0,0,0,0,0,0,0,0,0,0,0,0,0,0,0,0,0,0,0,0,0,0,0,0,0,0,0,0,0,0,0,0,0,0,0,0,0,0,0,0,0,0,0,0,0,0,0,0,0,0,0,0,0,0,0,0,0,1,0,0,0,0,0,0,0,0,0,0,0,0,0,0,0,0,0,0,0,0,0,0,0,0,0,0,0,0,0,0,0,0,0,0,0,0,0,0,0,0,0,0,0,0,0,0,0,0,0,0,0,0,0,0,0,0,0,0,0,0,0,0,0,0,1,0,1,0,0,0,0,0,1,0,0,0,0,0,0,0,0,0,0,0,0,0,0,0,1,0,0,0,0,0,0,0,0,0,0,0,0,0,0,1,0,0,0,0,0,0,0,0,0,0,1,0,0,0,0,0,0,0,0,0,0,0,0,0,0,0,0,0,0,0,0,0,0,0,0,0,0,0,1,0,0,0,0,0,0,1,1,1,0,0,0,0,0,0,-1,0,0,0,0,0,0,0,0,-1,0,0,-1,0,0,0,0,0,0,0,0,0,0,0,0,0,0,0,0,0,0,1,0,0,0,0,0,0,0,0,0,0,0,0,0,0,0,0,1,1,0,-1,-1,-1,1,1,1,0,0,0,0,1,0,0,1,1,0,0,0,0,1,0,0,0,0,0,0,0,0,0,0,0,0,0,0,0,0,0,0,0,0,0,0,0,0,0,0,0,0,0,1,1,0,1,0,1,1,0,1,0,1,1,0,1,0,0,1,0,0,0,0,0,0,0,0,0,0,0,0,0,0,0,0,0,0,0,0,0,0,0,0,0,0
0,1,1,300,228,8,8,228,114,25,1,0,0.0020000000949949026,4000.0,1.0,0.04500000178813934,25.0,48.0,8.0,291.70001220703125,1.7000000476837158,-3.179999907843012e-07,0.007360000163316727,0.008080000057816505,8.0,0.33000001311302185,0.0333000011742115,1.0,9.999999747378752e-06,21.0,9.999999747378752e-06,2775000064.0,9.000000136438757e-05,4.999999980020986e-13,5.0,40.0,3.0,-3.3499999046325684,3.3499999046325684,0.5,0.0004799999878741801,292.3927001953125,492.6077880859375,-0.0036125299520790577,0.002354159951210022,0.0008944629807956517,0.013157900422811508,0.800646185874939,0.02024419978260994,2650129920.0,0.006539999973028898,228,228,228,228,228,228,228,228,228,228,228,228,228,228,228,228,228,228,228,228,228,228,228,228,207,207,207,207,228,228,228,228,228,228,228,228,228,228,228,228,228,228,228,228,228,228,228,228,228,228,228,228,0,1,4,4,228,228,228,207,228,228,228,228,3,0,0.0004018159525003284,292.08551025390625,654.3697509765625,737.7861938476562,825.5785522460938,910.245361328125,1040.1947021484375,1073.0225830078125,1083.96630859375,1068.681884765625,1031.192626953125,974.8356323242188,897.4378662109375,813.34814453125,729.767578125,653.897216796875,580.600341796875,521.3890380859375,476.86798095703125,446.608642578125,428.0684814453125,420.138671875,420.17010498046875,424.8684997558594,430.939453125,435.0887451171875,0.0008480795659124851,0.7239378690719604,0.771977961063385,-0.00013910557026974857,0.7554636001586914,0.9881293773651123,111941.6953125,3.485175329842605e-05,0.32352256774902344,0.7371036410331726,0.9420425891876221,0.94273841381073,0.02233848161995411,1.0,-1.6815581571897805e-44,-3.3756086826324463,0.0,99.29264831542969,2663.88525390625,0.9435673356056213,722.9296264648438,228.0,72.0,7.740782737731934,0.6000000238418579,0.0,309.15728759765625,280619.03125,-0.5314667820930481,6.431764602661133,130.28829956054688,1.2468225955963135,7750000.0,8160000.0,86.12000274658203,119.0999984741211,0.5,9.999999747378752e-05,0.0,3.299999952316284,200.0,0.30000001192092896,309.20001220703125,2.439019908706541e-06,0,0,0,1,1,1,0,24,0,308.3666687011719,0.0,0.0,0.0,0.0,0.0,0.0,0.511823832988739,0.8726978302001953,0.5185977816581726,-0.003386974334716797,-0.0008073580684140325,-0.0006922465981915593,0.5033869743347168,0.5040079355239868,0.5041013956069946,1.0,25.0,24.0,6344519.5,6344557.0,6344764.0,291.498046875,291.50030517578125,291.50506591796875,325.19268798828125,325.3115234375,325.19244384765625,4400000.0,308.3453674316406,308.4059143066406,308.3487548828125,33.69464111328125,33.81121826171875,33.6873779296875,325.0853271484375,4570.88330078125,4571.984375,4583.04931640625,12.791581153869629,12.797411918640137,12.798335075378418,12.8839111328125,0.0,0.0,0.0020000000949949026,291.5011291503906,325.2322082519531,-36.1693115234375,1.6362136602401733,1.638339638710022,1.6386140584945679,-9.146800994873047,39.0,40.0,42.0,41.0,0.0,0.0,6343666.0,6292288.0,80.38768005371094,5.0,0.014999999664723873,-180000.0,600.0,1000000.0,400000.0,0.17000000178813934,22000.0,786000.0,120000.0,0.0,40.0,30.0,36.810001373291016,0.5,18.399999618530273,50000.0,115692.3984375,15.113750457763672,0,0,1,0,0,0,0,14526464.0,0.0,0.0,0.0,0.0,0.0,-866605.0,400000.0,1000000.0,1.0,1400000.0,0.0,0.5146093368530273,14533395.0,126869.6328125,14526464.0,340.2828369140625,40.007659912109375,5.14232873916626,-866605.0,0.0,0.0,0.0,3.580782413482666,40.007659912109375,0.0,22230.939453125,1.2010046243667603,0.0,0.0,0.0,20.0,14.711517333984375,22.0,0.0,0.0,0.0,0.05000000074505806,0.02500000037252903,0.17000000178813934,15400000.0,0.5,6.25,0.0006667000125162303,2.0,2410000.0,4140000.0,4.734799861907959,0.15000000596046448,0.20000000298023224,0.2199999988079071,1.0,0.0,-1.0,0.0,5.0,20.0,30.0,50.0,74.0,80.0,86.0,9.800000190734863,500000.0,1.0499999802959792e-07,0.5,750.0,1000.0,600.0,1000.0,1150.0,32.0,32.0,37.400001525878906,10.0,10.0,0.007000000216066837,0.5049999952316284,82.0,189.26499938964844,0.0,1.5099999904632568,231.60000610351562,20.0,36.0,16.600000381469727,16.5,225.0,-0.1756729930639267,27.5,-0.1756729930639267,30.485509872436523,0.1561516970396042,11.10221004486084,-1.8332500457763672,-75.0,4.3520002365112305,9.800000190734863,189.26499938964844,93.30000305175781,2650000.0,0.8500000238418579,7.570000171661377,0,1,0,0,0,0,0,0,0,0,0,1,3,3,0,0,1,1,0,0,0,0,0,0,0,0,0,0,1,0,0,0,0,0,0,0,0,0,0,1,0,0,0,0,0,0,0,0,0,0,12.059014320373535,29062.875,2153.699951171875,0.0004149329324718565,0.0004361289902590215,0.0006248649442568421,1.0,1.0,0.0,0.0,0.0,0.55332350730896,0.5436289310455322,1.0,0.0,0.0,0.0,1.0,0.0,0.0,1.0,1.0,0.0,1.0,1.0,0.011086642742156982,0.0,1.0,0.0,0.6412514448165894,0.6439216732978821,0.0004149329324718565,0.0,0.0,0.0,99998.78125,99999.0,2827918.75,2410000.0,36.20000076293945,36.20000076293945,36.20000076293945,32.36555862426758,271.0448913574219,139.2388916015625,50.00709533691406,26.213354110717773,38.270721435546875,27.0,28.682220458984375,27.0,0.0,32.0,20.0,68.57752227783203,3446668.0,0.543197751045227,3.7799999713897705,4.442122459411621,8.91980266571045,0.0,0.0,0.0,1.401298464324817e-45,5.47233772277832,5.47233772277832,0.5049998760223389,0.5049998760223389,0.5049998760223389,0.18937495350837708,0.18937495350837708,0.18937495350837708,0.0,0.0,0.0,0.0,0.0,0.0,5.294999599456787,0.0,0.0,0.0,0.0,0.0,0.0,100.0,74.08544158935547,0.5607739686965942,0.0,20.0,0.0,5.411667823791504,5.381544589996338,0.0,0.0,0.0,0.007000000216066837,0.0,0.0,9.733391761779785,0.0,1.7334458827972412,1.401298464324817e-45,5.3889970779418945,0.0,0.0,0.0,0.0,0.0,0.0,20.0,0.0,0.0,14223316.0,0.0,0.0,0.0,0.0,0.0,0.0,0.0,0.351500004529953,18.93000030517578,23.030000686645508,7.69199959904654e-06,0.08500000089406967,0.009999999776482582,24.0,27.0,8.800000190734863,500000.0,0.05000000074505806,2.7000000013543968e-09,2.7000000013543968e-09,145100.0,120000.0,14650000.0,86400.0,17.0,34.5,48.70000076293945,321.8999938964844,83170.0,0.0,1.0,1.0,0.0010000000474974513,725.0,0.0,0.5,0.0,0.0,57.31999969482422,837142.875,9359.77734375,117376.1015625,2623.89794921875,83026.390625,725.0,1.0204100362898316e-05,740000000.0,1,0,1,0,1,0,1,0,0,0,0,8.799991607666016,27.0,1395.1246337890625,0.0,0.0,0.0,0.0,0.5601769089698792,0.0003959624737035483,0.0,0.010731298476457596,36.56814956665039,1.0,25127.6953125,2816.154052734375,1.3930581189924851e-05,2650693120.0,4234395136.0,2853808128.0,4215837440.0,-80.41844177246094,25.9263916015625,-158900496.0,18557760.0,5.3889970779418945,1540.6884765625,85.80744171142578,1514.7620849609375,106381.3984375,3568.204345703125,144528.21875,153586.234375,123127.6953125,16.799991607666016,36.56814956665039,36.56814956665039,1.0,1.3930581189924851e-05,2816.154052734375,672327532544.0,0.19762097299098969,137600.0,137600.0,104509248.0,80.43706512451172,5745.2412109375,1.0,0.0,1700.0,250000.0,10000.0,1038.0,0.004999999888241291,400.0,5000.0,0,0,0,0,2963220.5,64.64086151123047,64.64086151123047,1228326.625,2783175.25,1.0,1.0,1229155.625,228.4939727783203,6293143.0,1.0,0.9944969415664673,1.0,1.0,1033.5360107421875,277.78375244140625,189.33433532714844,127.48898315429688,6189818.0,808005.75,189.33433532714844,1.0,1.0,1.0,136.00509643554688,1564.113525390625,791.971923828125,0.0,0.0,0.0,7680000.0,519.8409423828125,520.23193359375,522.3690795898438,0.0,2783175.25,0.0,129.28172302246094,0.0,0.0,278.6392822265625,1.0,0.0,-7.5742998123168945,0.0,5.605193857299268e-45,9.999999974752427e-07,0.0,2.0,0.0003000000142492354,0.004999999888241291,0.0010000000474974513,2.0000000233721948e-07,2.0000000233721948e-07,0.0005555999814532697,993000000.0,1.0,0.05000000074505806,0.10000000149011612,0.0005000000237487257,0.0016700000269338489,0.009999999776482582,1.0,1.0,0.0010000000474974513,4.999999873689376e-05,0.00039999998989515007,0.019999999552965164,0.9891999959945679,0.9891999959945679,0.9950000047683716,0.9950000047683716,1,0,0,0,0,1,0,0,1,0,1,0,0,0,0.9907227158546448,983787648.0,63028.06640625,4829851.0,1160.55322265625,2545661.5,1436.604248046875,1.0,2329215.0,0.9669761061668396,1.0,60.0,180.0,1800.0,1800.0,1.0047005414962769,0.019808992743492126,1.0,1.0,-0.012236599810421467,0.0,0.0,0.0,0.0,-5.650520324707031e-05,6.602997746085748e-05,0.0,0.0,6.602997746085748e-05,0.0,6.602997746085748e-05,6.602997746085748e-05,0.0,7.006492321624085e-44,1,1,0,1,1,1,0,1,1,0,1,0,1,1,1,1,1,1,1,1,0,1000,1000,0,1,5001,5001,220.0,3472.168212890625,120.0,120.0,60.0,0.0,0.4000000059604645,0.10000000149011612,0.10000000149011612,2.0,500.0,200.0,0.9900000095367432,300000.0,5000.0,45000.0,20000.0,0.019999999552965164,2.0,0.05000000074505806,0.019999999552965164,6.0,0.05000000074505806,0.019999999552965164,0.019999999552965164,88.30000305175781,0.10000000149011612,0.800000011920929,0.05000000074505806,0.009999999776482582,50.0,50.0,340.0,340.0,1000000.0,1,1,1,1,1,1,1,1,1,1,0,0,0,1,1,0,1.0,0.0,0.0,0.0,0.003918093629181385,0.0,0.0,0.0,0.91813725233078,0.91813725233078,0.91813725233078,5000.40185546875,3900364.0,3905364.5,50.0,27.6175479888916,0.4000000059604645,0.0,0.0,0.10000000149011612,0.16388393938541412,1.0,45000.0,20.0,29.28451156616211,778873.3125,33.39314651489258,4589.08251953125,721.2213745117188,0.7788733243942261,0.9181919097900391,9.475058555603027,1.0,3221520.0,3304317.0,9.718579292297363,20.0,0.2731722295284271,27.317222595214844,0.0,636.4223022460938,411.2998046875,100000.0,50000.0,1115.300048828125,50000.0,700.0,2000.0,2800000.0,3500000.0,4000000.0,9.999999747378752e-05,4.999999873689376e-05,500.0,20000.0,100.0,500.0,60000.0,1200.0,1.0,120.0,150000.0,3000.0,300.0,1.0,300.0,0.019999999552965164,0.019999999552965164,0.009999999776482582,0.009999999776482582,0.009999999776482582,0.019999999552965164,1.100000023841858,0.019999999552965164,4.0,0.019999999552965164,88.0,1613.0,0.009999999776482582,0.20000000298023224,3.0,5.0,600.0,0.0010000000474974513,88.0,88.0,2000.0,2340.0,-0.11599799990653992,-0.03561130166053772,-0.04758000001311302,-0.01752999983727932,0,0,0,0,0,1,0,522.9436645507812,522.9436645507812,2.10015869140625,2.10015869140625,0.016989272087812424,31.428356170654297,164.21702575683594,1603.177001953125,1050.3416748046875,798.3821411132812,798.3821411132812,3.20635986328125,3.20635986328125,1604.121337890625,546.8135375976562,0.0,0.0,2666898.5,20.00048065185547,20.00048065185547,156.32180786132812,156.32180786132812,65722.1953125,65722.1953125,1.0953699350357056,1.0953699350357056,114.24698638916016,114.24698638916016,24.9987850189209,24.9987850189209,104597.4296875,104597.4296875,25.00869369506836,155.50738525390625,158.48928833007812,2644010.75,20.00048065185547,20.00048065185547,226.79234313964844,226.79234313964844,155.94749450683594,155.94749450683594,652500.0,652500.0,0.0,114.44392395019531,114.44392395019531,228.9048309326172,160199.953125,160199.953125,1.0679997205734253,1.0679997205734253,226.11744689941406,155.94749450683594,276.0225524902344,138.0112762451172,138.0112762451172,203.99916076660156,203.99916076660156,407.9983215332031,0.0,0.0,0.0,137.99720764160156,137.99720764160156,203.99916076660156,203.99916076660156,0.026315800845623016,13.061798095703125,0.20000000298023224,0.8599177002906799,0.9089847803115845,0.8623653054237366,0.511823832988739,0.4272514581680298,0.514291524887085,0.9599996209144592,1.0,1.0,1.0,0.9999998211860657,0.9999998211860657,0.9999998211860657,190855.578125,193242.0625,0.0,0.0,0.0,0.0,0.0,0.0,0.0,296.3810119628906,297.7510070800781,0.0,190202.5625,190202.5625,0.0,0.0,0.0,0.0,0.8712270855903625,0.8712270855903625,0.8712270855903625,0.8505020141601562,1195430.125,0.9959999918937683,0.9959999918937683,0.9959999918937683,0.9959999918937683,5763585.0,2736165.75,7402233.0,8499636.0,2606300.0,4011211.5,0.0039003638084977865,0.007810728624463081,1050.087646484375,529.6088256835938,533.4902954101562,533.0540771484375,332.0013427734375,362.9107971191406,333.9157409667969,197.60748291015625,170.57949829101562,199.13833618164062,1603.1939697265625,1050.099365234375,350.29931640625,350.29931640625,350.29931640625,524.4763793945312,524.4763793945312,524.4763793945312,2.999903678894043,0.8546642661094666,0.8641776442527771,2.999906539916992,5.0,0.0040000081062316895,0.0040000081062316895,0.0040000081062316895,0.0040000081062316895,0.0,-0.4368000030517578,0.0,599980.75,164.21702575683594,164.21702575683594,0.0,20.0,2782788.5,7.25,12.0,10.25,225.2240447998047,225.2240447998047,225.2240447998047,0.0,0.0,0.7926306128501892,0.9211652278900146,10000.0,10000.0,0.011826000176370144,1038.5,0.027953999117016792,0.0,0.0,1.0878000259399414,1.0809999704360962,9.000000136438757e-05,103.0,33.220001220703125,1.8179999589920044,0.029999999329447746,49.0,8.329999923706055,4.159999847412109,58.0,302.0,4.5,0.699999988079071,0.4000000059604645,7.5,1.3799999952316284,2.492000102996826,7000.0,48.88999938964844,1.2000000476837158,45.0,62000.0,4590000.0,4250000.0,15900000.0,15100000.0,0.05000000074505806,0.17000000178813934,0.009999999776482582,15220000.0,1.6699999570846558,312.7799987792969,1.1100000143051147,4232.0,0.25,689000.0,4030000.0,9.829999923706055,8.550000190734863,12200000.0,231.10000610351562,88.3239974975586,633.0,1.1430000066757202,0.6858000159263611,-10.0,-3.7799999713897705,0.7799999713897705,295.5,4030000.0,12400000.0,0.9200000166893005,5.0,0,0,0,228,160,0,0,0,0,0,0,0,0,1,0,0,0,1,1,1,0,1,0,0,1,0,0,1,1,1,0,0,0,0,0,0,0,0,0,0,0,0,0,0,0.9420425891876221,6344519.5,1.087799072265625,0.9855572581291199,1.0207315683364868,308.3807067871094,33.74040603637695,-0.0035595509689301252,1,1,1,0,0,0,1,1,0,0,0,0,0,233,0.20000000298023224,0.20000000298023224,0.20000000298023224,0.0,2,0,0,0,0,0,0,0,0,0,0,0,0,0,0,0,0,0,0,0,0,0,0,0,0,0,0,0,0,0,0,0,0,0,0,0,0,0,0,0,0,0,0,0,0,0,0,0,0,0,0,1,0,0,0,0,0,0,0,0,0,0,0,0,0,0,0,0,0,0,0,0,0,0,0,0,0,0,0,0,0,0,0,0,0,0,0,0,0,0,0,0,0,0,0,0,0,0,0,0,0,0,0,0,0,0,0,0,0,0,0,0,0,0,0,0,0,0,0,0,0,0,0,0,0,0,0,0,0,0,0,0,0,0,0,0,0,0,0,0,0,0,0,1,0,0,0,0,0,0,0,0,0,0,0,-1,0,0,0,0,0,0,1,1,0,0,94.20426177978516,-3.3756086826324463,0.0,-0.5314667820930481,-1.6815581571897805e-44,309.15728759765625,308.3807067871094,722.9296264648438,-0.00013910557026974857,99.29264831542969,2663.88525390625,1.087799072265625,1.0207315683364868,-1.0,0.776580810546875,6.827850029367255e-06,0.010731298476457596,100.0,27.0,0.0,7.799991607666016,3.4496564865112305,1.0,1.0,36.56814956665039,0.2564055323600769,20.0,1.3930581189924851e-05,0.0,74.08544158935547,1.7334458827972412,1.8179994821548462,0.00036938843550160527,0.6817498207092285,0.543197751045227,28.856367111206055,8.91980266571045,19.700414657592773,15.991640090942383,0.55332350730896,50.00709533691406,44.898040771484375,271.0448913574219,139.2388916015625,0.967244565486908,325.1063232421875,40.007659912109375,0.29459047317504883,291.51434326171875,291.5091552734375,291.5074462890625,325.2117919921875,325.32940673828125,325.21197509765625,100.0,4.6164631843566895,56.077396392822266,148.3002166748047,308.3630676269531,308.4192810058594,308.3597106933594,340.28240966796875,51.460933685302734,35.826805114746094,148.3002166748047,0.0,0.9843024611473083,0.9878895282745361,0.984509289264679,88.99437713623047,88.98756408691406,88.94882202148438,64.74260711669922,64.74049377441406,64.7401123046875,50.41014099121094,50.400794982910156,50.33869934082031,99.6455307006836,99.40042114257812,99.38093566894531,1918.99462890625,1920.5650634765625,1906.5916748046875,522.4110107421875,522.7279052734375,522.3717651367188,29.0,0.0,48.0,0.514291524887085,0.6898922324180603,0.4272514581680298,0.7271878123283386,0.511823832988739,0.687934160232544,41.0,78.36749267578125,64.21586608886719,226.11744689941406,97.87944793701172,9.999999974752427e-07,86.73114013671875,0.6285344362258911,155.50738525390625,0.9944969415664673,721.2213745117188,39.850730895996094,31.428356170654297,1.0,9.475058555603027,77.8873291015625,0.0,0.9718579053878784,20.0,0.0,60.0,120.0,22.0,120.0,3.472168445587158,0.0,0.0,983.7876586914062,18.088483810424805,89.19802856445312,2.0,200.0,0,0,228,228,228,228,207,228,228,228,160,0,99999,99999,12,402,1800,180,1800,998,20,983,94,23,0,0,0,806,1424,29,31,32,0,0,0,0,0,0,0,0,0,0,0,0,0,0,1,0,0,0,0,1,1,1,0,1,0,0,0,1,0,0,0,0,0,0,0,0,0,0,0,0,1,0,1,0,0,1,1,0,1,0,1,0,1,0,0,0,1,1,0,1,0,1,0,0,0,1,1,1,0,0,1,0,1,0,0,0,0,1,1,0,0,1,0,0,0,1,0,0,0,0,0,0,1,0,0,0,1,1,0,0,1,0,1,0,1,0,1,0,0,0,1,0,1,1,1,0,0,1,0,0,0,0,0,1,1,1,0,0,0,0,0,0,0,0,0,0,0,1,0,1,0,1,0,0,0,0,0,0,0,0,0,1,0,1,0,1,0,1,1,1,1,1,1,1,0,0,0,0,0,0,1,0,1,1,1,1,1,1,1,1,1,1,1,1,0,0,1,1,0,0,1,1,0,1,0,1,0,1,1,0,0,0,0,0,0,0,0,1,0,0,0,1,0,1,1,0,0,1,0,0,1,1,0,1,1,1,0,1,1,0,1,0,1,1,0,0,0,0,0,0,1,1,1,1,0,0,0,0,0,0,0,0,0,0,0,0,0,0,0,0,0,0,0,0,0,0,0,0,0,0,0,0,0,0,0,0,0,0,0,0,0,0,0,0,0,0,0,0,0,0,0,0,0,0,0,0,0,0,0,0,0,0,0,0,0,0,0,1,0,0,0,1,0,0,0,0,0,0,0,0,0,0,0,0,0,0,0,0,0,0,0,0,0,0,0,0,0,0,0,0,0,0,0,0,0,0,0,0,0,0,0,0,0,0,0,0,0,0,0,0,0,0,0,0,0,0,0,0,0,0,0,0,0,0,0,0,0,0,0,0,0,0,0,0,0,0,0,0,0,0,0,1,0,1,0,0,0,0,0,1,0,0,0,0,0,0,0,0,0,0,0,0,0,0,0,1,0,0,0,0,0,0,0,0,0,0,0,0,0,0,1,0,0,0,0,0,0,0,0,0,0,1,0,0,0,0,0,0,0,0,0,0,0,0,0,0,0,0,0,0,0,0,0,0,0,0,0,0,0,1,0,0,0,0,0,0,1,1,1,0,0,0,0,0,0,-1,0,0,0,0,0,0,0,0,-1,0,0,-1,0,0,0,0,0,0,0,0,0,0,0,0,0,0,0,0,0,0,1,0,0,0,0,0,0,0,0,0,0,0,0,0,0,0,0,1,1,0,-1,-1,-1,1,1,1,0,0,0,0,1,0,0,1,1,0,0,0,0,1,0,0,0,0,0,0,0,0,0,0,0,0,0,0,0,0,0,0,0,0,0,0,0,0,0,0,0,0,0,1,1,0,1,0,1,1,0,1,0,1,1,0,1,0,0,1,0,0,0,0,0,0,0,0,0,0,0,0,0,0,0,0,0,0,0,0,0,0,0,0,0,0
0,1,1,300,228,8,8,228,114,25,1,0,0.0020000000949949026,4000.0,1.0,0.04500000178813934,25.0,48.0,8.0,291.70001220703125,1.7000000476837158,-3.179999907843012e-07,0.007360000163316727,0.008080000057816505,8.0,0.33000001311302185,0.0333000011742115,1.0,9.999999747378752e-06,21.0,9.999999747378752e-06,2775000064.0,9.000000136438757e-05,4.999999980020986e-13,5.0,40.0,3.0,-3.3499999046325684,3.3499999046325684,0.5,0.0004799999878741801,292.3927001953125,492.6077880859375,-0.0036125299520790577,0.002354159951210022,0.0008944629807956517,0.013157900422811508,0.800646185874939,0.02024419978260994,2650129920.0,0.006539999973028898,228,228,228,228,228,228,228,228,228,228,228,228,228,228,228,228,228,228,228,228,228,228,228,228,208,208,208,208,228,228,228,228,228,228,228,228,228,228,228,228,228,228,228,228,228,228,228,228,228,228,228,228,0,1,4,4,228,228,228,208,228,228,228,228,3,0,0.00040181679651141167,292.068603515625,653.642333984375,736.86865234375,824.4597778320312,908.9332275390625,1038.5963134765625,1071.365478515625,1082.3126220703125,1067.0941162109375,1029.7196044921875,973.51416015625,896.3115234375,812.4227294921875,729.0337524414062,653.33056640625,580.1807250976562,521.08251953125,476.64544677734375,446.4472351074219,427.95330810546875,420.0579833984375,420.1150817871094,424.83392333984375,430.9238586425781,435.09423828125,0.0010227630846202374,0.7228460311889648,0.7719775438308716,-0.00013887161912862211,0.755465030670166,0.9879406094551086,111777.765625,3.479006409179419e-05,0.32335522770881653,0.7359644174575806,0.9406856298446655,0.9413490891456604,0.022344015538692474,1.0,-1.6815581571897805e-44,-3.376249313354492,0.0,99.29255676269531,2663.890869140625,0.9435691237449646,722.137939453125,228.0,72.0,8.000594139099121,0.0,0.0,309.15521240234375,280619.40625,-0.5309958457946777,6.430924415588379,130.28829956054688,1.2477481365203857,7750000.0,8160000.0,86.12000274658203,119.0999984741211,0.5,9.999999747378752e-05,0.0,3.299999952316284,200.0,0.30000001192092896,309.20001220703125,2.439019908706541e-06,0,0,0,1,1,1,0,24,0,308.3381042480469,0.0,0.0,0.0,0.0,0.0,0.0,0.5115687251091003,0.8726716041564941,0.5185940861701965,-0.0035126805305480957,-0.0008303344366140664,-0.0007196470396593213,0.5035126805305481,0.504199206829071,0.5042749047279358,1.0,25.0,24.0,6342804.5,6342848.5,6343051.5,291.47906494140625,291.482177734375,291.486083984375,325.1532287597656,325.2750549316406,325.1529846191406,4400000.0,308.316162109375,308.37860107421875,308.31951904296875,33.674163818359375,33.792877197265625,33.666900634765625,325.0429992675781,4570.03857421875,4571.50146484375,4582.185546875,12.792685508728027,12.799015045166016,12.799836158752441,12.852813720703125,0.0,0.0,0.0020000000949949026,291.4824523925781,325.1937561035156,-36.766998291015625,1.6366230249404907,1.6389580965042114,1.6391767263412476,-9.197815895080566,39.0,40.0,42.0,41.0,0.0,0.0,6341925.5,6290541.0,80.26246643066406,5.0,0.014999999664723873,-180000.0,600.0,1000000.0,400000.0,0.17000000178813934,22000.0,786000.0,120000.0,0.0,40.0,30.0,36.810001373291016,0.5,18.399999618530273,50000.0,115692.3984375,15.113750457763672,0,0,1,0,0,0,0,14512376.0,0.0,0.0,0.0,0.0,0.0,-880545.0,400000.0,1000000.0,1.0,1400000.0,0.0,0.5138528943061829,14519455.0,126869.6328125,14512376.0,340.28363037109375,40.007659912109375,5.134693145751953,-880545.0,0.0,0.0,0.0,3.576932907104492,40.007659912109375,0.0,22230.939453125,1.2010046243667603,0.0,0.0,0.0,20.0,14.711517333984375,22.0,0.0,0.0,0.0,0.05000000074505806,0.02500000037252903,0.17000000178813934,15400000.0,0.5,6.25,0.0006667000125162303,2.0,2410000.0,4140000.0,4.734799861907959,0.15000000596046448,0.20000000298023224,0.2199999988079071,1.0,0.0,-1.0,0.0,5.0,20.0,30.0,50.0,74.0,80.0,86.0,9.800000190734863,500000.0,1.0499999802959792e-07,0.5,750.0,1000.0,600.0,1000.0,1150.0,32.0,32.0,37.400001525878906,10.0,10.0,0.007000000216066837,0.5049999952316284,82.0,189.26499938964844,0.0,1.5099999904632568,231.60000610351562,20.0,36.0,16.600000381469727,16.5,225.0,-0.1756729930639267,27.5,-0.1756729930639267,30.485509872436523,0.1561516970396042,11.10221004486084,-1.8332500457763672,-75.0,4.3520002365112305,9.800000190734863,189.26499938964844,93.30000305175781,2650000.0,0.8500000238418579,7.570000171661377,0,1,0,0,0,0,0,0,0,0,0,1,3,3,0,0,1,1,0,0,0,0,0,0,0,0,0,0,1,0,0,0,0,0,0,0,0,0,0,1,0,0,0,0,0,0,0,0,0,0,12.058989524841309,29062.884765625,2153.699951171875,0.00041493194294162095,0.0004361289902590215,0.0006248649442568421,1.0,1.0,0.0,0.0,0.0,0.5541020035743713,0.5443696975708008,1.0,0.0,0.0,0.0,1.0,0.0,0.0,1.0,1.0,0.0,1.0,1.0,0.01109611988067627,0.0,1.0,0.0,0.6410728096961975,0.6437865495681763,0.00041493194294162095,0.0,0.0,0.0,99998.78125,99999.0,2827131.0,2410000.0,36.20000076293945,36.20000076293945,36.20000076293945,32.368080139160156,270.7954406738281,139.04507446289062,49.94333267211914,26.216285705566406,38.24829864501953,27.0,28.67595672607422,27.0,0.0,32.0,20.0,68.57752227783203,3446668.0,0.543197751045227,3.7799999713897705,4.4496073722839355,8.91980266571045,0.0,0.0,0.0,1.401298464324817e-45,5.469432353973389,5.469432353973389,0.5049998760223389,0.5049998760223389,0.5049998760223389,0.18937495350837708,0.18937495350837708,0.18937495350837708,0.0,0.0,0.0,0.0,0.0,0.0,5.294999599456787,0.0,0.0,0.0,0.0,0.0,0.0,100.0,74.08553314208984,0.5601972937583923,0.0,20.0,0.0,5.408742904663086,5.388996601104736,0.0,0.0,0.0,0.007000000216066837,0.0,0.0,9.740859985351562,0.0,1.7334468364715576,1.401298464324817e-45,5.396481990814209,0.0,0.0,0.0,0.0,0.0,0.0,20.0,0.0,0.0,14209329.0,0.0,0.0,0.0,0.0,0.0,0.0,0.0,0.351500004529953,18.93000030517578,23.030000686645508,7.69199959904654e-06,0.08500000089406967,0.009999999776482582,24.0,27.0,8.800000190734863,500000.0,0.05000000074505806,2.7000000013543968e-09,2.7000000013543968e-09,145100.0,120000.0,14650000.0,86400.0,17.0,34.5,48.70000076293945,321.8999938964844,83170.0,0.0,1.0,1.0,0.0010000000474974513,725.0,0.0,0.5,0.0,0.0,57.31999969482422,837142.875,9359.77734375,117376.1015625,2623.89794921875,83026.390625,725.0,1.0204100362898316e-05,740000000.0,1,0,1,0,1,0,1,0,0,0,0,8.799991607666016,27.0,1427.2869873046875,0.0,0.0,0.0,0.0,0.5731002688407898,0.0003965052601415664,0.0,0.010978691279888153,36.60917282104492,1.0,25138.1875,2876.775390625,1.4251959328248631e-05,2647825664.0,4232442880.0,2852114176.0,4215331328.0,-80.28054809570312,25.7060546875,-160583648.0,17111456.0,5.396481990814209,1540.2791748046875,85.67703247070312,1514.5731201171875,106381.3984375,3575.76171875,144552.828125,153758.53125,123138.1875,17.199993133544922,36.60917282104492,36.60917282104492,1.0,1.4251959328248631e-05,2876.775390625,681288269824.0,0.19766107201576233,137600.0,137600.0,104341504.0,80.31207275390625,5755.66552734375,1.0,0.0,1700.0,250000.0,10000.0,1038.0,0.004999999888241291,400.0,5000.0,0,0,0,0,2963194.5,64.63724517822266,64.63724517822266,1228241.375,2783189.0,1.0,1.0,1228989.375,228.4775390625,6291424.5,1.0,0.9944407939910889,1.0,1.0,1033.45751953125,277.7664489746094,189.32806396484375,127.4479751586914,6188137.5,807977.0625,189.32806396484375,1.0,1.0,1.0,135.98658752441406,1563.917724609375,791.9100341796875,0.0,0.0,0.0,7680000.0,519.7412719726562,520.190185546875,522.2662963867188,0.0,2783189.0,0.0,129.2744903564453,0.0,0.0,278.62091064453125,1.0,0.0,-7.5742998123168945,0.0,5.605193857299268e-45,9.999999974752427e-07,0.0,2.0,0.0003000000142492354,0.004999999888241291,0.0010000000474974513,2.0000000233721948e-07,2.0000000233721948e-07,0.0005555999814532697,993000000.0,1.0,0.05000000074505806,0.10000000149011612,0.0005000000237487257,0.0016700000269338489,0.009999999776482582,1.0,1.0,0.0010000000474974513,4.999999873689376e-05,0.00039999998989515007,0.019999999552965164,0.9891999959945679,0.9891999959945679,0.9950000047683716,0.9950000047683716,1,0,0,0,0,1,0,0,1,0,1,0,0,0,0.9906096458435059,983675392.0,63023.14453125,4829098.0,1160.454833984375,2545667.25,1436.44921875,1.0,2329224.5,0.9671081900596619,1.0,60.0,180.0,1800.0,1800.0,1.0047005414962769,0.019808992743492126,1.0,1.0,-0.012236599810421467,0.0,0.0,0.0,0.0,-5.4001808166503906e-05,6.602997746085748e-05,0.0,0.0,6.602997746085748e-05,0.0,6.602997746085748e-05,6.602997746085748e-05,0.0,7.006492321624085e-44,1,1,0,1,1,1,0,1,1,0,1,0,1,1,1,1,1,1,1,1,0,1000,1000,0,1,5001,5001,220.0,3471.828857421875,120.0,120.0,60.0,0.0,0.4000000059604645,0.10000000149011612,0.10000000149011612,2.0,500.0,200.0,0.9900000095367432,300000.0,5000.0,45000.0,20000.0,0.019999999552965164,2.0,0.05000000074505806,0.019999999552965164,6.0,0.05000000074505806,0.019999999552965164,0.019999999552965164,88.30000305175781,0.10000000149011612,0.800000011920929,0.05000000074505806,0.009999999776482582,50.0,50.0,340.0,340.0,1000000.0,1,1,1,1,1,1,1,1,1,1,0,0,0,1,1,0,1.0,0.0,0.0,0.0,0.003761437488719821,0.0,0.0,0.0,0.9181374907493591,0.9181374907493591,0.9181374907493591,5000.40283203125,3900385.75,3905386.25,50.0,27.617521286010742,0.4000000059604645,0.0,0.0,0.10000000149011612,0.1638391762971878,1.0,45000.0,20.0,29.283716201782227,778875.4375,33.39203643798828,4589.07958984375,721.2213134765625,0.7788754105567932,0.9181915521621704,9.475031852722168,1.0,3221511.0,3304317.0,9.718579292297363,20.0,0.27320218086242676,27.32021713256836,0.0,636.4223022460938,411.3497009277344,100000.0,50000.0,1115.300048828125,50000.0,700.0,2000.0,2800000.0,3500000.0,4000000.0,9.999999747378752e-05,4.999999873689376e-05,500.0,20000.0,100.0,500.0,60000.0,1200.0,1.0,120.0,150000.0,3000.0,300.0,1.0,300.0,0.019999999552965164,0.019999999552965164,0.009999999776482582,0.009999999776482582,0.009999999776482582,0.019999999552965164,1.100000023841858,0.019999999552965164,4.0,0.019999999552965164,88.0,1613.0,0.009999999776482582,0.20000000298023224,3.0,5.0,600.0,0.0010000000474974513,88.0,88.0,2000.0,2340.0,-0.11599799990653992,-0.03561130166053772,-0.04758000001311302,-0.01752999983727932,0,0,0,0,0,1,0,522.9061279296875,522.9061279296875,2.10003662109375,2.10003662109375,0.01698688603937626,31.4283447265625,164.2169647216797,1602.8861083984375,1050.2896728515625,798.2373046875,798.2373046875,3.20574951171875,3.20574951171875,1603.8997802734375,546.6491088867188,0.0,0.0,2666875.0,20.00048065185547,20.00048065185547,156.31924438476562,156.31924438476562,65722.1171875,65722.1171875,1.0953686237335205,1.0953686237335205,114.23876953125,114.23876953125,24.9987735748291,24.9987735748291,104597.375,104597.375,25.008682250976562,155.50535583496094,158.48745727539062,2644023.0,20.00048065185547,20.00048065185547,226.782470703125,226.782470703125,155.94631958007812,155.94631958007812,652495.0625,652495.0625,0.0,114.44235229492188,114.44235229492188,228.9016876220703,160199.421875,160199.421875,1.0679961442947388,1.0679961442947388,226.1079559326172,155.94631958007812,275.966552734375,137.9832763671875,137.9832763671875,203.98843383789062,203.98843383789062,407.97686767578125,0.0,0.0,0.0,137.969482421875,137.969482421875,203.98843383789062,203.98843383789062,0.026315800845623016,13.061609268188477,0.20000000298023224,0.8594542145729065,0.9083150029182434,0.8617509007453918,0.5115687251091003,0.42686450481414795,0.5139400362968445,0.9599996209144592,1.0,1.0,1.0,0.9999998211860657,0.9999998211860657,0.9999998211860657,190855.328125,193242.0625,0.0,0.0,0.0,0.0,0.0,0.0,0.0,296.3810119628906,297.7510070800781,0.0,190228.421875,190228.421875,0.0,0.0,0.0,0.0,0.8710987567901611,0.8710987567901611,0.8710987567901611,0.8504658341407776,1195289.875,0.9959999918937683,0.9959999918937683,0.9959999918937683,0.9959999918937683,5762161.0,2736398.75,7401652.5,8498443.0,2606300.0,4010901.5,0.00390038569457829,0.007810772396624088,1050.0123291015625,529.6167602539062,533.2398681640625,532.8726806640625,332.00128173828125,362.760009765625,333.7984619140625,197.615478515625,170.4798583984375,199.07421875,1602.903076171875,1050.0240478515625,350.2935791015625,350.2935791015625,350.2935791015625,524.3253784179688,524.3253784179688,524.3253784179688,2.9998981952667236,0.8542366027832031,0.8641386032104492,2.999901056289673,5.0,0.0040000081062316895,0.0040000081062316895,0.0040000081062316895,0.0040000081062316895,0.0,-0.4368000030517578,0.0,599979.625,164.2169647216797,164.2169647216797,0.0,20.0,2782801.5,7.25,12.0,10.25,225.218505859375,225.218505859375,225.218505859375,0.0,0.0,0.7926306128501892,0.9211652278900146,10000.0,10000.0,0.011826000176370144,1038.5,0.027953999117016792,0.0,0.0,1.0878000259399414,1.0809999704360962,9.000000136438757e-05,103.0,33.220001220703125,1.8179999589920044,0.029999999329447746,49.0,8.329999923706055,4.159999847412109,58.0,302.0,4.5,0.699999988079071,0.4000000059604645,7.5,1.3799999952316284,2.492000102996826,7000.0,48.88999938964844,1.2000000476837158,45.0,62000.0,4590000.0,4250000.0,15900000.0,15100000.0,0.05000000074505806,0.17000000178813934,0.009999999776482582,15220000.0,1.6699999570846558,312.7799987792969,1.1100000143051147,4232.0,0.25,689000.0,4030000.0,9.829999923706055,8.550000190734863,12200000.0,231.10000610351562,88.3239974975586,633.0,1.1430000066757202,0.6858000159263611,-10.0,-3.7799999713897705,0.7799999713897705,295.5,4030000.0,12400000.0,0.9200000166893005,5.0,0,0,0,228,160,0,0,0,0,0,0,0,0,1,0,0,0,1,1,1,0,1,0,0,1,0,0,1,1,1,0,0,0,0,0,0,0,0,0,0,0,0,0,0,0.9406856298446655,6342804.5,1.087799310684204,0.9849870800971985,1.020141363143921,308.35247802734375,33.72088623046875,-0.0034963719081133604,1,1,1,0,0,0,1,1,0,0,0,0,0,235,0.20000000298023224,0.20000000298023224,0.20000000298023224,0.0,2,0,0,0,0,0,0,0,0,0,0,0,0,0,0,0,0,0,0,0,0,0,0,0,0,0,0,0,0,0,0,0,0,0,0,0,0,0,0,0,0,0,0,0,0,0,0,0,0,0,0,1,0,0,0,0,0,0,0,0,0,0,0,0,0,0,0,0,0,0,0,0,0,0,0,0,0,0,0,0,0,0,0,0,0,0,0,0,0,0,0,0,0,0,0,0,0,0,0,0,0,0,0,0,0,0,0,0,0,0,0,0,0,0,0,0,0,0,0,0,0,0,0,0,0,0,0,0,0,0,0,0,0,0,0,0,0,0,0,0,0,0,0,1,0,0,0,0,0,0,0,0,0,0,0,-1,0,0,0,0,0,0,1,1,0,0,94.06856536865234,-3.376249313354492,0.0,-0.5309958457946777,-1.6815581571897805e-44,309.15521240234375,308.35247802734375,722.137939453125,-0.00013887161912862211,99.29255676269531,2663.890869140625,1.087799310684204,1.020141363143921,-1.0,0.802734375,6.827850029367255e-06,0.010978691279888153,100.0,27.0,0.0,7.799991607666016,3.4589059352874756,1.0,1.0,36.60917282104492,0.2565125823020935,20.0,1.4251959328248631e-05,0.0,74.08553314208984,1.7334468364715576,1.8179994821548462,0.00036938843550160527,0.6817498207092285,0.543197751045227,28.84832763671875,8.91980266571045,19.689956665039062,16.018585205078125,0.5541020035743713,49.94333267211914,44.898040771484375,270.7954406738281,139.04507446289062,0.9671204090118408,325.0644836425781,40.007659912109375,0.29459047317504883,291.49560546875,291.49127197265625,291.48870849609375,325.1728820800781,325.2933654785156,325.1730041503906,100.0,4.634439945220947,56.01972961425781,148.15797424316406,308.334228515625,308.392333984375,308.33087158203125,340.28326416015625,51.38528823852539,35.788665771484375,148.15797424316406,0.0,0.9837132096290588,0.9873591065406799,0.9839182496070862,89.00485229492188,88.99878692626953,88.95648193359375,64.72513580322266,64.72306060791016,64.72261047363281,50.427490234375,50.419921875,50.35126876831055,99.62586212158203,99.38960266113281,99.36176300048828,1918.341552734375,1919.6634521484375,1906.6202392578125,522.3170166015625,522.6832885742188,522.2622680664062,29.0,0.0,48.0,0.5139400362968445,0.6894007325172424,0.42686450481414795,0.7266520261764526,0.5115687251091003,0.6875633597373962,41.0,78.36749267578125,64.19832611083984,226.1079559326172,97.8671875,9.999999974752427e-07,86.71896362304688,0.6286203265190125,155.50535583496094,0.9944407939910889,721.2213134765625,39.8509521484375,31.4283447265625,1.0,9.475031852722168,77.88754272460938,0.0,0.9718579053878784,20.0,0.0,60.0,120.0,22.0,120.0,3.4718289375305176,0.0,0.0,983.6754150390625,18.088483810424805,89.19802856445312,2.0,200.0,0,0,228,228,228,228,208,228,228,228,160,0,99999,99999,12,402,1800,180,1800,998,20,983,94,23,0,0,0,806,1424,29,31,32,0,0,0,0,0,0,0,0,0,0,0,0,0,0,1,0,0,0,0,1,1,1,0,1,0,0,0,1,0,0,0,0,0,0,0,0,0,0,0,0,1,0,1,0,0,1,1,0,1,0,1,0,1,0,0,0,1,1,0,1,0,1,0,0,0,1,1,0,0,0,1,0,1,0,0,0,0,0,1,0,0,1,0,0,0,1,0,0,0,0,0,0,1,0,0,0,1,1,0,0,1,0,1,0,1,0,1,0,0,0,1,0,1,1,1,0,0,1,0,0,0,0,0,1,1,1,0,0,0,0,0,0,0,0,0,0,0,1,0,1,0,1,0,0,0,0,0,0,0,0,0,1,0,1,0,1,0,1,1,1,1,1,1,1,0,0,0,0,0,0,1,0,1,1,1,1,1,1,1,1,1,1,1,0,0,0,1,1,0,0,1,1,0,1,0,1,0,1,1,0,0,0,0,0,0,0,0,1,0,0,0,1,0,1,1,0,0,1,0,0,1,1,0,1,1,1,0,1,1,0,1,0,1,1,0,0,0,0,0,0,1,1,1,1,0,0,0,0,0,0,0,0,0,0,0,0,0,0,0,0,0,0,0,0,0,0,0,0,0,0,0,0,0,0,0,0,0,0,0,0,0,0,0,0,0,0,0,0,0,0,0,0,0,0,0,0,0,0,0,0,0,0,0,0,0,0,0,0,0,0,0,0,0,0,0,0,0,0,0,0,0,0,0,0,0,0,0,0,0,0,0,0,0,0,0,0,0,0,0,0,0,0,0,0,0,0,0,0,0,0,0,0,0,0,0,0,0,0,0,0,0,0,0,0,0,0,0,0,0,0,0,0,0,0,0,0,0,0,0,0,0,0,0,0,0,0,0,0,0,0,0,1,0,1,0,0,0,0,0,1,0,0,0,0,0,0,0,0,0,0,0,0,0,0,0,1,0,0,0,0,0,0,0,0,0,0,0,0,0,0,1,0,0,0,0,0,0,0,0,0,0,1,0,0,0,0,0,0,0,0,0,0,0,0,0,0,0,0,0,0,0,0,0,0,0,0,0,0,0,1,0,0,0,0,0,0,1,1,1,0,0,0,0,0,0,-1,0,0,0,0,0,0,0,0,-1,0,0,-1,0,0,0,0,0,0,0,0,0,0,0,0,0,0,0,0,0,0,1,0,0,0,0,0,0,0,0,0,0,0,0,0,0,0,0,1,1,0,-1,-1,-1,1,1,1,0,0,0,0,1,0,0,1,1,0,0,0,0,1,0,0,0,0,0,0,0,0,0,0,0,0,0,0,0,0,0,0,0,0,0,0,0,0,0,0,0,0,0,1,1,0,1,0,1,1,0,1,0,1,1,0,1,0,0,1,0,0,0,0,0,0,0,0,0,0,0,0,0,0,0,0,0,0,0,0,0,0,0,0,0,0
0,1,1,300,228,8,8,228,114,25,1,0,0.0020000000949949026,4000.0,1.0,0.04500000178813934,25.0,48.0,8.0,291.70001220703125,1.7000000476837158,-3.179999907843012e-07,0.007360000163316727,0.008080000057816505,8.0,0.33000001311302185,0.0333000011742115,1.0,9.999999747378752e-06,21.0,9.999999747378752e-06,2775000064.0,9.000000136438757e-05,4.999999980020986e-13,5.0,40.0,3.0,-3.3499999046325684,3.3499999046325684,0.5,0.0004799999878741801,292.3927001953125,492.6077880859375,-0.0036125299520790577,0.002354159951210022,0.0008944629807956517,0.013157900422811508,0.800646185874939,0.02024419978260994,2650129920.0,0.006539999973028898,228,228,228,228,228,228,228,228,228,228,228,228,228,228,228,228,228,228,228,228,228,228,228,228,208,208,208,208,228,228,228,228,228,228,228,228,228,228,228,228,228,228,228,228,228,228,228,228,228,228,228,228,0,1,4,4,228,228,228,208,228,228,228,228,3,0,0.00040181679651141167,292.04229736328125,652.5693359375,735.5087890625,822.79638671875,906.9781494140625,1036.20947265625,1068.8907470703125,1079.844482421875,1064.726318359375,1027.5250244140625,971.54736328125,894.63623046875,811.0469970703125,727.9432373046875,652.488525390625,579.5565185546875,520.6260375976562,476.31353759765625,446.2060546875,427.7811584472656,419.93768310546875,420.0336608886719,424.7838439941406,430.9029235839844,435.1055908203125,0.0012793666683137417,0.7212315201759338,0.7719768285751343,-0.00014114932855591178,0.7554671764373779,0.9876496195793152,111542.96875,3.470094452495687e-05,0.323097288608551,0.7342799305915833,0.9386979341506958,0.9393587112426758,0.022343041375279427,1.0,-1.6815581571897805e-44,-3.3771684169769287,0.0,99.29247283935547,2663.900390625,0.9435718059539795,720.9716186523438,228.0,72.0,8.406749725341797,0.6000000238418579,0.0,309.152099609375,280619.96875,-0.5309016108512878,6.429670333862305,130.28829956054688,1.2491146326065063,7750000.0,8160000.0,86.12000274658203,119.0999984741211,0.5,9.999999747378752e-05,0.0,3.299999952316284,200.0,0.30000001192092896,309.20001220703125,2.439019908706541e-06,0,0,0,1,1,1,0,24,0,308.2937316894531,0.0,0.0,0.0,0.0,0.0,0.0,0.5111821293830872,0.8726306557655334,0.5185882449150085,-0.0037030577659606934,-0.0008663639309816062,-0.0007630959153175354,0.5037030577659607,0.504483163356781,0.5045339465141296,1.0,25.0,24.0,6340128.0,6340179.0,6340374.5,291.449462890625,291.45416259765625,291.45660400390625,325.09210205078125,325.218017578125,325.092041015625,4400000.0,308.2707824707031,308.3360900878906,308.2743225097656,33.64263916015625,33.76385498046875,33.63543701171875,324.97808837890625,4568.81640625,4570.7587890625,4580.94287109375,12.794366836547852,12.801396369934082,12.802079200744629,12.80474853515625,0.0,0.0,0.0020000000949949026,291.4533996582031,325.1340637207031,-37.544193267822266,1.6372450590133667,1.6398762464523315,1.6400166749954224,-9.283836364746094,39.0,40.0,42.0,41.0,0.0,0.0,6339209.5,6287819.5,80.0757827758789,5.0,0.014999999664723873,-180000.0,600.0,1000000.0,400000.0,0.17000000178813934,22000.0,786000.0,120000.0,0.0,40.0,30.0,36.810001373291016,0.5,18.399999618530273,50000.0,115692.3984375,15.113750457763672,0,0,1,0,0,0,0,14490739.0,0.0,0.0,0.0,0.0,0.0,-901996.0,400000.0,1000000.0,1.0,1400000.0,0.0,0.5126926898956299,14498004.0,126869.6328125,14490739.0,340.284912109375,40.007659912109375,5.12299919128418,-901996.0,0.0,0.0,0.0,3.571037530899048,40.007659912109375,0.0,22230.939453125,1.2010046243667603,0.0,0.0,0.0,20.0,14.711517333984375,22.0,0.0,0.0,0.0,0.05000000074505806,0.02500000037252903,0.17000000178813934,15400000.0,0.5,6.25,0.0006667000125162303,2.0,2410000.0,4140000.0,4.734799861907959,0.15000000596046448,0.20000000298023224,0.2199999988079071,1.0,0.0,-1.0,0.0,5.0,20.0,30.0,50.0,74.0,80.0,86.0,9.800000190734863,500000.0,1.0499999802959792e-07,0.5,750.0,1000.0,600.0,1000.0,1150.0,32.0,32.0,37.400001525878906,10.0,10.0,0.007000000216066837,0.5049999952316284,82.0,189.26499938964844,0.0,1.5099999904632568,231.60000610351562,20.0,36.0,16.600000381469727,16.5,225.0,-0.1756729930639267,27.5,-0.1756729930639267,30.485509872436523,0.1561516970396042,11.10221004486084,-1.8332500457763672,-75.0,4.3520002365112305,9.800000190734863,189.26499938964844,93.30000305175781,2650000.0,0.8500000238418579,7.570000171661377,0,1,0,0,0,0,0,0,0,0,0,1,3,3,0,0,1,1,0,0,0,0,0,0,0,0,0,0,1,0,0,0,0,0,0,0,0,0,0,1,0,0,0,0,0,0,0,0,0,0,12.058948516845703,29062.888671875,2153.699951171875,0.00041493045864626765,0.0004361289902590215,0.0006248649442568421,1.0,1.0,0.0,0.0,0.0,0.5552743077278137,0.5454862117767334,1.0,0.0,0.0,0.0,1.0,0.0,0.0,1.0,1.0,0.0,1.0,1.0,0.01110374927520752,0.0,1.0,0.0,0.6407978534698486,0.6435796022415161,0.00041493045864626765,0.0,0.0,0.0,99998.78125,99999.0,2825918.5,2410000.0,36.20000076293945,36.20000076293945,36.20000076293945,32.37183380126953,270.4169921875,138.74984741210938,49.84548568725586,26.220773696899414,38.214080810546875,27.0,28.66634750366211,27.0,0.0,32.0,20.0,68.57752227783203,3446668.0,0.5431989431381226,3.7799999713897705,4.460892200469971,8.919801712036133,0.0,0.0,0.0,1.401298464324817e-45,5.464927673339844,5.464927673339844,0.5049998760223389,0.5049998760223389,0.5049998760223389,0.18937495350837708,0.18937495350837708,0.18937495350837708,0.0,0.0,0.0,0.0,0.0,0.0,5.294999599456787,0.0,0.0,0.0,0.0,0.0,0.0,100.0,74.08560180664062,0.5593026876449585,0.0,20.0,0.0,5.4042463302612305,5.400235652923584,0.0,0.0,0.0,0.007000000216066837,0.0,0.0,9.75212287902832,0.0,1.7334474325180054,1.401298464324817e-45,5.407766819000244,0.0,0.0,0.0,0.0,0.0,0.0,20.0,0.0,0.0,14187824.0,0.0,0.0,0.0,0.0,0.0,0.0,0.0,0.351500004529953,18.93000030517578,23.030000686645508,7.69199959904654e-06,0.08500000089406967,0.009999999776482582,24.0,27.0,8.800000190734863,500000.0,0.05000000074505806,2.7000000013543968e-09,2.7000000013543968e-09,145100.0,120000.0,14650000.0,86400.0,17.0,34.5,48.70000076293945,321.8999938964844,83170.0,0.0,1.0,1.0,0.0010000000474974513,725.0,0.0,0.5,0.0,0.0,57.31999969482422,837142.875,9359.77734375,117376.1015625,2623.89794921875,83026.390625,725.0,1.0204100362898316e-05,740000000.0,1,0,1,0,1,0,1,0,0,0,0,8.799991607666016,27.0,1475.43701171875,0.0,0.0,0.0,0.0,0.5924477577209473,0.0003972229897044599,0.0,0.011349060572683811,36.67034912109375,1.0,25153.8828125,2967.43115234375,1.473309202992823e-05,2642525696.0,4229545984.0,2849495040.0,4214525696.0,-80.07551574707031,25.510009765625,-162991168.0,15020096.0,5.407766819000244,1539.782958984375,85.48328399658203,1514.27294921875,106381.3984375,3587.05859375,144589.671875,154015.46875,123153.8828125,17.79999542236328,36.67034912109375,36.67034912109375,1.0,1.473309202992823e-05,2967.43115234375,694294675456.0,0.19772103428840637,137600.0,137600.0,104091768.0,80.12646484375,5771.255859375,1.0,0.0,1700.0,250000.0,10000.0,1038.0,0.004999999888241291,400.0,5000.0,0,0,0,0,2963149.0,64.63169860839844,64.63169860839844,1228108.25,2783208.75,1.0,1.0,1228739.75,228.4528045654297,6288739.0,1.0,0.9943546056747437,1.0,1.0,1033.345458984375,277.7393493652344,189.31866455078125,127.38511657714844,6185510.5,807934.0625,189.31866455078125,1.0,1.0,1.0,135.95863342285156,1563.6068115234375,791.822998046875,0.0,0.0,0.0,7680000.0,519.5712280273438,520.1116943359375,522.1072387695312,0.0,2783208.75,0.0,129.26339721679688,0.0,0.0,278.59228515625,1.0,0.0,-7.5742998123168945,0.0,5.605193857299268e-45,9.999999974752427e-07,0.0,2.0,0.0003000000142492354,0.004999999888241291,0.0010000000474974513,2.0000000233721948e-07,2.0000000233721948e-07,0.0005555999814532697,993000000.0,1.0,0.05000000074505806,0.10000000149011612,0.0005000000237487257,0.0016700000269338489,0.009999999776482582,1.0,1.0,0.0010000000474974513,4.999999873689376e-05,0.00039999998989515007,0.019999999552965164,0.9891999959945679,0.9891999959945679,0.9950000047683716,0.9950000047683716,1,0,0,0,0,1,0,0,1,0,1,0,0,0,0.9904340505599976,983500992.0,63014.8515625,4827995.0,1160.2889404296875,2545674.75,1436.2005615234375,1.0,2329239.75,0.9673063158988953,1.0,60.0,180.0,1800.0,1800.0,1.0047005414962769,0.019808992743492126,1.0,1.0,-0.012236599810421467,0.0,0.0,0.0,0.0,-5.59687614440918e-05,6.602997746085748e-05,0.0,0.0,6.602997746085748e-05,0.0,6.602997746085748e-05,6.602997746085748e-05,0.0,7.006492321624085e-44,1,1,0,1,1,1,0,1,1,0,1,0,1,1,1,1,1,1,1,1,0,1000,1000,0,1,5001,5001,220.0,3471.30224609375,120.0,120.0,60.0,0.0,0.4000000059604645,0.10000000149011612,0.10000000149011612,2.0,500.0,200.0,0.9900000095367432,300000.0,5000.0,45000.0,20000.0,0.019999999552965164,2.0,0.05000000074505806,0.019999999552965164,6.0,0.05000000074505806,0.019999999552965164,0.019999999552965164,88.30000305175781,0.10000000149011612,0.800000011920929,0.05000000074505806,0.009999999776482582,50.0,50.0,340.0,340.0,1000000.0,1,1,1,1,1,1,1,1,1,1,0,0,0,1,1,0,1.0,0.0,0.0,0.0,0.0035378439351916313,0.0,0.0,0.0,0.9181378483772278,0.9181378483772278,0.9181378483772278,5000.40185546875,3900423.25,3905423.75,50.0,27.617481231689453,0.4000000059604645,0.0,0.0,0.10000000149011612,0.16376924514770508,1.0,45000.0,20.0,29.282617568969727,778878.625,33.390499114990234,4589.076171875,721.2213745117188,0.7788786292076111,0.9181910157203674,9.474991798400879,1.0,3221497.5,3304317.0,9.718579292297363,20.0,0.2732487618923187,27.32487678527832,0.0,636.4223022460938,411.3392639160156,100000.0,50000.0,1115.300048828125,50000.0,700.0,2000.0,2800000.0,3500000.0,4000000.0,9.999999747378752e-05,4.999999873689376e-05,500.0,20000.0,100.0,500.0,60000.0,1200.0,1.0,120.0,150000.0,3000.0,300.0,1.0,300.0,0.019999999552965164,0.019999999552965164,0.009999999776482582,0.009999999776482582,0.009999999776482582,0.019999999552965164,1.100000023841858,0.019999999552965164,4.0,0.019999999552965164,88.0,1613.0,0.009999999776482582,0.20000000298023224,3.0,5.0,600.0,0.0010000000474974513,88.0,88.0,2000.0,2340.0,-0.11599799990653992,-0.03561130166053772,-0.04758000001311302,-0.01752999983727932,0,0,0,0,0,1,0,522.8455810546875,522.8455810546875,2.09979248046875,2.09979248046875,0.016983289271593094,31.428327560424805,164.2168731689453,1602.4443359375,1050.2030029296875,798.0172729492188,798.0172729492188,3.20489501953125,3.20489501953125,1603.54248046875,546.392578125,0.0,0.0,2666834.0,20.00048065185547,20.00048065185547,156.3154296875,156.3154296875,65722.0,65722.0,1.0953667163848877,1.0953667163848877,114.22640228271484,114.22640228271484,24.998756408691406,24.998756408691406,104597.3046875,104597.3046875,25.00865936279297,155.5022430419922,158.48460388183594,2644041.75,20.00048065185547,20.00048065185547,226.76788330078125,226.76788330078125,155.94447326660156,155.94447326660156,652487.3125,652487.3125,0.0,114.4400634765625,114.4400634765625,228.89710998535156,160198.578125,160198.578125,1.0679905414581299,1.0679905414581299,226.0936737060547,155.94447326660156,275.8844909667969,137.94224548339844,137.94224548339844,203.97161865234375,203.97161865234375,407.9432373046875,0.0,0.0,0.0,137.9287872314453,137.9287872314453,203.97161865234375,203.97161865234375,0.026315800845623016,13.061314582824707,0.20000000298023224,0.8587490916252136,0.9073165059089661,0.8608286380767822,0.5111821293830872,0.42628955841064453,0.5134148001670837,0.9599996209144592,1.0,1.0,1.0,0.9999998211860657,0.9999998211860657,0.9999998211860657,190854.90625,193242.0625,0.0,0.0,0.0,0.0,0.0,0.0,0.0,296.3810119628906,297.7510070800781,0.0,190265.265625,190265.265625,0.0,0.0,0.0,0.0,0.870901882648468,0.870901882648468,0.870901882648468,0.850454568862915,1195078.875,0.9959999918937683,0.9959999918937683,0.9959999918937683,0.9959999918937683,5760009.5,2736755.25,7400761.5,8496645.0,2606300.0,4010441.0,0.0039004231803119183,0.007810847368091345,1049.8907470703125,529.6576538085938,532.9140625,532.6433715820312,332.01885986328125,362.567138671875,333.6488037109375,197.6387939453125,170.346923828125,198.99456787109375,1602.4613037109375,1049.9024658203125,350.28314208984375,350.28314208984375,350.28314208984375,524.0849609375,524.0849609375,524.0849609375,2.9998908042907715,0.8535813093185425,0.8640760183334351,2.9998931884765625,5.0,0.0040000081062316895,0.0040000081062316895,0.0040000081062316895,0.0040000081062316895,0.0,-0.4368000030517578,0.0,599978.125,164.2168731689453,164.2168731689453,0.0,20.0,2782822.5,7.25,12.0,10.25,225.2099151611328,225.2099151611328,225.2099151611328,0.0,0.0,0.7926306128501892,0.9211652278900146,10000.0,10000.0,0.011826000176370144,1038.5,0.027953999117016792,0.0,0.0,1.0878000259399414,1.0809999704360962,9.000000136438757e-05,103.0,33.220001220703125,1.8179999589920044,0.029999999329447746,49.0,8.329999923706055,4.159999847412109,58.0,302.0,4.5,0.699999988079071,0.4000000059604645,7.5,1.3799999952316284,2.492000102996826,7000.0,48.88999938964844,1.2000000476837158,45.0,62000.0,4590000.0,4250000.0,15900000.0,15100000.0,0.05000000074505806,0.17000000178813934,0.009999999776482582,15220000.0,1.6699999570846558,312.7799987792969,1.1100000143051147,4232.0,0.25,689000.0,4030000.0,9.829999923706055,8.550000190734863,12200000.0,231.10000610351562,88.3239974975586,633.0,1.1430000066757202,0.6858000159263611,-10.0,-3.7799999713897705,0.7799999713897705,295.5,4030000.0,12400000.0,0.9200000166893005,5.0,0,0,0,228,160,0,0,0,0,0,0,0,0,1,0,0,0,1,1,1,0,1,0,0,1,0,0,1,1,1,0,0,0,0,0,0,0,0,0,0,0,0,0,0,0.9386979341506958,6340128.0,1.0877995491027832,0.9841042160987854,1.0192420482635498,308.3086853027344,33.6906623840332,-0.0034060529433190823,1,1,1,0,0,0,1,1,0,0,0,0,0,238,0.20000000298023224,0.20000000298023224,0.20000000298023224,0.0,2,0,0,0,0,0,0,0,0,0,0,0,0,0,0,0,0,0,0,0,0,0,0,0,0,0,0,0,0,0,0,0,0,0,0,0,0,0,0,0,0,0,0,0,0,0,0,0,0,0,0,1,0,0,0,0,0,0,0,0,0,0,0,0,0,0,0,0,0,0,0,0,0,0,0,0,0,0,0,0,0,0,0,0,0,0,0,0,0,0,0,0,0,0,0,0,0,0,0,0,0,0,0,0,0,0,0,0,0,0,0,0,0,0,0,0,0,0,0,0,0,0,0,0,0,0,0,0,0,0,0,0,0,0,0,0,0,0,0,0,0,0,0,1,0,0,0,0,0,0,0,0,0,0,0,-1,0,0,0,0,0,0,1,1,0,0,93.86979675292969,-3.3771684169769287,0.0,-0.5309016108512878,-1.6815581571897805e-44,309.152099609375,308.3086853027344,720.9716186523438,-0.00014114932855591178,99.29247283935547,2663.900390625,1.0877995491027832,1.0192420482635498,-1.0,0.843414306640625,6.827850029367255e-06,0.011349060572683811,100.0,27.0,0.0,7.799991607666016,3.4723806381225586,1.0,1.0,36.67034912109375,0.256672739982605,20.0,1.473309202992823e-05,0.0,74.08560180664062,1.7334474325180054,1.8179994821548462,0.00036938843550160527,0.6817498207092285,0.5431989431381226,28.835956573486328,8.919801712036133,19.673738479614258,16.05921173095703,0.5552743077278137,49.84548568725586,44.898040771484375,270.4169921875,138.74984741210938,0.9669305086135864,324.99981689453125,40.007659912109375,0.29459047317504883,291.466552734375,291.46356201171875,291.45941162109375,325.112548828125,325.23724365234375,325.11273193359375,100.0,4.660999774932861,55.930267333984375,147.9390869140625,308.28955078125,308.35040283203125,308.28607177734375,340.2845458984375,51.26926803588867,35.73017501831055,147.9390869140625,0.0,0.9827995300292969,0.9865292310714722,0.9830134510993958,89.02046966552734,89.01541900634766,88.96810150146484,64.69781494140625,64.6958236694336,64.69530487060547,50.45339584350586,50.44831466674805,50.370304107666016,99.59849548339844,99.3736343383789,99.33480834960938,1917.51611328125,1918.4906005859375,1906.7674560546875,522.1618041992188,522.6107177734375,522.10888671875,29.0,0.0,48.0,0.5134148001670837,0.6886629462242126,0.42628955841064453,0.7258532047271729,0.5111821293830872,0.6869992613792419,41.0,78.36749267578125,64.1709213256836,226.0936737060547,97.84773254394531,9.999999974752427e-07,86.70061492919922,0.6287490725517273,155.5022430419922,0.9943546056747437,721.2213745117188,39.85133743286133,31.428327560424805,1.0,9.474991798400879,77.88786315917969,0.0,0.9718579053878784,20.0,0.0,60.0,120.0,22.0,120.0,3.4713025093078613,0.0,0.0,983.5009765625,18.088523864746094,89.19801330566406,2.0,200.0,0,0,228,228,228,228,208,228,228,228,160,0,99999,99999,12,402,1800,180,1800,998,20,983,93,23,0,0,0,806,1424,29,31,32,0,0,0,0,0,0,0,0,0,0,0,0,0,0,1,0,0,0,0,1,1,1,0,1,0,0,0,1,0,0,0,0,0,0,0,0,0,0,0,0,1,0,1,0,0,1,1,0,1,0,1,0,1,0,0,0,1,1,0,1,0,1,0,0,0,1,1,0,0,0,1,0,1,0,0,0,0,0,1,0,0,1,0,0,0,1,0,0,0,0,0,0,1,0,0,0,1,1,0,0,1,0,1,0,1,0,1,0,0,0,1,0,1,1,1,0,0,1,0,0,0,0,0,1,1,1,0,0,0,0,0,0,0,0,0,0,0,1,0,1,0,1,0,0,0,0,0,0,0,0,0,1,0,1,0,1,0,1,1,1,1,1,1,1,0,0,0,0,0,0,1,0,1,1,1,1,1,1,1,1,1,1,1,0,0,0,1,1,0,0,1,1,0,1,0,1,0,1,1,0,0,0,0,0,0,0,0,1,0,0,0,1,0,1,1,0,0,1,0,0,1,1,0,1,1,1,0,1,1,0,1,0,1,1,0,0,0,0,0,0,1,1,1,1,0,0,0,0,0,0,0,0,0,0,0,0,0,0,0,0,0,0,0,0,0,0,0,0,0,0,0,0,0,0,0,0,0,0,0,0,0,0,0,0,0,0,0,0,0,0,0,0,0,0,0,0,0,0,0,0,0,0,0,0,0,0,0,0,0,0,0,0,0,0,0,0,0,0,0,0,0,0,0,0,0,0,1,0,0,0,0,0,0,0,0,0,0,0,0,0,0,0,0,0,0,0,0,0,0,0,0,0,0,0,0,0,0,0,0,0,0,0,0,0,0,0,0,0,0,0,0,0,0,0,0,0,0,0,0,0,0,0,0,0,0,0,0,0,0,0,0,1,0,1,0,0,0,0,0,1,0,0,0,0,0,0,0,0,0,0,0,0,0,0,0,1,0,0,0,0,0,0,0,0,0,0,0,0,0,0,1,0,0,0,0,0,0,0,0,0,0,1,0,0,0,0,0,0,0,0,0,0,0,0,0,0,0,0,0,0,0,0,0,0,0,0,0,0,0,1,0,0,0,0,0,0,1,1,1,0,0,0,0,0,0,-1,0,0,0,0,0,0,0,0,-1,0,0,-1,0,0,0,0,0,0,0,0,0,0,0,0,0,0,0,0,0,0,1,0,0,0,0,0,0,0,0,0,0,0,0,0,0,0,0,1,1,0,-1,-1,-1,1,1,1,0,0,0,0,1,0,0,1,1,0,0,0,0,1,0,0,0,0,0,0,0,0,0,0,0,0,0,0,0,0,0,0,0,0,0,0,0,0,0,0,0,0,0,1,1,0,1,0,1,1,0,1,0,1,1,0,1,0,0,1,0,0,0,0,0,0,0,0,0,0,0,0,0,0,0,0,0,0,0,0,0,0,0,0,0,0
0,1,1,300,228,8,8,228,114,25,1,0,0.0020000000949949026,4000.0,1.0,0.04500000178813934,25.0,48.0,8.0,291.70001220703125,1.7000000476837158,-3.179999907843012e-07,0.007360000163316727,0.008080000057816505,8.0,0.33000001311302185,0.0333000011742115,1.0,9.999999747378752e-06,21.0,9.999999747378752e-06,2775000064.0,9.000000136438757e-05,4.999999980020986e-13,5.0,40.0,3.0,-3.3499999046325684,3.3499999046325684,0.5,0.0004799999878741801,292.3927001953125,492.6077880859375,-0.0036125299520790577,0.002354159951210022,0.0008944629807956517,0.013157900422811508,0.800646185874939,0.02024419978260994,2650129920.0,0.006539999973028898,228,228,228,228,228,228,228,228,228,228,228,228,228,228,228,228,228,228,228,228,228,228,228,228,209,209,209,209,228,228,228,228,228,228,228,228,228,228,228,228,228,228,228,228,228,228,228,228,228,228,228,228,0,1,4,4,228,228,228,209,228,228,228,228,3,0,0.00040181679651141167,292.01513671875,651.5267333984375,734.17919921875,821.1627807617188,905.052734375,1033.85205078125,1066.4453125,1077.40673828125,1062.389892578125,1025.3616943359375,969.6104736328125,892.9879150390625,809.6942138671875,726.8712768554688,651.6610717773438,578.9429931640625,520.1771850585938,475.9874572753906,445.9700622558594,427.61456298828125,419.8243408203125,419.9614562988281,424.74560546875,430.89654541015625,435.13397216796875,0.0015297280624508858,0.719748318195343,0.771976113319397,-0.00014074047794565558,0.7554694414138794,0.9873496294021606,111317.421875,3.4615874028531834e-05,0.32283157110214233,0.7327331900596619,0.9367926716804504,0.937415361404419,0.022349491715431213,1.0,-1.6815581571897805e-44,-3.3780677318573,0.0,99.29237365722656,2663.909423828125,0.9435746669769287,719.8140869140625,228.0,72.0,8.832830429077148,0.20000000298023224,0.0,309.14898681640625,280620.53125,-0.5304238796234131,6.428400039672852,130.28829956054688,1.2502444982528687,7750000.0,8160000.0,86.12000274658203,119.0999984741211,0.5,9.999999747378752e-05,0.0,3.299999952316284,200.0,0.30000001192092896,309.20001220703125,2.439019908706541e-06,0,0,0,1,1,1,0,24,0,308.2476806640625,0.0,0.0,0.0,0.0,0.0,0.0,0.5107889175415039,0.8725876808166504,0.5185821056365967,-0.0038965940475463867,-0.0009042994352057576,-0.0008093281649053097,0.5038965940475464,0.5047628879547119,0.5047917366027832,1.0,25.0,24.0,6337330.5,6337388.5,6337577.5,291.4185791015625,291.42498779296875,291.42578125,325.0291748046875,325.15863037109375,325.0289306640625,4400000.0,308.223876953125,308.29180908203125,308.22735595703125,33.610595703125,33.733642578125,33.6031494140625,324.9114990234375,4567.67919921875,4569.9990234375,4579.78173828125,12.796075820922852,12.803744316101074,12.804314613342285,12.754913330078125,0.0,0.0,0.0020000000949949026,291.4231262207031,325.0722351074219,-38.216880798339844,1.6378775835037231,1.6407817602157593,1.6408535242080688,-9.384970664978027,39.0,40.0,42.0,41.0,0.0,0.0,6336366.5,6284966.5,79.89073944091797,5.0,0.014999999664723873,-180000.0,600.0,1000000.0,400000.0,0.17000000178813934,22000.0,786000.0,120000.0,0.0,40.0,30.0,36.810001373291016,0.5,18.399999618530273,50000.0,115692.3984375,15.113750457763672,0,0,1,0,0,0,0,14468605.0,0.0,0.0,0.0,0.0,0.0,-923957.0,400000.0,1000000.0,1.0,1400000.0,0.0,0.5115070343017578,14476043.0,126869.6328125,14468605.0,340.2861328125,40.007659912109375,5.111067771911621,-923957.0,0.0,0.0,0.0,3.5650219917297363,40.007659912109375,0.0,22230.939453125,1.2010046243667603,0.0,0.0,0.0,20.0,14.711517333984375,22.0,0.0,0.0,0.0,0.05000000074505806,0.02500000037252903,0.17000000178813934,15400000.0,0.5,6.25,0.0006667000125162303,2.0,2410000.0,4140000.0,4.734799861907959,0.15000000596046448,0.20000000298023224,0.2199999988079071,1.0,0.0,-1.0,0.0,5.0,20.0,30.0,50.0,74.0,80.0,86.0,9.800000190734863,500000.0,1.0499999802959792e-07,0.5,750.0,1000.0,600.0,1000.0,1150.0,32.0,32.0,37.400001525878906,10.0,10.0,0.007000000216066837,0.5049999952316284,82.0,189.26499938964844,0.0,1.5099999904632568,231.60000610351562,20.0,36.0,16.600000381469727,16.5,225.0,-0.1756729930639267,27.5,-0.1756729930639267,30.485509872436523,0.1561516970396042,11.10221004486084,-1.8332500457763672,-75.0,4.3520002365112305,9.800000190734863,189.26499938964844,93.30000305175781,2650000.0,0.8500000238418579,7.570000171661377,0,1,0,0,0,0,0,0,0,0,0,1,3,3,0,0,1,1,0,0,0,0,0,0,0,0,0,0,1,0,0,0,0,0,0,0,0,0,0,1,0,0,0,0,0,0,0,0,0,0,12.058904647827148,29062.884765625,2153.699951171875,0.00041492897435091436,0.0004361289902590215,0.0006248649442568421,1.0,1.0,0.0,0.0,0.0,0.5564508438110352,0.5466089844703674,1.0,0.0,0.0,0.0,1.0,0.0,0.0,1.0,1.0,0.0,1.0,1.0,0.011105000972747803,0.0,1.0,0.0,0.6405150890350342,0.6433674693107605,0.00041492897435091436,0.0,0.0,0.0,99998.78125,99999.0,2824671.5,2410000.0,36.20000076293945,36.20000076293945,36.20000076293945,32.375553131103516,270.0335693359375,138.44937133789062,49.7451171875,26.22536849975586,38.17919921875,27.0,28.656490325927734,27.0,0.0,32.0,20.0,68.57752227783203,3446668.0,0.5431989431381226,3.7799999713897705,4.472240447998047,8.919801712036133,0.0,0.0,0.0,1.401298464324817e-45,5.460270404815674,5.460270404815674,0.5049998760223389,0.5049998760223389,0.5049998760223389,0.18937495350837708,0.18937495350837708,0.18937495350837708,0.0,0.0,0.0,0.0,0.0,0.0,5.294999599456787,0.0,0.0,0.0,0.0,0.0,0.0,100.0,74.08558654785156,0.5583730936050415,0.0,20.0,0.0,5.399633884429932,5.4115424156188965,0.0,0.0,0.0,0.007000000216066837,0.0,0.0,9.763450622558594,0.0,1.7334473133087158,1.401298464324817e-45,5.41911506652832,0.0,0.0,0.0,0.0,0.0,0.0,20.0,0.0,0.0,14165780.0,0.0,0.0,0.0,0.0,0.0,0.0,0.0,0.351500004529953,18.93000030517578,23.030000686645508,7.69199959904654e-06,0.08500000089406967,0.009999999776482582,24.0,27.0,8.800000190734863,500000.0,0.05000000074505806,2.7000000013543968e-09,2.7000000013543968e-09,145100.0,120000.0,14650000.0,86400.0,17.0,34.5,48.70000076293945,321.8999938964844,83170.0,0.0,1.0,1.0,0.0010000000474974513,725.0,0.0,0.5,0.0,0.0,57.31999969482422,837142.875,9359.77734375,117376.1015625,2623.89794921875,83026.390625,725.0,1.0204100362898316e-05,740000000.0,1,0,1,0,1,0,1,0,0,0,0,8.799991607666016,27.0,1523.4759521484375,0.0,0.0,0.0,0.0,0.611750602722168,0.0003978396416641772,0.0,0.011718576774001122,36.7310905456543,1.0,25169.5390625,3057.761474609375,1.5213114238576964e-05,2638314240.0,4226678784.0,2846794496.0,4213659648.0,-79.87177276611328,25.4537353515625,-165332048.0,13019008.0,5.41911506652832,1539.404296875,85.29088592529297,1513.9505615234375,106381.3984375,3598.30419921875,144626.484375,154270.578125,123169.5390625,18.39999771118164,36.7310905456543,36.7310905456543,1.0,1.5213114238576964e-05,3057.761474609375,706795339776.0,0.19778090715408325,137600.0,137600.0,103843152.0,79.9422607421875,5786.7890625,1.0,0.0,1700.0,250000.0,10000.0,1038.0,0.004999999888241291,400.0,5000.0,0,0,0,0,2963101.25,64.62599182128906,64.62599182128906,1227968.75,2783230.25,1.0,1.0,1228489.125,228.427978515625,6285932.0,1.0,0.9942659735679626,1.0,1.0,1033.2391357421875,277.7109680175781,189.30921936035156,127.32064819335938,6182762.0,807890.9375,189.30921936035156,1.0,1.0,1.0,135.93008422851562,1563.2728271484375,791.7417602539062,0.0,0.0,0.0,7680000.0,519.4130859375,520.0244140625,521.9545288085938,0.0,2783230.25,0.0,129.25198364257812,0.0,0.0,278.5622863769531,1.0,0.0,-7.5742998123168945,0.0,5.605193857299268e-45,9.999999974752427e-07,0.0,2.0,0.0003000000142492354,0.004999999888241291,0.0010000000474974513,2.0000000233721948e-07,2.0000000233721948e-07,0.0005555999814532697,993000000.0,1.0,0.05000000074505806,0.10000000149011612,0.0005000000237487257,0.0016700000269338489,0.009999999776482582,1.0,1.0,0.0010000000474974513,4.999999873689376e-05,0.00039999998989515007,0.019999999552965164,0.9891999959945679,0.9891999959945679,0.9950000047683716,0.9950000047683716,1,0,0,0,0,1,0,0,1,0,1,0,0,0,0.9902521967887878,983320448.0,63005.3828125,4826914.5,1160.099609375,2545683.0,1435.930419921875,1.0,2329257.75,0.9675044417381287,1.0,60.0,180.0,1800.0,1800.0,1.0047005414962769,0.019808992743492126,1.0,1.0,-0.012236599810421467,0.0,0.0,0.0,0.0,-6.29425048828125e-05,6.602997746085748e-05,0.0,0.0,6.602997746085748e-05,0.0,6.602997746085748e-05,6.602997746085748e-05,0.0,7.006492321624085e-44,1,1,0,1,1,1,0,1,1,0,1,0,1,1,1,1,1,1,1,1,0,1000,1000,0,1,5001,5001,220.0,3470.756591796875,120.0,120.0,60.0,0.0,0.4000000059604645,0.10000000149011612,0.10000000149011612,2.0,500.0,200.0,0.9900000095367432,300000.0,5000.0,45000.0,20000.0,0.019999999552965164,2.0,0.05000000074505806,0.019999999552965164,6.0,0.05000000074505806,0.019999999552965164,0.019999999552965164,88.30000305175781,0.10000000149011612,0.800000011920929,0.05000000074505806,0.009999999776482582,50.0,50.0,340.0,340.0,1000000.0,1,1,1,1,1,1,1,1,1,1,0,0,0,1,1,0,1.0,0.0,0.0,0.0,0.003327656304463744,0.0,0.0,0.0,0.9181382060050964,0.9181382060050964,0.9181382060050964,5000.40087890625,3900467.0,3905467.5,50.0,27.617441177368164,0.4000000059604645,0.0,0.0,0.10000000149011612,0.16369614005088806,1.0,45000.0,20.0,29.281614303588867,778881.8125,33.38909912109375,4589.07275390625,721.2213745117188,0.7788817882537842,0.9181903004646301,9.474952697753906,1.0,3221484.0,3304317.0,9.718579292297363,20.0,0.2732953429222107,27.32953453063965,0.0,636.4223022460938,411.295654296875,100000.0,50000.0,1115.300048828125,50000.0,700.0,2000.0,2800000.0,3500000.0,4000000.0,9.999999747378752e-05,4.999999873689376e-05,500.0,20000.0,100.0,500.0,60000.0,1200.0,1.0,120.0,150000.0,3000.0,300.0,1.0,300.0,0.019999999552965164,0.019999999552965164,0.009999999776482582,0.009999999776482582,0.009999999776482582,0.019999999552965164,1.100000023841858,0.019999999552965164,4.0,0.019999999552965164,88.0,1613.0,0.009999999776482582,0.20000000298023224,3.0,5.0,600.0,0.0010000000474974513,88.0,88.0,2000.0,2340.0,-0.11599799990653992,-0.03561130166053772,-0.04758000001311302,-0.01752999983727932,0,0,0,0,0,1,0,522.7802124023438,522.7802124023438,2.09954833984375,2.09954833984375,0.01697966642677784,31.42831039428711,164.21678161621094,1602.003173828125,1050.10595703125,797.7975463867188,797.7975463867188,3.20404052734375,3.20404052734375,1603.162353515625,546.1254272460938,0.0,0.0,2666791.0,20.00048065185547,20.00048065185547,156.31163024902344,156.31163024902344,65721.8671875,65721.8671875,1.0953644514083862,1.0953644514083862,114.2139892578125,114.2139892578125,24.99873924255371,24.99873924255371,104597.234375,104597.234375,25.00864028930664,155.49905395507812,158.48170471191406,2644061.5,20.00048065185547,20.00048065185547,226.75360107421875,226.75360107421875,155.94252014160156,155.94252014160156,652479.1875,652479.1875,0.0,114.43733978271484,114.43733978271484,228.89166259765625,160197.734375,160197.734375,1.067984938621521,1.067984938621521,226.0793914794922,155.94252014160156,275.8043518066406,137.9021759033203,137.9021759033203,203.95481872558594,203.95481872558594,407.9096374511719,0.0,0.0,0.0,137.88900756835938,137.88900756835938,203.95481872558594,203.95481872558594,0.026315800845623016,13.061006546020508,0.20000000298023224,0.8580285310745239,0.9063270092010498,0.8599045276641846,0.5107889175415039,0.4257226288318634,0.5128917098045349,0.9599996209144592,1.0,1.0,1.0,0.9999998211860657,0.9999998211860657,0.9999998211860657,190854.53125,193242.0625,0.0,0.0,0.0,0.0,0.0,0.0,0.0,296.3810119628906,297.7510070800781,0.0,190299.921875,190299.921875,0.0,0.0,0.0,0.0,0.8706995844841003,0.8706995844841003,0.8706995844841003,0.8504949808120728,1194867.0,0.9959999918937683,0.9959999918937683,0.9959999918937683,0.9959999918937683,5757836.0,2737118.25,7399840.0,8494833.0,2606300.0,4009989.0,0.003900466952472925,0.007810934912413359,1049.759521484375,529.7238159179688,532.6432495117188,532.4557495117188,332.05169677734375,362.41064453125,333.5244445800781,197.672119140625,170.23260498046875,198.93130493164062,1602.0201416015625,1049.771240234375,350.2709655761719,350.2709655761719,350.2709655761719,523.8273315429688,523.8273315429688,523.8273315429688,2.9998834133148193,0.8529077172279358,0.864008903503418,2.9998855590820312,5.0,0.0040000081062316895,0.0040000081062316895,0.0040000081062316895,0.0040000081062316895,0.0,-0.4368000030517578,0.0,599976.6875,164.21678161621094,164.21678161621094,0.0,20.0,2782844.0,7.25,12.0,10.25,225.2009735107422,225.2009735107422,225.2009735107422,0.0,0.0,0.7926306128501892,0.9211652278900146,10000.0,10000.0,0.011826000176370144,1038.5,0.027953999117016792,0.0,0.0,1.0878000259399414,1.0809999704360962,9.000000136438757e-05,103.0,33.220001220703125,1.8179999589920044,0.029999999329447746,49.0,8.329999923706055,4.159999847412109,58.0,302.0,4.5,0.699999988079071,0.4000000059604645,7.5,1.3799999952316284,2.492000102996826,7000.0,48.88999938964844,1.2000000476837158,45.0,62000.0,4590000.0,4250000.0,15900000.0,15100000.0,0.05000000074505806,0.17000000178813934,0.009999999776482582,15220000.0,1.6699999570846558,312.7799987792969,1.1100000143051147,4232.0,0.25,689000.0,4030000.0,9.829999923706055,8.550000190734863,12200000.0,231.10000610351562,88.3239974975586,633.0,1.1430000066757202,0.6858000159263611,-10.0,-3.7799999713897705,0.7799999713897705,295.5,4030000.0,12400000.0,0.9200000166893005,5.0,0,0,0,228,160,0,0,0,0,0,0,0,0,1,0,0,0,1,1,1,0,1,0,0,1,0,0,1,1,1,0,0,0,0,0,0,0,0,0,0,0,0,0,0,0.9367926716804504,6337330.5,1.0877995491027832,0.9831882119178772,1.0183382034301758,308.26318359375,33.6593017578125,-0.0032875235192477703,1,1,1,0,0,0,1,1,0,0,0,0,0,241,0.20000000298023224,0.20000000298023224,0.20000000298023224,0.0,2,0,0,0,0,0,0,0,0,0,0,0,0,0,0,0,0,0,0,0,0,0,0,0,0,0,0,0,0,0,0,0,0,0,0,0,0,0,0,0,0,0,0,0,0,0,0,0,0,0,0,1,0,0,0,0,0,0,0,0,0,0,0,0,0,0,0,0,0,0,0,0,0,0,0,0,0,0,0,0,0,0,0,0,0,0,0,0,0,0,0,0,0,0,0,0,0,0,0,0,0,0,0,0,0,0,0,0,0,0,0,0,0,0,0,0,0,0,0,0,0,0,0,0,0,0,0,0,0,0,0,0,0,0,0,0,0,0,0,0,0,0,0,1,0,0,0,0,0,0,0,0,0,0,0,-1,0,0,0,0,0,0,1,1,0,0,93.67926788330078,-3.3780677318573,0.0,-0.5304238796234131,-1.6815581571897805e-44,309.14898681640625,308.26318359375,719.8140869140625,-0.00014074047794565558,99.29237365722656,2663.909423828125,1.0877995491027832,1.0183382034301758,-1.0,0.88580322265625,6.827850029367255e-06,0.011718576774001122,100.0,27.0,0.0,7.799991607666016,3.485403537750244,1.0,1.0,36.7310905456543,0.2568325102329254,20.0,1.5213114238576964e-05,0.0,74.08558654785156,1.7334473133087158,1.8179994821548462,0.00036938843550160527,0.6817498207092285,0.5431989431381226,28.823230743408203,8.919801712036133,19.656972885131836,16.100065231323242,0.5564508438110352,49.7451171875,44.898040771484375,270.0335693359375,138.44937133789062,0.9667404890060425,324.9338684082031,40.007659912109375,0.29459047317504883,291.436279296875,291.434814453125,291.42901611328125,325.0500793457031,325.1786193847656,325.0503234863281,100.0,4.686605930328369,55.837310791015625,147.71499633789062,308.2431640625,308.30670166015625,308.23968505859375,340.28564453125,51.15070343017578,35.6703987121582,147.71499633789062,0.0,0.9818590879440308,0.9856564998626709,0.9820783734321594,89.0360336303711,89.03181457519531,88.97992706298828,64.66927337646484,64.66735076904297,64.66675567626953,50.47917175292969,50.476287841796875,50.3896598815918,99.57266998291016,99.35731506347656,99.30943298339844,1916.8406982421875,1917.515625,1907.0057373046875,522.0061645507812,522.5281982421875,521.9461059570312,29.0,0.0,48.0,0.5128917098045349,0.6879236102104187,0.4257226288318634,0.7250615954399109,0.5107889175415039,0.6864228248596191,41.0,78.36749267578125,64.14228057861328,226.0793914794922,97.82683563232422,9.999999974752427e-07,86.68212890625,0.6288778781890869,155.49905395507812,0.9942659735679626,721.2213745117188,39.851783752441406,31.42831039428711,1.0,9.474952697753906,77.88817596435547,0.0,0.9718579053878784,20.0,0.0,60.0,120.0,22.0,120.0,3.470756769180298,0.0,0.0,983.3204345703125,18.088523864746094,89.19801330566406,2.0,200.0,0,0,228,228,228,228,209,228,228,228,160,0,99999,99999,12,402,1800,180,1800,998,20,983,93,23,0,0,0,806,1424,29,31,32,0,0,0,0,0,0,0,0,0,0,0,0,0,0,1,0,0,0,0,1,1,1,0,1,0,0,0,1,0,0,0,0,0,0,0,0,0,0,0,0,1,0,1,0,0,1,1,0,1,0,1,0,1,0,0,0,1,1,0,1,0,1,0,0,0,1,1,1,0,0,1,0,1,0,0,0,0,1,1,0,0,1,0,0,0,1,0,0,0,0,0,0,1,0,0,0,1,1,0,0,1,0,1,0,1,0,1,0,0,0,1,0,1,1,1,0,0,1,0,0,0,0,0,1,1,1,0,0,0,0,0,0,0,0,0,0,0,1,0,1,0,1,0,0,0,0,0,0,0,0,0,1,0,1,0,1,0,1,1,1,1,1,1,1,0,0,0,0,0,0,1,0,1,1,1,1,1,1,1,1,1,1,1,1,0,0,1,1,0,0,1,1,0,1,0,1,0,1,1,0,0,0,0,0,0,0,0,1,0,0,0,1,0,1,1,0,0,1,0,0,1,1,0,1,1,1,0,1,1,0,1,0,1,1,0,0,0,0,0,0,1,1,1,1,0,0,0,0,0,0,0,0,0,0,0,0,0,0,0,0,0,0,0,0,0,0,0,0,0,0,0,0,0,0,0,0,0,0,0,0,0,0,0,0,0,0,0,0,0,0,0,0,0,0,0,0,0,0,0,0,0,0,0,0,0,0,0,1,0,0,0,1,0,0,0,0,0,0,0,0,0,0,0,0,0,0,0,0,0,0,0,0,0,0,0,0,0,0,0,0,0,0,0,0,0,0,0,0,0,0,0,0,0,0,0,0,0,0,0,0,0,0,0,0,0,0,0,0,0,0,0,0,0,0,0,0,0,0,0,0,0,0,0,0,0,0,0,0,0,0,0,1,0,1,0,0,0,0,0,1,0,0,0,0,0,0,0,0,0,0,0,0,0,0,0,1,0,0,0,0,0,0,0,0,0,0,0,0,0,0,1,0,0,0,0,0,0,0,0,0,0,1,0,0,0,0,0,0,0,0,0,0,0,0,0,0,0,0,0,0,0,0,0,0,0,0,0,0,0,1,0,0,0,0,0,0,1,1,1,0,0,0,0,0,0,-1,0,0,0,0,0,0,0,0,-1,0,0,-1,0,0,0,0,0,0,0,0,0,0,0,0,0,0,0,0,0,0,1,0,0,0,0,0,0,0,0,0,0,0,0,0,0,0,0,1,1,0,-1,-1,-1,1,1,1,0,0,0,0,1,0,0,1,1,0,0,0,0,1,0,0,0,0,0,0,0,0,0,0,0,0,0,0,0,0,0,0,0,0,0,0,0,0,0,0,0,0,0,1,1,0,1,0,1,1,0,1,0,1,1,0,1,0,0,1,0,0,0,0,0,0,0,0,0,0,0,0,0,0,0,0,0,0,0,0,0,0,0,0,0,0
0,1,1,300,228,8,8,228,114,25,1,0,0.0020000000949949026,4000.0,1.0,0.04500000178813934,25.0,48.0,8.0,291.70001220703125,1.7000000476837158,-3.179999907843012e-07,0.007360000163316727,0.008080000057816505,8.0,0.33000001311302185,0.0333000011742115,1.0,9.999999747378752e-06,21.0,9.999999747378752e-06,2775000064.0,9.000000136438757e-05,4.999999980020986e-13,5.0,40.0,3.0,-3.3499999046325684,3.3499999046325684,0.5,0.0004799999878741801,292.3927001953125,492.6077880859375,-0.0036125299520790577,0.002354159951210022,0.0008944629807956517,0.013157900422811508,0.800646185874939,0.02024419978260994,2650129920.0,0.006539999973028898,228,228,228,228,228,228,228,228,228,228,228,228,228,228,228,228,228,228,228,228,228,228,228,228,209,209,209,209,228,228,228,228,228,228,228,228,228,228,228,228,228,228,228,228,228,228,228,228,228,228,228,228,0,1,4,4,228,228,228,209,228,228,228,228,3,0,0.00040181679651141167,291.98687744140625,650.5179443359375,732.88427734375,819.5650634765625,903.1641235351562,1031.532470703125,1064.0379638671875,1075.0069580078125,1060.090087890625,1023.2327880859375,967.7047729492188,891.365966796875,808.3624877929688,725.8150024414062,650.8441162109375,578.33544921875,519.7305297851562,475.65997314453125,445.72930908203125,427.439697265625,419.6989440917969,419.8732604980469,424.68743896484375,430.86627197265625,435.13458251953125,0.0017729680985212326,0.718319296836853,0.7719753980636597,-0.00014190231740940362,0.7554717659950256,0.9870412349700928,111099.90625,3.4535252780187875e-05,0.322558730840683,0.7312434315681458,0.9349378943443298,0.9355520606040955,0.022349992766976357,1.0,-1.6815581571897805e-44,-3.378931999206543,0.0,99.2922592163086,2663.919189453125,0.9435775279998779,718.6788330078125,228.0,72.0,9.278518676757812,0.800000011920929,0.0,309.14569091796875,280621.09375,-0.5303763747215271,6.427129745483398,130.28829956054688,1.2513095140457153,7750000.0,8160000.0,86.12000274658203,119.0999984741211,0.5,9.999999747378752e-05,0.0,3.299999952316284,200.0,0.30000001192092896,309.20001220703125,2.439019908706541e-06,0,0,0,1,1,1,0,24,0,308.2000427246094,0.0,0.0,0.0,0.0,0.0,0.0,0.5103884935379028,0.8725426197052002,0.5185756683349609,-0.004093587398529053,-0.0009441731381230056,-0.0008583050803281367,0.504093587398529,0.5050387978553772,0.505048930644989,1.0,25.0,24.0,6334403.0,6334468.0,6334650.5,291.38629150390625,291.3944091796875,291.39361572265625,324.96435546875,325.09722900390625,324.96429443359375,4400000.0,308.1753234863281,308.2458190917969,308.178955078125,33.57806396484375,33.70281982421875,33.5706787109375,324.84375,4566.603515625,4569.21240234375,4578.68310546875,12.797819137573242,12.806060791015625,12.806548118591309,12.70361328125,0.0,0.0,0.0020000000949949026,291.3914489746094,325.0086364746094,-38.763790130615234,1.638522744178772,1.6416743993759155,1.6416903734207153,-9.502330780029297,39.0,40.0,42.0,41.0,0.0,0.0,6333395.5,6281987.0,79.70841217041016,5.0,0.014999999664723873,-180000.0,600.0,1000000.0,400000.0,0.17000000178813934,22000.0,786000.0,120000.0,0.0,40.0,30.0,36.810001373291016,0.5,18.399999618530273,50000.0,115692.3984375,15.113750457763672,0,0,1,0,0,0,0,14446078.0,0.0,0.0,0.0,0.0,0.0,-946369.0,400000.0,1000000.0,1.0,1400000.0,0.0,0.5102989077568054,14453631.0,126869.6328125,14446078.0,340.287353515625,40.007659912109375,5.0989227294921875,-946369.0,0.0,0.0,0.0,3.55889892578125,40.007659912109375,0.0,22230.939453125,1.2010046243667603,0.0,0.0,0.0,20.0,14.711517333984375,22.0,0.0,0.0,0.0,0.05000000074505806,0.02500000037252903,0.17000000178813934,15400000.0,0.5,6.25,0.0006667000125162303,2.0,2410000.0,4140000.0,4.734799861907959,0.15000000596046448,0.20000000298023224,0.2199999988079071,1.0,0.0,-1.0,0.0,5.0,20.0,30.0,50.0,74.0,80.0,86.0,9.800000190734863,500000.0,1.0499999802959792e-07,0.5,750.0,1000.0,600.0,1000.0,1150.0,32.0,32.0,37.400001525878906,10.0,10.0,0.007000000216066837,0.5049999952316284,82.0,189.26499938964844,0.0,1.5099999904632568,231.60000610351562,20.0,36.0,16.600000381469727,16.5,225.0,-0.1756729930639267,27.5,-0.1756729930639267,30.485509872436523,0.1561516970396042,11.10221004486084,-1.8332500457763672,-75.0,4.3520002365112305,9.800000190734863,189.26499938964844,93.30000305175781,2650000.0,0.8500000238418579,7.570000171661377,0,1,0,0,0,0,0,0,0,0,0,1,3,3,0,0,1,1,0,0,0,0,0,0,0,0,0,0,1,0,0,0,0,0,0,0,0,0,0,1,0,0,0,0,0,0,0,0,0,0,12.058856964111328,29062.87109375,2153.699951171875,0.00041492749005556107,0.0004361289902590215,0.0006248649442568421,1.0,1.0,0.0,0.0,0.0,0.5576310753822327,0.5477376580238342,1.0,0.0,0.0,0.0,1.0,0.0,0.0,1.0,1.0,0.0,1.0,1.0,0.011099278926849365,0.0,1.0,0.0,0.640224814414978,0.6431499123573303,0.00041492749005556107,0.0,0.0,0.0,99998.78125,99999.0,2823391.5,2410000.0,36.20000076293945,36.20000076293945,36.20000076293945,32.379241943359375,269.64532470703125,138.14393615722656,49.6424560546875,26.230098724365234,38.143714904785156,27.0,28.646404266357422,27.0,0.0,32.0,20.0,68.57752227783203,3446668.0,0.5431989431381226,3.7799999713897705,4.483644485473633,8.919801712036133,0.0,0.0,0.0,1.401298464324817e-45,5.455482006072998,5.455482006072998,0.5049998760223389,0.5049998760223389,0.5049998760223389,0.18937495350837708,0.18937495350837708,0.18937495350837708,0.0,0.0,0.0,0.0,0.0,0.0,5.294999599456787,0.0,0.0,0.0,0.0,0.0,0.0,100.0,74.08548736572266,0.557410478591919,0.0,20.0,0.0,5.394929885864258,5.422910213470459,0.0,0.0,0.0,0.007000000216066837,0.0,0.0,9.774836540222168,0.0,1.7334463596343994,1.401298464324817e-45,5.430519104003906,0.0,0.0,0.0,0.0,0.0,0.0,20.0,0.0,0.0,14143385.0,0.0,0.0,0.0,0.0,0.0,0.0,0.0,0.351500004529953,18.93000030517578,23.030000686645508,7.69199959904654e-06,0.08500000089406967,0.009999999776482582,24.0,27.0,8.800000190734863,500000.0,0.05000000074505806,2.7000000013543968e-09,2.7000000013543968e-09,145100.0,120000.0,14650000.0,86400.0,17.0,34.5,48.70000076293945,321.8999938964844,83170.0,0.0,1.0,1.0,0.0010000000474974513,725.0,0.0,0.5,0.0,0.0,57.31999969482422,837142.875,9359.77734375,117376.1015625,2623.89794921875,83026.390625,725.0,1.0204100362898316e-05,740000000.0,1,0,1,0,1,0,1,0,0,0,0,8.799991607666016,27.0,1571.4046630859375,0.0,0.0,0.0,0.0,0.6310092210769653,0.00039836953510530293,0.0,0.012087243609130383,36.79139709472656,1.0,25185.109375,3147.771484375,1.5692035958636552e-05,2633508096.0,4223853568.0,2844029696.0,4212725248.0,-79.67057037353516,25.5369873046875,-167464288.0,11128256.0,5.430519104003906,1539.14013671875,85.10108947753906,1513.6031494140625,106381.3984375,3609.499755859375,144663.203125,154523.875,123185.109375,19.0,36.79139709472656,36.79139709472656,1.0,1.5692035958636552e-05,3147.771484375,718807367680.0,0.19784057140350342,137600.0,137600.0,103597248.0,79.76070404052734,5802.26416015625,1.0,0.0,1700.0,250000.0,10000.0,1038.0,0.004999999888241291,400.0,5000.0,0,0,0,0,2963052.0,64.62012481689453,64.62012481689453,1227822.75,2783252.0,1.0,1.0,1228236.75,228.40306091308594,6282996.0,1.0,0.9941748380661011,1.0,1.0,1033.13720703125,277.6812438964844,189.29969787597656,127.25428009033203,6179884.5,807847.5,189.29969787597656,1.0,1.0,1.0,135.90052795410156,1562.912841796875,791.6650390625,0.0,0.0,0.0,7680000.0,519.237060546875,519.9192504882812,521.781982421875,0.0,2783252.0,0.0,129.24024963378906,0.0,0.0,278.5309143066406,1.0,0.0,-7.5742998123168945,0.0,5.605193857299268e-45,9.999999974752427e-07,0.0,2.0,0.0003000000142492354,0.004999999888241291,0.0010000000474974513,2.0000000233721948e-07,2.0000000233721948e-07,0.0005555999814532697,993000000.0,1.0,0.05000000074505806,0.10000000149011612,0.0005000000237487257,0.0016700000269338489,0.009999999776482582,1.0,1.0,0.0010000000474974513,4.999999873689376e-05,0.00039999998989515007,0.019999999552965164,0.9891999959945679,0.9891999959945679,0.9950000047683716,0.9950000047683716,1,0,0,0,0,1,0,0,1,0,1,0,0,0,0.9900656938552856,983135232.0,62994.625,4825847.0,1159.8843994140625,2545690.5,1435.63623046875,1.0,2329278.0,0.9677025675773621,1.0,60.0,180.0,1800.0,1800.0,1.0047005414962769,0.019808992743492126,1.0,1.0,-0.012236599810421467,0.0,0.0,0.0,0.0,-6.413459777832031e-05,6.602997746085748e-05,0.0,0.0,6.602997746085748e-05,0.0,6.602997746085748e-05,6.602997746085748e-05,0.0,7.006492321624085e-44,1,1,0,1,1,1,0,1,1,0,1,0,1,1,1,1,1,1,1,1,0,1000,1000,0,1,5001,5001,220.0,3470.197021484375,120.0,120.0,60.0,0.0,0.4000000059604645,0.10000000149011612,0.10000000149011612,2.0,500.0,200.0,0.9900000095367432,300000.0,5000.0,45000.0,20000.0,0.019999999552965164,2.0,0.05000000074505806,0.019999999552965164,6.0,0.05000000074505806,0.019999999552965164,0.019999999552965164,88.30000305175781,0.10000000149011612,0.800000011920929,0.05000000074505806,0.009999999776482582,50.0,50.0,340.0,340.0,1000000.0,1,1,1,1,1,1,1,1,1,1,0,0,0,1,1,0,1.0,0.0,0.0,0.0,0.0031297500245273113,0.0,0.0,0.0,0.9181385636329651,0.9181385636329651,0.9181385636329651,5000.40185546875,3900517.25,3905517.75,50.0,27.617401123046875,0.4000000059604645,0.0,0.0,0.10000000149011612,0.16361968219280243,1.0,45000.0,20.0,29.28070068359375,778885.0,33.3878173828125,4589.0693359375,721.2213745117188,0.778885006904602,0.9181895852088928,9.474912643432617,1.0,3221470.5,3304317.0,9.718579292297363,20.0,0.27334079146385193,27.33407974243164,0.0,636.4223022460938,411.2987060546875,100000.0,50000.0,1115.300048828125,50000.0,700.0,2000.0,2800000.0,3500000.0,4000000.0,9.999999747378752e-05,4.999999873689376e-05,500.0,20000.0,100.0,500.0,60000.0,1200.0,1.0,120.0,150000.0,3000.0,300.0,1.0,300.0,0.019999999552965164,0.019999999552965164,0.009999999776482582,0.009999999776482582,0.009999999776482582,0.019999999552965164,1.100000023841858,0.019999999552965164,4.0,0.019999999552965164,88.0,1613.0,0.009999999776482582,0.20000000298023224,3.0,5.0,600.0,0.0010000000474974513,88.0,88.0,2000.0,2340.0,-0.11599799990653992,-0.03561130166053772,-0.04758000001311302,-0.01752999983727932,0,0,0,0,0,1,0,522.7103881835938,522.7103881835938,2.0992431640625,2.0992431640625,0.016975998878479004,31.428293228149414,164.21669006347656,1601.5697021484375,1049.9986572265625,797.5817260742188,797.5817260742188,3.203125,3.203125,1602.7669677734375,545.84912109375,0.0,0.0,2666746.75,20.00048065185547,20.00048065185547,156.30783081054688,156.30783081054688,65721.7265625,65721.7265625,1.0953620672225952,1.0953620672225952,114.20153045654297,114.20153045654297,24.998722076416016,24.998722076416016,104597.1640625,104597.1640625,25.008621215820312,155.49578857421875,158.47872924804688,2644082.0,20.00048065185547,20.00048065185547,226.7395477294922,226.7395477294922,155.94046020507812,155.94046020507812,652470.5625,652470.5625,0.0,114.43447875976562,114.43447875976562,228.8859405517578,160196.875,160196.875,1.0679792165756226,1.0679792165756226,226.0651397705078,155.94046020507812,275.7257995605469,137.86289978027344,137.86289978027344,203.93765258789062,203.93765258789062,407.87530517578125,0.0,0.0,0.0,137.84996032714844,137.84996032714844,203.93765258789062,203.93765258789062,0.026315800845623016,13.060684204101562,0.20000000298023224,0.8572914004325867,0.9053444266319275,0.8589761853218079,0.5103884935379028,0.4251628816127777,0.5123693943023682,0.9599996209144592,1.0,1.0,1.0,0.9999998211860657,0.9999998211860657,0.9999998211860657,190854.140625,193242.0625,0.0,0.0,0.0,0.0,0.0,0.0,0.0,296.3810119628906,297.7510070800781,0.0,190332.515625,190332.515625,0.0,0.0,0.0,0.0,0.870491623878479,0.870491623878479,0.870491623878479,0.8505867123603821,1194654.75,0.9959999918937683,0.9959999918937683,0.9959999918937683,0.9959999918937683,5755637.0,2737485.75,7398881.5,8493000.0,2606300.0,4009548.75,0.0039005172438919544,0.007811035495251417,1049.6192626953125,529.8148803710938,532.4259643554688,532.308349609375,332.0994567871094,362.28955078125,333.42449951171875,197.71542358398438,170.13641357421875,198.88385009765625,1601.586669921875,1049.6309814453125,350.2568359375,350.2568359375,350.2568359375,523.5523071289062,523.5523071289062,523.5523071289062,2.9998767375946045,0.8522138595581055,0.8639376759529114,2.9998791217803955,5.0,0.0040000081062316895,0.0040000081062316895,0.0040000081062316895,0.0040000081062316895,0.0,-0.4368000030517578,0.0,599975.375,164.21669006347656,164.21669006347656,0.0,20.0,2782866.5,7.25,12.0,10.25,225.1917266845703,225.1917266845703,225.1917266845703,0.0,0.0,0.7926306128501892,0.9211652278900146,10000.0,10000.0,0.011826000176370144,1038.5,0.027953999117016792,0.0,0.0,1.0878000259399414,1.0809999704360962,9.000000136438757e-05,103.0,33.220001220703125,1.8179999589920044,0.029999999329447746,49.0,8.329999923706055,4.159999847412109,58.0,302.0,4.5,0.699999988079071,0.4000000059604645,7.5,1.3799999952316284,2.492000102996826,7000.0,48.88999938964844,1.2000000476837158,45.0,62000.0,4590000.0,4250000.0,15900000.0,15100000.0,0.05000000074505806,0.17000000178813934,0.009999999776482582,15220000.0,1.6699999570846558,312.7799987792969,1.1100000143051147,4232.0,0.25,689000.0,4030000.0,9.829999923706055,8.550000190734863,12200000.0,231.10000610351562,88.3239974975586,633.0,1.1430000066757202,0.6858000159263611,-10.0,-3.7799999713897705,0.7799999713897705,295.5,4030000.0,12400000.0,0.9200000166893005,5.0,0,0,0,228,160,0,0,0,0,0,0,0,0,1,0,0,0,1,1,1,0,1,0,0,1,0,0,1,1,1,0,0,0,0,0,0,0,0,0,0,0,0,0,0,0.9349378943443298,6334403.0,1.0877995491027832,0.9822607636451721,1.0174330472946167,308.216064453125,33.6275520324707,-0.0031903418712317944,1,1,1,0,0,0,1,1,0,0,0,0,0,244,0.20000000298023224,0.20000000298023224,0.20000000298023224,0.0,2,0,0,0,0,0,0,0,0,0,0,0,0,0,0,0,0,0,0,0,0,0,0,0,0,0,0,0,0,0,0,0,0,0,0,0,0,0,0,0,0,0,0,0,0,0,0,0,0,0,0,1,0,0,0,0,0,0,0,0,0,0,0,0,0,0,0,0,0,0,0,0,0,0,0,0,0,0,0,0,0,0,0,0,0,0,0,0,0,0,0,0,0,0,0,0,0,0,0,0,0,0,0,0,0,0,0,0,0,0,0,0,0,0,0,0,0,0,0,0,0,0,0,0,0,0,0,0,0,0,0,0,0,0,0,0,0,0,0,0,0,0,0,1,0,0,0,0,0,0,0,0,0,0,0,-1,0,0,0,0,0,0,1,1,0,0,93.49378967285156,-3.378931999206543,0.0,-0.5303763747215271,-1.6815581571897805e-44,309.14569091796875,308.216064453125,718.6788330078125,-0.00014190231740940362,99.2922592163086,2663.919189453125,1.0877995491027832,1.0174330472946167,-1.0,0.92962646484375,6.827850029367255e-06,0.012087243609130383,100.0,27.0,0.0,7.799991607666016,3.4980032444000244,1.0,1.0,36.79139709472656,0.2569913864135742,20.0,1.5692035958636552e-05,0.0,74.08548736572266,1.7334463596343994,1.8179994821548462,0.00036938843550160527,0.6817498207092285,0.5431989431381226,28.810171127319336,8.919801712036133,19.639734268188477,16.1411190032959,0.5576310753822327,49.6424560546875,44.898040771484375,269.64532470703125,138.14393615722656,0.9665490388870239,324.866455078125,40.007659912109375,0.29459047317504883,291.40447998046875,291.40472412109375,291.397216796875,324.9859619140625,325.11785888671875,324.98626708984375,100.0,4.711156845092773,55.74104690551758,147.48629760742188,308.1952209472656,308.26129150390625,308.1917419433594,340.28680419921875,51.02989196777344,35.60948944091797,147.48629760742188,0.0,0.9809150695800781,0.9847606420516968,0.98113614320755,89.05155181884766,89.04798889160156,88.991943359375,64.63941192626953,64.6375503540039,64.63688659667969,50.5048942565918,50.50387954711914,50.409358978271484,99.54850769042969,99.34043884277344,99.28572845458984,1916.31005859375,1916.7333984375,1907.33349609375,521.8372802734375,522.4259033203125,521.773681640625,29.0,0.0,48.0,0.5123693943023682,0.6871809363365173,0.4251628816127777,0.724275529384613,0.5103884935379028,0.6858331561088562,41.0,78.36749267578125,64.11231994628906,226.0651397705078,97.80430603027344,9.999999974752427e-07,86.66342163085938,0.6290066242218018,155.49578857421875,0.9941748380661011,721.2213745117188,39.852294921875,31.428293228149414,1.0,9.474912643432617,77.88850402832031,0.0,0.9718579053878784,20.0,0.0,60.0,120.0,22.0,120.0,3.4701972007751465,0.0,0.0,983.13525390625,18.088523864746094,89.19801330566406,2.0,200.0,0,0,228,228,228,228,209,228,228,228,160,0,99999,99999,12,402,1800,180,1800,998,20,983,93,23,0,0,0,806,1424,29,31,32,0,0,0,0,0,0,0,0,0,0,0,0,0,0,1,0,0,0,0,1,1,1,0,1,0,0,0,1,0,0,0,0,0,0,0,0,0,0,0,0,1,0,1,0,0,1,1,0,1,0,1,0,1,0,0,0,1,1,0,1,0,1,0,0,0,1,1,1,0,0,1,0,1,0,0,0,0,1,1,0,0,1,0,0,0,1,0,0,0,0,0,0,1,0,0,0,1,1,0,0,1,0,1,0,1,0,1,0,0,0,1,0,1,1,1,0,0,1,0,0,0,0,0,1,1,1,0,0,0,0,0,0,0,0,0,0,0,1,0,1,0,1,0,0,0,0,0,0,0,0,0,1,0,1,0,1,0,1,1,1,1,1,1,1,0,0,0,0,0,0,1,0,1,1,1,1,1,1,1,1,1,1,1,1,0,0,1,1,0,0,1,1,0,1,0,1,0,1,1,0,0,0,0,0,0,0,0,1,0,0,0,1,0,1,1,0,0,1,0,0,1,1,0,1,1,1,0,1,1,0,1,0,1,1,0,0,0,0,0,0,1,1,1,1,0,0,0,0,0,0,0,0,0,0,0,0,0,0,0,0,0,0,0,0,0,0,0,0,0,0,0,0,0,0,0,0,0,0,0,0,0,0,0,0,0,0,0,0,0,0,0,0,0,0,0,0,0,0,0,0,0,0,0,0,0,0,0,1,0,0,0,1,0,0,0,0,0,0,0,0,0,0,0,0,0,0,1,0,0,0,0,0,0,0,0,0,0,0,0,0,0,0,0,0,0,0,0,0,0,0,0,0,0,0,0,0,0,0,0,0,0,0,0,0,0,0,0,0,0,0,0,0,0,0,0,0,0,0,0,0,0,0,0,0,0,0,0,0,0,0,0,1,0,1,0,0,0,0,0,1,0,0,0,0,0,0,0,0,0,0,0,0,0,0,0,1,0,0,0,0,0,0,0,0,0,0,0,0,0,0,1,0,0,0,0,0,0,0,0,0,0,1,0,0,0,0,0,0,0,0,0,0,0,0,0,0,0,0,0,0,0,0,0,0,0,0,0,0,0,1,0,0,0,0,0,0,1,1,1,0,0,0,0,0,0,-1,0,0,0,0,0,0,0,0,-1,0,0,-1,0,0,0,0,0,0,0,0,0,0,0,0,0,0,0,0,0,0,1,0,0,0,0,0,0,0,0,0,0,0,0,0,0,0,0,1,1,0,-1,-1,-1,1,1,1,0,0,0,0,1,0,0,1,1,0,0,0,0,1,0,0,0,0,0,0,0,0,0,0,0,0,0,0,0,0,0,0,0,0,0,0,0,0,0,0,0,0,0,1,1,0,1,0,1,1,0,1,0,1,1,0,1,0,0,1,0,0,0,0,0,0,0,0,0,0,0,0,0,0,0,0,0,0,0,0,0,0,0,0,0,0
0,1,1,300,228,8,8,228,114,25,1,0,0.0020000000949949026,4000.0,1.0,0.04500000178813934,25.0,48.0,8.0,291.70001220703125,1.7000000476837158,-3.179999907843012e-07,0.007360000163316727,0.008080000057816505,8.0,0.33000001311302185,0.0333000011742115,1.0,9.999999747378752e-06,21.0,9.999999747378752e-06,2775000064.0,9.000000136438757e-05,4.999999980020986e-13,5.0,40.0,3.0,-3.3499999046325684,3.3499999046325684,0.5,0.0004799999878741801,292.3927001953125,492.6077880859375,-0.0036125299520790577,0.002354159951210022,0.0008944629807956517,0.013157900422811508,0.800646185874939,0.02024419978260994,2650129920.0,0.006539999973028898,228,228,228,228,228,228,228,228,228,228,228,228,228,228,228,228,228,228,228,228,228,228,228,228,210,210,210,210,228,228,228,228,228,228,228,228,228,228,228,228,228,228,228,228,228,228,228,228,228,228,228,228,0,1,4,4,228,228,228,210,228,228,228,228,3,0,0.0004018176405224949,291.9674987792969,649.865966796875,732.0433959960938,818.5241088867188,901.9310302734375,1030.0145263671875,1062.461669921875,1073.4354248046875,1058.5843505859375,1021.83935546875,966.4580688476562,890.3052978515625,807.4920043945312,725.125244140625,650.3117065429688,577.9402465820312,519.4412841796875,475.450439453125,445.5794372558594,427.33721923828125,419.6343994140625,419.83953857421875,424.68035888671875,430.8846130371094,435.1800842285156,0.0019316733814775944,0.7174174189567566,0.7719749212265015,-0.00014073157217353582,0.7554733157157898,0.9868313670158386,110964.53125,3.448403367656283e-05,0.32237309217453003,0.7303034663200378,0.9337743520736694,0.9343566298484802,0.022355729714035988,1.0,-1.6815581571897805e-44,-3.3794872760772705,0.0,99.29218292236328,2663.925537109375,0.9435794949531555,717.9361572265625,228.0,72.0,9.586419105529785,0.20000000298023224,0.0,309.1434326171875,280621.46875,-0.5299365520477295,6.426279067993164,130.28829956054688,1.2519307136535645,7750000.0,8160000.0,86.12000274658203,119.0999984741211,0.5,9.999999747378752e-05,0.0,3.299999952316284,200.0,0.30000001192092896,309.20001220703125,2.439019908706541e-06,0,0,0,1,1,1,0,24,0,308.16741943359375,0.0,0.0,0.0,0.0,0.0,0.0,0.5101163983345032,0.8725113868713379,0.5185711979866028,-0.004227399826049805,-0.0009718526853248477,-0.000892463605850935,0.5042273998260498,0.5052210092544556,0.5052207112312317,1.0,25.0,24.0,6332377.0,6332448.5,6332627.0,291.364013671875,291.37310791015625,291.371337890625,324.9204406738281,325.0553283691406,324.9203186035156,4400000.0,308.1422119140625,308.2142333984375,308.14581298828125,33.556427001953125,33.682220458984375,33.548980712890625,324.7978820800781,4565.921875,4568.67626953125,4577.9853515625,12.798999786376953,12.80759334564209,12.808039665222168,12.66845703125,0.0,0.0,0.0020000000949949026,291.3694763183594,324.9653625488281,-39.08390808105469,1.6389600038528442,1.6422640085220337,1.642248511314392,-9.590606689453125,39.0,40.0,42.0,41.0,0.0,0.0,6331342.5,6279928.5,79.58836364746094,5.0,0.014999999664723873,-180000.0,600.0,1000000.0,400000.0,0.17000000178813934,22000.0,786000.0,120000.0,0.0,40.0,30.0,36.810001373291016,0.5,18.399999618530273,50000.0,115692.3984375,15.113750457763672,0,0,1,0,0,0,0,14430878.0,0.0,0.0,0.0,0.0,0.0,-961508.0,400000.0,1000000.0,1.0,1400000.0,0.0,0.5094834566116333,14438492.0,126869.6328125,14430878.0,340.2882080078125,40.007659912109375,5.090726852416992,-961508.0,0.0,0.0,0.0,3.5547666549682617,40.007659912109375,0.0,22230.939453125,1.2010046243667603,0.0,0.0,0.0,20.0,14.711517333984375,22.0,0.0,0.0,0.0,0.05000000074505806,0.02500000037252903,0.17000000178813934,15400000.0,0.5,6.25,0.0006667000125162303,2.0,2410000.0,4140000.0,4.734799861907959,0.15000000596046448,0.20000000298023224,0.2199999988079071,1.0,0.0,-1.0,0.0,5.0,20.0,30.0,50.0,74.0,80.0,86.0,9.800000190734863,500000.0,1.0499999802959792e-07,0.5,750.0,1000.0,600.0,1000.0,1150.0,32.0,32.0,37.400001525878906,10.0,10.0,0.007000000216066837,0.5049999952316284,82.0,189.26499938964844,0.0,1.5099999904632568,231.60000610351562,20.0,36.0,16.600000381469727,16.5,225.0,-0.1756729930639267,27.5,-0.1756729930639267,30.485509872436523,0.1561516970396042,11.10221004486084,-1.8332500457763672,-75.0,4.3520002365112305,9.800000190734863,189.26499938964844,93.30000305175781,2650000.0,0.8500000238418579,7.570000171661377,0,1,0,0,0,0,0,0,0,0,0,1,3,3,0,0,1,1,0,0,0,0,0,0,0,0,0,0,1,0,0,0,0,0,0,0,0,0,0,1,0,0,0,0,0,0,0,0,0,0,12.058822631835938,29062.857421875,2153.699951171875,0.00041492650052532554,0.0004361289902590215,0.0006248649442568421,1.0,1.0,0.0,0.0,0.0,0.5584195852279663,0.5484933257102966,1.0,0.0,0.0,0.0,1.0,0.0,0.0,1.0,1.0,0.0,1.0,1.0,0.011091053485870361,0.0,1.0,0.0,0.6400274038314819,0.6430017948150635,0.00041492650052532554,0.0,0.0,0.0,99998.78125,99999.0,2822520.75,2410000.0,36.20000076293945,36.20000076293945,36.20000076293945,32.38168716430664,269.3839416503906,137.93772888183594,49.57286071777344,26.233280181884766,38.11975860595703,27.0,28.639570236206055,27.0,0.0,32.0,20.0,68.57752227783203,3446668.0,0.5432000160217285,3.7799999713897705,4.491275310516357,8.9197998046875,0.0,0.0,0.0,1.401298464324817e-45,5.4522294998168945,5.4522294998168945,0.5049998760223389,0.5049998760223389,0.5049998760223389,0.18937495350837708,0.18937495350837708,0.18937495350837708,0.0,0.0,0.0,0.0,0.0,0.0,5.294999599456787,0.0,0.0,0.0,0.0,0.0,0.0,100.0,74.08537292480469,0.5567514896392822,0.0,20.0,0.0,5.391758441925049,5.430518627166748,0.0,0.0,0.0,0.007000000216066837,0.0,0.0,9.782456398010254,0.0,1.733445167541504,1.401298464324817e-45,5.438149929046631,0.0,0.0,0.0,0.0,0.0,0.0,20.0,0.0,0.0,14128319.0,0.0,0.0,0.0,0.0,0.0,0.0,0.0,0.351500004529953,18.93000030517578,23.030000686645508,7.69199959904654e-06,0.08500000089406967,0.009999999776482582,24.0,27.0,8.800000190734863,500000.0,0.05000000074505806,2.7000000013543968e-09,2.7000000013543968e-09,145100.0,120000.0,14650000.0,86400.0,17.0,34.5,48.70000076293945,321.8999938964844,83170.0,0.0,1.0,1.0,0.0010000000474974513,725.0,0.0,0.5,0.0,0.0,57.31999969482422,837142.875,9359.77734375,117376.1015625,2623.89794921875,83026.390625,725.0,1.0204100362898316e-05,740000000.0,1,0,1,0,1,0,1,0,0,0,0,8.799991607666016,27.0,1603.296875,0.0,0.0,0.0,0.0,0.64382404088974,0.0003986807423643768,0.0,0.012332558631896973,36.831363677978516,1.0,25195.4453125,3207.60400390625,1.601071380719077e-05,2631143424.0,4221976832.0,2842142464.0,4212061696.0,-79.53702545166016,25.661865234375,-168803232.0,9914784.0,5.438149929046631,1539.018310546875,84.97517395019531,1513.3564453125,106381.3984375,3616.93603515625,144687.65625,154691.734375,123195.4453125,19.400001525878906,36.831363677978516,36.831363677978516,1.0,1.601071380719077e-05,3207.60400390625,726552412160.0,0.19788029789924622,137600.0,137600.0,103433768.0,79.64031982421875,5812.55029296875,1.0,0.0,1700.0,250000.0,10000.0,1038.0,0.004999999888241291,400.0,5000.0,0,0,0,0,2963020.75,64.61611938476562,64.61611938476562,1227721.75,2783267.25,1.0,1.0,1228067.0,228.3863983154297,6280966.0,1.0,0.9941126704216003,1.0,1.0,1033.0711669921875,277.6607360839844,189.29330444335938,127.20890808105469,6177894.5,807818.25,189.29330444335938,1.0,1.0,1.0,135.88006591796875,1562.6573486328125,791.6159057617188,0.0,0.0,0.0,7680000.0,519.1106567382812,519.840576171875,521.6647338867188,0.0,2783267.25,0.0,129.23223876953125,0.0,0.0,278.5092468261719,1.0,0.0,-7.5742998123168945,0.0,5.605193857299268e-45,9.999999974752427e-07,0.0,2.0,0.0003000000142492354,0.004999999888241291,0.0010000000474974513,2.0000000233721948e-07,2.0000000233721948e-07,0.0005555999814532697,993000000.0,1.0,0.05000000074505806,0.10000000149011612,0.0005000000237487257,0.0016700000269338489,0.009999999776482582,1.0,1.0,0.0010000000474974513,4.999999873689376e-05,0.00039999998989515007,0.019999999552965164,0.9891999959945679,0.9891999959945679,0.9950000047683716,0.9950000047683716,1,0,0,0,0,1,0,0,1,0,1,0,0,0,0.9899383783340454,983008832.0,62986.6875,4825138.0,1159.7257080078125,2545696.75,1435.4256591796875,1.0,2329293.0,0.9678346514701843,1.0,60.0,180.0,1800.0,1800.0,1.0047005414962769,0.019808992743492126,1.0,1.0,-0.012236599810421467,0.0,0.0,0.0,0.0,-6.514787673950195e-05,6.602997746085748e-05,0.0,0.0,6.602997746085748e-05,0.0,6.602997746085748e-05,6.602997746085748e-05,0.0,7.006492321624085e-44,1,1,0,1,1,1,0,1,1,0,1,0,1,1,1,1,1,1,1,1,0,1000,1000,0,1,5001,5001,220.0,3469.815185546875,120.0,120.0,60.0,0.0,0.4000000059604645,0.10000000149011612,0.10000000149011612,2.0,500.0,200.0,0.9900000095367432,300000.0,5000.0,45000.0,20000.0,0.019999999552965164,2.0,0.05000000074505806,0.019999999552965164,6.0,0.05000000074505806,0.019999999552965164,0.019999999552965164,88.30000305175781,0.10000000149011612,0.800000011920929,0.05000000074505806,0.009999999776482582,50.0,50.0,340.0,340.0,1000000.0,1,1,1,1,1,1,1,1,1,1,0,0,0,1,1,0,1.0,0.0,0.0,0.0,0.0030044063460081816,0.0,0.0,0.0,0.9181388020515442,0.9181388020515442,0.9181388020515442,5000.40234375,3900554.25,3905554.75,50.0,27.617374420166016,0.4000000059604645,0.0,0.0,0.10000000149011612,0.16356682777404785,1.0,45000.0,20.0,29.280132293701172,778887.125,33.38701629638672,4589.0673828125,721.2213134765625,0.778887152671814,0.9181891083717346,9.474886894226074,1.0,3221461.5,3304317.0,9.718579292297363,20.0,0.2733718454837799,27.33718490600586,0.0,636.4223022460938,411.359130859375,100000.0,50000.0,1115.300048828125,50000.0,700.0,2000.0,2800000.0,3500000.0,4000000.0,9.999999747378752e-05,4.999999873689376e-05,500.0,20000.0,100.0,500.0,60000.0,1200.0,1.0,120.0,150000.0,3000.0,300.0,1.0,300.0,0.019999999552965164,0.019999999552965164,0.009999999776482582,0.009999999776482582,0.009999999776482582,0.019999999552965164,1.100000023841858,0.019999999552965164,4.0,0.019999999552965164,88.0,1613.0,0.009999999776482582,0.20000000298023224,3.0,5.0,600.0,0.0010000000474974513,88.0,88.0,2000.0,2340.0,-0.11599799990653992,-0.03561130166053772,-0.04758000001311302,-0.01752999983727932,0,0,0,0,0,1,0,522.6614990234375,522.6614990234375,2.09906005859375,2.09906005859375,0.016973527148365974,31.428281784057617,164.2166290283203,1601.287841796875,1049.921630859375,797.4413452148438,797.4413452148438,3.20257568359375,3.20257568359375,1602.49853515625,545.6605834960938,0.0,0.0,2666718.5,20.00048065185547,20.00048065185547,156.3052978515625,156.3052978515625,65721.6328125,65721.6328125,1.095360517501831,1.095360517501831,114.19319915771484,114.19319915771484,24.99871063232422,24.99871063232422,104597.1171875,104597.1171875,25.008609771728516,155.4935760498047,158.47669982910156,2644096.25,20.00048065185547,20.00048065185547,226.73031616210938,226.73031616210938,155.9390411376953,155.9390411376953,652464.625,652464.625,0.0,114.4326171875,114.4326171875,228.8822021484375,160196.28125,160196.28125,1.0679751634597778,1.0679751634597778,226.05567932128906,155.9390411376953,275.67413330078125,137.83706665039062,137.83706665039062,203.9254913330078,203.9254913330078,407.8509826660156,0.0,0.0,0.0,137.82423400878906,137.82423400878906,203.9254913330078,203.9254913330078,0.026315800845623016,13.06046199798584,0.20000000298023224,0.8567888140678406,0.9046916961669922,0.8583526015281677,0.5101163983345032,0.42479294538497925,0.5120202898979187,0.9599996209144592,1.0,1.0,1.0,0.9999998211860657,0.9999998211860657,0.9999998211860657,190853.90625,193242.0625,0.0,0.0,0.0,0.0,0.0,0.0,0.0,296.3810119628906,297.7510070800781,0.0,190353.171875,190353.171875,0.0,0.0,0.0,0.0,0.8703495264053345,0.8703495264053345,0.8703495264053345,0.8506757020950317,1194512.75,0.9959999918937683,0.9959999918937683,0.9959999918937683,0.9959999918937683,5754154.5,2737732.5,7398219.5,8491764.0,2606300.0,4009263.0,0.0039005540311336517,0.007811109069734812,1049.5211181640625,529.88671875,532.3079223632812,532.2283325195312,332.13787841796875,362.2264709472656,333.3688049316406,197.74884033203125,170.08145141601562,198.85952758789062,1601.3048095703125,1049.5328369140625,350.2464294433594,350.2464294433594,350.2464294433594,523.359130859375,523.359130859375,523.359130859375,2.999873161315918,0.8517391681671143,0.8638880252838135,2.999875068664551,5.0,0.0040000081062316895,0.0040000081062316895,0.0040000081062316895,0.0040000081062316895,0.0,-0.4368000030517578,0.0,599974.625,164.2166290283203,164.2166290283203,0.0,20.0,2782882.0,7.25,12.0,10.25,225.18540954589844,225.18540954589844,225.18540954589844,0.0,0.0,0.7926306128501892,0.9211652278900146,10000.0,10000.0,0.011826000176370144,1038.5,0.027953999117016792,0.0,0.0,1.0878000259399414,1.0809999704360962,9.000000136438757e-05,103.0,33.220001220703125,1.8179999589920044,0.029999999329447746,49.0,8.329999923706055,4.159999847412109,58.0,302.0,4.5,0.699999988079071,0.4000000059604645,7.5,1.3799999952316284,2.492000102996826,7000.0,48.88999938964844,1.2000000476837158,45.0,62000.0,4590000.0,4250000.0,15900000.0,15100000.0,0.05000000074505806,0.17000000178813934,0.009999999776482582,15220000.0,1.6699999570846558,312.7799987792969,1.1100000143051147,4232.0,0.25,689000.0,4030000.0,9.829999923706055,8.550000190734863,12200000.0,231.10000610351562,88.3239974975586,633.0,1.1430000066757202,0.6858000159263611,-10.0,-3.7799999713897705,0.7799999713897705,295.5,4030000.0,12400000.0,0.9200000166893005,5.0,0,0,0,228,160,0,0,0,0,0,0,0,0,1,0,0,0,1,1,1,0,1,0,0,1,0,0,1,1,1,0,0,0,0,0,0,0,0,0,0,0,0,0,0,0.9337743520736694,6332377.0,1.0877995491027832,0.9816356897354126,1.0168323516845703,308.1838073730469,33.60615158081055,-0.0030891080386936665,1,1,1,0,0,0,1,1,0,0,0,0,0,246,0.20000000298023224,0.20000000298023224,0.20000000298023224,0.0,2,0,0,0,0,0,0,0,0,0,0,0,0,0,0,0,0,0,0,0,0,0,0,0,0,0,0,0,0,0,0,0,0,0,0,0,0,0,0,0,0,0,0,0,0,0,0,0,0,0,0,1,0,0,0,0,0,0,0,0,0,0,0,0,0,0,0,0,0,0,0,0,0,0,0,0,0,0,0,0,0,0,0,0,0,0,0,0,0,0,0,0,0,0,0,0,0,0,0,0,0,0,0,0,0,0,0,0,0,0,0,0,0,0,0,0,0,0,0,0,0,0,0,0,0,0,0,0,0,0,0,0,0,0,0,0,0,0,0,0,0,0,0,1,0,0,0,0,0,0,0,0,0,0,0,-1,0,0,0,0,0,0,1,1,0,0,93.37743377685547,-3.3794872760772705,0.0,-0.5299365520477295,-1.6815581571897805e-44,309.1434326171875,308.1838073730469,717.9361572265625,-0.00014073157217353582,99.29218292236328,2663.925537109375,1.0877995491027832,1.0168323516845703,-1.0,0.959625244140625,6.827850029367255e-06,0.012332558631896973,100.0,27.0,0.0,7.799991607666016,3.506180763244629,1.0,1.0,36.831363677978516,0.2570968568325043,20.0,1.601071380719077e-05,0.0,74.08537292480469,1.733445167541504,1.8179994821548462,0.00036938843550160527,0.6817498207092285,0.5432000160217285,28.801284790039062,8.9197998046875,19.62802505493164,16.168590545654297,0.5584195852279663,49.57286071777344,44.898040771484375,269.3839416503906,137.93772888183594,0.9664218425750732,324.82086181640625,40.007659912109375,0.29459047317504883,291.38250732421875,291.38385009765625,291.37530517578125,324.9422607421875,325.07635498046875,324.9425048828125,100.0,4.726803302764893,55.675148010253906,147.33181762695312,308.1623840332031,308.2301025390625,308.1589050292969,340.28778076171875,50.94834518432617,35.56837463378906,147.33181762695312,0.0,0.9802803993225098,0.9841580390930176,0.9804978966712952,89.0619125366211,89.05868530273438,89.0001220703125,64.61875915527344,64.616943359375,64.6162109375,50.522071838378906,50.52210235595703,50.4227409362793,99.53301239013672,99.32877349853516,99.2704849243164,1916.02197265625,1916.3084716796875,1907.5921630859375,521.7263793945312,522.3555908203125,521.6484985351562,29.0,0.0,48.0,0.5120202898979187,0.6866821050643921,0.42479294538497925,0.7237533926963806,0.5101163983345032,0.6854310631752014,41.0,78.36749267578125,64.09160614013672,226.05567932128906,97.78832244873047,9.999999974752427e-07,86.65081024169922,0.6290925145149231,155.4935760498047,0.9941126704216003,721.2213134765625,39.8526725769043,31.428281784057617,1.0,9.474886894226074,77.88871765136719,0.0,0.9718579053878784,20.0,0.0,60.0,120.0,22.0,120.0,3.469815254211426,0.0,0.0,983.0088500976562,18.088560104370117,89.197998046875,2.0,200.0,0,0,228,228,228,228,210,228,228,228,160,0,99999,99999,12,402,1800,180,1800,998,20,983,93,23,0,0,0,806,1424,29,31,32,0,0,0,0,0,0,0,0,0,0,0,0,0,0,1,0,0,0,0,1,1,1,0,1,0,0,0,1,0,0,0,0,0,0,0,0,0,0,0,0,1,0,1,0,0,1,1,0,1,0,1,0,1,0,0,0,1,1,0,1,0,1,0,0,0,1,1,0,0,0,1,0,1,0,0,0,0,0,1,0,0,1,0,0,0,1,0,0,0,0,0,0,1,0,0,0,1,1,0,0,1,0,1,0,1,0,1,0,0,0,1,0,1,1,1,0,0,1,0,0,0,0,0,1,1,1,0,0,0,0,0,0,0,0,0,0,0,1,0,1,0,1,0,0,0,0,0,0,0,0,0,1,0,1,0,1,0,1,1,1,1,1,1,1,0,0,0,0,0,0,1,0,1,1,1,1,1,1,1,1,1,1,1,0,0,0,1,1,0,0,1,1,0,1,0,1,0,1,1,0,0,0,0,0,0,0,0,1,0,0,0,1,0,1,1,0,0,1,0,0,1,1,0,1,1,1,0,1,1,0,1,0,1,1,0,0,0,0,0,0,1,1,1,1,0,0,0,0,0,0,0,0,0,0,0,0,0,0,0,0,0,0,0,0,0,0,0,0,0,0,0,0,0,0,0,0,0,0,0,0,0,0,0,0,0,0,0,0,0,0,0,0,0,0,0,0,0,0,0,0,0,0,0,0,0,0,0,0,0,0,0,0,0,0,0,0,0,0,0,0,0,0,0,0,0,0,1,0,0,0,0,0,0,0,0,0,0,0,0,0,0,0,0,0,0,0,0,0,0,0,0,0,0,0,0,0,0,0,0,0,0,0,0,0,0,0,0,0,0,0,0,0,0,0,0,0,0,0,0,0,0,0,0,0,0,0,0,0,0,0,0,1,0,1,0,0,0,0,0,1,0,0,0,0,0,0,0,0,0,0,0,0,0,0,0,1,0,0,0,0,0,0,0,0,0,0,0,0,0,0,1,0,0,0,0,0,0,0,0,0,0,1,0,0,0,0,0,0,0,0,0,0,0,0,0,0,0,0,0,0,0,0,0,0,0,0,0,0,0,1,0,0,0,0,0,0,1,1,1,0,0,0,0,0,0,-1,0,0,0,0,0,0,0,0,-1,0,0,-1,0,0,0,0,0,0,0,0,0,0,0,0,0,0,0,0,0,0,1,0,0,0,0,0,0,0,0,0,0,0,0,0,0,0,0,1,1,0,-1,-1,-1,1,1,1,0,0,0,0,1,0,0,1,1,0,0,0,0,1,0,0,0,0,0,0,0,0,0,0,0,0,0,0,0,0,0,0,0,0,0,0,0,0,0,0,0,0,0,1,1,0,1,0,1,1,0,1,0,1,1,0,1,0,0,1,0,0,0,0,0,0,0,0,0,0,0,0,0,0,0,0,0,0,0,0,0,0,0,0,0,0
0,1,1,300,228,8,8,228,114,25,1,0,0.0020000000949949026,4000.0,1.0,0.04500000178813934,25.0,48.0,8.0,291.70001220703125,1.7000000476837158,-3.179999907843012e-07,0.007360000163316727,0.008080000057816505,8.0,0.33000001311302185,0.0333000011742115,1.0,9.999999747378752e-06,21.0,9.999999747378752e-06,2775000064.0,9.000000136438757e-05,4.999999980020986e-13,5.0,40.0,3.0,-3.3499999046325684,3.3499999046325684,0.5,0.0004799999878741801,292.3927001953125,492.6077880859375,-0.0036125299520790577,0.002354159951210022,0.0008944629807956517,0.013157900422811508,0.800646185874939,0.02024419978260994,2650129920.0,0.006539999973028898,228,228,228,228,228,228,228,228,228,228,228,228,228,228,228,228,228,228,228,228,228,228,228,228,210,210,210,210,228,228,228,228,228,228,228,228,228,228,228,228,228,228,228,228,228,228,228,228,228,228,228,228,0,1,4,4,228,228,228,210,228,228,228,228,3,0,0.0004018176405224949,291.93743896484375,648.9196166992188,730.8160400390625,816.9994506835938,900.1207885742188,1027.780029296875,1060.1397705078125,1071.119384765625,1056.3642578125,1019.7842407226562,964.6182250976562,888.739013671875,806.205322265625,724.1036376953125,649.5206909179688,577.3505249023438,519.0062866210938,475.1304931640625,445.34368896484375,427.16632080078125,419.5130920410156,419.75640869140625,424.6287536621094,430.86260986328125,435.1903381347656,0.002164364792406559,0.7161257863044739,0.7719742059707642,-0.0001411301054758951,0.7554756999015808,0.9865107536315918,110763.9921875,3.441037915763445e-05,0.3220897912979126,0.7289577722549438,0.9320487976074219,0.9326202869415283,0.022356903180480003,1.0,-1.6815581571897805e-44,-3.3802950382232666,0.0,99.29207611083984,2663.935302734375,0.9435824751853943,716.841796875,228.0,72.0,10.064119338989258,0.800000011920929,0.0,309.139892578125,280622.03125,-0.5299125909805298,6.425000190734863,130.28829956054688,1.2527803182601929,7750000.0,8160000.0,86.12000274658203,119.0999984741211,0.5,9.999999747378752e-05,0.0,3.299999952316284,200.0,0.30000001192092896,309.20001220703125,2.439019908706541e-06,0,0,0,1,1,1,0,24,0,308.1172790527344,0.0,0.0,0.0,0.0,0.0,0.0,0.5097010135650635,0.8724627494812012,0.5185642242431641,-0.004431605339050293,-0.0010150480084121227,-0.0009459409047849476,0.5044316053390503,0.5054918527603149,0.5054793357849121,1.0,25.0,24.0,6329230.5,6329307.5,6329480.0,291.3294677734375,291.3402099609375,291.33673095703125,324.85333251953125,324.99078369140625,324.85308837890625,4400000.0,308.0914001464844,308.1654968261719,308.09490966796875,33.52386474609375,33.65057373046875,33.516357421875,324.7283935546875,4564.9306640625,4567.8154296875,4576.9736328125,12.800806999206543,12.809876441955566,12.810283660888672,12.614990234375,0.0,0.0,0.0020000000949949026,291.3354797363281,324.8990783691406,-39.430599212646484,1.6396287679672241,1.643142580986023,1.6430891752243042,-9.738971710205078,39.0,40.0,42.0,41.0,0.0,0.0,6328155.0,6276730.5,79.41036224365234,5.0,0.014999999664723873,-180000.0,600.0,1000000.0,400000.0,0.17000000178813934,22000.0,786000.0,120000.0,0.0,40.0,30.0,36.810001373291016,0.5,18.399999618530273,50000.0,115692.3984375,15.113750457763672,0,0,1,0,0,0,0,14407904.0,0.0,0.0,0.0,0.0,0.0,-984423.0,400000.0,1000000.0,1.0,1400000.0,0.0,0.5082467198371887,14415577.0,126869.6328125,14407904.0,340.2894287109375,40.007659912109375,5.0783162117004395,-984423.0,0.0,0.0,0.0,3.5485098361968994,40.007659912109375,0.0,22230.939453125,1.2010046243667603,0.0,0.0,0.0,20.0,14.711517333984375,22.0,0.0,0.0,0.0,0.05000000074505806,0.02500000037252903,0.17000000178813934,15400000.0,0.5,6.25,0.0006667000125162303,2.0,2410000.0,4140000.0,4.734799861907959,0.15000000596046448,0.20000000298023224,0.2199999988079071,1.0,0.0,-1.0,0.0,5.0,20.0,30.0,50.0,74.0,80.0,86.0,9.800000190734863,500000.0,1.0499999802959792e-07,0.5,750.0,1000.0,600.0,1000.0,1150.0,32.0,32.0,37.400001525878906,10.0,10.0,0.007000000216066837,0.5049999952316284,82.0,189.26499938964844,0.0,1.5099999904632568,231.60000610351562,20.0,36.0,16.600000381469727,16.5,225.0,-0.1756729930639267,27.5,-0.1756729930639267,30.485509872436523,0.1561516970396042,11.10221004486084,-1.8332500457763672,-75.0,4.3520002365112305,9.800000190734863,189.26499938964844,93.30000305175781,2650000.0,0.8500000238418579,7.570000171661377,0,1,0,0,0,0,0,0,0,0,0,1,3,3,0,0,1,1,0,0,0,0,0,0,0,0,0,0,1,0,0,0,0,0,0,0,0,0,0,1,0,0,0,0,0,0,0,0,0,0,12.058767318725586,29062.826171875,2153.699951171875,0.00041492501622997224,0.0004361289902590215,0.0006248649442568421,1.0,1.0,0.0,0.0,0.0,0.559604287147522,0.5496312975883484,1.0,0.0,0.0,0.0,1.0,0.0,0.0,1.0,1.0,0.0,1.0,1.0,0.01107335090637207,0.0,1.0,0.0,0.6397258639335632,0.6427749991416931,0.00041492501622997224,0.0,0.0,0.0,99998.78125,99999.0,2821191.0,2410000.0,36.20000076293945,36.20000076293945,36.20000076293945,32.38532638549805,268.9881896972656,137.62486267089844,49.46698760986328,26.23815155029297,38.083396911621094,27.0,28.629169464111328,27.0,0.0,32.0,20.0,68.57752227783203,3446668.0,0.5432000160217285,3.7799999713897705,4.502758026123047,8.9197998046875,0.0,0.0,0.0,1.401298464324817e-45,5.447276592254639,5.447276592254639,0.5049998760223389,0.5049998760223389,0.5049998760223389,0.18937495350837708,0.18937495350837708,0.18937495350837708,0.0,0.0,0.0,0.0,0.0,0.0,5.294999599456787,0.0,0.0,0.0,0.0,0.0,0.0,100.0,74.08512878417969,0.5557371377944946,0.0,20.0,0.0,5.386957168579102,5.441972255706787,0.0,0.0,0.0,0.007000000216066837,0.0,0.0,9.793925285339355,0.0,1.733442783355713,1.401298464324817e-45,5.44963264465332,0.0,0.0,0.0,0.0,0.0,0.0,20.0,0.0,0.0,14105491.0,0.0,0.0,0.0,0.0,0.0,0.0,0.0,0.351500004529953,18.93000030517578,23.030000686645508,7.69199959904654e-06,0.08500000089406967,0.009999999776482582,24.0,27.0,8.800000190734863,500000.0,0.05000000074505806,2.7000000013543968e-09,2.7000000013543968e-09,145100.0,120000.0,14650000.0,86400.0,17.0,34.5,48.70000076293945,321.8999938964844,83170.0,0.0,1.0,1.0,0.0010000000474974513,725.0,0.0,0.5,0.0,0.0,57.31999969482422,837142.875,9359.77734375,117376.1015625,2623.89794921875,83026.390625,725.0,1.0204100362898316e-05,740000000.0,1,0,1,0,1,0,1,0,0,0,0,8.799991607666016,27.0,1651.0455322265625,0.0,0.0,0.0,0.0,0.66301029920578,0.0003990924742538482,0.0,0.012699841521680355,36.89095687866211,1.0,25210.9453125,3297.09619140625,1.6487834727740847e-05,2626736128.0,4219213568.0,2839295488.0,4211001088.0,-79.33938598632812,25.9471435546875,-170721792.0,8212640.0,5.44963264465332,1538.909912109375,84.78901672363281,1512.9627685546875,106381.3984375,3628.047119140625,144724.296875,154942.015625,123210.9453125,20.000003814697266,36.89095687866211,36.89095687866211,1.0,1.6487834727740847e-05,3297.09619140625,737787772928.0,0.19793975353240967,137600.0,137600.0,103191560.0,79.4625015258789,5827.93115234375,1.0,0.0,1700.0,250000.0,10000.0,1038.0,0.004999999888241291,400.0,5000.0,0,0,0,0,2962966.5,64.60997009277344,64.60997009277344,1227564.75,2783290.5,1.0,1.0,1227809.75,228.36131286621094,6277809.5,1.0,0.9940171837806702,1.0,1.0,1032.9744873046875,277.6287536621094,189.28359985351562,127.1390380859375,6174799.5,807773.875,189.28359985351562,1.0,1.0,1.0,135.84793090820312,1562.2493896484375,791.5445556640625,0.0,0.0,0.0,7680000.0,518.9299926757812,519.7113647460938,521.48974609375,0.0,2783290.5,0.0,129.21994018554688,0.0,0.0,278.4755859375,1.0,0.0,-7.5742998123168945,0.0,5.605193857299268e-45,9.999999974752427e-07,0.0,2.0,0.0003000000142492354,0.004999999888241291,0.0010000000474974513,2.0000000233721948e-07,2.0000000233721948e-07,0.0005555999814532697,993000000.0,1.0,0.05000000074505806,0.10000000149011612,0.0005000000237487257,0.0016700000269338489,0.009999999776482582,1.0,1.0,0.0010000000474974513,4.999999873689376e-05,0.00039999998989515007,0.019999999552965164,0.9891999959945679,0.9891999959945679,0.9950000047683716,0.9950000047683716,1,0,0,0,0,1,0,0,1,0,1,0,0,0,0.9897364377975464,982808256.0,62973.59765625,4824072.5,1159.4638671875,2545705.0,1435.0867919921875,1.0,2329317.5,0.9680327773094177,1.0,60.0,180.0,1800.0,1800.0,1.0047005414962769,0.019808992743492126,1.0,1.0,-0.012236599810421467,0.0,0.0,0.0,0.0,-6.884336471557617e-05,6.602997746085748e-05,0.0,0.0,6.602997746085748e-05,0.0,6.602997746085748e-05,6.602997746085748e-05,0.0,7.006492321624085e-44,1,1,0,1,1,1,0,1,1,0,1,0,1,1,1,1,1,1,1,1,0,1000,1000,0,1,5001,5001,220.0,3469.209228515625,120.0,120.0,60.0,0.0,0.4000000059604645,0.10000000149011612,0.10000000149011612,2.0,500.0,200.0,0.9900000095367432,300000.0,5000.0,45000.0,20000.0,0.019999999552965164,2.0,0.05000000074505806,0.019999999552965164,6.0,0.05000000074505806,0.019999999552965164,0.019999999552965164,88.30000305175781,0.10000000149011612,0.800000011920929,0.05000000074505806,0.009999999776482582,50.0,50.0,340.0,340.0,1000000.0,1,1,1,1,1,1,1,1,1,1,0,0,0,1,1,0,1.0,0.0,0.0,0.0,0.002825249917805195,0.0,0.0,0.0,0.9181389808654785,0.9181389808654785,0.9181389808654785,5000.4013671875,3900615.0,3905615.5,50.0,27.617334365844727,0.4000000059604645,0.0,0.0,0.10000000149011612,0.1634846180677414,1.0,45000.0,20.0,29.279329299926758,778890.3125,33.385887145996094,4589.0634765625,721.2213745117188,0.7788903117179871,0.918188214302063,9.474846839904785,1.0,3221448.0,3304317.0,9.718579292297363,20.0,0.2734184265136719,27.341842651367188,0.0,636.4223022460938,411.3258972167969,100000.0,50000.0,1115.300048828125,50000.0,700.0,2000.0,2800000.0,3500000.0,4000000.0,9.999999747378752e-05,4.999999873689376e-05,500.0,20000.0,100.0,500.0,60000.0,1200.0,1.0,120.0,150000.0,3000.0,300.0,1.0,300.0,0.019999999552965164,0.019999999552965164,0.009999999776482582,0.009999999776482582,0.009999999776482582,0.019999999552965164,1.100000023841858,0.019999999552965164,4.0,0.019999999552965164,88.0,1613.0,0.009999999776482582,0.20000000298023224,3.0,5.0,600.0,0.0010000000474974513,88.0,88.0,2000.0,2340.0,-0.11599799990653992,-0.03561130166053772,-0.04758000001311302,-0.01752999983727932,0,0,0,0,0,1,0,522.5848999023438,522.5848999023438,2.0987548828125,2.0987548828125,0.016969764605164528,31.428264617919922,164.2165069580078,1600.87939453125,1049.79833984375,797.2379150390625,797.2379150390625,3.2017822265625,3.2017822265625,1602.09375,545.37255859375,0.0,0.0,2666669.75,20.00048065185547,20.00048065185547,156.30149841308594,156.30149841308594,65721.4921875,65721.4921875,1.0953582525253296,1.0953582525253296,114.18065643310547,114.18065643310547,24.998693466186523,24.998693466186523,104597.046875,104597.046875,25.008590698242188,155.49021911621094,158.47366333007812,2644118.25,20.00048065185547,20.00048065185547,226.71669006347656,226.71669006347656,155.93682861328125,155.93682861328125,652455.375,652455.375,0.0,114.42990112304688,114.42990112304688,228.87677001953125,160195.390625,160195.390625,1.0679693222045898,1.0679693222045898,226.0415496826172,155.93682861328125,275.597412109375,137.7987060546875,137.7987060546875,203.907958984375,203.907958984375,407.81591796875,0.0,0.0,0.0,137.78599548339844,137.78599548339844,203.907958984375,203.907958984375,0.026315800845623016,13.0601167678833,0.20000000298023224,0.8560189008712769,0.9037152528762817,0.8574086427688599,0.5097010135650635,0.42424261569976807,0.5114944577217102,0.9599996209144592,1.0,1.0,1.0,0.9999998211860657,0.9999998211860657,0.9999998211860657,190853.484375,193242.0625,0.0,0.0,0.0,0.0,0.0,0.0,0.0,296.3810119628906,297.7510070800781,0.0,190382.609375,190382.609375,0.0,0.0,0.0,0.0,0.8701310157775879,0.8701310157775879,0.8701310157775879,0.8508500456809998,1194299.125,0.9959999918937683,0.9959999918937683,0.9959999918937683,0.9959999918937683,5751903.0,2738104.0,7397188.5,8489883.0,2606300.0,4008848.25,0.0039006147999316454,0.007811230607330799,1049.3673095703125,530.008056640625,532.16943359375,532.1331787109375,332.2034606933594,362.15728759765625,333.30010986328125,197.80459594726562,170.01214599609375,198.83306884765625,1600.8963623046875,1049.3790283203125,350.22845458984375,350.22845458984375,350.22845458984375,523.0543212890625,523.0543212890625,523.0543212890625,2.9998679161071777,0.8510074615478516,0.8638107776641846,2.9998693466186523,5.0,0.0040000081062316895,0.0040000081062316895,0.0040000081062316895,0.0040000081062316895,0.0,-0.4368000030517578,0.0,599973.5625,164.2165069580078,164.2165069580078,0.0,20.0,2782906.5,7.25,12.0,10.25,225.1757049560547,225.1757049560547,225.1757049560547,0.0,0.0,0.7926306128501892,0.9211652278900146,10000.0,10000.0,0.011826000176370144,1038.5,0.027953999117016792,0.0,0.0,1.0878000259399414,1.0809999704360962,9.000000136438757e-05,103.0,33.220001220703125,1.8179999589920044,0.029999999329447746,49.0,8.329999923706055,4.159999847412109,58.0,302.0,4.5,0.699999988079071,0.4000000059604645,7.5,1.3799999952316284,2.492000102996826,7000.0,48.88999938964844,1.2000000476837158,45.0,62000.0,4590000.0,4250000.0,15900000.0,15100000.0,0.05000000074505806,0.17000000178813934,0.009999999776482582,15220000.0,1.6699999570846558,312.7799987792969,1.1100000143051147,4232.0,0.25,689000.0,4030000.0,9.829999923706055,8.550000190734863,12200000.0,231.10000610351562,88.3239974975586,633.0,1.1430000066757202,0.6858000159263611,-10.0,-3.7799999713897705,0.7799999713897705,295.5,4030000.0,12400000.0,0.9200000166893005,5.0,0,0,0,228,160,0,0,0,0,0,0,0,0,1,0,0,0,1,1,1,0,1,0,0,1,0,0,1,1,1,0,0,0,0,0,0,0,0,0,0,0,0,0,0,0.9320487976074219,6329230.5,1.0877995491027832,0.9806954264640808,1.015944004058838,308.1341552734375,33.5739631652832,-0.0029837344773113728,1,1,1,0,0,0,1,1,0,0,0,0,0,249,0.20000000298023224,0.20000000298023224,0.20000000298023224,0.0,2,0,0,0,0,0,0,0,0,0,0,0,0,0,0,0,0,0,0,0,0,0,0,0,0,0,0,0,0,0,0,0,0,0,0,0,0,0,0,0,0,0,0,0,0,0,0,0,0,0,0,1,0,0,0,0,0,0,0,0,0,0,0,0,0,0,0,0,0,0,0,0,0,0,0,0,0,0,0,0,0,0,0,0,0,0,0,0,0,0,0,0,0,0,0,0,0,0,0,0,0,0,0,0,0,0,0,0,0,0,0,0,0,0,0,0,0,0,0,0,0,0,0,0,0,0,0,0,0,0,0,0,0,0,0,0,0,0,0,0,0,0,0,1,0,0,0,0,0,0,0,0,0,0,0,-1,0,0,0,0,0,0,1,1,0,0,93.20487976074219,-3.3802950382232666,0.0,-0.5299125909805298,-1.6815581571897805e-44,309.139892578125,308.1341552734375,716.841796875,-0.0001411301054758951,99.29207611083984,2663.935302734375,1.0877995491027832,1.015944004058838,-1.0,1.0057373046875,6.827850029367255e-06,0.012699841521680355,100.0,27.0,0.0,7.799991607666016,3.518131732940674,1.0,1.0,36.89095687866211,0.25725501775741577,20.0,1.6487834727740847e-05,0.0,74.08512878417969,1.733442783355713,1.8179994821548462,0.00036938843550160527,0.6817498207092285,0.5432000160217285,28.787715911865234,8.9197998046875,19.61019515991211,16.209928512573242,0.559604287147522,49.46698760986328,44.898040771484375,268.9881896972656,137.62486267089844,0.966230034828186,324.75177001953125,40.007659912109375,0.29459047317504883,291.34844970703125,291.35137939453125,291.3411865234375,324.8756103515625,325.01251220703125,324.87579345703125,100.0,4.749041557312012,55.57371520996094,147.09799194335938,308.1120300292969,308.18194580078125,308.1084899902344,340.2890625,50.82467269897461,35.50602340698242,147.09799194335938,0.0,0.9793283343315125,0.9832416772842407,0.9795458316802979,89.07752227783203,89.0746078491211,89.01260375976562,64.5866470336914,64.58489227294922,64.5841064453125,50.547935485839844,50.54918670654297,50.44316101074219,99.51050567626953,99.3105697631836,99.24864959716797,1915.679443359375,1915.8099365234375,1908.0289306640625,521.5465698242188,522.235107421875,521.46533203125,29.0,0.0,48.0,0.5114944577217102,0.6859269142150879,0.42424261569976807,0.7229722142219543,0.5097010135650635,0.6848151087760925,41.0,78.36749267578125,64.05939483642578,226.0415496826172,97.7627944946289,9.999999974752427e-07,86.6316146850586,0.6292212605476379,155.49021911621094,0.9940171837806702,721.2213745117188,39.853294372558594,31.428264617919922,1.0,9.474846839904785,77.88903045654297,0.0,0.9718579053878784,20.0,0.0,60.0,120.0,22.0,120.0,3.4692094326019287,0.0,0.0,982.8082275390625,18.088560104370117,89.197998046875,2.0,200.0,0,0,228,228,228,228,210,228,228,228,160,0,99999,99999,12,402,1800,180,1800,998,20,982,93,23,0,0,0,806,1424,29,31,32,0,0,0,0,0,0,0,0,0,0,0,0,0,0,1,0,0,0,0,1,1,1,0,1,0,0,0,1,0,0,0,0,0,0,0,0,0,0,0,0,1,0,1,0,0,1,1,0,1,0,1,0,1,0,0,0,1,1,0,1,0,1,0,0,0,1,1,1,0,0,1,0,1,0,0,0,0,1,1,0,0,1,0,0,0,1,0,0,0,0,0,0,1,0,0,0,1,1,0,0,1,0,1,0,1,0,1,0,0,0,1,0,1,1,1,0,0,1,0,0,0,0,0,1,1,1,0,0,0,0,0,0,0,0,0,0,0,1,0,1,0,1,0,0,0,0,0,0,0,0,0,1,0,1,0,1,0,1,1,1,1,1,1,1,0,0,0,0,0,0,1,0,1,1,1,1,1,1,1,1,1,1,1,1,0,0,1,1,0,0,1,1,0,1,0,1,0,1,1,0,0,0,0,0,0,0,0,1,0,0,0,1,0,1,1,0,0,1,0,0,1,1,0,1,1,1,0,1,1,0,1,0,1,1,0,0,0,0,0,0,1,1,1,1,0,0,0,0,0,0,0,0,0,0,0,0,0,0,0,0,0,0,0,0,0,0,0,0,0,0,0,0,0,0,0,0,0,0,0,0,0,0,0,0,0,0,0,0,0,0,0,0,0,0,0,0,0,0,0,0,0,0,0,0,0,0,0,1,0,0,0,1,0,0,0,0,0,0,0,0,0,0,0,0,0,0,0,0,0,0,0,0,0,0,0,0,0,0,0,0,0,0,0,0,0,0,0,0,0,0,0,0,0,0,0,0,0,0,0,0,0,0,0,0,0,0,0,0,0,0,0,0,0,0,0,0,0,0,0,0,0,0,0,0,0,0,0,0,0,0,0,1,0,1,0,0,0,0,0,1,0,0,0,0,0,0,0,0,0,0,0,0,0,0,0,1,0,0,0,0,0,0,0,0,0,0,0,0,0,0,1,0,0,0,0,0,0,0,0,0,0,1,0,0,0,0,0,0,0,0,0,0,0,0,0,0,0,0,0,0,0,0,0,0,0,0,0,0,0,1,0,0,0,0,0,0,1,1,1,0,0,0,0,0,0,-1,0,0,0,0,0,0,0,0,-1,0,0,-1,0,0,0,0,0,0,0,0,0,0,0,0,0,0,0,0,0,0,1,0,0,0,0,0,0,0,0,0,0,0,0,0,0,0,0,1,1,0,-1,-1,-1,1,1,1,0,0,0,0,1,0,0,1,1,0,0,0,0,1,0,0,0,0,0,0,0,0,0,0,0,0,0,0,0,0,0,0,0,0,0,0,0,0,0,0,0,0,0,1,1,0,1,0,1,1,0,1,0,1,1,0,1,0,0,1,0,0,0,0,0,0,0,0,0,0,0,0,0,0,0,0,0,0,0,0,0,0,0,0,0,0
0,1,1,300,228,8,8,228,114,25,1,0,0.0020000000949949026,4000.0,1.0,0.04500000178813934,25.0,48.0,8.0,291.70001220703125,1.7000000476837158,-3.179999907843012e-07,0.007360000163316727,0.008080000057816505,8.0,0.33000001311302185,0.0333000011742115,1.0,9.999999747378752e-06,21.0,9.999999747378752e-06,2775000064.0,9.000000136438757e-05,4.999999980020986e-13,5.0,40.0,3.0,-3.3499999046325684,3.3499999046325684,0.5,0.0004799999878741801,292.3927001953125,492.6077880859375,-0.0036125299520790577,0.002354159951210022,0.0008944629807956517,0.013157900422811508,0.800646185874939,0.02024419978260994,2650129920.0,0.006539999973028898,228,228,228,228,228,228,228,228,228,228,228,228,228,228,228,228,228,228,228,228,228,228,228,228,211,211,211,211,228,228,228,228,228,228,228,228,228,228,228,228,228,228,228,228,228,228,228,228,228,228,228,228,0,1,4,4,228,228,228,211,228,228,228,228,3,0,0.0004018176405224949,291.90631103515625,648.0140991210938,729.6341552734375,815.525146484375,898.365478515625,1025.6068115234375,1057.8797607421875,1068.86376953125,1054.2015380859375,1017.7818603515625,962.8255615234375,887.21240234375,804.950927734375,723.1080932617188,648.7505493164062,576.776611328125,518.5841674804688,474.8229064941406,445.12249755859375,427.01434326171875,419.4173583984375,419.7071533203125,424.6202697753906,430.8931884765625,435.26239013671875,0.0023916400969028473,0.7149138450622559,0.7719734907150269,-0.0001394314313074574,0.7554782032966614,0.9861836433410645,110579.0859375,3.4340988349867985e-05,0.32180097699165344,0.727695643901825,0.9304397702217102,0.9309743046760559,0.02236349880695343,1.0,-1.6815581571897805e-44,-3.3810622692108154,0.0,99.29193878173828,2663.945556640625,0.9435855746269226,715.779296875,228.0,72.0,10.560128211975098,0.4000000059604645,0.0,309.13616943359375,280622.59375,-0.5294550061225891,6.4237213134765625,130.28829956054688,1.2534986734390259,7750000.0,8160000.0,86.12000274658203,119.0999984741211,0.5,9.999999747378752e-05,0.0,3.299999952316284,200.0,0.30000001192092896,309.20001220703125,2.439019908706541e-06,0,0,0,1,1,1,0,24,0,308.06585693359375,0.0,0.0,0.0,0.0,0.0,0.0,0.5092752575874329,0.8724119663238525,0.5185568928718567,-0.004640817642211914,-0.0010602980619296432,-0.001002087607048452,0.5046408176422119,0.505760908126831,0.5057389736175537,1.0,25.0,24.0,6325957.0,6326041.0,6326209.5,291.2933349609375,291.30572509765625,291.30078125,324.7853088378906,324.9250793457031,324.7849426269531,4400000.0,308.039306640625,308.11541748046875,308.0428466796875,33.491973876953125,33.619354248046875,33.484161376953125,324.6583557128906,4563.97705078125,4566.91650390625,4575.99169921875,12.80265998840332,12.812152862548828,12.812543869018555,12.561126708984375,0.0,0.0,0.0020000000949949026,291.2999572753906,324.831787109375,-39.71595001220703,1.6403151750564575,1.6440151929855347,1.643936276435852,-9.90679931640625,39.0,40.0,42.0,41.0,0.0,0.0,6324836.5,6273402.0,79.23493957519531,5.0,0.014999999664723873,-180000.0,600.0,1000000.0,400000.0,0.17000000178813934,22000.0,786000.0,120000.0,0.0,40.0,30.0,36.810001373291016,0.5,18.399999618530273,50000.0,115692.3984375,15.113750457763672,0,0,1,0,0,0,0,14384798.0,0.0,0.0,0.0,0.0,0.0,-1007485.0,400000.0,1000000.0,1.0,1400000.0,0.0,0.5069984793663025,14392515.0,126869.6328125,14384798.0,340.290771484375,40.007659912109375,5.0658040046691895,-1007485.0,0.0,0.0,0.0,3.5422017574310303,40.007659912109375,0.0,22230.939453125,1.2010046243667603,0.0,0.0,0.0,20.0,14.711517333984375,22.0,0.0,0.0,0.0,0.05000000074505806,0.02500000037252903,0.17000000178813934,15400000.0,0.5,6.25,0.0006667000125162303,2.0,2410000.0,4140000.0,4.734799861907959,0.15000000596046448,0.20000000298023224,0.2199999988079071,1.0,0.0,-1.0,0.0,5.0,20.0,30.0,50.0,74.0,80.0,86.0,9.800000190734863,500000.0,1.0499999802959792e-07,0.5,750.0,1000.0,600.0,1000.0,1150.0,32.0,32.0,37.400001525878906,10.0,10.0,0.007000000216066837,0.5049999952316284,82.0,189.26499938964844,0.0,1.5099999904632568,231.60000610351562,20.0,36.0,16.600000381469727,16.5,225.0,-0.1756729930639267,27.5,-0.1756729930639267,30.485509872436523,0.1561516970396042,11.10221004486084,-1.8332500457763672,-75.0,4.3520002365112305,9.800000190734863,189.26499938964844,93.30000305175781,2650000.0,0.8500000238418579,7.570000171661377,0,1,0,0,0,0,0,0,0,0,0,1,3,3,0,0,1,1,0,0,0,0,0,0,0,0,0,0,1,0,0,0,0,0,0,0,0,0,0,1,0,0,0,0,0,0,0,0,0,0,12.058708190917969,29062.787109375,2153.699951171875,0.00041492353193461895,0.0004361289902590215,0.0006248649442568421,1.0,1.0,0.0,0.0,0.0,0.5607907176017761,0.5507743954658508,1.0,0.0,0.0,0.0,1.0,0.0,0.0,1.0,1.0,0.0,1.0,1.0,0.011048614978790283,0.0,1.0,0.0,0.639418363571167,0.6425426006317139,0.00041492353193461895,0.0,0.0,0.0,99998.78125,99999.0,2819835.0,2410000.0,36.20000076293945,36.20000076293945,36.20000076293945,32.38893127441406,268.5882873535156,137.30816650390625,49.35953903198242,26.24306869506836,38.046607971191406,27.0,28.61861801147461,27.0,0.0,32.0,20.0,68.57752227783203,3446668.0,0.5432000160217285,3.7799999713897705,4.514278411865234,8.9197998046875,0.0,0.0,0.0,1.401298464324817e-45,5.442257404327393,5.442257404327393,0.5049998760223389,0.5049998760223389,0.5049998760223389,0.18937495350837708,0.18937495350837708,0.18937495350837708,0.0,0.0,0.0,0.0,0.0,0.0,5.294999599456787,0.0,0.0,0.0,0.0,0.0,0.0,100.0,74.08480072021484,0.5546953678131104,0.0,20.0,0.0,5.38212776184082,5.4534687995910645,0.0,0.0,0.0,0.007000000216066837,0.0,0.0,9.805434226989746,0.0,1.7334394454956055,1.401298464324817e-45,5.461153030395508,0.0,0.0,0.0,0.0,0.0,0.0,20.0,0.0,0.0,14082465.0,0.0,0.0,0.0,0.0,0.0,0.0,0.0,0.351500004529953,18.93000030517578,23.030000686645508,7.69199959904654e-06,0.08500000089406967,0.009999999776482582,24.0,27.0,8.800000190734863,500000.0,0.05000000074505806,2.7000000013543968e-09,2.7000000013543968e-09,145100.0,120000.0,14650000.0,86400.0,17.0,34.5,48.70000076293945,321.8999938964844,83170.0,0.0,1.0,1.0,0.0010000000474974513,725.0,0.0,0.5,0.0,0.0,57.31999969482422,837142.875,9359.77734375,117376.1015625,2623.89794921875,83026.390625,725.0,1.0204100362898316e-05,740000000.0,1,0,1,0,1,0,1,0,0,0,0,8.799991607666016,27.0,1698.68798828125,0.0,0.0,0.0,0.0,0.6821538805961609,0.0003994464932475239,0.0,0.0130663076415658,36.950130462646484,1.0,25226.3671875,3386.28662109375,1.696389699645806e-05,2623268096.0,4216453376.0,2836392448.0,4209857280.0,-79.14456939697266,26.3287353515625,-172458400.0,6596288.0,5.461153030395508,1538.86767578125,84.60572052001953,1512.5389404296875,106381.3984375,3639.10986328125,144760.875,155190.546875,123226.3671875,20.600006103515625,36.950130462646484,36.950130462646484,1.0,1.696389699645806e-05,3386.28662109375,748578734080.0,0.19799907505512238,137600.0,137600.0,102952456.0,79.28760528564453,5843.2578125,1.0,0.0,1700.0,250000.0,10000.0,1038.0,0.004999999888241291,400.0,5000.0,0,0,0,0,2962911.75,64.60364532470703,64.60364532470703,1227401.25,2783315.25,1.0,1.0,1227548.375,228.3361358642578,6274528.5,1.0,0.9939190149307251,1.0,1.0,1032.8795166015625,277.5954895019531,189.27374267578125,127.06704711914062,6171581.0,807728.875,189.27374267578125,1.0,1.0,1.0,135.81381225585938,1561.8104248046875,791.47509765625,0.0,0.0,0.0,7680000.0,518.7298583984375,519.5792236328125,521.3043212890625,0.0,2783315.25,0.0,129.20729064941406,0.0,0.0,278.4405212402344,1.0,0.0,-7.5742998123168945,0.0,5.605193857299268e-45,9.999999974752427e-07,0.0,2.0,0.0003000000142492354,0.004999999888241291,0.0010000000474974513,2.0000000233721948e-07,2.0000000233721948e-07,0.0005555999814532697,993000000.0,1.0,0.05000000074505806,0.10000000149011612,0.0005000000237487257,0.0016700000269338489,0.009999999776482582,1.0,1.0,0.0010000000474974513,4.999999873689376e-05,0.00039999998989515007,0.019999999552965164,0.9891999959945679,0.9891999959945679,0.9950000047683716,0.9950000047683716,1,0,0,0,0,1,0,0,1,0,1,0,0,0,0.9895244836807251,982597824.0,62959.02734375,4822996.5,1159.1724853515625,2545714.0,1434.7191162109375,1.0,2329345.25,0.9682309031486511,1.0,60.0,180.0,1800.0,1800.0,1.0047005414962769,0.019808992743492126,1.0,1.0,-0.012236599810421467,0.0,0.0,0.0,0.0,-7.140636444091797e-05,6.602997746085748e-05,0.0,0.0,6.602997746085748e-05,0.0,6.602997746085748e-05,6.602997746085748e-05,0.0,7.006492321624085e-44,1,1,0,1,1,1,0,1,1,0,1,0,1,1,1,1,1,1,1,1,0,1000,1000,0,1,5001,5001,220.0,3468.573486328125,120.0,120.0,60.0,0.0,0.4000000059604645,0.10000000149011612,0.10000000149011612,2.0,500.0,200.0,0.9900000095367432,300000.0,5000.0,45000.0,20000.0,0.019999999552965164,2.0,0.05000000074505806,0.019999999552965164,6.0,0.05000000074505806,0.019999999552965164,0.019999999552965164,88.30000305175781,0.10000000149011612,0.800000011920929,0.05000000074505806,0.009999999776482582,50.0,50.0,340.0,340.0,1000000.0,1,1,1,1,1,1,1,1,1,1,0,0,0,1,1,0,1.0,0.0,0.0,0.0,0.0026569687761366367,0.0,0.0,0.0,0.9181391596794128,0.9181391596794128,0.9181391596794128,5000.40185546875,3900682.5,3905683.0,50.0,27.617294311523438,0.4000000059604645,0.0,0.0,0.10000000149011612,0.16339917480945587,1.0,45000.0,20.0,29.278581619262695,778893.5,33.38482666015625,4589.060546875,721.2213745117188,0.7788934707641602,0.9181872606277466,9.474807739257812,1.0,3221434.5,3304317.0,9.718579292297363,20.0,0.27346500754356384,27.346500396728516,0.0,636.4223022460938,411.3135070800781,100000.0,50000.0,1115.300048828125,50000.0,700.0,2000.0,2800000.0,3500000.0,4000000.0,9.999999747378752e-05,4.999999873689376e-05,500.0,20000.0,100.0,500.0,60000.0,1200.0,1.0,120.0,150000.0,3000.0,300.0,1.0,300.0,0.019999999552965164,0.019999999552965164,0.009999999776482582,0.009999999776482582,0.009999999776482582,0.019999999552965164,1.100000023841858,0.019999999552965164,4.0,0.019999999552965164,88.0,1613.0,0.009999999776482582,0.20000000298023224,3.0,5.0,600.0,0.0010000000474974513,88.0,88.0,2000.0,2340.0,-0.11599799990653992,-0.03561130166053772,-0.04758000001311302,-0.01752999983727932,0,0,0,0,0,1,0,522.5048217773438,522.5048217773438,2.098388671875,2.098388671875,0.016965927556157112,31.428247451782227,164.21636962890625,1600.490966796875,1049.6661376953125,797.0444946289062,797.0444946289062,3.20098876953125,3.20098876953125,1601.6915283203125,545.07958984375,0.0,0.0,2666620.5,20.00048065185547,20.00048065185547,156.2977294921875,156.2977294921875,65721.34375,65721.34375,1.095355749130249,1.095355749130249,114.1680679321289,114.1680679321289,24.998682022094727,24.998682022094727,104596.9921875,104596.9921875,25.008573532104492,155.48681640625,158.47056579589844,2644141.0,20.00048065185547,20.00048065185547,226.7032470703125,226.7032470703125,155.93455505371094,155.93455505371094,652445.8125,652445.8125,0.0,114.42689514160156,114.42689514160156,228.87075805664062,160194.5,160194.5,1.0679633617401123,1.0679633617401123,226.02749633789062,155.93455505371094,275.52130126953125,137.76065063476562,137.76065063476562,203.8900909423828,203.8900909423828,407.7801818847656,0.0,0.0,0.0,137.7480010986328,137.7480010986328,203.8900909423828,203.8900909423828,0.026315800845623016,13.059757232666016,0.20000000298023224,0.855226993560791,0.9027377367019653,0.8564546704292297,0.5092752575874329,0.42369544506073,0.5109661221504211,0.9599996209144592,1.0,1.0,1.0,0.9999998211860657,0.9999998211860657,0.9999998211860657,190853.109375,193242.0625,0.0,0.0,0.0,0.0,0.0,0.0,0.0,296.3810119628906,297.7510070800781,0.0,190410.28125,190410.28125,0.0,0.0,0.0,0.0,0.8699058294296265,0.8699058294296265,0.8699058294296265,0.8510719537734985,1194084.625,0.9959999918937683,0.9959999918937683,0.9959999918937683,0.9959999918937683,5749612.5,2738476.25,7396108.5,8487964.0,2606300.0,4008452.25,0.003900682320818305,0.007811365649104118,1049.2064208984375,530.139404296875,532.0661010742188,532.0613403320312,332.2746887207031,362.111083984375,333.2452087402344,197.86471557617188,169.95501708984375,198.81613159179688,1600.5079345703125,1049.2181396484375,350.20855712890625,350.20855712890625,350.20855712890625,522.7315673828125,522.7315673828125,522.7315673828125,2.9998631477355957,0.8502506613731384,0.8637305498123169,2.9998648166656494,5.0,0.0040000081062316895,0.0040000081062316895,0.0040000081062316895,0.0040000081062316895,0.0,-0.4368000030517578,0.0,599972.625,164.21636962890625,164.21636962890625,0.0,20.0,2782931.5,7.25,12.0,10.25,225.1657257080078,225.1657257080078,225.1657257080078,0.0,0.0,0.7926306128501892,0.9211652278900146,10000.0,10000.0,0.011826000176370144,1038.5,0.027953999117016792,0.0,0.0,1.0878000259399414,1.0809999704360962,9.000000136438757e-05,103.0,33.220001220703125,1.8179999589920044,0.029999999329447746,49.0,8.329999923706055,4.159999847412109,58.0,302.0,4.5,0.699999988079071,0.4000000059604645,7.5,1.3799999952316284,2.492000102996826,7000.0,48.88999938964844,1.2000000476837158,45.0,62000.0,4590000.0,4250000.0,15900000.0,15100000.0,0.05000000074505806,0.17000000178813934,0.009999999776482582,15220000.0,1.6699999570846558,312.7799987792969,1.1100000143051147,4232.0,0.25,689000.0,4030000.0,9.829999923706055,8.550000190734863,12200000.0,231.10000610351562,88.3239974975586,633.0,1.1430000066757202,0.6858000159263611,-10.0,-3.7799999713897705,0.7799999713897705,295.5,4030000.0,12400000.0,0.9200000166893005,5.0,0,0,0,228,160,0,0,0,0,0,0,0,0,1,0,0,0,1,1,1,0,1,0,0,1,0,0,1,1,1,0,0,0,0,0,0,0,0,0,0,0,0,0,0,0.9304397702217102,6325957.0,1.0877995491027832,0.9797651171684265,1.0150758028030396,308.0831604003906,33.5421142578125,-0.00283564580604434,1,1,1,0,0,0,1,1,0,0,0,0,0,252,0.20000000298023224,0.20000000298023224,0.20000000298023224,0.0,2,0,0,0,0,0,0,0,0,0,0,0,0,0,0,0,0,0,0,0,0,0,0,0,0,0,0,0,0,0,0,0,0,0,0,0,0,0,0,0,0,0,0,0,0,0,0,0,0,0,0,1,0,0,0,0,0,0,0,0,0,0,0,0,0,0,0,0,0,0,0,0,0,0,0,0,0,0,0,0,0,0,0,0,0,0,0,0,0,0,0,0,0,0,0,0,0,0,0,0,0,0,0,0,0,0,0,0,0,0,0,0,0,0,0,0,0,0,0,0,0,0,0,0,0,0,0,0,0,0,0,0,0,0,0,0,0,0,0,0,0,0,0,1,0,0,0,0,0,0,0,0,0,0,0,-1,0,0,0,0,0,0,1,1,0,0,93.04397583007812,-3.3810622692108154,0.0,-0.5294550061225891,-1.6815581571897805e-44,309.13616943359375,308.0831604003906,715.779296875,-0.0001394314313074574,99.29193878173828,2663.945556640625,1.0877995491027832,1.0150758028030396,-1.0,1.053009033203125,6.827850029367255e-06,0.0130663076415658,100.0,27.0,0.0,7.799991607666016,3.529723644256592,1.0,1.0,36.950130462646484,0.2574123740196228,20.0,1.696389699645806e-05,0.0,74.08480072021484,1.7334394454956055,1.8179994821548462,0.00036938843550160527,0.6817498207092285,0.5432000160217285,28.773880004882812,8.9197998046875,19.592126846313477,16.251401901245117,0.5607907176017761,49.35953903198242,44.898040771484375,268.5882873535156,137.30816650390625,0.9660372734069824,324.6818542480469,40.007659912109375,0.29459047317504883,291.31292724609375,291.3173828125,291.30548095703125,324.8078308105469,324.9471130371094,324.8081970214844,100.0,4.769688606262207,55.46953582763672,146.8626708984375,308.06036376953125,308.13226318359375,308.05682373046875,340.29034423828125,50.69984817504883,35.443092346191406,146.8626708984375,0.0,0.9783861041069031,0.9823244214057922,0.978614330291748,89.09318542480469,89.09043884277344,89.02538299560547,64.55327606201172,64.55155944824219,64.55069732666016,50.57389831542969,50.57609176635742,50.464080810546875,99.48914337158203,99.29124450683594,99.22765350341797,1915.4207763671875,1915.4378662109375,1908.5018310546875,521.363037109375,522.09521484375,521.260498046875,29.0,0.0,48.0,0.5109661221504211,0.6851637363433838,0.42369544506073,0.7221902012825012,0.5092752575874329,0.6841816306114197,41.0,78.36749267578125,64.02591705322266,226.02749633789062,97.73532104492188,9.999999974752427e-07,86.6120376586914,0.6293500661849976,155.48681640625,0.9939190149307251,721.2213745117188,39.853981018066406,31.428247451782227,1.0,9.474807739257812,77.88934326171875,0.0,0.9718579053878784,20.0,0.0,60.0,120.0,22.0,120.0,3.468573570251465,0.0,0.0,982.5978393554688,18.088560104370117,89.197998046875,2.0,200.0,0,0,228,228,228,228,211,228,228,228,160,0,99999,99999,12,402,1800,180,1800,998,20,982,93,23,0,0,0,806,1424,29,31,32,0,0,0,0,0,0,0,0,0,0,0,0,0,0,1,0,0,0,0,1,1,1,0,1,0,0,0,1,0,0,0,0,0,0,0,0,0,0,0,0,1,0,1,0,0,1,1,0,1,0,1,0,1,0,0,0,1,1,0,1,0,1,0,0,0,1,1,1,0,0,1,0,1,0,0,0,0,1,1,0,0,1,0,0,0,1,0,0,0,0,0,0,1,0,0,0,1,1,0,0,1,0,1,0,1,0,1,0,0,0,1,0,1,1,1,0,0,1,0,0,0,0,0,1,1,1,0,0,0,0,0,0,0,0,0,0,0,1,0,1,0,1,0,0,0,0,0,0,0,0,0,1,0,1,0,1,0,1,1,1,1,1,1,1,0,0,0,0,0,0,1,0,1,1,1,1,1,1,1,1,1,1,1,1,0,0,1,1,0,0,1,1,0,1,0,1,0,1,1,0,0,0,0,0,0,0,0,1,0,0,0,1,0,1,1,0,0,1,0,0,1,1,0,1,1,1,0,1,1,0,1,0,1,1,0,0,0,0,0,0,1,1,1,1,0,0,0,0,0,0,0,0,0,0,0,0,0,0,0,0,0,0,0,0,0,0,0,0,0,0,0,0,0,0,0,0,0,0,0,0,0,0,0,0,0,0,0,0,0,0,0,0,0,0,0,0,0,0,0,0,0,0,0,0,0,0,0,1,0,0,0,1,0,0,0,0,0,0,0,0,0,0,0,0,0,0,1,0,0,0,0,0,0,0,0,0,0,0,0,0,0,0,0,0,0,0,0,0,0,0,0,0,0,0,0,0,0,0,0,0,0,0,0,0,0,0,0,0,0,0,0,0,0,0,0,0,0,0,0,0,0,0,0,0,0,0,0,0,0,0,0,1,0,1,0,0,0,0,0,1,0,0,0,0,0,0,0,0,0,0,0,0,0,0,0,1,0,0,0,0,0,0,0,0,0,0,0,0,0,0,1,0,0,0,0,0,0,0,0,0,0,1,0,0,0,0,0,0,0,0,0,0,0,0,0,0,0,0,0,0,0,0,0,0,0,0,0,0,0,1,0,0,0,0,0,0,1,1,1,0,0,0,0,0,0,-1,0,0,0,0,0,0,0,0,-1,0,0,-1,0,0,0,0,0,0,0,0,0,0,0,0,0,0,0,0,0,0,1,0,0,0,0,0,0,0,0,0,0,0,0,0,0,0,0,1,1,0,-1,-1,-1,1,1,1,0,0,0,0,1,0,0,1,1,0,0,0,0,1,0,0,0,0,0,0,0,0,0,0,0,0,0,0,0,0,0,0,0,0,0,0,0,0,0,0,0,0,0,1,1,0,1,0,1,1,0,1,0,1,1,0,1,0,0,1,0,0,0,0,0,0,0,0,0,0,0,0,0,0,0,0,0,0,0,0,0,0,0,0,0,0
0,1,1,300,228,8,8,228,114,25,1,0,0.0020000000949949026,4000.0,1.0,0.04500000178813934,25.0,48.0,8.0,291.70001220703125,1.7000000476837158,-3.179999907843012e-07,0.007360000163316727,0.008080000057816505,8.0,0.33000001311302185,0.0333000011742115,1.0,9.999999747378752e-06,21.0,9.999999747378752e-06,2775000064.0,9.000000136438757e-05,4.999999980020986e-13,5.0,40.0,3.0,-3.3499999046325684,3.3499999046325684,0.5,0.0004799999878741801,292.3927001953125,492.6077880859375,-0.0036125299520790577,0.002354159951210022,0.0008944629807956517,0.013157900422811508,0.800646185874939,0.02024419978260994,2650129920.0,0.006539999973028898,228,228,228,228,228,228,228,228,228,228,228,228,228,228,228,228,228,228,228,228,228,228,228,228,212,212,212,212,228,228,228,228,228,228,228,228,228,228,228,228,228,228,228,228,228,228,228,228,228,228,228,228,0,1,4,4,228,228,228,212,228,228,228,228,3,0,0.00040181848453357816,291.87384033203125,647.1463623046875,728.4947509765625,814.0985107421875,896.662841796875,1023.4927978515625,1055.6788330078125,1066.6651611328125,1052.091552734375,1015.8263549804688,961.0730590820312,885.71826171875,803.721435546875,722.1302490234375,647.9920654296875,576.2092895507812,518.16455078125,474.5143737792969,444.8970947265625,426.8548889160156,419.310546875,419.6430969238281,424.5931396484375,430.9012145996094,435.3080139160156,0.0026139970868825912,0.7137508392333984,0.7719727754592896,-0.00013751241203863174,0.7554807066917419,0.9858506917953491,110397.171875,3.427503179409541e-05,0.3215073347091675,0.7264848947525024,0.9288763403892517,0.9293743968009949,0.02237009070813656,1.0,-1.6815581571897805e-44,-3.3818092346191406,0.0,99.29183959960938,2663.955810546875,0.9435887336730957,714.7383422851562,228.0,72.0,11.073701858520508,0.0,0.0,309.13226318359375,280623.15625,-0.5290141701698303,6.4224371910095215,130.28829956054688,1.2541548013687134,7750000.0,8160000.0,86.12000274658203,119.0999984741211,0.5,9.999999747378752e-05,0.0,3.299999952316284,200.0,0.30000001192092896,309.20001220703125,2.439019908706541e-06,0,0,0,1,1,1,0,24,0,308.0131530761719,0.0,0.0,0.0,0.0,0.0,0.0,0.5088388323783875,0.8723588585853577,0.5185492634773254,-0.004855215549468994,-0.0011076540686190128,-0.0010608884040266275,0.504855215549469,0.5060284733772278,0.5060004591941833,1.0,25.0,24.0,6322557.5,6322645.5,6322811.5,291.2557373046875,291.26959228515625,291.26336669921875,324.7162780761719,324.8580017089844,324.7160339355469,4400000.0,307.98602294921875,308.06378173828125,307.98968505859375,33.460540771484375,33.588409423828125,33.452667236328125,324.5877380371094,4563.04833984375,4565.9638671875,4575.04345703125,12.804558753967285,12.814421653747559,12.8148193359375,12.50714111328125,0.0,0.0,0.0020000000949949026,291.2629089355469,324.763427734375,-39.88418197631836,1.641018033027649,1.644884705543518,1.6447890996932983,-10.093865394592285,39.0,40.0,42.0,41.0,0.0,0.0,6321394.0,6269950.5,79.06269073486328,5.0,0.014999999664723873,-180000.0,600.0,1000000.0,400000.0,0.17000000178813934,22000.0,786000.0,120000.0,0.0,40.0,30.0,36.810001373291016,0.5,18.399999618530273,50000.0,115692.3984375,15.113750457763672,0,0,1,0,0,0,0,14361635.0,0.0,0.0,0.0,0.0,0.0,-1030642.0,400000.0,1000000.0,1.0,1400000.0,0.0,0.5057410597801208,14369358.0,126869.6328125,14361635.0,340.29205322265625,40.007659912109375,5.0532097816467285,-1030642.0,0.0,0.0,0.0,3.5358521938323975,40.007659912109375,0.0,22230.939453125,1.2010046243667603,0.0,0.0,0.0,20.0,14.711517333984375,22.0,0.0,0.0,0.0,0.05000000074505806,0.02500000037252903,0.17000000178813934,15400000.0,0.5,6.25,0.0006667000125162303,2.0,2410000.0,4140000.0,4.734799861907959,0.15000000596046448,0.20000000298023224,0.2199999988079071,1.0,0.0,-1.0,0.0,5.0,20.0,30.0,50.0,74.0,80.0,86.0,9.800000190734863,500000.0,1.0499999802959792e-07,0.5,750.0,1000.0,600.0,1000.0,1150.0,32.0,32.0,37.400001525878906,10.0,10.0,0.007000000216066837,0.5049999952316284,82.0,189.26499938964844,0.0,1.5099999904632568,231.60000610351562,20.0,36.0,16.600000381469727,16.5,225.0,-0.1756729930639267,27.5,-0.1756729930639267,30.485509872436523,0.1561516970396042,11.10221004486084,-1.8332500457763672,-75.0,4.3520002365112305,9.800000190734863,189.26499938964844,93.30000305175781,2650000.0,0.8500000238418579,7.570000171661377,0,1,0,0,0,0,0,0,0,0,0,1,3,3,0,0,1,1,0,0,0,0,0,0,0,0,0,0,1,0,0,0,0,0,0,0,0,0,0,1,0,0,0,0,0,0,0,0,0,0,12.058646202087402,29062.73828125,2153.699951171875,0.0004149220767430961,0.0004361289902590215,0.0006248649442568421,1.0,1.0,0.0,0.0,0.0,0.5619778633117676,0.5519221425056458,1.0,0.0,0.0,0.0,1.0,0.0,0.0,1.0,1.0,0.0,1.0,1.0,0.011016309261322021,0.0,1.0,0.0,0.6391052603721619,0.642304539680481,0.0004149220767430961,0.0,0.0,0.0,99998.78125,99999.0,2818454.25,2410000.0,36.20000076293945,36.20000076293945,36.20000076293945,32.39250183105469,268.1845703125,136.98814392089844,49.250858306884766,26.248065948486328,38.00946044921875,27.0,28.607942581176758,27.0,0.0,32.0,20.0,68.57752227783203,3446668.0,0.5432000160217285,3.7799999713897705,4.525829315185547,8.9197998046875,0.0,0.0,0.0,1.401298464324817e-45,5.437191486358643,5.437191486358643,0.5049998760223389,0.5049998760223389,0.5049998760223389,0.18937495350837708,0.18937495350837708,0.18937495350837708,0.0,0.0,0.0,0.0,0.0,0.0,5.294999599456787,0.0,0.0,0.0,0.0,0.0,0.0,100.0,74.08438873291016,0.5536254644393921,0.0,20.0,0.0,5.377293586730957,5.464999675750732,0.0,0.0,0.0,0.007000000216066837,0.0,0.0,9.816975593566895,0.0,1.7334353923797607,1.401298464324817e-45,5.47270393371582,0.0,0.0,0.0,0.0,0.0,0.0,20.0,0.0,0.0,14059424.0,0.0,0.0,0.0,0.0,0.0,0.0,0.0,0.351500004529953,18.93000030517578,23.030000686645508,7.69199959904654e-06,0.08500000089406967,0.009999999776482582,24.0,27.0,8.800000190734863,500000.0,0.05000000074505806,2.7000000013543968e-09,2.7000000013543968e-09,145100.0,120000.0,14650000.0,86400.0,17.0,34.5,48.70000076293945,321.8999938964844,83170.0,0.0,1.0,1.0,0.0010000000474974513,725.0,0.0,0.5,0.0,0.0,57.31999969482422,837142.875,9359.77734375,117376.1015625,2623.89794921875,83026.390625,725.0,1.0204100362898316e-05,740000000.0,1,0,1,0,1,0,1,0,0,0,0,8.799991607666016,27.0,1746.2259521484375,0.0,0.0,0.0,0.0,0.7012555003166199,0.00039975097752176225,0.0,0.013431969098746777,37.00888442993164,1.0,25241.765625,3475.181884765625,1.7438913346268237e-05,2619910656.0,4213728000.0,2833471744.0,4208629760.0,-78.95277404785156,26.7999267578125,-174056112.0,5098240.0,5.47270393371582,1538.884033203125,84.42547607421875,1512.0841064453125,106381.3984375,3650.121826171875,144797.390625,155437.3125,123241.765625,21.200008392333984,37.00888442993164,37.00888442993164,1.0,1.7438913346268237e-05,3475.181884765625,758940958720.0,0.19805826246738434,137600.0,137600.0,102716760.0,79.11581420898438,5858.52734375,1.0,0.0,1700.0,250000.0,10000.0,1038.0,0.004999999888241291,400.0,5000.0,0,0,0,0,2962852.75,64.5971450805664,64.5971450805664,1227231.375,2783340.25,1.0,1.0,1227282.375,228.31082153320312,6271117.0,1.0,0.9938180446624756,1.0,1.0,1032.7852783203125,277.5609130859375,189.26370239257812,126.99272155761719,6168233.5,807683.0625,189.26370239257812,1.0,1.0,1.0,135.77737426757812,1561.339111328125,791.406494140625,0.0,0.0,0.0,7680000.0,518.5239868164062,519.4263305664062,521.1092529296875,0.0,2783340.25,0.0,129.1942901611328,0.0,0.0,278.4041748046875,1.0,0.0,-7.5742998123168945,0.0,5.605193857299268e-45,9.999999974752427e-07,0.0,2.0,0.0003000000142492354,0.004999999888241291,0.0010000000474974513,2.0000000233721948e-07,2.0000000233721948e-07,0.0005555999814532697,993000000.0,1.0,0.05000000074505806,0.10000000149011612,0.0005000000237487257,0.0016700000269338489,0.009999999776482582,1.0,1.0,0.0010000000474974513,4.999999873689376e-05,0.00039999998989515007,0.019999999552965164,0.9891999959945679,0.9891999959945679,0.9950000047683716,0.9950000047683716,1,0,0,0,0,1,0,0,1,0,1,0,0,0,0.9892992377281189,982374144.0,62942.93359375,4821901.5,1158.8505859375,2545724.25,1434.3212890625,1.0,2329375.75,0.9684290289878845,1.0,60.0,180.0,1800.0,1800.0,1.0047005414962769,0.019808992743492126,1.0,1.0,-0.012236599810421467,0.0,0.0,0.0,0.0,-7.736682891845703e-05,6.602997746085748e-05,0.0,0.0,6.602997746085748e-05,0.0,6.602997746085748e-05,6.602997746085748e-05,0.0,7.006492321624085e-44,1,1,0,1,1,1,0,1,1,0,1,0,1,1,1,1,1,1,1,1,0,1000,1000,0,1,5001,5001,220.0,3467.897705078125,120.0,120.0,60.0,0.0,0.4000000059604645,0.10000000149011612,0.10000000149011612,2.0,500.0,200.0,0.9900000095367432,300000.0,5000.0,45000.0,20000.0,0.019999999552965164,2.0,0.05000000074505806,0.019999999552965164,6.0,0.05000000074505806,0.019999999552965164,0.019999999552965164,88.30000305175781,0.10000000149011612,0.800000011920929,0.05000000074505806,0.009999999776482582,50.0,50.0,340.0,340.0,1000000.0,1,1,1,1,1,1,1,1,1,1,0,0,0,1,1,0,1.0,0.0,0.0,0.0,0.002498437650501728,0.0,0.0,0.0,0.9181393384933472,0.9181393384933472,0.9181393384933472,5000.40234375,3900756.75,3905757.25,50.0,27.61725425720215,0.4000000059604645,0.0,0.0,0.10000000149011612,0.16331033408641815,1.0,45000.0,20.0,29.277873992919922,778896.6875,33.38382339477539,4589.056640625,721.2213134765625,0.778896689414978,0.9181861877441406,9.474767684936523,1.0,3221421.0,3304317.0,9.718579292297363,20.0,0.2735104560852051,27.351045608520508,0.0,636.4223022460938,411.3484802246094,100000.0,50000.0,1115.300048828125,50000.0,700.0,2000.0,2800000.0,3500000.0,4000000.0,9.999999747378752e-05,4.999999873689376e-05,500.0,20000.0,100.0,500.0,60000.0,1200.0,1.0,120.0,150000.0,3000.0,300.0,1.0,300.0,0.019999999552965164,0.019999999552965164,0.009999999776482582,0.009999999776482582,0.009999999776482582,0.019999999552965164,1.100000023841858,0.019999999552965164,4.0,0.019999999552965164,88.0,1613.0,0.009999999776482582,0.20000000298023224,3.0,5.0,600.0,0.0010000000474974513,88.0,88.0,2000.0,2340.0,-0.11599799990653992,-0.03561130166053772,-0.04758000001311302,-0.01752999983727932,0,0,0,0,0,1,0,522.4215087890625,522.4215087890625,2.09808349609375,2.09808349609375,0.01696200482547283,31.42823028564453,164.2162322998047,1600.125244140625,1049.5255126953125,796.8623657226562,796.8623657226562,3.20025634765625,3.20025634765625,1601.29736328125,544.783203125,0.0,0.0,2666567.5,20.00048065185547,20.00048065185547,156.29397583007812,156.29397583007812,65721.1796875,65721.1796875,1.0953530073165894,1.0953530073165894,114.15541076660156,114.15541076660156,24.99867057800293,24.99867057800293,104596.9453125,104596.9453125,25.008560180664062,155.48338317871094,158.46746826171875,2644165.25,20.00048065185547,20.00048065185547,226.69000244140625,226.69000244140625,155.9322052001953,155.9322052001953,652436.0,652436.0,0.0,114.4236068725586,114.4236068725586,228.8641815185547,160193.5625,160193.5625,1.0679570436477661,1.0679570436477661,226.01353454589844,155.9322052001953,275.4454040527344,137.7227020263672,137.7227020263672,203.87112426757812,203.87112426757812,407.74224853515625,0.0,0.0,0.0,137.71005249023438,137.71005249023438,203.87112426757812,203.87112426757812,0.026315800845623016,13.059382438659668,0.20000000298023224,0.854412317276001,0.901758074760437,0.8554877042770386,0.5088388323783875,0.42315080761909485,0.5104336738586426,0.9599996209144592,1.0,1.0,1.0,0.9999998211860657,0.9999998211860657,0.9999998211860657,190852.71875,193242.0625,0.0,0.0,0.0,0.0,0.0,0.0,0.0,296.3810119628906,297.7510070800781,0.0,190436.3125,190436.3125,0.0,0.0,0.0,0.0,0.869673490524292,0.869673490524292,0.869673490524292,0.8513387441635132,1193868.875,0.9959999918937683,0.9959999918937683,0.9959999918937683,0.9959999918937683,5747278.5,2738849.0,7394977.0,8486003.0,2606300.0,4008078.0,0.0039007565937936306,0.0078115141950547695,1049.0391845703125,530.27783203125,531.9966430664062,532.0094604492188,332.3495178222656,362.0870056152344,333.2018737792969,197.92831420898438,169.90963745117188,198.80758666992188,1600.1422119140625,1049.0509033203125,350.1866455078125,350.1866455078125,350.1866455078125,522.3912963867188,522.3912963867188,522.3912963867188,2.999859094619751,0.8494670391082764,0.8636475205421448,2.9998602867126465,5.0,0.0040000081062316895,0.0040000081062316895,0.0040000081062316895,0.0040000081062316895,0.0,-0.4368000030517578,0.0,599971.8125,164.2162322998047,164.2162322998047,0.0,20.0,2782957.5,7.25,12.0,10.25,225.15550231933594,225.15550231933594,225.15550231933594,0.0,0.0,0.7926306128501892,0.9211652278900146,10000.0,10000.0,0.011826000176370144,1038.5,0.027953999117016792,0.0,0.0,1.0878000259399414,1.0809999704360962,9.000000136438757e-05,103.0,33.220001220703125,1.8179999589920044,0.029999999329447746,49.0,8.329999923706055,4.159999847412109,58.0,302.0,4.5,0.699999988079071,0.4000000059604645,7.5,1.3799999952316284,2.492000102996826,7000.0,48.88999938964844,1.2000000476837158,45.0,62000.0,4590000.0,4250000.0,15900000.0,15100000.0,0.05000000074505806,0.17000000178813934,0.009999999776482582,15220000.0,1.6699999570846558,312.7799987792969,1.1100000143051147,4232.0,0.25,689000.0,4030000.0,9.829999923706055,8.550000190734863,12200000.0,231.10000610351562,88.3239974975586,633.0,1.1430000066757202,0.6858000159263611,-10.0,-3.7799999713897705,0.7799999713897705,295.5,4030000.0,12400000.0,0.9200000166893005,5.0,0,0,0,228,160,0,0,0,0,0,0,0,0,1,0,0,0,1,1,1,0,1,0,0,1,0,0,1,1,1,0,0,0,0,0,0,0,0,0,0,0,0,0,0,0.9288763403892517,6322557.5,1.0877995491027832,0.9788432121276855,1.0142333507537842,308.0307922363281,33.51055145263672,-0.0027168518863618374,1,1,1,0,0,0,1,1,0,0,0,0,0,255,0.20000000298023224,0.20000000298023224,0.20000000298023224,0.0,2,0,0,0,0,0,0,0,0,0,0,0,0,0,0,0,0,0,0,0,0,0,0,0,0,0,0,0,0,0,0,0,0,0,0,0,0,0,0,0,0,0,0,0,0,0,0,0,0,0,0,1,0,0,0,0,0,0,0,0,0,0,0,0,0,0,0,0,0,0,0,0,0,0,0,0,0,0,0,0,0,0,0,0,0,0,0,0,0,0,0,0,0,0,0,0,0,0,0,0,0,0,0,0,0,0,0,0,0,0,0,0,0,0,0,0,0,0,0,0,0,0,0,0,0,0,0,0,0,0,0,0,0,0,0,0,0,0,0,0,0,0,0,1,0,0,0,0,0,0,0,0,0,0,0,-1,0,0,0,0,0,0,1,1,0,0,92.88763427734375,-3.3818092346191406,0.0,-0.5290141701698303,-1.6815581571897805e-44,309.13226318359375,308.0307922363281,714.7383422851562,-0.00013751241203863174,99.29183959960938,2663.955810546875,1.0877995491027832,1.0142333507537842,-1.0,1.101470947265625,6.827850029367255e-06,0.013431969098746777,100.0,27.0,0.0,7.799991607666016,3.5409774780273438,1.0,1.0,37.00888442993164,0.2575695216655731,20.0,1.7438913346268237e-05,0.0,74.08438873291016,1.7334353923797607,1.8179994821548462,0.00036938843550160527,0.6817498207092285,0.5432000160217285,28.759790420532227,8.9197998046875,19.573888778686523,16.292985916137695,0.5619778633117676,49.250858306884766,44.898040771484375,268.1845703125,136.98814392089844,0.9658437371253967,324.61138916015625,40.007659912109375,0.29459047317504883,291.2760009765625,291.28173828125,291.26837158203125,324.7391357421875,324.88037109375,324.7392578125,100.0,4.788440704345703,55.362545013427734,146.62637329101562,308.007568359375,308.0810546875,308.0038146972656,340.29168701171875,50.57410430908203,35.379703521728516,146.62637329101562,0.0,0.977458119392395,0.9814160466194153,0.9776845574378967,89.10897064208984,89.1062240600586,89.03845977783203,64.51860046386719,64.51690673828125,64.5160140991211,50.60004425048828,50.602848052978516,50.48552322387695,99.46829223632812,99.27130126953125,99.20732116699219,1915.2340087890625,1915.1878662109375,1909.0001220703125,521.1809692382812,521.94970703125,521.0650634765625,29.0,0.0,48.0,0.5104336738586426,0.6843901872634888,0.42315080761909485,0.7214064598083496,0.5088388323783875,0.6835298538208008,41.0,78.36749267578125,63.99110794067383,226.01353454589844,97.70582580566406,9.999999974752427e-07,86.59202575683594,0.6294788718223572,155.48338317871094,0.9938180446624756,721.2213134765625,39.854740142822266,31.42823028564453,1.0,9.474767684936523,77.8896713256836,0.0,0.9718579053878784,20.0,0.0,60.0,120.0,22.0,120.0,3.467897891998291,0.0,0.0,982.3741455078125,18.088560104370117,89.197998046875,2.0,200.0,0,0,228,228,228,228,212,228,228,228,160,0,99999,99999,12,402,1800,180,1800,998,20,982,92,23,0,0,0,806,1424,29,31,32,0,0,0,0,0,0,0,0,0,0,0,0,0,0,1,0,0,0,0,1,1,1,0,1,0,0,0,1,0,0,0,0,0,0,0,0,0,0,0,0,1,0,1,0,0,1,1,0,1,0,1,0,1,0,0,0,1,1,0,1,0,1,0,0,0,1,1,0,0,0,1,0,1,0,0,0,0,0,1,0,0,1,0,0,0,1,0,0,0,0,0,0,1,0,0,0,1,1,0,0,1,0,1,0,1,0,1,0,0,0,1,0,1,1,1,0,0,1,0,0,0,0,0,1,1,1,0,0,0,0,0,0,0,0,0,0,0,1,0,1,0,1,0,0,0,0,0,0,0,0,0,1,0,1,0,1,0,1,1,1,1,1,1,1,0,0,0,0,0,0,1,0,1,1,1,1,1,1,1,1,1,1,1,0,0,0,1,1,0,0,1,1,0,1,0,1,0,1,1,0,0,0,0,0,0,0,0,1,0,0,0,1,0,1,1,0,0,1,0,0,1,1,0,1,1,1,0,1,1,0,1,0,1,1,0,0,0,0,0,0,1,1,1,1,0,0,0,0,0,0,0,0,0,0,0,0,0,0,0,0,0,0,0,0,0,0,0,0,0,0,0,0,0,0,0,0,0,0,0,0,0,0,0,0,0,0,0,0,0,0,0,0,0,0,0,0,0,0,0,0,0,0,0,0,0,0,0,0,0,0,0,0,0,0,0,0,0,0,0,0,0,0,0,0,0,0,1,0,0,0,0,0,0,0,0,0,0,0,0,0,0,0,0,0,0,0,0,0,0,0,0,0,0,0,0,0,0,0,0,0,0,0,0,0,0,0,0,0,0,0,0,0,0,0,0,0,0,0,0,0,0,0,0,0,0,0,0,0,0,0,0,1,0,1,0,0,0,0,0,1,0,0,0,0,0,0,0,0,0,0,0,0,0,0,0,1,0,0,0,0,0,0,0,0,0,0,0,0,0,0,1,0,0,0,0,0,0,0,0,0,0,1,0,0,0,0,0,0,0,0,0,0,0,0,0,0,0,0,0,0,0,0,0,0,0,0,0,0,0,1,0,0,0,0,0,0,1,1,1,0,0,0,0,0,0,-1,0,0,0,0,0,0,0,0,-1,0,0,-1,0,0,0,0,0,0,0,0,0,0,0,0,0,0,0,0,0,0,1,0,0,0,0,0,0,0,0,0,0,0,0,0,0,0,0,1,1,0,-1,-1,-1,1,1,1,0,0,0,0,1,0,0,1,1,0,0,0,0,1,0,0,0,0,0,0,0,0,0,0,0,0,0,0,0,0,0,0,0,0,0,0,0,0,0,0,0,0,0,1,1,0,1,0,1,1,0,1,0,1,1,0,1,0,0,1,0,0,0,0,0,0,0,0,0,0,0,0,0,0,0,0,0,0,0,0,0,0,0,0,0,0
0,1,1,300,228,8,8,228,114,25,1,0,0.0020000000949949026,4000.0,1.0,0.04500000178813934,25.0,48.0,8.0,291.70001220703125,1.7000000476837158,-3.179999907843012e-07,0.007360000163316727,0.008080000057816505,8.0,0.33000001311302185,0.0333000011742115,1.0,9.999999747378752e-06,21.0,9.999999747378752e-06,2775000064.0,9.000000136438757e-05,4.999999980020986e-13,5.0,40.0,3.0,-3.3499999046325684,3.3499999046325684,0.5,0.0004799999878741801,292.3927001953125,492.6077880859375,-0.0036125299520790577,0.002354159951210022,0.0008944629807956517,0.013157900422811508,0.800646185874939,0.02024419978260994,2650129920.0,0.006539999973028898,228,228,228,228,228,228,228,228,228,228,228,228,228,228,228,228,228,228,228,228,228,228,228,228,212,212,212,212,228,228,228,228,228,228,228,228,228,228,228,228,228,228,228,228,228,228,228,228,228,228,228,228,0,1,4,4,228,228,228,212,228,228,228,228,3,0,0.00040181848453357816,291.840087890625,646.3150634765625,727.3973388671875,812.7198486328125,895.013671875,1021.4395751953125,1053.5394287109375,1064.52587890625,1050.036376953125,1013.9200439453125,959.36328125,884.259033203125,802.5194702148438,721.1732177734375,647.2489624023438,575.6525268554688,517.752197265625,474.2110595703125,444.6761779785156,426.7000732421875,419.20941162109375,419.5863037109375,424.57525634765625,430.92059326171875,435.366943359375,0.0028329938650131226,0.7126083374023438,0.7719719409942627,-0.0001376291475025937,0.7554832100868225,0.9855126142501831,110226.9375,3.42124403687194e-05,0.3212094306945801,0.7252957224845886,0.927381157875061,0.9278784990310669,0.02236933819949627,1.0,-1.6815581571897805e-44,-3.3825087547302246,0.0,99.29170227050781,2663.966796875,0.943591833114624,713.7365112304688,228.0,72.0,11.603689193725586,0.6000000238418579,0.0,309.12811279296875,280623.71875,-0.5290219187736511,6.421139717102051,130.28829956054688,1.2548099756240845,7750000.0,8160000.0,86.12000274658203,119.0999984741211,0.5,9.999999747378752e-05,0.0,3.299999952316284,200.0,0.30000001192092896,309.20001220703125,2.439019908706541e-06,0,0,0,1,1,1,0,24,0,307.9593200683594,0.0,0.0,0.0,0.0,0.0,0.0,0.5083897709846497,0.8723034858703613,0.5185412764549255,-0.0050757527351379395,-0.0011571720242500305,-0.0011223373003304005,0.5050757527351379,0.5062960982322693,0.5062649846076965,1.0,25.0,24.0,6319034.0,6319126.5,6319287.0,291.21661376953125,291.2318115234375,291.22442626953125,324.6465148925781,324.7901916503906,324.6463928222656,4400000.0,307.93157958984375,308.010986328125,307.9354248046875,33.429901123046875,33.558380126953125,33.421966552734375,324.5168762207031,4562.15185546875,4564.9853515625,4574.11962890625,12.806509971618652,12.816693305969238,12.817118644714355,12.45172119140625,0.0,0.0,0.0020000000949949026,291.2242736816406,324.6943664550781,-39.98051834106445,1.6417416334152222,1.6457537412643433,1.6456512212753296,-10.299371719360352,39.0,40.0,42.0,41.0,0.0,0.0,6317832.5,6266380.0,78.8935317993164,5.0,0.014999999664723873,-180000.0,600.0,1000000.0,400000.0,0.17000000178813934,22000.0,786000.0,120000.0,0.0,40.0,30.0,36.810001373291016,0.5,18.399999618530273,50000.0,115692.3984375,15.113750457763672,0,0,1,0,0,0,0,14338493.0,0.0,0.0,0.0,0.0,0.0,-1053799.0,400000.0,1000000.0,1.0,1400000.0,0.0,0.5044786930084229,14346201.0,126869.6328125,14338493.0,340.29345703125,40.007659912109375,5.0405707359313965,-1053799.0,0.0,0.0,0.0,3.529480218887329,40.007659912109375,0.0,22230.939453125,1.2010046243667603,0.0,0.0,0.0,20.0,14.711517333984375,22.0,0.0,0.0,0.0,0.05000000074505806,0.02500000037252903,0.17000000178813934,15400000.0,0.5,6.25,0.0006667000125162303,2.0,2410000.0,4140000.0,4.734799861907959,0.15000000596046448,0.20000000298023224,0.2199999988079071,1.0,0.0,-1.0,0.0,5.0,20.0,30.0,50.0,74.0,80.0,86.0,9.800000190734863,500000.0,1.0499999802959792e-07,0.5,750.0,1000.0,600.0,1000.0,1150.0,32.0,32.0,37.400001525878906,10.0,10.0,0.007000000216066837,0.5049999952316284,82.0,189.26499938964844,0.0,1.5099999904632568,231.60000610351562,20.0,36.0,16.600000381469727,16.5,225.0,-0.1756729930639267,27.5,-0.1756729930639267,30.485509872436523,0.1561516970396042,11.10221004486084,-1.8332500457763672,-75.0,4.3520002365112305,9.800000190734863,189.26499938964844,93.30000305175781,2650000.0,0.8500000238418579,7.570000171661377,0,1,0,0,0,0,0,0,0,0,0,1,3,3,0,0,1,1,0,0,0,0,0,0,0,0,0,0,1,0,0,0,0,0,0,0,0,0,0,1,0,0,0,0,0,0,0,0,0,0,12.058579444885254,29062.677734375,2153.699951171875,0.00041492065065540373,0.0004361289902590215,0.0006248649442568421,1.0,1.0,0.0,0.0,0.0,0.5631658434867859,0.5530741810798645,1.0,0.0,0.0,0.0,1.0,0.0,0.0,1.0,1.0,0.0,1.0,1.0,0.010977089405059814,0.0,1.0,0.0,0.6387872099876404,0.6420608758926392,0.00041492065065540373,0.0,0.0,0.0,99998.78125,99999.0,2817051.5,2410000.0,36.20000076293945,36.20000076293945,36.20000076293945,32.39603805541992,267.7774353027344,136.6653594970703,49.14122009277344,26.253087997436523,37.97203826904297,27.0,28.59717559814453,27.0,0.0,32.0,20.0,68.57752227783203,3446668.0,0.543201208114624,3.7799999713897705,4.537404537200928,8.919798851013184,0.0,0.0,0.0,1.401298464324817e-45,5.432100296020508,5.432100296020508,0.5049998760223389,0.5049998760223389,0.5049998760223389,0.18937495350837708,0.18937495350837708,0.18937495350837708,0.0,0.0,0.0,0.0,0.0,0.0,5.294999599456787,0.0,0.0,0.0,0.0,0.0,0.0,100.0,74.0838851928711,0.5525344610214233,0.0,20.0,0.0,5.372471809387207,5.476560115814209,0.0,0.0,0.0,0.007000000216066837,0.0,0.0,9.828543663024902,0.0,1.7334303855895996,1.401298464324817e-45,5.484279155731201,0.0,0.0,0.0,0.0,0.0,0.0,20.0,0.0,0.0,14036442.0,0.0,0.0,0.0,0.0,0.0,0.0,0.0,0.351500004529953,18.93000030517578,23.030000686645508,7.69199959904654e-06,0.08500000089406967,0.009999999776482582,24.0,27.0,8.800000190734863,500000.0,0.05000000074505806,2.7000000013543968e-09,2.7000000013543968e-09,145100.0,120000.0,14650000.0,86400.0,17.0,34.5,48.70000076293945,321.8999938964844,83170.0,0.0,1.0,1.0,0.0010000000474974513,725.0,0.0,0.5,0.0,0.0,57.31999969482422,837142.875,9359.77734375,117376.1015625,2623.89794921875,83026.390625,725.0,1.0204100362898316e-05,740000000.0,1,0,1,0,1,0,1,0,0,0,0,8.799991607666016,27.0,1793.6612548828125,0.0,0.0,0.0,0.0,0.7203158736228943,0.0004000129410997033,0.0,0.013796841725707054,37.067222595214844,1.0,25257.078125,3563.789306640625,1.7912903786054812e-05,2615876608.0,4211038720.0,2830556160.0,4207313152.0,-78.76277160644531,27.338623046875,-175525136.0,3725280.0,5.484279155731201,1538.935791015625,84.2470474243164,1511.59716796875,106381.3984375,3661.084228515625,144833.875,155682.328125,123257.078125,21.800010681152344,37.067222595214844,37.067222595214844,1.0,1.7912903786054812e-05,3563.789306640625,768889847808.0,0.19811734557151794,137600.0,137600.0,102482832.0,78.94589233398438,5873.7431640625,1.0,0.0,1700.0,250000.0,10000.0,1038.0,0.004999999888241291,400.0,5000.0,0,0,0,0,2962794.75,64.59046173095703,64.59046173095703,1227055.125,2783366.25,1.0,1.0,1227010.75,228.28536987304688,6267583.5,1.0,0.9937142133712769,1.0,1.0,1032.691162109375,277.5250549316406,189.25344848632812,126.91614532470703,6164765.5,807636.1875,189.25344848632812,1.0,1.0,1.0,135.73831176757812,1560.834716796875,791.338134765625,0.0,0.0,0.0,7680000.0,518.3058471679688,519.2577514648438,520.9007568359375,0.0,2783366.25,0.0,129.18092346191406,0.0,0.0,278.36651611328125,1.0,0.0,-7.5742998123168945,0.0,5.605193857299268e-45,9.999999974752427e-07,0.0,2.0,0.0003000000142492354,0.004999999888241291,0.0010000000474974513,2.0000000233721948e-07,2.0000000233721948e-07,0.0005555999814532697,993000000.0,1.0,0.05000000074505806,0.10000000149011612,0.0005000000237487257,0.0016700000269338489,0.009999999776482582,1.0,1.0,0.0010000000474974513,4.999999873689376e-05,0.00039999998989515007,0.019999999552965164,0.9891999959945679,0.9891999959945679,0.9950000047683716,0.9950000047683716,1,0,0,0,0,1,0,0,1,0,1,0,0,0,0.9890655875205994,982142144.0,62925.3046875,4820781.5,1158.498046875,2545733.75,1433.892822265625,1.0,2329409.5,0.9686271548271179,1.0,60.0,180.0,1800.0,1800.0,1.0047005414962769,0.019808992743492126,1.0,1.0,-0.012236599810421467,0.0,0.0,0.0,0.0,-7.975101470947266e-05,6.602997746085748e-05,0.0,0.0,6.602997746085748e-05,0.0,6.602997746085748e-05,6.602997746085748e-05,0.0,7.006492321624085e-44,1,1,0,1,1,1,0,1,1,0,1,0,1,1,1,1,1,1,1,1,0,1000,1000,0,1,5001,5001,220.0,3467.19677734375,120.0,120.0,60.0,0.0,0.4000000059604645,0.10000000149011612,0.10000000149011612,2.0,500.0,200.0,0.9900000095367432,300000.0,5000.0,45000.0,20000.0,0.019999999552965164,2.0,0.05000000074505806,0.019999999552965164,6.0,0.05000000074505806,0.019999999552965164,0.019999999552965164,88.30000305175781,0.10000000149011612,0.800000011920929,0.05000000074505806,0.009999999776482582,50.0,50.0,340.0,340.0,1000000.0,1,1,1,1,1,1,1,1,1,1,0,0,0,1,1,0,1.0,0.0,0.0,0.0,0.002349281217902899,0.0,0.0,0.0,0.9181393980979919,0.9181393980979919,0.9181393980979919,5000.40185546875,3900837.75,3905838.25,50.0,27.61721420288086,0.4000000059604645,0.0,0.0,0.10000000149011612,0.16321831941604614,1.0,45000.0,20.0,29.27719497680664,778899.875,33.38285446166992,4589.05322265625,721.2213745117188,0.7788998484611511,0.9181849956512451,9.474727630615234,1.0,3221407.5,3304317.0,9.718579292297363,20.0,0.27355703711509705,27.355703353881836,0.0,636.4223022460938,411.35150146484375,100000.0,50000.0,1115.300048828125,50000.0,700.0,2000.0,2800000.0,3500000.0,4000000.0,9.999999747378752e-05,4.999999873689376e-05,500.0,20000.0,100.0,500.0,60000.0,1200.0,1.0,120.0,150000.0,3000.0,300.0,1.0,300.0,0.019999999552965164,0.019999999552965164,0.009999999776482582,0.009999999776482582,0.009999999776482582,0.019999999552965164,1.100000023841858,0.019999999552965164,4.0,0.019999999552965164,88.0,1613.0,0.009999999776482582,0.20000000298023224,3.0,5.0,600.0,0.0010000000474974513,88.0,88.0,2000.0,2340.0,-0.11599799990653992,-0.03561130166053772,-0.04758000001311302,-0.01752999983727932,0,0,0,0,0,1,0,522.33544921875,522.33544921875,2.09771728515625,2.09771728515625,0.01695798523724079,31.428213119506836,164.21609497070312,1599.7838134765625,1049.377197265625,796.6923217773438,796.6923217773438,3.1995849609375,3.1995849609375,1600.9154052734375,544.4850463867188,0.0,0.0,2666515.25,20.00048065185547,20.00048065185547,156.29022216796875,156.29022216796875,65721.015625,65721.015625,1.0953502655029297,1.0953502655029297,114.14268493652344,114.14268493652344,24.998659133911133,24.998659133911133,104596.8984375,104596.8984375,25.008546829223633,155.4799041748047,158.4643096923828,2644189.25,20.00048065185547,20.00048065185547,226.67691040039062,226.67691040039062,155.9297637939453,155.9297637939453,652425.8125,652425.8125,0.0,114.42031860351562,114.42031860351562,228.8575897216797,160192.625,160192.625,1.0679508447647095,1.0679508447647095,225.99966430664062,155.9297637939453,275.369384765625,137.6846923828125,137.6846923828125,203.8525390625,203.8525390625,407.705078125,0.0,0.0,0.0,137.67198181152344,137.67198181152344,203.8525390625,203.8525390625,0.026315800845623016,13.058993339538574,0.20000000298023224,0.8535719513893127,0.9007709622383118,0.8545037508010864,0.5083897709846497,0.42260563373565674,0.5098947882652283,0.9599996209144592,1.0,1.0,1.0,0.9999998211860657,0.9999998211860657,0.9999998211860657,190852.328125,193242.0625,0.0,0.0,0.0,0.0,0.0,0.0,0.0,296.3810119628906,297.7510070800781,0.0,190460.78125,190460.78125,0.0,0.0,0.0,0.0,0.8694337010383606,0.8694337010383606,0.8694337010383606,0.8516479730606079,1193651.625,0.9959999918937683,0.9959999918937683,0.9959999918937683,0.9959999918937683,5744896.0,2739221.0,7393791.0,8483993.0,2606300.0,4007727.75,0.003900837618857622,0.007811676245182753,1048.8663330078125,530.4168701171875,531.9501953125,531.970458984375,332.42413330078125,362.0777893066406,333.1656799316406,197.99273681640625,169.87240600585938,198.80477905273438,1599.80078125,1048.8780517578125,350.16241455078125,350.16241455078125,350.16241455078125,522.0322875976562,522.0322875976562,522.0322875976562,2.9998555183410645,0.8486550450325012,0.8635621666908264,2.999856472015381,5.0,0.0040000081062316895,0.0040000081062316895,0.0040000081062316895,0.0040000081062316895,0.0,-0.4368000030517578,0.0,599971.125,164.21609497070312,164.21609497070312,0.0,20.0,2782984.25,7.25,12.0,10.25,225.14511108398438,225.14511108398438,225.14511108398438,0.0,0.0,0.7926306128501892,0.9211652278900146,10000.0,10000.0,0.011826000176370144,1038.5,0.027953999117016792,0.0,0.0,1.0878000259399414,1.0809999704360962,9.000000136438757e-05,103.0,33.220001220703125,1.8179999589920044,0.029999999329447746,49.0,8.329999923706055,4.159999847412109,58.0,302.0,4.5,0.699999988079071,0.4000000059604645,7.5,1.3799999952316284,2.492000102996826,7000.0,48.88999938964844,1.2000000476837158,45.0,62000.0,4590000.0,4250000.0,15900000.0,15100000.0,0.05000000074505806,0.17000000178813934,0.009999999776482582,15220000.0,1.6699999570846558,312.7799987792969,1.1100000143051147,4232.0,0.25,689000.0,4030000.0,9.829999923706055,8.550000190734863,12200000.0,231.10000610351562,88.3239974975586,633.0,1.1430000066757202,0.6858000159263611,-10.0,-3.7799999713897705,0.7799999713897705,295.5,4030000.0,12400000.0,0.9200000166893005,5.0,0,0,0,228,160,0,0,0,0,0,0,0,0,1,0,0,0,1,1,1,0,1,0,0,1,0,0,1,1,1,0,0,0,0,0,0,0,0,0,0,0,0,0,0,0.927381157875061,6319034.0,1.0877995491027832,0.977941632270813,1.0134168863296509,307.9773864746094,33.47968673706055,-0.002606963040307164,1,1,1,0,0,0,1,1,0,0,0,0,0,258,0.20000000298023224,0.20000000298023224,0.20000000298023224,0.0,2,0,0,0,0,0,0,0,0,0,0,0,0,0,0,0,0,0,0,0,0,0,0,0,0,0,0,0,0,0,0,0,0,0,0,0,0,0,0,0,0,0,0,0,0,0,0,0,0,0,0,1,0,0,0,0,0,0,0,0,0,0,0,0,0,0,0,0,0,0,0,0,0,0,0,0,0,0,0,0,0,0,0,0,0,0,0,0,0,0,0,0,0,0,0,0,0,0,0,0,0,0,0,0,0,0,0,0,0,0,0,0,0,0,0,0,0,0,0,0,0,0,0,0,0,0,0,0,0,0,0,0,0,0,0,0,0,0,0,0,0,0,0,1,0,0,0,0,0,0,0,0,0,0,0,-1,0,0,0,0,0,0,1,1,0,0,92.73811340332031,-3.3825087547302246,0.0,-0.5290219187736511,-1.6815581571897805e-44,309.12811279296875,307.9773864746094,713.7365112304688,-0.0001376291475025937,99.29170227050781,2663.966796875,1.0877995491027832,1.0134168863296509,-1.0,1.150726318359375,6.827850029367255e-06,0.013796841725707054,100.0,27.0,0.0,7.799991607666016,3.5519120693206787,1.0,1.0,37.067222595214844,0.2577257454395294,20.0,1.7912903786054812e-05,0.0,74.0838851928711,1.7334303855895996,1.8179994821548462,0.00036938843550160527,0.6817498207092285,0.543201208114624,28.74547576904297,8.919798851013184,19.555561065673828,16.33465576171875,0.5631658434867859,49.14122009277344,44.898040771484375,267.7774353027344,136.6653594970703,0.9656501412391663,324.54046630859375,40.007659912109375,0.29459047317504883,291.23760986328125,291.24462890625,291.22991943359375,324.66961669921875,324.81280517578125,324.6697998046875,100.0,4.805576801300049,55.25344467163086,146.39007568359375,307.95361328125,308.0287170410156,307.9498596191406,340.2928466796875,50.44786834716797,35.31605529785156,146.39007568359375,0.0,0.9765489101409912,0.9805263876914978,0.9767788648605347,89.1249008178711,89.12202453613281,89.05189514160156,64.48263549804688,64.48100280761719,64.48005676269531,50.62649917602539,50.629608154296875,50.50757598876953,99.44802856445312,99.24995422363281,99.18753051757812,1915.0936279296875,1915.0206298828125,1909.500732421875,520.9716186523438,521.7881469726562,520.85498046875,29.0,0.0,48.0,0.5098947882652283,0.6836029887199402,0.42260563373565674,0.7206167578697205,0.5083897709846497,0.6828575730323792,41.0,78.36749267578125,63.95505142211914,225.99966430664062,97.67426300048828,9.999999974752427e-07,86.57151794433594,0.629607617855072,155.4799041748047,0.9937142133712769,721.2213745117188,39.85556411743164,31.428213119506836,1.0,9.474727630615234,77.88998413085938,0.0,0.9718579053878784,20.0,0.0,60.0,120.0,22.0,120.0,3.4671969413757324,0.0,0.0,982.1421508789062,18.088600158691406,89.19799041748047,2.0,200.0,0,0,228,228,228,228,212,228,228,228,160,0,99999,99999,12,402,1800,180,1800,998,20,982,92,23,0,0,0,806,1424,29,31,32,0,0,0,0,0,0,0,0,0,0,0,0,0,0,1,0,0,0,0,1,1,1,0,1,0,0,0,1,0,0,0,0,0,0,0,0,0,0,0,0,1,0,1,0,0,1,1,0,1,0,1,0,1,0,0,0,1,1,0,1,0,1,0,0,0,1,1,0,0,0,1,0,1,0,0,0,0,0,1,0,0,1,0,0,0,1,0,0,0,0,0,0,1,0,0,0,1,1,0,0,1,0,1,0,1,0,1,0,0,0,1,0,1,1,1,0,0,1,0,0,0,0,0,1,1,1,0,0,0,0,0,0,0,0,0,0,0,1,0,1,0,1,0,0,0,0,0,0,0,0,0,1,0,1,0,1,0,1,1,1,1,1,1,1,0,0,0,0,0,0,1,0,1,1,1,1,1,1,1,1,1,1,1,0,0,0,1,1,0,0,1,1,0,1,0,1,0,1,1,0,0,0,0,0,0,0,0,1,0,0,0,1,0,1,1,0,0,1,0,0,1,1,0,1,1,1,0,1,1,0,1,0,1,1,0,0,0,0,0,0,1,1,1,1,0,0,0,0,0,0,0,0,0,0,0,0,0,0,0,0,0,0,0,0,0,0,0,0,0,0,0,0,0,0,0,0,0,0,0,0,0,0,0,0,0,0,0,0,0,0,0,0,0,0,0,0,0,0,0,0,0,0,0,0,0,0,0,0,0,0,0,0,0,0,0,0,0,0,0,0,0,0,0,0,0,0,0,0,0,0,0,0,0,0,0,0,0,0,0,0,0,0,0,0,0,0,0,0,0,0,0,0,0,0,0,0,0,0,0,0,0,0,0,0,0,0,0,0,0,0,0,0,0,0,0,0,0,0,0,0,0,0,0,0,0,0,0,0,0,0,0,1,0,1,0,0,0,0,0,1,0,0,0,0,0,0,0,0,0,0,0,0,0,0,0,1,0,0,0,0,0,0,0,0,0,0,0,0,0,0,1,0,0,0,0,0,0,0,0,0,0,1,0,0,0,0,0,0,0,0,0,0,0,0,0,0,0,0,0,0,0,0,0,0,0,0,0,0,0,1,0,0,0,0,0,0,1,1,1,0,0,0,0,0,0,-1,0,0,0,0,0,0,0,0,-1,0,0,-1,0,0,0,0,0,0,0,0,0,0,0,0,0,0,0,0,0,0,1,0,0,0,0,0,0,0,0,0,0,0,0,0,0,0,0,1,1,0,-1,-1,-1,1,1,1,0,0,0,0,1,0,0,1,1,0,0,0,0,1,0,0,0,0,0,0,0,0,0,0,0,0,0,0,0,0,0,0,0,0,0,0,0,0,0,0,0,0,0,1,1,0,1,0,1,1,0,1,0,1,1,0,1,0,0,1,0,0,0,0,0,0,0,0,0,0,0,0,0,0,0,0,0,0,0,0,0,0,0,0,0,0
0,1,1,300,228,8,8,228,114,25,1,0,0.0020000000949949026,4000.0,1.0,0.04500000178813934,25.0,48.0,8.0,291.70001220703125,1.7000000476837158,-3.179999907843012e-07,0.007360000163316727,0.008080000057816505,8.0,0.33000001311302185,0.0333000011742115,1.0,9.999999747378752e-06,21.0,9.999999747378752e-06,2775000064.0,9.000000136438757e-05,4.999999980020986e-13,5.0,40.0,3.0,-3.3499999046325684,3.3499999046325684,0.5,0.0004799999878741801,292.3927001953125,492.6077880859375,-0.0036125299520790577,0.002354159951210022,0.0008944629807956517,0.013157900422811508,0.800646185874939,0.02024419978260994,2650129920.0,0.006539999973028898,228,228,228,228,228,228,228,228,228,228,228,228,228,228,228,228,228,228,228,228,228,228,228,228,213,213,213,213,228,228,228,228,228,228,228,228,228,228,228,228,228,228,228,228,228,228,228,228,228,228,228,228,0,1,4,4,228,228,228,213,228,228,228,228,3,0,0.00040181848453357816,291.8169250488281,645.779541015625,726.6876220703125,811.8258056640625,893.9425048828125,1020.1031494140625,1052.1456298828125,1063.130859375,1048.6949462890625,1012.6746826171875,958.2451171875,883.3035888671875,801.7315063476562,720.5450439453125,646.7604370117188,575.2859497070312,517.4801025390625,474.01092529296875,444.5306396484375,426.59869384765625,419.1441955566406,419.5513000488281,424.5669250488281,430.93798828125,435.41143798828125,0.0029772506095469,0.7118825316429138,0.7719713449478149,-0.0001356008870061487,0.7554849982261658,0.9852845072746277,110113.8125,3.417202242417261e-05,0.3210086524486542,0.7245405912399292,0.926416277885437,0.9268823862075806,0.022375212982296944,1.0,-1.6815581571897805e-44,-3.3829753398895264,0.0,99.2916259765625,2663.973876953125,0.9435940980911255,713.074951171875,228.0,72.0,11.96572208404541,0.0,0.0,309.1252136230469,280624.09375,-0.5285851955413818,6.420273780822754,130.28829956054688,1.2551854848861694,7750000.0,8160000.0,86.12000274658203,119.0999984741211,0.5,9.999999747378752e-05,0.0,3.299999952316284,200.0,0.30000001192092896,309.20001220703125,2.439019908706541e-06,0,0,0,1,1,1,0,24,0,307.9228820800781,0.0,0.0,0.0,0.0,0.0,0.0,0.5080829858779907,0.8722652196884155,0.5185357332229614,-0.0052263736724853516,-0.001191416522487998,-0.0011647751089185476,0.5052263736724854,0.5064746737480164,0.506442666053772,1.0,25.0,24.0,6316618.5,6316714.5,6316874.0,291.1898193359375,291.20587158203125,291.19775390625,324.59991455078125,324.7442626953125,324.59979248046875,4400000.0,307.8948669433594,307.9750671386719,307.8987731933594,33.41009521484375,33.53839111328125,33.40203857421875,324.4696044921875,4561.55078125,4564.3076171875,4573.505859375,12.807840347290039,12.81821346282959,12.818662643432617,12.4156494140625,0.0,0.0,0.0020000000949949026,291.19781494140625,324.6479797363281,-40.005062103271484,1.6422356367111206,1.6463342905044556,1.6462308168411255,-10.446122169494629,39.0,40.0,42.0,41.0,0.0,0.0,6315393.0,6263932.0,78.78236389160156,5.0,0.014999999664723873,-180000.0,600.0,1000000.0,400000.0,0.17000000178813934,22000.0,786000.0,120000.0,0.0,40.0,30.0,36.810001373291016,0.5,18.399999618530273,50000.0,115692.3984375,15.113750457763672,0,0,1,0,0,0,0,14323111.0,0.0,0.0,0.0,0.0,0.0,-1069202.0,400000.0,1000000.0,1.0,1400000.0,0.0,0.5036351084709167,14330798.0,126869.6328125,14323111.0,340.29412841796875,40.007659912109375,5.032131671905518,-1069202.0,0.0,0.0,0.0,3.5252254009246826,40.007659912109375,0.0,22230.939453125,1.2010046243667603,0.0,0.0,0.0,20.0,14.711517333984375,22.0,0.0,0.0,0.0,0.05000000074505806,0.02500000037252903,0.17000000178813934,15400000.0,0.5,6.25,0.0006667000125162303,2.0,2410000.0,4140000.0,4.734799861907959,0.15000000596046448,0.20000000298023224,0.2199999988079071,1.0,0.0,-1.0,0.0,5.0,20.0,30.0,50.0,74.0,80.0,86.0,9.800000190734863,500000.0,1.0499999802959792e-07,0.5,750.0,1000.0,600.0,1000.0,1150.0,32.0,32.0,37.400001525878906,10.0,10.0,0.007000000216066837,0.5049999952316284,82.0,189.26499938964844,0.0,1.5099999904632568,231.60000610351562,20.0,36.0,16.600000381469727,16.5,225.0,-0.1756729930639267,27.5,-0.1756729930639267,30.485509872436523,0.1561516970396042,11.10221004486084,-1.8332500457763672,-75.0,4.3520002365112305,9.800000190734863,189.26499938964844,93.30000305175781,2650000.0,0.8500000238418579,7.570000171661377,0,1,0,0,0,0,0,0,0,0,0,1,3,3,0,0,1,1,0,0,0,0,0,0,0,0,0,0,1,0,0,0,0,0,0,0,0,0,0,1,0,0,0,0,0,0,0,0,0,0,12.05853271484375,29062.6328125,2153.699951171875,0.00041491969022899866,0.0004361289902590215,0.0006248649442568421,1.0,1.0,0.0,0.0,0.0,0.5639578104019165,0.5538443326950073,1.0,0.0,0.0,0.0,1.0,0.0,0.0,1.0,1.0,0.0,1.0,1.0,0.010946691036224365,0.0,1.0,0.0,0.6385725736618042,0.6418953537940979,0.00041491969022899866,0.0,0.0,0.0,99998.78125,99999.0,2816105.0,2410000.0,36.20000076293945,36.20000076293945,36.20000076293945,32.39837646484375,267.5042724609375,136.4488983154297,49.06773376464844,26.256465911865234,37.94696044921875,27.0,28.589956283569336,27.0,0.0,32.0,20.0,68.57752227783203,3446668.0,0.543201208114624,3.7799999713897705,4.545131683349609,8.919798851013184,0.0,0.0,0.0,1.401298464324817e-45,5.4287004470825195,5.4287004470825195,0.5049998760223389,0.5049998760223389,0.5049998760223389,0.18937495350837708,0.18937495350837708,0.18937495350837708,0.0,0.0,0.0,0.0,0.0,0.0,5.294999599456787,0.0,0.0,0.0,0.0,0.0,0.0,100.0,74.08349609375,0.5517944097518921,0.0,20.0,0.0,5.369274139404297,5.484279155731201,0.0,0.0,0.0,0.007000000216066837,0.0,0.0,9.83626651763916,0.0,1.733426570892334,1.401298464324817e-45,5.492006301879883,0.0,0.0,0.0,0.0,0.0,0.0,20.0,0.0,0.0,14021131.0,0.0,0.0,0.0,0.0,0.0,0.0,0.0,0.351500004529953,18.93000030517578,23.030000686645508,7.69199959904654e-06,0.08500000089406967,0.009999999776482582,24.0,27.0,8.800000190734863,500000.0,0.05000000074505806,2.7000000013543968e-09,2.7000000013543968e-09,145100.0,120000.0,14650000.0,86400.0,17.0,34.5,48.70000076293945,321.8999938964844,83170.0,0.0,1.0,1.0,0.0010000000474974513,725.0,0.0,0.5,0.0,0.0,57.31999969482422,837142.875,9359.77734375,117376.1015625,2623.89794921875,83026.390625,725.0,1.0204100362898316e-05,740000000.0,1,0,1,0,1,0,1,0,0,0,0,8.799991607666016,27.0,1825.228515625,0.0,0.0,0.0,0.0,0.7330001592636108,0.00040016695857048035,0.0,0.014039657078683376,37.10588073730469,1.0,25267.2578125,3622.703857421875,1.82283347385237e-05,2614009344.0,4209236992.0,2828593664.0,4206387968.0,-78.63835906982422,27.7291259765625,-176396688.0,2849216.0,5.492006301879883,1538.984130859375,84.13036346435547,1511.2550048828125,106381.3984375,3668.363525390625,144858.171875,155844.703125,123267.2578125,22.20001220703125,37.10588073730469,37.10588073730469,1.0,1.82283347385237e-05,3622.703857421875,775300055040.0,0.19815663993358612,137600.0,137600.0,102329536.0,78.83489227294922,5883.8544921875,1.0,0.0,1700.0,250000.0,10000.0,1038.0,0.004999999888241291,400.0,5000.0,0,0,0,0,2962750.25,64.58589935302734,64.58589935302734,1226934.5,2783383.75,1.0,1.0,1226826.25,228.26832580566406,6265162.0,1.0,0.9936433434486389,1.0,1.0,1032.6280517578125,277.50042724609375,189.2465057373047,126.86383819580078,6162389.0,807604.5,189.2465057373047,1.0,1.0,1.0,135.71070861816406,1560.480224609375,791.2923583984375,0.0,0.0,0.0,7680000.0,518.1655883789062,519.1414184570312,520.76904296875,0.0,2783383.75,0.0,129.1717987060547,0.0,0.0,278.3406982421875,1.0,0.0,-7.5742998123168945,0.0,5.605193857299268e-45,9.999999974752427e-07,0.0,2.0,0.0003000000142492354,0.004999999888241291,0.0010000000474974513,2.0000000233721948e-07,2.0000000233721948e-07,0.0005555999814532697,993000000.0,1.0,0.05000000074505806,0.10000000149011612,0.0005000000237487257,0.0016700000269338489,0.009999999776482582,1.0,1.0,0.0010000000474974513,4.999999873689376e-05,0.00039999998989515007,0.019999999552965164,0.9891999959945679,0.9891999959945679,0.9950000047683716,0.9950000047683716,1,0,0,0,0,1,0,0,1,0,1,0,0,0,0.9888971447944641,981974848.0,62912.70703125,4820017.5,1158.24609375,2545741.75,1433.590087890625,1.0,2329433.5,0.9687592387199402,1.0,60.0,180.0,1800.0,1800.0,1.0047005414962769,0.019808992743492126,1.0,1.0,-0.012236599810421467,0.0,0.0,0.0,0.0,-8.487701416015625e-05,6.602997746085748e-05,0.0,0.0,6.602997746085748e-05,0.0,6.602997746085748e-05,6.602997746085748e-05,0.0,7.006492321624085e-44,1,1,0,1,1,1,0,1,1,0,1,0,1,1,1,1,1,1,1,1,0,1000,1000,0,1,5001,5001,220.0,3466.69140625,120.0,120.0,60.0,0.0,0.4000000059604645,0.10000000149011612,0.10000000149011612,2.0,500.0,200.0,0.9900000095367432,300000.0,5000.0,45000.0,20000.0,0.019999999552965164,2.0,0.05000000074505806,0.019999999552965164,6.0,0.05000000074505806,0.019999999552965164,0.019999999552965164,88.30000305175781,0.10000000149011612,0.800000011920929,0.05000000074505806,0.009999999776482582,50.0,50.0,340.0,340.0,1000000.0,1,1,1,1,1,1,1,1,1,1,0,0,0,1,1,0,1.0,0.0,0.0,0.0,0.0022546874824911356,0.0,0.0,0.0,0.9181393980979919,0.9181393980979919,0.9181393980979919,5000.40185546875,3900895.5,3905896.0,50.0,27.6171875,0.4000000059604645,0.0,0.0,0.10000000149011612,0.16315525770187378,1.0,45000.0,20.0,29.276750564575195,778902.0,33.382225036621094,4589.05078125,721.2213745117188,0.778901994228363,0.9181841611862183,9.474700927734375,1.0,3221398.5,3304317.0,9.718579292297363,20.0,0.2735869884490967,27.358699798583984,0.0,636.4223022460938,411.3416442871094,100000.0,50000.0,1115.300048828125,50000.0,700.0,2000.0,2800000.0,3500000.0,4000000.0,9.999999747378752e-05,4.999999873689376e-05,500.0,20000.0,100.0,500.0,60000.0,1200.0,1.0,120.0,150000.0,3000.0,300.0,1.0,300.0,0.019999999552965164,0.019999999552965164,0.009999999776482582,0.009999999776482582,0.009999999776482582,0.019999999552965164,1.100000023841858,0.019999999552965164,4.0,0.019999999552965164,88.0,1613.0,0.009999999776482582,0.20000000298023224,3.0,5.0,600.0,0.0010000000474974513,88.0,88.0,2000.0,2340.0,-0.11599799990653992,-0.03561130166053772,-0.04758000001311302,-0.01752999983727932,0,0,0,0,0,1,0,522.276611328125,522.276611328125,2.09747314453125,2.09747314453125,0.016955243423581123,31.42820167541504,164.21600341796875,1599.5697021484375,1049.2742919921875,796.585693359375,796.585693359375,3.19915771484375,3.19915771484375,1600.669189453125,544.2859497070312,0.0,0.0,2666475.25,20.00048065185547,20.00048065185547,156.28775024414062,156.28775024414062,65720.90625,65720.90625,1.0953484773635864,1.0953484773635864,114.13416290283203,114.13416290283203,24.9986515045166,24.9986515045166,104596.8671875,104596.8671875,25.00853729248047,155.4775848388672,158.4622344970703,2644206.5,20.00048065185547,20.00048065185547,226.66824340820312,226.66824340820312,155.9281005859375,155.9281005859375,652418.8125,652418.8125,0.0,114.41817474365234,114.41817474365234,228.85330200195312,160192.0,160192.0,1.0679466724395752,1.0679466724395752,225.990478515625,155.9281005859375,275.3184814453125,137.65924072265625,137.65924072265625,203.8400115966797,203.8400115966797,407.6800231933594,0.0,0.0,0.0,137.64645385742188,137.64645385742188,203.8400115966797,203.8400115966797,0.026315800845623016,13.05872631072998,0.20000000298023224,0.852996826171875,0.9001083970069885,0.8538396954536438,0.5080829858779907,0.4222416281700134,0.5095325708389282,0.9599996209144592,1.0,1.0,1.0,0.9999998211860657,0.9999998211860657,0.9999998211860657,190852.0625,193242.0625,0.0,0.0,0.0,0.0,0.0,0.0,0.0,296.3810119628906,297.7510070800781,0.0,190476.28125,190476.28125,0.0,0.0,0.0,0.0,0.8692695498466492,0.8692695498466492,0.8692695498466492,0.8518761992454529,1193506.125,0.9959999918937683,0.9959999918937683,0.9959999918937683,0.9959999918937683,5743277.5,2739469.0,7392970.0,8482622.0,2606300.0,4007508.75,0.0039008953608572483,0.007811791729182005,1048.7481689453125,530.5077514648438,531.93017578125,531.9496459960938,332.47235107421875,362.0787353515625,333.1443176269531,198.035400390625,169.8514404296875,198.80532836914062,1599.586669921875,1048.7598876953125,350.1449279785156,350.1449279785156,350.1449279785156,521.7828369140625,521.7828369140625,521.7828369140625,2.9998536109924316,0.8480972647666931,0.86350417137146,2.999854564666748,5.0,0.0040000081062316895,0.0040000081062316895,0.0040000081062316895,0.0040000081062316895,0.0,-0.4368000030517578,0.0,599970.75,164.21600341796875,164.21600341796875,0.0,20.0,2783002.75,7.25,12.0,10.25,225.13807678222656,225.13807678222656,225.13807678222656,0.0,0.0,0.7926306128501892,0.9211652278900146,10000.0,10000.0,0.011826000176370144,1038.5,0.027953999117016792,0.0,0.0,1.0878000259399414,1.0809999704360962,9.000000136438757e-05,103.0,33.220001220703125,1.8179999589920044,0.029999999329447746,49.0,8.329999923706055,4.159999847412109,58.0,302.0,4.5,0.699999988079071,0.4000000059604645,7.5,1.3799999952316284,2.492000102996826,7000.0,48.88999938964844,1.2000000476837158,45.0,62000.0,4590000.0,4250000.0,15900000.0,15100000.0,0.05000000074505806,0.17000000178813934,0.009999999776482582,15220000.0,1.6699999570846558,312.7799987792969,1.1100000143051147,4232.0,0.25,689000.0,4030000.0,9.829999923706055,8.550000190734863,12200000.0,231.10000610351562,88.3239974975586,633.0,1.1430000066757202,0.6858000159263611,-10.0,-3.7799999713897705,0.7799999713897705,295.5,4030000.0,12400000.0,0.9200000166893005,5.0,0,0,0,228,160,0,0,0,0,0,0,0,0,1,0,0,0,1,1,1,0,1,0,0,1,0,0,1,1,1,0,0,0,0,0,0,0,0,0,0,0,0,0,0,0.926416277885437,6316618.5,1.0877995491027832,0.9773581027984619,1.0128916501998901,307.941162109375,33.45970916748047,-0.0025335820391774178,1,1,1,0,0,0,1,1,0,0,0,0,0,260,0.20000000298023224,0.20000000298023224,0.20000000298023224,0.0,2,0,0,0,0,0,0,0,0,0,0,0,0,0,0,0,0,0,0,0,0,0,0,0,0,0,0,0,0,0,0,0,0,0,0,0,0,0,0,0,0,0,0,0,0,0,0,0,0,0,0,1,0,0,0,0,0,0,0,0,0,0,0,0,0,0,0,0,0,0,0,0,0,0,0,0,0,0,0,0,0,0,0,0,0,0,0,0,0,0,0,0,0,0,0,0,0,0,0,0,0,0,0,0,0,0,0,0,0,0,0,0,0,0,0,0,0,0,0,0,0,0,0,0,0,0,0,0,0,0,0,0,0,0,0,0,0,0,0,0,0,0,0,1,0,0,0,0,0,0,0,0,0,0,0,-1,0,0,0,0,0,0,1,1,0,0,92.6416244506836,-3.3829753398895264,0.0,-0.5285851955413818,-1.6815581571897805e-44,309.1252136230469,307.941162109375,713.074951171875,-0.0001356008870061487,99.2916259765625,2663.973876953125,1.0877995491027832,1.0128916501998901,-1.0,1.184051513671875,6.827850029367255e-06,0.014039657078683376,100.0,27.0,0.0,7.799991607666016,3.559032917022705,1.0,1.0,37.10588073730469,0.2578296363353729,20.0,1.82283347385237e-05,0.0,74.08349609375,1.733426570892334,1.8179994821548462,0.00036938843550160527,0.6817498207092285,0.543201208114624,28.73581886291504,8.919798851013184,19.54332160949707,16.36247444152832,0.5639578104019165,49.06773376464844,44.898040771484375,267.5042724609375,136.4488983154297,0.9655196070671082,324.4931640625,40.007659912109375,0.29459047317504883,291.211181640625,291.21893310546875,291.20330810546875,324.623046875,324.76727294921875,324.62322998046875,100.0,4.815930366516113,55.179439544677734,146.23289489746094,307.9171142578125,307.99310302734375,307.91326904296875,340.29376220703125,50.36351013183594,35.27352523803711,146.23289489746094,0.0,0.9759605526924133,0.9799469709396362,0.9761958718299866,89.13560485839844,89.13257598876953,89.06107330322266,64.45801544189453,64.45639038085938,64.45540618896484,50.64426803588867,50.64746856689453,50.52263641357422,99.43474578857422,99.23544311523438,99.17465209960938,1915.0186767578125,1914.9486083984375,1909.827880859375,520.8360595703125,521.6720581054688,520.705810546875,29.0,0.0,48.0,0.5095325708389282,0.6830717921257019,0.4222416281700134,0.7200867533683777,0.5080829858779907,0.6823974847793579,41.0,78.36749267578125,63.93034362792969,225.990478515625,97.6520767211914,9.999999974752427e-07,86.55752563476562,0.6296935081481934,155.4775848388672,0.9936433434486389,721.2213745117188,39.85615539550781,31.42820167541504,1.0,9.474700927734375,77.89019775390625,0.0,0.9718579053878784,20.0,0.0,60.0,120.0,22.0,120.0,3.466691493988037,0.0,0.0,981.974853515625,18.088600158691406,89.19799041748047,2.0,200.0,0,0,228,228,228,228,213,228,228,228,160,0,99999,99999,12,402,1800,180,1800,998,20,981,92,23,0,0,0,806,1424,29,31,32,0,0,0,0,0,0,0,0,0,0,0,0,0,0,1,0,0,0,0,1,1,1,0,1,0,0,0,1,0,0,0,0,0,0,0,0,0,0,0,0,1,0,1,0,0,1,1,0,1,0,1,0,1,0,0,0,1,1,0,1,0,1,0,0,0,1,1,1,0,0,1,0,1,0,0,0,0,1,1,0,0,1,0,0,0,1,0,0,0,0,0,0,1,0,0,0,1,1,0,0,1,0,1,0,1,0,1,0,0,0,1,0,1,1,1,0,0,1,0,0,0,0,0,1,1,1,0,0,0,0,0,0,0,0,0,0,0,1,0,1,0,1,0,0,0,0,0,0,0,0,0,1,0,1,0,1,0,1,1,1,1,1,1,1,0,0,0,0,0,0,1,0,1,1,1,1,1,1,1,1,1,1,1,1,0,0,1,1,0,0,1,1,0,1,0,1,0,1,1,0,0,0,0,0,0,0,0,1,0,0,0,1,0,1,1,0,0,1,0,0,1,1,0,1,1,1,0,1,1,0,1,0,1,1,0,0,0,0,0,0,1,1,1,1,0,0,0,0,0,0,0,0,0,0,0,0,0,0,0,0,0,0,0,0,0,0,0,0,0,0,0,0,0,0,0,0,0,0,0,0,0,0,0,0,0,0,0,0,0,0,0,0,0,0,0,0,0,0,0,0,0,0,0,0,0,0,0,1,0,0,0,1,0,0,0,0,0,0,0,0,0,0,0,0,0,0,1,0,0,0,0,0,0,0,0,0,0,0,0,0,0,0,0,0,0,0,0,0,0,0,0,0,0,0,0,0,0,0,0,0,0,0,0,0,0,0,0,0,0,0,0,0,0,0,0,0,0,0,0,0,0,0,0,0,0,0,0,0,0,0,0,1,0,1,0,0,0,0,0,1,0,0,0,0,0,0,0,0,0,0,0,0,0,0,0,1,0,0,0,0,0,0,0,0,0,0,0,0,0,0,1,0,0,0,0,0,0,0,0,0,0,1,0,0,0,0,0,0,0,0,0,0,0,0,0,0,0,0,0,0,0,0,0,0,0,0,0,0,0,1,0,0,0,0,0,0,1,1,1,0,0,0,0,0,0,-1,0,0,0,0,0,0,0,0,-1,0,0,-1,0,0,0,0,0,0,0,0,0,0,0,0,0,0,0,0,0,0,1,0,0,0,0,0,0,0,0,0,0,0,0,0,0,0,0,1,1,0,-1,-1,-1,1,1,1,0,0,0,0,1,0,0,1,1,0,0,0,0,1,0,0,0,0,0,0,0,0,0,0,0,0,0,0,0,0,0,0,0,0,0,0,0,0,0,0,0,0,0,1,1,0,1,0,1,1,0,1,0,1,1,0,1,0,0,1,0,0,0,0,0,0,0,0,0,0,0,0,0,0,0,0,0,0,0,0,0,0,0,0,0,0
0,1,1,300,228,8,8,228,114,25,1,0,0.0020000000949949026,4000.0,1.0,0.04500000178813934,25.0,48.0,8.0,291.70001220703125,1.7000000476837158,-3.179999907843012e-07,0.007360000163316727,0.008080000057816505,8.0,0.33000001311302185,0.0333000011742115,1.0,9.999999747378752e-06,21.0,9.999999747378752e-06,2775000064.0,9.000000136438757e-05,4.999999980020986e-13,5.0,40.0,3.0,-3.3499999046325684,3.3499999046325684,0.5,0.0004799999878741801,292.3927001953125,492.6077880859375,-0.0036125299520790577,0.002354159951210022,0.0008944629807956517,0.013157900422811508,0.800646185874939,0.02024419978260994,2650129920.0,0.006539999973028898,228,228,228,228,228,228,228,228,228,228,228,228,228,228,228,228,228,228,228,228,228,228,228,228,213,213,213,213,228,228,228,228,228,228,228,228,228,228,228,228,228,228,228,228,228,228,228,228,228,228,228,228,0,1,4,4,228,228,228,213,228,228,228,228,3,0,0.00040181848453357816,291.7809143066406,645.002685546875,725.6539916992188,810.5211181640625,892.376953125,1018.1463623046875,1050.1033935546875,1061.0848388671875,1046.7259521484375,1010.8446655273438,956.6006469726562,881.89697265625,800.570068359375,719.617919921875,646.03857421875,574.7432250976562,517.0767822265625,473.713623046875,444.31427001953125,426.44793701171875,419.04742431640625,419.49981689453125,424.55560302734375,430.96533203125,435.47955322265625,0.003192057367414236,0.7107895016670227,0.7719704508781433,-0.00013571622548624873,0.7554876804351807,0.9849388599395752,109953.1640625,3.411367652006447e-05,0.3207046389579773,0.7234033346176147,0.9250093102455139,0.9254798889160156,0.022373436018824577,1.0,-1.6815581571897805e-44,-3.3836328983306885,0.0,99.29149627685547,2663.985107421875,0.9435974359512329,712.1179809570312,228.0,72.0,12.52083969116211,0.6000000238418579,0.0,309.1206970214844,280624.65625,-0.5286035537719727,6.418971538543701,130.28829956054688,1.2557919025421143,7750000.0,8160000.0,86.12000274658203,119.0999984741211,0.5,9.999999747378752e-05,0.0,3.299999952316284,200.0,0.30000001192092896,309.20001220703125,2.439019908706541e-06,0,0,0,1,1,1,0,24,0,307.867431640625,0.0,0.0,0.0,0.0,0.0,0.0,0.5076122283935547,0.8722057938575745,0.5185271501541138,-0.005457460880279541,-0.0012446787441149354,-0.001230645109899342,0.5054574608802795,0.5067430138587952,0.5067123770713806,1.0,25.0,24.0,6312901.5,6313002.5,6313158.5,291.14837646484375,291.16546630859375,291.1563720703125,324.5296936035156,324.6752014160156,324.5294494628906,4400000.0,307.83905029296875,307.92034912109375,307.8428955078125,33.381317138671875,33.509735107421875,33.373077392578125,324.3982238769531,4560.66552734375,4563.2626953125,4572.60009765625,12.8098783493042,12.820502281188965,12.821003913879395,12.3612060546875,0.0,0.0,0.0020000000949949026,291.15673828125,324.578125,-40.01620864868164,1.6429930925369263,1.647208333015442,1.6471108198165894,-10.679518699645996,39.0,40.0,42.0,41.0,0.0,0.0,6311640.5,6260170.0,78.617919921875,5.0,0.014999999664723873,-180000.0,600.0,1000000.0,400000.0,0.17000000178813934,22000.0,786000.0,120000.0,0.0,40.0,30.0,36.810001373291016,0.5,18.399999618530273,50000.0,115692.3984375,15.113750457763672,0,0,1,0,0,0,0,14300123.0,0.0,0.0,0.0,0.0,0.0,-1092230.0,400000.0,1000000.0,1.0,1400000.0,0.0,0.5023689866065979,14307770.0,126869.6328125,14300123.0,340.29559326171875,40.007659912109375,5.019469261169434,-1092230.0,0.0,0.0,0.0,3.518841505050659,40.007659912109375,0.0,22230.939453125,1.2010046243667603,0.0,0.0,0.0,20.0,14.711517333984375,22.0,0.0,0.0,0.0,0.05000000074505806,0.02500000037252903,0.17000000178813934,15400000.0,0.5,6.25,0.0006667000125162303,2.0,2410000.0,4140000.0,4.734799861907959,0.15000000596046448,0.20000000298023224,0.2199999988079071,1.0,0.0,-1.0,0.0,5.0,20.0,30.0,50.0,74.0,80.0,86.0,9.800000190734863,500000.0,1.0499999802959792e-07,0.5,750.0,1000.0,600.0,1000.0,1150.0,32.0,32.0,37.400001525878906,10.0,10.0,0.007000000216066837,0.5049999952316284,82.0,189.26499938964844,0.0,1.5099999904632568,231.60000610351562,20.0,36.0,16.600000381469727,16.5,225.0,-0.1756729930639267,27.5,-0.1756729930639267,30.485509872436523,0.1561516970396042,11.10221004486084,-1.8332500457763672,-75.0,4.3520002365112305,9.800000190734863,189.26499938964844,93.30000305175781,2650000.0,0.8500000238418579,7.570000171661377,0,1,0,0,0,0,0,0,0,0,0,1,3,3,0,0,1,1,0,0,0,0,0,0,0,0,0,0,1,0,0,0,0,0,0,0,0,0,0,1,0,0,0,0,0,0,0,0,0,0,12.058459281921387,29062.55859375,2153.699951171875,0.0004149182350374758,0.0004361289902590215,0.0006248649442568421,1.0,1.0,0.0,0.0,0.0,0.5651450157165527,0.5550023913383484,1.0,0.0,0.0,0.0,1.0,0.0,0.0,1.0,1.0,0.0,1.0,1.0,0.010895371437072754,0.0,1.0,0.0,0.6382472515106201,0.6416425108909607,0.0004149182350374758,0.0,0.0,0.0,99998.78125,99999.0,2814670.5,2410000.0,36.20000076293945,36.20000076293945,36.20000076293945,32.40185546875,267.09222412109375,136.12271118164062,48.95714569091797,26.261531829833984,37.90922546386719,27.0,28.5790958404541,27.0,0.0,32.0,20.0,68.57752227783203,3446668.0,0.543201208114624,3.7799999713897705,4.556733131408691,8.919798851013184,0.0,0.0,0.0,1.401298464324817e-45,5.4236040115356445,5.4236040115356445,0.5049998760223389,0.5049998760223389,0.5049998760223389,0.18937495350837708,0.18937495350837708,0.18937495350837708,0.0,0.0,0.0,0.0,0.0,0.0,5.294999599456787,0.0,0.0,0.0,0.0,0.0,0.0,100.0,74.08284759521484,0.5506672263145447,0.0,20.0,0.0,5.364511966705322,5.4958720207214355,0.0,0.0,0.0,0.007000000216066837,0.0,0.0,9.847864151000977,0.0,1.7334201335906982,1.401298464324817e-45,5.503607749938965,0.0,0.0,0.0,0.0,0.0,0.0,20.0,0.0,0.0,13998239.0,0.0,0.0,0.0,0.0,0.0,0.0,0.0,0.351500004529953,18.93000030517578,23.030000686645508,7.69199959904654e-06,0.08500000089406967,0.009999999776482582,24.0,27.0,8.800000190734863,500000.0,0.05000000074505806,2.7000000013543968e-09,2.7000000013543968e-09,145100.0,120000.0,14650000.0,86400.0,17.0,34.5,48.70000076293945,321.8999938964844,83170.0,0.0,1.0,1.0,0.0010000000474974513,725.0,0.0,0.5,0.0,0.0,57.31999969482422,837142.875,9359.77734375,117376.1015625,2623.89794921875,83026.390625,725.0,1.0204100362898316e-05,740000000.0,1,0,1,0,1,0,1,0,0,0,0,8.799991607666016,27.0,1872.496337890625,0.0,0.0,0.0,0.0,0.7519932389259338,0.00040037097642198205,0.0,0.014403240755200386,37.16353988647461,1.0,25282.4765625,3710.845947265625,1.8700651708059013e-05,2610086912.0,4206563584.0,2825673472.0,4204924928.0,-78.45365905761719,28.3504638671875,-177632816.0,1638528.0,5.503607749938965,1539.065185546875,83.95726776123047,1510.7147216796875,106381.3984375,3679.243896484375,144894.546875,156086.875,123282.4765625,22.80001449584961,37.16353988647461,37.16353988647461,1.0,1.8700651708059013e-05,3710.845947265625,784592470016.0,0.19821548461914062,137600.0,137600.0,102101608.0,78.67036437988281,5898.9794921875,1.0,0.0,1700.0,250000.0,10000.0,1038.0,0.004999999888241291,400.0,5000.0,0,0,0,0,2962689.5,64.57889556884766,64.57889556884766,1226748.25,2783412.0,1.0,1.0,1226543.75,228.2425994873047,6261435.0,1.0,0.9935344457626343,1.0,1.0,1032.5322265625,277.4625549316406,189.23583984375,126.78347778320312,6158730.0,807555.75,189.23583984375,1.0,1.0,1.0,135.66677856445312,1559.9205322265625,791.2225341796875,0.0,0.0,0.0,7680000.0,517.9324951171875,518.9545288085938,520.5488891601562,0.0,2783412.0,0.0,129.1577911376953,0.0,0.0,278.301025390625,1.0,0.0,-7.5742998123168945,0.0,5.605193857299268e-45,9.999999974752427e-07,0.0,2.0,0.0003000000142492354,0.004999999888241291,0.0010000000474974513,2.0000000233721948e-07,2.0000000233721948e-07,0.0005555999814532697,993000000.0,1.0,0.05000000074505806,0.10000000149011612,0.0005000000237487257,0.0016700000269338489,0.009999999776482582,1.0,1.0,0.0010000000474974513,4.999999873689376e-05,0.00039999998989515007,0.019999999552965164,0.9891999959945679,0.9891999959945679,0.9950000047683716,0.9950000047683716,1,0,0,0,0,1,0,0,1,0,1,0,0,0,0.9886429309844971,981722432.0,62892.54296875,4818840.5,1157.8427734375,2545752.5,1433.1099853515625,1.0,2329471.75,0.9689573645591736,1.0,60.0,180.0,1800.0,1800.0,1.0047005414962769,0.019808992743492126,1.0,1.0,-0.012236599810421467,0.0,0.0,0.0,0.0,-8.64267349243164e-05,6.602997746085748e-05,0.0,0.0,6.602997746085748e-05,0.0,6.602997746085748e-05,6.602997746085748e-05,0.0,7.006492321624085e-44,1,1,0,1,1,1,0,1,1,0,1,0,1,1,1,1,1,1,1,1,0,1000,1000,0,1,5001,5001,220.0,3465.9287109375,120.0,120.0,60.0,0.0,0.4000000059604645,0.10000000149011612,0.10000000149011612,2.0,500.0,200.0,0.9900000095367432,300000.0,5000.0,45000.0,20000.0,0.019999999552965164,2.0,0.05000000074505806,0.019999999552965164,6.0,0.05000000074505806,0.019999999552965164,0.019999999552965164,88.30000305175781,0.10000000149011612,0.800000011920929,0.05000000074505806,0.009999999776482582,50.0,50.0,340.0,340.0,1000000.0,1,1,1,1,1,1,1,1,1,1,0,0,0,1,1,0,1.0,0.0,0.0,0.0,0.0021198750473558903,0.0,0.0,0.0,0.9181393980979919,0.9181393980979919,0.9181393980979919,5000.40234375,3900987.25,3905987.75,50.0,27.61714744567871,0.4000000059604645,0.0,0.0,0.10000000149011612,0.16305820643901825,1.0,45000.0,20.0,29.27610969543457,778905.1875,33.38129806518555,4589.04736328125,721.2213134765625,0.7789052128791809,0.9181827306747437,9.474661827087402,1.0,3221385.0,3304317.0,9.718579292297363,20.0,0.27363353967666626,27.363353729248047,0.0,636.4223022460938,411.3619384765625,100000.0,50000.0,1115.300048828125,50000.0,700.0,2000.0,2800000.0,3500000.0,4000000.0,9.999999747378752e-05,4.999999873689376e-05,500.0,20000.0,100.0,500.0,60000.0,1200.0,1.0,120.0,150000.0,3000.0,300.0,1.0,300.0,0.019999999552965164,0.019999999552965164,0.009999999776482582,0.009999999776482582,0.009999999776482582,0.019999999552965164,1.100000023841858,0.019999999552965164,4.0,0.019999999552965164,88.0,1613.0,0.009999999776482582,0.20000000298023224,3.0,5.0,600.0,0.0010000000474974513,88.0,88.0,2000.0,2340.0,-0.11599799990653992,-0.03561130166053772,-0.04758000001311302,-0.01752999983727932,0,0,0,0,0,1,0,522.1864624023438,522.1864624023438,2.09716796875,2.09716796875,0.01695103570818901,31.428184509277344,164.2158660888672,1599.2681884765625,1049.1142578125,796.435546875,796.435546875,3.19854736328125,3.19854736328125,1600.314453125,543.9879150390625,0.0,0.0,2666420.5,20.00048065185547,20.00048065185547,156.28404235839844,156.28404235839844,65720.7421875,65720.7421875,1.0953457355499268,1.0953457355499268,114.12129974365234,114.12129974365234,24.998640060424805,24.998640060424805,104596.8203125,104596.8203125,25.00852394104004,155.47406005859375,158.45909118652344,2644232.0,20.00048065185547,20.00048065185547,226.6553192138672,226.6553192138672,155.92555236816406,155.92555236816406,652408.1875,652408.1875,0.0,114.41488647460938,114.41488647460938,228.8467254638672,160191.03125,160191.03125,1.0679402351379395,1.0679402351379395,225.97679138183594,155.92555236816406,275.2414855957031,137.62074279785156,137.62074279785156,203.82070922851562,203.82070922851562,407.64141845703125,0.0,0.0,0.0,137.60780334472656,137.60780334472656,203.82070922851562,203.82070922851562,0.026315800845623016,13.058311462402344,0.20000000298023224,0.8521125912666321,0.8991068005561829,0.8528274297714233,0.5076122283935547,0.4216943085193634,0.5089825987815857,0.9599996209144592,1.0,1.0,1.0,0.9999998211860657,0.9999998211860657,0.9999998211860657,190851.6875,193242.0625,0.0,0.0,0.0,0.0,0.0,0.0,0.0,296.3810119628906,297.7510070800781,0.0,190498.375,190498.375,0.0,0.0,0.0,0.0,0.8690166473388672,0.8690166473388672,0.8690166473388672,0.8522493839263916,1193286.0,0.9959999918937683,0.9959999918937683,0.9959999918937683,0.9959999918937683,5740800.5,2739841.0,7391692.0,8480518.0,2606300.0,4007203.5,0.003900987096130848,0.007811975199729204,1048.5672607421875,530.6387329101562,531.912109375,531.9208374023438,332.540771484375,362.087646484375,333.1130676269531,198.09796142578125,169.824462890625,198.80776977539062,1599.28515625,1048.5789794921875,350.1171569824219,350.1171569824219,350.1171569824219,521.3947143554688,521.3947143554688,521.3947143554688,2.999851703643799,0.847234845161438,0.8634158968925476,2.999852180480957,5.0,0.0040000081062316895,0.0040000081062316895,0.0040000081062316895,0.0040000081062316895,0.0,-0.4368000030517578,0.0,599970.3125,164.2158660888672,164.2158660888672,0.0,20.0,2783030.75,7.25,12.0,10.25,225.1273651123047,225.1273651123047,225.1273651123047,0.0,0.0,0.7926306128501892,0.9211652278900146,10000.0,10000.0,0.011826000176370144,1038.5,0.027953999117016792,0.0,0.0,1.0878000259399414,1.0809999704360962,9.000000136438757e-05,103.0,33.220001220703125,1.8179999589920044,0.029999999329447746,49.0,8.329999923706055,4.159999847412109,58.0,302.0,4.5,0.699999988079071,0.4000000059604645,7.5,1.3799999952316284,2.492000102996826,7000.0,48.88999938964844,1.2000000476837158,45.0,62000.0,4590000.0,4250000.0,15900000.0,15100000.0,0.05000000074505806,0.17000000178813934,0.009999999776482582,15220000.0,1.6699999570846558,312.7799987792969,1.1100000143051147,4232.0,0.25,689000.0,4030000.0,9.829999923706055,8.550000190734863,12200000.0,231.10000610351562,88.3239974975586,633.0,1.1430000066757202,0.6858000159263611,-10.0,-3.7799999713897705,0.7799999713897705,295.5,4030000.0,12400000.0,0.9200000166893005,5.0,0,0,0,228,160,0,0,0,0,0,0,0,0,1,0,0,0,1,1,1,0,1,0,0,1,0,0,1,1,1,0,0,0,0,0,0,0,0,0,0,0,0,0,0,0.9250093102455139,6312901.5,1.0877995491027832,0.9765035510063171,1.012131929397583,307.885986328125,33.43045425415039,-0.0024420968256890774,1,1,1,0,0,0,1,1,0,0,0,0,0,263,0.20000000298023224,0.20000000298023224,0.20000000298023224,0.0,2,0,0,0,0,0,0,0,0,0,0,0,0,0,0,0,0,0,0,0,0,0,0,0,0,0,0,0,0,0,0,0,0,0,0,0,0,0,0,0,0,0,0,0,0,0,0,0,0,0,0,1,0,0,0,0,0,0,0,0,0,0,0,0,0,0,0,0,0,0,0,0,0,0,0,0,0,0,0,0,0,0,0,0,0,0,0,0,0,0,0,0,0,0,0,0,0,0,0,0,0,0,0,0,0,0,0,0,0,0,0,0,0,0,0,0,0,0,0,0,0,0,0,0,0,0,0,0,0,0,0,0,0,0,0,0,0,0,0,0,0,0,0,1,0,0,0,0,0,0,0,0,0,0,0,-1,0,0,0,0,0,0,1,1,0,0,92.50093078613281,-3.3836328983306885,0.0,-0.5286035537719727,-1.6815581571897805e-44,309.1206970214844,307.885986328125,712.1179809570312,-0.00013571622548624873,99.29149627685547,2663.985107421875,1.0877995491027832,1.012131929397583,-1.0,1.234710693359375,6.827850029367255e-06,0.014403240755200386,100.0,27.0,0.0,7.799991607666016,3.5694730281829834,1.0,1.0,37.16353988647461,0.2579849362373352,20.0,1.8700651708059013e-05,0.0,74.08284759521484,1.7334201335906982,1.8179994821548462,0.00036938843550160527,0.6817498207092285,0.543201208114624,28.721179962158203,8.919798851013184,19.524974822998047,16.404239654541016,0.5651450157165527,48.95714569091797,44.898040771484375,267.09222412109375,136.12271118164062,0.9653241634368896,324.422119140625,40.007659912109375,0.29459047317504883,291.17034912109375,291.17913818359375,291.16229248046875,324.55279541015625,324.69830322265625,324.55303955078125,100.0,4.829823970794678,55.06672286987305,145.9979248046875,307.861572265625,307.938720703125,307.857666015625,340.2950439453125,50.236900329589844,35.209693908691406,145.9979248046875,0.0,0.9751012325286865,0.9790948033332825,0.9753437042236328,89.15182495117188,89.14844512939453,89.07514190673828,64.42010498046875,64.41851043701172,64.41748046875,50.67123794555664,50.67430114746094,50.545745849609375,99.41492462158203,99.2129898071289,99.15546417236328,1914.9149169921875,1914.883544921875,1910.2994384765625,520.6260375976562,521.4911499023438,520.4776611328125,29.0,0.0,48.0,0.5089825987815857,0.6822619438171387,0.4216943085193634,0.7192854285240173,0.5076122283935547,0.6816900968551636,41.0,78.36749267578125,63.892311096191406,225.97679138183594,97.61705017089844,9.999999974752427e-07,86.53605651855469,0.6298222541809082,155.47406005859375,0.9935344457626343,721.2213134765625,39.85708999633789,31.428184509277344,1.0,9.474661827087402,77.89051818847656,0.0,0.9718579053878784,20.0,0.0,60.0,120.0,22.0,120.0,3.465928792953491,0.0,0.0,981.722412109375,18.088600158691406,89.19799041748047,2.0,200.0,0,0,228,228,228,228,213,228,228,228,160,0,99999,99999,12,402,1800,180,1800,998,20,981,92,23,0,0,0,806,1424,29,31,32,0,0,0,0,0,0,0,0,0,0,0,0,0,0,1,0,0,0,0,1,1,1,0,1,0,0,0,1,0,0,0,0,0,0,0,0,0,0,0,0,1,0,1,0,0,1,1,0,1,0,1,0,1,0,0,0,1,1,0,1,0,1,0,0,0,1,1,0,0,0,1,0,1,0,0,0,0,0,1,0,0,1,0,0,0,1,0,0,0,0,0,0,1,0,0,0,1,1,0,0,1,0,1,0,1,0,1,0,0,0,1,0,1,1,1,0,0,1,0,0,0,0,0,1,1,1,0,0,0,0,0,0,0,0,0,0,0,1,0,1,0,1,0,0,0,0,0,0,0,0,0,1,0,1,0,1,0,1,1,1,1,1,1,1,0,0,0,0,0,0,1,0,1,1,1,1,1,1,1,1,1,1,1,0,0,0,1,1,0,0,1,1,0,1,0,1,0,1,1,0,0,0,0,0,0,0,0,1,0,0,0,1,0,1,1,0,0,1,0,0,1,1,0,1,1,1,0,1,1,0,1,0,1,1,0,0,0,0,0,0,1,1,1,1,0,0,0,0,0,0,0,0,0,0,0,0,0,0,0,0,0,0,0,0,0,0,0,0,0,0,0,0,0,0,0,0,0,0,0,0,0,0,0,0,0,0,0,0,0,0,0,0,0,0,0,0,0,0,0,0,0,0,0,0,0,0,0,0,0,0,0,0,0,0,0,0,0,0,0,0,0,0,0,0,0,0,1,0,0,0,0,0,0,0,0,0,0,0,0,0,0,0,0,0,0,0,0,0,0,0,0,0,0,0,0,0,0,0,0,0,0,0,0,0,0,0,0,0,0,0,0,0,0,0,0,0,0,0,0,0,0,0,0,0,0,0,0,0,0,0,0,1,0,1,0,0,0,0,0,1,0,0,0,0,0,0,0,0,0,0,0,0,0,0,0,1,0,0,0,0,0,0,0,0,0,0,0,0,0,0,1,0,0,0,0,0,0,0,0,0,0,1,0,0,0,0,0,0,0,0,0,0,0,0,0,0,0,0,0,0,0,0,0,0,0,0,0,0,0,1,0,0,0,0,0,0,1,1,1,0,0,0,0,0,0,-1,0,0,0,0,0,0,0,0,-1,0,0,-1,0,0,0,0,0,0,0,0,0,0,0,0,0,0,0,0,0,0,1,0,0,0,0,0,0,0,0,0,0,0,0,0,0,0,0,1,1,0,-1,-1,-1,1,1,1,0,0,0,0,1,0,0,1,1,0,0,0,0,1,0,0,0,0,0,0,0,0,0,0,0,0,0,0,0,0,0,0,0,0,0,0,0,0,0,0,0,0,0,1,1,0,1,0,1,1,0,1,0,1,1,0,1,0,0,1,0,0,0,0,0,0,0,0,0,0,0,0,0,0,0,0,0,0,0,0,0,0,0,0,0,0
0,1,1,300,228,8,8,228,114,25,1,0,0.0020000000949949026,4000.0,1.0,0.04500000178813934,25.0,48.0,8.0,291.70001220703125,1.7000000476837158,-3.179999907843012e-07,0.007360000163316727,0.008080000057816505,8.0,0.33000001311302185,0.0333000011742115,1.0,9.999999747378752e-06,21.0,9.999999747378752e-06,2775000064.0,9.000000136438757e-05,4.999999980020986e-13,5.0,40.0,3.0,-3.3499999046325684,3.3499999046325684,0.5,0.0004799999878741801,292.3927001953125,492.6077880859375,-0.0036125299520790577,0.002354159951210022,0.0008944629807956517,0.013157900422811508,0.800646185874939,0.02024419978260994,2650129920.0,0.006539999973028898,228,228,228,228,228,228,228,228,228,228,228,228,228,228,228,228,228,228,228,228,228,228,228,228,214,214,214,214,228,228,228,228,228,228,228,228,228,228,228,228,228,228,228,228,228,228,228,228,228,228,228,228,0,1,4,4,228,228,228,214,228,228,228,228,3,0,0.00040181935764849186,291.74346923828125,644.2532958984375,724.6531982421875,809.2548828125,890.8553466796875,1016.240966796875,1048.11279296875,1059.08837890625,1044.8021240234375,1009.0546264648438,954.9900512695312,880.5174560546875,799.429443359375,718.7061767578125,645.3277587890625,574.2078857421875,516.6785888671875,473.4205322265625,444.1021423339844,426.3023376464844,418.95745849609375,419.45721435546875,424.5555725097656,431.0065002441406,435.56390380859375,0.0034056692384183407,0.7097197771072388,0.7719695568084717,-0.0001338750298600644,0.7554903626441956,0.9845890998840332,109794.78125,3.405696043046191e-05,0.32039743661880493,0.7222906351089478,0.9236494898796082,0.9240965843200684,0.02237745188176632,1.0,-1.6815581571897805e-44,-3.3842825889587402,0.0,99.29137420654297,2663.995361328125,0.9436007738113403,711.1782836914062,228.0,72.0,13.089654922485352,0.20000000298023224,0.0,309.115966796875,280625.21875,-0.5281710624694824,6.417660236358643,130.28829956054688,1.256366491317749,7750000.0,8160000.0,86.12000274658203,119.0999984741211,0.5,9.999999747378752e-05,0.0,3.299999952316284,200.0,0.30000001192092896,309.20001220703125,2.439019908706541e-06,0,0,0,1,1,1,0,24,0,307.8110046386719,0.0,0.0,0.0,0.0,0.0,0.0,0.5071284174919128,0.8721438050270081,0.5185181498527527,-0.005694866180419922,-0.0013002695050090551,-0.0012991814874112606,0.5056948661804199,0.5070128440856934,0.5069851279258728,1.0,25.0,24.0,6309078.5,6309182.5,6309337.0,291.10540771484375,291.1236572265625,291.11370849609375,324.4590148925781,324.6053771972656,324.4587707519531,4400000.0,307.7822265625,307.864501953125,307.7862548828125,33.353607177734375,33.481719970703125,33.345062255859375,324.3269348144531,4559.7880859375,4562.1904296875,4571.697265625,12.811968803405762,12.822802543640137,12.823372840881348,12.3077392578125,0.0,0.0,0.0020000000949949026,291.1142578125,324.5077209472656,-39.98249435424805,1.6437715291976929,1.6480869054794312,1.6480015516281128,-10.927702903747559,39.0,40.0,42.0,41.0,0.0,0.0,6307781.0,6256299.0,78.4563217163086,5.0,0.014999999664723873,-180000.0,600.0,1000000.0,400000.0,0.17000000178813934,22000.0,786000.0,120000.0,0.0,40.0,30.0,36.810001373291016,0.5,18.399999618530273,50000.0,115692.3984375,15.113750457763672,0,0,1,0,0,0,0,14277264.0,0.0,0.0,0.0,0.0,0.0,-1115139.0,400000.0,1000000.0,1.0,1400000.0,0.0,0.5011023283004761,14284861.0,126869.6328125,14277264.0,340.29681396484375,40.007659912109375,5.006805896759033,-1115139.0,0.0,0.0,0.0,3.5124571323394775,40.007659912109375,0.0,22230.939453125,1.2010046243667603,0.0,0.0,0.0,20.0,14.711517333984375,22.0,0.0,0.0,0.0,0.05000000074505806,0.02500000037252903,0.17000000178813934,15400000.0,0.5,6.25,0.0006667000125162303,2.0,2410000.0,4140000.0,4.734799861907959,0.15000000596046448,0.20000000298023224,0.2199999988079071,1.0,0.0,-1.0,0.0,5.0,20.0,30.0,50.0,74.0,80.0,86.0,9.800000190734863,500000.0,1.0499999802959792e-07,0.5,750.0,1000.0,600.0,1000.0,1150.0,32.0,32.0,37.400001525878906,10.0,10.0,0.007000000216066837,0.5049999952316284,82.0,189.26499938964844,0.0,1.5099999904632568,231.60000610351562,20.0,36.0,16.600000381469727,16.5,225.0,-0.1756729930639267,27.5,-0.1756729930639267,30.485509872436523,0.1561516970396042,11.10221004486084,-1.8332500457763672,-75.0,4.3520002365112305,9.800000190734863,189.26499938964844,93.30000305175781,2650000.0,0.8500000238418579,7.570000171661377,0,1,0,0,0,0,0,0,0,0,0,1,3,3,0,0,1,1,0,0,0,0,0,0,0,0,0,0,1,0,0,0,0,0,0,0,0,0,0,1,0,0,0,0,0,0,0,0,0,0,12.058381080627441,29062.47265625,2153.699951171875,0.00041491675074212253,0.0004361289902590215,0.0006248649442568421,1.0,1.0,0.0,0.0,0.0,0.5663315057754517,0.5561635494232178,1.0,0.0,0.0,0.0,1.0,0.0,0.0,1.0,1.0,0.0,1.0,1.0,0.010836482048034668,0.0,1.0,0.0,0.6379179954528809,0.6413843035697937,0.00041491675074212253,0.0,0.0,0.0,99998.78125,99999.0,2813218.25,2410000.0,36.20000076293945,36.20000076293945,36.20000076293945,32.40530014038086,266.6777038574219,135.795166015625,48.84629440307617,26.266630172729492,37.87140655517578,27.0,28.568206787109375,27.0,0.0,32.0,20.0,68.57752227783203,3446668.0,0.5432023406028748,3.7799999713897705,4.568342208862305,8.919797897338867,0.0,0.0,0.0,1.401298464324817e-45,5.418520927429199,5.418520927429199,0.5049998760223389,0.5049998760223389,0.5049998760223389,0.18937495350837708,0.18937495350837708,0.18937495350837708,0.0,0.0,0.0,0.0,0.0,0.0,5.294999599456787,0.0,0.0,0.0,0.0,0.0,0.0,100.0,74.08211517333984,0.5495213270187378,0.0,20.0,0.0,5.359803199768066,5.507476329803467,0.0,0.0,0.0,0.007000000216066837,0.0,0.0,9.859471321105957,0.0,1.7334129810333252,1.401298464324817e-45,5.515216827392578,0.0,0.0,0.0,0.0,0.0,0.0,20.0,0.0,0.0,13975496.0,0.0,0.0,0.0,0.0,0.0,0.0,0.0,0.351500004529953,18.93000030517578,23.030000686645508,7.69199959904654e-06,0.08500000089406967,0.009999999776482582,24.0,27.0,8.800000190734863,500000.0,0.05000000074505806,2.7000000013543968e-09,2.7000000013543968e-09,145100.0,120000.0,14650000.0,86400.0,17.0,34.5,48.70000076293945,321.8999938964844,83170.0,0.0,1.0,1.0,0.0010000000474974513,725.0,0.0,0.5,0.0,0.0,57.31999969482422,837142.875,9359.77734375,117376.1015625,2623.89794921875,83026.390625,725.0,1.0204100362898316e-05,740000000.0,1,0,1,0,1,0,1,0,0,0,0,8.799991607666016,27.0,1919.6658935546875,0.0,0.0,0.0,0.0,0.7709468603134155,0.00040054667624644935,0.0,0.014766069129109383,37.22078323364258,1.0,25297.6796875,3798.71728515625,1.917198642331641e-05,2606958592.0,4203892480.0,2822760192.0,4203374080.0,-78.2718734741211,29.003662109375,-178777856.0,518496.0,5.515216827392578,1539.146240234375,83.7870864868164,1510.142578125,106381.3984375,3690.073486328125,144930.890625,156327.296875,123297.6796875,23.40001678466797,37.22078323364258,37.22078323364258,1.0,1.917198642331641e-05,3798.71728515625,793509691392.0,0.19827419519424438,137600.0,137600.0,101876936.0,78.50877380371094,5914.04638671875,1.0,0.0,1700.0,250000.0,10000.0,1038.0,0.004999999888241291,400.0,5000.0,0,0,0,0,2962622.75,64.57168579101562,64.57168579101562,1226557.0,2783439.5,1.0,1.0,1226253.5,228.21670532226562,6257602.0,1.0,0.9934225082397461,1.0,1.0,1032.434326171875,277.423583984375,189.22486877441406,126.70092010498047,6154968.0,807505.6875,189.22486877441406,1.0,1.0,1.0,135.6196746826172,1559.3277587890625,791.1509399414062,0.0,0.0,0.0,7680000.0,517.7003173828125,518.7595825195312,520.3270874023438,0.0,2783439.5,0.0,129.14337158203125,0.0,0.0,278.2601623535156,1.0,0.0,-7.5742998123168945,0.0,5.605193857299268e-45,9.999999974752427e-07,0.0,2.0,0.0003000000142492354,0.004999999888241291,0.0010000000474974513,2.0000000233721948e-07,2.0000000233721948e-07,0.0005555999814532697,993000000.0,1.0,0.05000000074505806,0.10000000149011612,0.0005000000237487257,0.0016700000269338489,0.009999999776482582,1.0,1.0,0.0010000000474974513,4.999999873689376e-05,0.00039999998989515007,0.019999999552965164,0.9891999959945679,0.9891999959945679,0.9950000047683716,0.9950000047683716,1,0,0,0,0,1,0,0,1,0,1,0,0,0,0.9883704781532288,981451904.0,62870.8828125,4817621.5,1157.4095458984375,2545764.25,1432.59912109375,1.0,2329513.0,0.969155490398407,1.0,60.0,180.0,1800.0,1800.0,1.0047005414962769,0.019808992743492126,1.0,1.0,-0.012236599810421467,0.0,0.0,0.0,0.0,-9.322166442871094e-05,6.602997746085748e-05,0.0,0.0,6.602997746085748e-05,0.0,6.602997746085748e-05,6.602997746085748e-05,0.0,7.006492321624085e-44,1,1,0,1,1,1,0,1,1,0,1,0,1,1,1,1,1,1,1,1,0,1000,1000,0,1,5001,5001,220.0,3465.111328125,120.0,120.0,60.0,0.0,0.4000000059604645,0.10000000149011612,0.10000000149011612,2.0,500.0,200.0,0.9900000095367432,300000.0,5000.0,45000.0,20000.0,0.019999999552965164,2.0,0.05000000074505806,0.019999999552965164,6.0,0.05000000074505806,0.019999999552965164,0.019999999552965164,88.30000305175781,0.10000000149011612,0.800000011920929,0.05000000074505806,0.009999999776482582,50.0,50.0,340.0,340.0,1000000.0,1,1,1,1,1,1,1,1,1,1,0,0,0,1,1,0,1.0,0.0,0.0,0.0,0.0019928438123315573,0.0,0.0,0.0,0.9181392788887024,0.9181392788887024,0.9181392788887024,5000.40234375,3901085.5,3906086.0,50.0,27.617107391357422,0.4000000059604645,0.0,0.0,0.10000000149011612,0.16295838356018066,1.0,45000.0,20.0,29.27546501159668,778908.375,33.38037109375,4589.04443359375,721.2213134765625,0.778908371925354,0.9181811809539795,9.474621772766113,1.0,3221371.5,3304317.0,9.718579292297363,20.0,0.2736790180206299,27.367900848388672,0.0,636.4223022460938,411.3765869140625,100000.0,50000.0,1115.300048828125,50000.0,700.0,2000.0,2800000.0,3500000.0,4000000.0,9.999999747378752e-05,4.999999873689376e-05,500.0,20000.0,100.0,500.0,60000.0,1200.0,1.0,120.0,150000.0,3000.0,300.0,1.0,300.0,0.019999999552965164,0.019999999552965164,0.009999999776482582,0.009999999776482582,0.009999999776482582,0.019999999552965164,1.100000023841858,0.019999999552965164,4.0,0.019999999552965164,88.0,1613.0,0.009999999776482582,0.20000000298023224,3.0,5.0,600.0,0.0010000000474974513,88.0,88.0,2000.0,2340.0,-0.11599799990653992,-0.03561130166053772,-0.04758000001311302,-0.01752999983727932,0,0,0,0,0,1,0,522.094482421875,522.094482421875,2.09674072265625,2.09674072265625,0.01694669760763645,31.42816734313965,164.21572875976562,1598.989501953125,1048.9482421875,796.2967529296875,796.2967529296875,3.197998046875,3.197998046875,1599.9783935546875,543.69189453125,0.0,0.0,2666360.5,20.00048065185547,20.00048065185547,156.28033447265625,156.28033447265625,65720.5546875,65720.5546875,1.0953426361083984,1.0953426361083984,114.10835266113281,114.10835266113281,24.998628616333008,24.998628616333008,104596.7734375,104596.7734375,25.008512496948242,155.4705352783203,158.4559783935547,2644258.5,20.00048065185547,20.00048065185547,226.64247131347656,226.64247131347656,155.92294311523438,155.92294311523438,652397.25,652397.25,0.0,114.41116333007812,114.41116333007812,228.8392791748047,160190.046875,160190.046875,1.0679336786270142,1.0679336786270142,225.96319580078125,155.92294311523438,275.1634826660156,137.5817413330078,137.5817413330078,203.80104064941406,203.80104064941406,407.6020812988281,0.0,0.0,0.0,137.56861877441406,137.56861877441406,203.80104064941406,203.80104064941406,0.026315800845623016,13.057882308959961,0.20000000298023224,0.851202130317688,0.898093044757843,0.8517984747886658,0.5071284174919128,0.4211435914039612,0.5084260106086731,0.9599996209144592,1.0,1.0,1.0,0.9999998211860657,0.9999998211860657,0.9999998211860657,190851.28125,193242.0625,0.0,0.0,0.0,0.0,0.0,0.0,0.0,296.3810119628906,297.7510070800781,0.0,190519.140625,190519.140625,0.0,0.0,0.0,0.0,0.8687554001808167,0.8687554001808167,0.8687554001808167,0.852656364440918,1193063.5,0.9959999918937683,0.9959999918937683,0.9959999918937683,0.9959999918937683,5738260.0,2740213.25,7390358.5,8478349.0,2606300.0,4006927.5,0.00390108535066247,0.007812171708792448,1048.3824462890625,530.7593994140625,531.90234375,531.8937377929688,332.6020812988281,362.1016540527344,333.0820007324219,198.15731811523438,169.80068969726562,198.81173706054688,1599.0064697265625,1048.3941650390625,350.0870056152344,350.0870056152344,350.0870056152344,520.98828125,520.98828125,520.98828125,2.999849796295166,0.846340537071228,0.8633264303207397,2.999850273132324,5.0,0.0040000081062316895,0.0040000081062316895,0.0040000081062316895,0.0040000081062316895,0.0,-0.4368000030517578,0.0,599969.9375,164.21572875976562,164.21572875976562,0.0,20.0,2783059.5,7.25,12.0,10.25,225.11647033691406,225.11647033691406,225.11647033691406,0.0,0.0,0.7926306128501892,0.9211652278900146,10000.0,10000.0,0.011826000176370144,1038.5,0.027953999117016792,0.0,0.0,1.0878000259399414,1.0809999704360962,9.000000136438757e-05,103.0,33.220001220703125,1.8179999589920044,0.029999999329447746,49.0,8.329999923706055,4.159999847412109,58.0,302.0,4.5,0.699999988079071,0.4000000059604645,7.5,1.3799999952316284,2.492000102996826,7000.0,48.88999938964844,1.2000000476837158,45.0,62000.0,4590000.0,4250000.0,15900000.0,15100000.0,0.05000000074505806,0.17000000178813934,0.009999999776482582,15220000.0,1.6699999570846558,312.7799987792969,1.1100000143051147,4232.0,0.25,689000.0,4030000.0,9.829999923706055,8.550000190734863,12200000.0,231.10000610351562,88.3239974975586,633.0,1.1430000066757202,0.6858000159263611,-10.0,-3.7799999713897705,0.7799999713897705,295.5,4030000.0,12400000.0,0.9200000166893005,5.0,0,0,0,228,160,0,0,0,0,0,0,0,0,1,0,0,0,1,1,1,0,1,0,0,1,0,0,1,1,1,0,0,0,0,0,0,0,0,0,0,0,0,0,0,0.9236494898796082,6309078.5,1.0877995491027832,0.9756816625595093,1.011406421661377,307.82989501953125,33.40231704711914,-0.002352279145270586,1,1,1,0,0,0,1,1,0,0,0,0,0,266,0.20000000298023224,0.20000000298023224,0.20000000298023224,0.0,2,0,0,0,0,0,0,0,0,0,0,0,0,0,0,0,0,0,0,0,0,0,0,0,0,0,0,0,0,0,0,0,0,0,0,0,0,0,0,0,0,0,0,0,0,0,0,0,0,0,0,1,0,0,0,0,0,0,0,0,0,0,0,0,0,0,0,0,0,0,0,0,0,0,0,0,0,0,0,0,0,0,0,0,0,0,0,0,0,0,0,0,0,0,0,0,0,0,0,0,0,0,0,0,0,0,0,0,0,0,0,0,0,0,0,0,0,0,0,0,0,0,0,0,0,0,0,0,0,0,0,0,0,0,0,0,0,0,0,0,0,0,0,1,0,0,0,0,0,0,0,0,0,0,0,-1,0,0,0,0,0,0,1,1,0,0,92.36495208740234,-3.3842825889587402,0.0,-0.5281710624694824,-1.6815581571897805e-44,309.115966796875,307.82989501953125,711.1782836914062,-0.0001338750298600644,99.29137420654297,2663.995361328125,1.0877995491027832,1.011406421661377,-1.0,1.28607177734375,6.827850029367255e-06,0.014766069129109383,100.0,27.0,0.0,7.799991607666016,3.579637050628662,1.0,1.0,37.22078323364258,0.25814005732536316,20.0,1.917198642331641e-05,0.0,74.08211517333984,1.7334129810333252,1.8179994821548462,0.00036938843550160527,0.6817498207092285,0.5432023406028748,28.706361770629883,8.919797897338867,19.506675720214844,16.44603157043457,0.5663315057754517,48.84629440307617,44.898040771484375,266.6777038574219,135.795166015625,0.9651264548301697,324.35076904296875,40.007659912109375,0.29459047317504883,291.12811279296875,291.13775634765625,291.119873046875,324.48236083984375,324.62884521484375,324.48248291015625,100.0,4.841899871826172,54.95213317871094,145.76416015625,307.80523681640625,307.88330078125,307.8011779785156,340.29644775390625,50.110233306884766,35.14583206176758,145.76416015625,0.0,0.9742775559425354,0.9782747030258179,0.974521815776825,89.16822814941406,89.16442108154297,89.08954620361328,64.38111114501953,64.37953186035156,64.37847137451172,50.69851303100586,50.70128631591797,50.569488525390625,99.39541625976562,99.19011688232422,99.13645935058594,1914.8173828125,1914.848388671875,1910.7337646484375,520.402099609375,521.2933959960938,520.2407836914062,29.0,0.0,48.0,0.5084260106086731,0.6814388036727905,0.4211435914039612,0.7184744477272034,0.5071284174919128,0.6809617280960083,41.0,78.36749267578125,63.85319900512695,225.96319580078125,97.57996368408203,9.999999974752427e-07,86.51392364501953,0.6299510598182678,155.4705352783203,0.9934225082397461,721.2213134765625,39.85809326171875,31.42816734313965,1.0,9.474621772766113,77.89083862304688,0.0,0.9718579053878784,20.0,0.0,60.0,120.0,22.0,120.0,3.465111494064331,0.0,0.0,981.451904296875,18.088638305664062,89.19798278808594,2.0,200.0,0,0,228,228,228,228,214,228,228,228,160,0,99999,99999,12,402,1800,180,1800,998,20,981,92,23,0,0,0,806,1424,29,31,32,0,0,0,0,0,0,0,0,0,0,0,0,0,0,1,0,0,0,0,1,1,1,0,1,0,0,0,1,0,0,0,0,0,0,0,0,0,0,0,0,1,0,1,0,0,1,1,0,1,0,1,0,1,0,0,0,1,1,0,1,0,1,0,0,0,1,1,0,0,0,1,0,1,0,0,0,0,0,1,0,0,1,0,0,0,1,0,0,0,0,0,0,1,0,0,0,1,1,0,0,1,0,1,0,1,0,1,0,0,0,1,0,1,1,1,0,0,1,0,0,0,0,0,1,1,1,0,0,0,0,0,0,0,0,0,0,0,1,0,1,0,1,0,0,0,0,0,0,0,0,0,1,0,1,0,1,0,1,1,1,1,1,1,1,0,0,0,0,0,0,1,0,1,1,1,1,1,1,1,1,1,1,1,0,0,0,1,1,0,0,1,1,0,1,0,1,0,1,1,0,0,0,0,0,0,0,0,1,0,0,0,1,0,1,1,0,0,1,0,0,1,1,0,1,1,1,0,1,1,0,1,0,1,1,0,0,0,0,0,0,1,1,1,1,0,0,0,0,0,0,0,0,0,0,0,0,0,0,0,0,0,0,0,0,0,0,0,0,0,0,0,0,0,0,0,0,0,0,0,0,0,0,0,0,0,0,0,0,0,0,0,0,0,0,0,0,0,0,0,0,0,0,0,0,0,0,0,0,0,0,0,0,0,0,0,0,0,0,0,0,0,0,0,0,0,0,0,0,0,0,0,0,0,0,0,0,0,0,0,0,0,0,0,0,0,0,0,0,0,0,0,0,0,0,0,0,0,0,0,0,0,0,0,0,0,0,0,0,0,0,0,0,0,0,0,0,0,0,0,0,0,0,0,0,0,0,0,0,0,0,0,1,0,1,0,0,0,0,0,1,0,0,0,0,0,0,0,0,0,0,0,0,0,0,0,1,0,0,0,0,0,0,0,0,0,0,0,0,0,0,1,0,0,0,0,0,0,0,0,0,0,1,0,0,0,0,0,0,0,0,0,0,0,0,0,0,0,0,0,0,0,0,0,0,0,0,0,0,0,1,0,0,0,0,0,0,1,1,1,0,0,0,0,0,0,-1,0,0,0,0,0,0,0,0,-1,0,0,-1,0,0,0,0,0,0,0,0,0,0,0,0,0,0,0,0,0,0,1,0,0,0,0,0,0,0,0,0,0,0,0,0,0,0,0,1,1,0,-1,-1,-1,1,1,1,0,0,0,0,1,0,0,1,1,0,0,0,0,1,0,0,0,0,0,0,0,0,0,0,0,0,0,0,0,0,0,0,0,0,0,0,0,0,0,0,0,0,0,1,1,0,1,0,1,1,0,1,0,1,1,0,1,0,0,1,0,0,0,0,0,0,0,0,0,0,0,0,0,0,0,0,0,0,0,0,0,0,0,0,0,0
0,1,1,300,228,8,8,228,114,25,1,0,0.0020000000949949026,4000.0,1.0,0.04500000178813934,25.0,48.0,8.0,291.70001220703125,1.7000000476837158,-3.179999907843012e-07,0.007360000163316727,0.008080000057816505,8.0,0.33000001311302185,0.0333000011742115,1.0,9.999999747378752e-06,21.0,9.999999747378752e-06,2775000064.0,9.000000136438757e-05,4.999999980020986e-13,5.0,40.0,3.0,-3.3499999046325684,3.3499999046325684,0.5,0.0004799999878741801,292.3927001953125,492.6077880859375,-0.0036125299520790577,0.002354159951210022,0.0008944629807956517,0.013157900422811508,0.800646185874939,0.02024419978260994,2650129920.0,0.006539999973028898,228,228,228,228,228,228,228,228,228,228,228,228,228,228,228,228,228,228,228,228,228,228,228,228,214,214,214,214,228,228,228,228,228,228,228,228,228,228,228,228,228,228,228,228,228,228,228,228,228,228,228,228,0,1,4,4,228,228,228,214,228,228,228,228,3,0,0.00040181935764849186,291.70465087890625,643.5265502929688,723.6802978515625,808.0220336914062,889.3724365234375,1014.381103515625,1046.1685791015625,1057.135986328125,1042.91845703125,1007.299560546875,953.4087524414062,879.1607666015625,798.3056640625,717.8057861328125,644.6236572265625,573.6759033203125,516.2808227539062,473.1250915527344,443.8847351074219,426.1479187011719,418.8543701171875,419.3968505859375,424.53289794921875,431.0199279785156,435.6155090332031,0.0036194068379700184,0.7086609601974487,0.7719686627388,-0.00013388159277383238,0.7554930448532104,0.9842360019683838,109636.46875,3.400142304599285e-05,0.3200875520706177,0.7211894392967224,0.922296941280365,0.9227501153945923,0.022375408560037613,1.0,-1.6815581571897805e-44,-3.384915828704834,0.0,99.2912368774414,2664.007080078125,0.9436041116714478,710.2605590820312,228.0,72.0,13.671093940734863,0.800000011920929,0.0,309.1109313964844,280625.78125,-0.5281916260719299,6.416333198547363,130.28829956054688,1.2569516897201538,7750000.0,8160000.0,86.12000274658203,119.0999984741211,0.5,9.999999747378752e-05,0.0,3.299999952316284,200.0,0.30000001192092896,309.20001220703125,2.439019908706541e-06,0,0,0,1,1,1,0,24,0,307.7537536621094,0.0,0.0,0.0,0.0,0.0,0.0,0.5066313743591309,0.8720792531967163,0.518508791923523,-0.005938708782196045,-0.001358252833597362,-0.0013703983277082443,0.505938708782196,0.5072841644287109,0.5072616934776306,1.0,25.0,24.0,6305154.5,6305263.0,6305415.0,291.06121826171875,291.080322265625,291.0697021484375,324.3880615234375,324.535400390625,324.38787841796875,4400000.0,307.7246398925781,307.807861328125,307.7287902832031,33.32684326171875,33.455078125,33.31817626953125,324.255615234375,4558.92138671875,4561.11474609375,4570.80712890625,12.81411075592041,12.825121879577637,12.825770378112793,12.2535400390625,0.0,0.0,0.0020000000949949026,291.0704040527344,324.4371032714844,-39.95865249633789,1.6445711851119995,1.6489709615707397,1.6489044427871704,-11.188075065612793,39.0,40.0,42.0,41.0,0.0,0.0,6303824.5,6252334.0,78.29719543457031,5.0,0.014999999664723873,-180000.0,600.0,1000000.0,400000.0,0.17000000178813934,22000.0,786000.0,120000.0,0.0,40.0,30.0,36.810001373291016,0.5,18.399999618530273,50000.0,115692.3984375,15.113750457763672,0,0,1,0,0,0,0,14254574.0,0.0,0.0,0.0,0.0,0.0,-1137877.0,400000.0,1000000.0,1.0,1400000.0,0.0,0.4998379349708557,14262123.0,126869.6328125,14254574.0,340.29815673828125,40.007659912109375,4.994163990020752,-1137877.0,0.0,0.0,0.0,3.5060837268829346,40.007659912109375,0.0,22230.939453125,1.2010046243667603,0.0,0.0,0.0,20.0,14.711517333984375,22.0,0.0,0.0,0.0,0.05000000074505806,0.02500000037252903,0.17000000178813934,15400000.0,0.5,6.25,0.0006667000125162303,2.0,2410000.0,4140000.0,4.734799861907959,0.15000000596046448,0.20000000298023224,0.2199999988079071,1.0,0.0,-1.0,0.0,5.0,20.0,30.0,50.0,74.0,80.0,86.0,9.800000190734863,500000.0,1.0499999802959792e-07,0.5,750.0,1000.0,600.0,1000.0,1150.0,32.0,32.0,37.400001525878906,10.0,10.0,0.007000000216066837,0.5049999952316284,82.0,189.26499938964844,0.0,1.5099999904632568,231.60000610351562,20.0,36.0,16.600000381469727,16.5,225.0,-0.1756729930639267,27.5,-0.1756729930639267,30.485509872436523,0.1561516970396042,11.10221004486084,-1.8332500457763672,-75.0,4.3520002365112305,9.800000190734863,189.26499938964844,93.30000305175781,2650000.0,0.8500000238418579,7.570000171661377,0,1,0,0,0,0,0,0,0,0,0,1,3,3,0,0,1,1,0,0,0,0,0,0,0,0,0,0,1,0,0,0,0,0,0,0,0,0,0,1,0,0,0,0,0,0,0,0,0,0,12.05829906463623,29062.376953125,2153.699951171875,0.0004149152955505997,0.0004361289902590215,0.0006248649442568421,1.0,1.0,0.0,0.0,0.0,0.5675162672996521,0.5573272109031677,1.0,0.0,0.0,0.0,1.0,0.0,0.0,1.0,1.0,0.0,1.0,1.0,0.010770618915557861,0.0,1.0,0.0,0.6375852823257446,0.6411208510398865,0.0004149152955505997,0.0,0.0,0.0,99998.78125,99999.0,2811751.0,2410000.0,36.20000076293945,36.20000076293945,36.20000076293945,32.40871047973633,266.2611389160156,135.46673583984375,48.73544692993164,26.271713256835938,37.833518981933594,27.0,28.55731964111328,27.0,0.0,32.0,20.0,68.57752227783203,3446668.0,0.5432023406028748,3.7799999713897705,4.579953193664551,8.919797897338867,0.0,0.0,0.0,1.401298464324817e-45,5.413463115692139,5.413463115692139,0.5049998760223389,0.5049998760223389,0.5049998760223389,0.18937495350837708,0.18937495350837708,0.18937495350837708,0.0,0.0,0.0,0.0,0.0,0.0,5.294999599456787,0.0,0.0,0.0,0.0,0.0,0.0,100.0,74.08129119873047,0.548357367515564,0.0,20.0,0.0,5.355156898498535,5.519087314605713,0.0,0.0,0.0,0.007000000216066837,0.0,0.0,9.871082305908203,0.0,1.7334047555923462,1.401298464324817e-45,5.526827812194824,0.0,0.0,0.0,0.0,0.0,0.0,20.0,0.0,0.0,13952927.0,0.0,0.0,0.0,0.0,0.0,0.0,0.0,0.351500004529953,18.93000030517578,23.030000686645508,7.69199959904654e-06,0.08500000089406967,0.009999999776482582,24.0,27.0,8.800000190734863,500000.0,0.05000000074505806,2.7000000013543968e-09,2.7000000013543968e-09,145100.0,120000.0,14650000.0,86400.0,17.0,34.5,48.70000076293945,321.8999938964844,83170.0,0.0,1.0,1.0,0.0010000000474974513,725.0,0.0,0.5,0.0,0.0,57.31999969482422,837142.875,9359.77734375,117376.1015625,2623.89794921875,83026.390625,725.0,1.0204100362898316e-05,740000000.0,1,0,1,0,1,0,1,0,0,0,0,8.799991607666016,27.0,1966.7391357421875,0.0,0.0,0.0,0.0,0.7898617386817932,0.0004006980743724853,0.0,0.01512815710157156,37.277618408203125,1.0,25312.7890625,3886.324951171875,1.964235707418993e-05,2603140096.0,4201245952.0,2819886080.0,4201739008.0,-78.09132385253906,29.67529296875,-179857696.0,-492448.0,5.526827812194824,1539.214599609375,83.61814880371094,1509.539306640625,106381.3984375,3700.852783203125,144967.1875,156566.0,123312.7890625,24.000019073486328,37.277618408203125,37.277618408203125,1.0,1.964235707418993e-05,3886.324951171875,802065350656.0,0.1983327865600586,137600.0,137600.0,101653408.0,78.34844970703125,5929.05908203125,1.0,0.0,1700.0,250000.0,10000.0,1038.0,0.004999999888241291,400.0,5000.0,0,0,0,0,2962557.5,64.56427001953125,64.56427001953125,1226360.625,2783468.0,1.0,1.0,1225955.25,228.1905975341797,6253668.0,1.0,0.99330735206604,1.0,1.0,1032.3336181640625,277.3836364746094,189.213623046875,126.61618041992188,6151106.0,807454.3125,189.213623046875,1.0,1.0,1.0,135.5692901611328,1558.7027587890625,791.07666015625,0.0,0.0,0.0,7680000.0,517.4458618164062,518.5491943359375,520.0958862304688,0.0,2783468.0,0.0,129.1285400390625,0.0,0.0,278.21832275390625,1.0,0.0,-7.5742998123168945,0.0,5.605193857299268e-45,9.999999974752427e-07,0.0,2.0,0.0003000000142492354,0.004999999888241291,0.0010000000474974513,2.0000000233721948e-07,2.0000000233721948e-07,0.0005555999814532697,993000000.0,1.0,0.05000000074505806,0.10000000149011612,0.0005000000237487257,0.0016700000269338489,0.009999999776482582,1.0,1.0,0.0010000000474974513,4.999999873689376e-05,0.00039999998989515007,0.019999999552965164,0.9891999959945679,0.9891999959945679,0.9950000047683716,0.9950000047683716,1,0,0,0,0,1,0,0,1,0,1,0,0,0,0.9880885481834412,981171904.0,62847.765625,4816355.5,1156.947265625,2545776.75,1432.05810546875,1.0,2329557.0,0.9693536162376404,1.0,60.0,180.0,1800.0,1800.0,1.0047005414962769,0.019808992743492126,1.0,1.0,-0.012236599810421467,0.0,0.0,0.0,0.0,-9.375810623168945e-05,6.602997746085748e-05,0.0,0.0,6.602997746085748e-05,0.0,6.602997746085748e-05,6.602997746085748e-05,0.0,7.006492321624085e-44,1,1,0,1,1,1,0,1,1,0,1,0,1,1,1,1,1,1,1,1,0,1000,1000,0,1,5001,5001,220.0,3464.265625,120.0,120.0,60.0,0.0,0.4000000059604645,0.10000000149011612,0.10000000149011612,2.0,500.0,200.0,0.9900000095367432,300000.0,5000.0,45000.0,20000.0,0.019999999552965164,2.0,0.05000000074505806,0.019999999552965164,6.0,0.05000000074505806,0.019999999552965164,0.019999999552965164,88.30000305175781,0.10000000149011612,0.800000011920929,0.05000000074505806,0.009999999776482582,50.0,50.0,340.0,340.0,1000000.0,1,1,1,1,1,1,1,1,1,1,0,0,0,1,1,0,1.0,0.0,0.0,0.0,0.001873500063084066,0.0,0.0,0.0,0.9181391000747681,0.9181391000747681,0.9181391000747681,5000.40185546875,3901190.0,3906190.5,50.0,27.617067337036133,0.4000000059604645,0.0,0.0,0.10000000149011612,0.16285593807697296,1.0,45000.0,20.0,29.27482032775879,778911.5625,33.37943649291992,4589.041015625,721.2213745117188,0.7789115905761719,0.9181795120239258,9.474581718444824,1.0,3221358.0,3304317.0,9.718579292297363,20.0,0.27372559905052185,27.372560501098633,0.0,636.4223022460938,411.35882568359375,100000.0,50000.0,1115.300048828125,50000.0,700.0,2000.0,2800000.0,3500000.0,4000000.0,9.999999747378752e-05,4.999999873689376e-05,500.0,20000.0,100.0,500.0,60000.0,1200.0,1.0,120.0,150000.0,3000.0,300.0,1.0,300.0,0.019999999552965164,0.019999999552965164,0.009999999776482582,0.009999999776482582,0.009999999776482582,0.019999999552965164,1.100000023841858,0.019999999552965164,4.0,0.019999999552965164,88.0,1613.0,0.009999999776482582,0.20000000298023224,3.0,5.0,600.0,0.0010000000474974513,88.0,88.0,2000.0,2340.0,-0.11599799990653992,-0.03561130166053772,-0.04758000001311302,-0.01752999983727932,0,0,0,0,0,1,0,522.000732421875,522.000732421875,2.09637451171875,2.09637451171875,0.016942223533988,31.428150177001953,164.21559143066406,1598.731689453125,1048.7767333984375,796.1683959960938,796.1683959960938,3.19744873046875,3.19744873046875,1599.6617431640625,543.3990478515625,0.0,0.0,2666301.75,20.00048065185547,20.00048065185547,156.27670288085938,156.27670288085938,65720.3671875,65720.3671875,1.0953394174575806,1.0953394174575806,114.09529876708984,114.09529876708984,24.99861717224121,24.99861717224121,104596.7265625,104596.7265625,25.008499145507812,155.4669647216797,158.45281982421875,2644286.0,20.00048065185547,20.00048065185547,226.629638671875,226.629638671875,155.92027282714844,155.92027282714844,652386.0625,652386.0625,0.0,114.40730285644531,114.40730285644531,228.83154296875,160189.0625,160189.0625,1.0679271221160889,1.0679271221160889,225.94970703125,155.92027282714844,275.0842590332031,137.54212951660156,137.54212951660156,203.7813720703125,203.7813720703125,407.562744140625,0.0,0.0,0.0,137.5287628173828,137.5287628173828,203.7813720703125,203.7813720703125,0.026315800845623016,13.057435989379883,0.20000000298023224,0.8502653241157532,0.8970673084259033,0.8507505059242249,0.5066313743591309,0.4205894470214844,0.5078614354133606,0.9599996209144592,1.0,1.0,1.0,0.9999998211860657,0.9999998211860657,0.9999998211860657,190850.90625,193242.0625,0.0,0.0,0.0,0.0,0.0,0.0,0.0,296.3810119628906,297.7510070800781,0.0,190538.65625,190538.65625,0.0,0.0,0.0,0.0,0.8684855699539185,0.8684855699539185,0.8684855699539185,0.8530936241149902,1192838.75,0.9959999918937683,0.9959999918937683,0.9959999918937683,0.9959999918937683,5735650.5,2740586.75,7388969.5,8476112.0,2606300.0,4006682.25,0.0039011898916214705,0.007812380790710449,1048.1942138671875,530.8668823242188,531.8968505859375,531.862548828125,332.6544494628906,362.1180419921875,333.0475158691406,198.21243286132812,169.77880859375,198.81503295898438,1598.7486572265625,1048.2059326171875,350.0548400878906,350.0548400878906,350.0548400878906,520.5645751953125,520.5645751953125,520.5645751953125,2.9998488426208496,0.8454133868217468,0.8632360696792603,2.9998490810394287,5.0,0.0040000081062316895,0.0040000081062316895,0.0040000081062316895,0.0040000081062316895,0.0,-0.4368000030517578,0.0,599969.75,164.21559143066406,164.21559143066406,0.0,20.0,2783089.5,7.25,12.0,10.25,225.10543823242188,225.10543823242188,225.10543823242188,0.0,0.0,0.7926306128501892,0.9211652278900146,10000.0,10000.0,0.011826000176370144,1038.5,0.027953999117016792,0.0,0.0,1.0878000259399414,1.0809999704360962,9.000000136438757e-05,103.0,33.220001220703125,1.8179999589920044,0.029999999329447746,49.0,8.329999923706055,4.159999847412109,58.0,302.0,4.5,0.699999988079071,0.4000000059604645,7.5,1.3799999952316284,2.492000102996826,7000.0,48.88999938964844,1.2000000476837158,45.0,62000.0,4590000.0,4250000.0,15900000.0,15100000.0,0.05000000074505806,0.17000000178813934,0.009999999776482582,15220000.0,1.6699999570846558,312.7799987792969,1.1100000143051147,4232.0,0.25,689000.0,4030000.0,9.829999923706055,8.550000190734863,12200000.0,231.10000610351562,88.3239974975586,633.0,1.1430000066757202,0.6858000159263611,-10.0,-3.7799999713897705,0.7799999713897705,295.5,4030000.0,12400000.0,0.9200000166893005,5.0,0,0,0,228,160,0,0,0,0,0,0,0,0,1,0,0,0,1,1,1,0,1,0,0,1,0,0,1,1,1,0,0,0,0,0,0,0,0,0,0,0,0,0,0,0.922296941280365,6305154.5,1.0877995491027832,0.9748906493186951,1.0107190608978271,307.7729187011719,33.37523651123047,-0.0023054673802107573,1,1,1,0,0,0,1,1,0,0,0,0,0,269,0.20000000298023224,0.20000000298023224,0.20000000298023224,0.0,2,0,0,0,0,0,0,0,0,0,0,0,0,0,0,0,0,0,0,0,0,0,0,0,0,0,0,0,0,0,0,0,0,0,0,0,0,0,0,0,0,0,0,0,0,0,0,0,0,0,0,1,0,0,0,0,0,0,0,0,0,0,0,0,0,0,0,0,0,0,0,0,0,0,0,0,0,0,0,0,0,0,0,0,0,0,0,0,0,0,0,0,0,0,0,0,0,0,0,0,0,0,0,0,0,0,0,0,0,0,0,0,0,0,0,0,0,0,0,0,0,0,0,0,0,0,0,0,0,0,0,0,0,0,0,0,0,0,0,0,0,0,0,1,0,0,0,0,0,0,0,0,0,0,0,-1,0,0,0,0,0,0,1,1,0,0,92.22969055175781,-3.384915828704834,0.0,-0.5281916260719299,-1.6815581571897805e-44,309.1109313964844,307.7729187011719,710.2605590820312,-0.00013388159277383238,99.2912368774414,2664.007080078125,1.0877995491027832,1.0107190608978271,-1.0,1.3380126953125,6.827850029367255e-06,0.01512815710157156,100.0,27.0,0.0,7.799991607666016,3.589539051055908,1.0,1.0,37.277618408203125,0.2582942545413971,20.0,1.964235707418993e-05,0.0,74.08129119873047,1.7334047555923462,1.8179994821548462,0.00036938843550160527,0.6817498207092285,0.5432023406028748,28.691389083862305,8.919797897338867,19.488466262817383,16.487831115722656,0.5675162672996521,48.73544692993164,44.898040771484375,266.2611389160156,135.46673583984375,0.9649296402931213,324.27947998046875,40.007659912109375,0.29459047317504883,291.08441162109375,291.09490966796875,291.0760498046875,324.41162109375,324.55877685546875,324.41168212890625,100.0,4.851943016052246,54.83573532104492,145.53213500976562,307.7480163574219,307.82684326171875,307.7438659667969,340.2977294921875,49.983795166015625,35.082088470458984,145.53213500976562,0.0,0.9734877943992615,0.9774795174598694,0.9737337827682495,89.18482971191406,89.18050384521484,89.10433959960938,64.3410873413086,64.33953857421875,64.33843231201172,50.72616958618164,50.728416442871094,50.5938720703125,99.37550354003906,99.16627502441406,99.11710357666016,1914.705078125,1914.82861328125,1911.1207275390625,520.17236328125,521.0882568359375,519.9976806640625,29.0,0.0,48.0,0.5078614354133606,0.6806004047393799,0.4205894470214844,0.7176538705825806,0.5066313743591309,0.6802122592926025,41.0,78.36749267578125,63.81305694580078,225.94970703125,97.54084777832031,9.999999974752427e-07,86.49109649658203,0.6300798058509827,155.4669647216797,0.99330735206604,721.2213745117188,39.859161376953125,31.428150177001953,1.0,9.474581718444824,77.89115905761719,0.0,0.9718579053878784,20.0,0.0,60.0,120.0,22.0,120.0,3.464265823364258,0.0,0.0,981.171875,18.088638305664062,89.19798278808594,2.0,200.0,0,0,228,228,228,228,214,228,228,228,160,0,99999,99999,12,402,1800,180,1800,998,20,981,92,23,0,0,0,806,1424,29,31,32,0,0,0,0,0,0,0,0,0,0,0,0,0,0,1,0,0,0,0,1,1,1,0,1,0,0,0,1,0,0,0,0,0,0,0,0,0,0,0,0,1,0,1,0,0,1,1,0,1,0,1,0,1,0,0,0,1,1,0,1,0,1,0,0,0,1,1,1,0,0,1,0,1,0,0,0,0,1,1,0,0,1,0,0,0,1,0,0,0,0,0,0,1,0,0,0,1,1,0,0,1,0,1,0,1,0,1,0,0,0,1,0,1,1,1,0,0,1,0,0,0,0,0,1,1,1,0,0,0,0,0,0,0,0,0,0,0,1,0,1,0,1,0,0,0,0,0,0,0,0,0,1,0,1,0,1,0,1,1,1,1,1,1,1,0,0,0,0,0,0,1,0,1,1,1,1,1,1,1,1,1,1,1,1,0,0,1,1,0,0,1,1,0,1,0,1,0,1,1,0,0,0,0,0,0,0,0,1,0,0,0,1,0,1,1,0,0,1,0,0,1,1,0,1,1,1,0,1,1,0,1,0,1,1,0,0,0,0,0,0,1,1,1,1,0,0,0,0,0,0,0,0,0,0,0,0,0,0,0,0,0,0,0,0,0,0,0,0,0,0,0,0,0,0,0,0,0,0,0,0,0,0,0,0,0,0,0,0,0,0,0,0,0,0,0,0,0,0,0,0,0,0,0,0,0,0,0,1,0,0,0,1,0,0,0,0,0,0,0,0,0,0,0,0,0,0,1,0,0,0,0,0,0,0,0,0,0,0,0,0,0,0,0,0,0,0,0,0,0,0,0,0,0,0,0,0,0,0,0,0,0,0,0,0,0,0,0,0,0,0,0,0,0,0,0,0,0,0,0,0,0,0,0,0,0,0,0,0,0,0,0,1,0,1,0,0,0,0,0,1,0,0,0,0,0,0,0,0,0,0,0,0,0,0,0,1,0,0,0,0,0,0,0,0,0,0,0,0,0,0,1,0,0,0,0,0,0,0,0,0,0,1,0,0,0,0,0,0,0,0,0,0,0,0,0,0,0,0,0,0,0,0,0,0,0,0,0,0,0,1,0,0,0,0,0,0,1,1,1,0,0,0,0,0,0,-1,0,0,0,0,0,0,0,0,-1,0,0,-1,0,0,0,0,0,0,0,0,0,0,0,0,0,0,0,0,0,0,1,0,0,0,0,0,0,0,0,0,0,0,0,0,0,0,0,1,1,0,-1,-1,-1,1,1,1,0,0,0,0,1,0,0,1,1,0,0,0,0,1,0,0,0,0,0,0,0,0,0,0,0,0,0,0,0,0,0,0,0,0,0,0,0,0,0,0,0,0,0,1,1,0,1,0,1,1,0,1,0,1,1,0,1,0,0,1,0,0,0,0,0,0,0,0,0,0,0,0,0,0,0,0,0,0,0,0,0,0,0,0,0,0
0,1,1,300,228,8,8,228,114,25,1,0,0.0020000000949949026,4000.0,1.0,0.04500000178813934,25.0,48.0,8.0,291.70001220703125,1.7000000476837158,-3.179999907843012e-07,0.007360000163316727,0.008080000057816505,8.0,0.33000001311302185,0.0333000011742115,1.0,9.999999747378752e-06,21.0,9.999999747378752e-06,2775000064.0,9.000000136438757e-05,4.999999980020986e-13,5.0,40.0,3.0,-3.3499999046325684,3.3499999046325684,0.5,0.0004799999878741801,292.3927001953125,492.6077880859375,-0.0036125299520790577,0.002354159951210022,0.0008944629807956517,0.013157900422811508,0.800646185874939,0.02024419978260994,2650129920.0,0.006539999973028898,228,228,228,228,228,228,228,228,228,228,228,228,228,228,228,228,228,228,228,228,228,228,228,228,215,215,215,215,228,228,228,228,228,228,228,228,228,228,228,228,228,228,228,228,228,228,228,228,228,228,228,228,0,1,4,4,228,228,228,215,228,228,228,228,3,0,0.00040181935764849186,291.6780090332031,643.0542602539062,723.046875,807.2183837890625,888.405029296875,1013.1665649414062,1044.89794921875,1055.859375,1041.6859130859375,1006.1502685546875,952.3726196289062,878.2711791992188,797.5682983398438,717.2151489257812,644.1625366210938,573.3280029296875,516.022216796875,472.9359130859375,443.75030517578125,426.05963134765625,418.80584716796875,419.3833312988281,424.551513671875,431.06988525390625,435.6979675292969,0.0037616509944200516,0.7079830169677734,0.7719680666923523,-0.00013183739793021232,0.7554948925971985,0.9839986562728882,109536.0859375,3.396501051611267e-05,0.3198794424533844,0.7204845547676086,0.9214428663253784,0.9218702912330627,0.022380247712135315,1.0,-1.6815581571897805e-44,-3.3853302001953125,0.0,99.2911605834961,2664.015380859375,0.943606436252594,709.659912109375,228.0,72.0,14.065217971801758,0.20000000298023224,0.0,309.1074523925781,280626.15625,-0.5277408361434937,6.415456295013428,130.28829956054688,1.2572853565216064,7750000.0,8160000.0,86.12000274658203,119.0999984741211,0.5,9.999999747378752e-05,0.0,3.299999952316284,200.0,0.30000001192092896,309.20001220703125,2.439019908706541e-06,0,0,0,1,1,1,0,24,0,307.7152099609375,0.0,0.0,0.0,0.0,0.0,0.0,0.5062924027442932,0.8720347285270691,0.5185022950172424,-0.006104946136474609,-0.001398269785568118,-0.0014193756505846977,0.5061049461364746,0.5074664354324341,0.5074480772018433,1.0,25.0,24.0,6302486.5,6302596.0,6302746.0,291.03094482421875,291.05072021484375,291.03961181640625,324.3407897949219,324.4886169433594,324.3406677246094,4400000.0,307.68585205078125,307.7696533203125,307.69012451171875,33.309844970703125,33.437896728515625,33.301055908203125,324.2079772949219,4558.3310546875,4560.37646484375,4570.18994140625,12.815569877624512,12.826678276062012,12.827384948730469,12.21942138671875,0.0,0.0,0.0020000000949949026,291.0404357910156,324.3900146484375,-39.923309326171875,1.6451154947280884,1.6495646238327026,1.6495126485824585,-11.367565155029297,39.0,40.0,42.0,41.0,0.0,0.0,6301138.0,6249642.0,78.19224548339844,5.0,0.014999999664723873,-180000.0,600.0,1000000.0,400000.0,0.17000000178813934,22000.0,786000.0,120000.0,0.0,40.0,30.0,36.810001373291016,0.5,18.399999618530273,50000.0,115692.3984375,15.113750457763672,0,0,1,0,0,0,0,14239532.0,0.0,0.0,0.0,0.0,0.0,-1152951.0,400000.0,1000000.0,1.0,1400000.0,0.0,0.4989951550960541,14247049.0,126869.6328125,14239532.0,340.299072265625,40.007659912109375,4.985744953155518,-1152951.0,0.0,0.0,0.0,3.5018389225006104,40.007659912109375,0.0,22230.939453125,1.2010046243667603,0.0,0.0,0.0,20.0,14.711517333984375,22.0,0.0,0.0,0.0,0.05000000074505806,0.02500000037252903,0.17000000178813934,15400000.0,0.5,6.25,0.0006667000125162303,2.0,2410000.0,4140000.0,4.734799861907959,0.15000000596046448,0.20000000298023224,0.2199999988079071,1.0,0.0,-1.0,0.0,5.0,20.0,30.0,50.0,74.0,80.0,86.0,9.800000190734863,500000.0,1.0499999802959792e-07,0.5,750.0,1000.0,600.0,1000.0,1150.0,32.0,32.0,37.400001525878906,10.0,10.0,0.007000000216066837,0.5049999952316284,82.0,189.26499938964844,0.0,1.5099999904632568,231.60000610351562,20.0,36.0,16.600000381469727,16.5,225.0,-0.1756729930639267,27.5,-0.1756729930639267,30.485509872436523,0.1561516970396042,11.10221004486084,-1.8332500457763672,-75.0,4.3520002365112305,9.800000190734863,189.26499938964844,93.30000305175781,2650000.0,0.8500000238418579,7.570000171661377,0,1,0,0,0,0,0,0,0,0,0,1,3,3,0,0,1,1,0,0,0,0,0,0,0,0,0,0,1,0,0,0,0,0,0,0,0,0,0,1,0,0,0,0,0,0,0,0,0,0,12.058242797851562,29062.30859375,2153.699951171875,0.0004149143351241946,0.0004361289902590215,0.0006248649442568421,1.0,1.0,0.0,0.0,0.0,0.5683058500289917,0.5581042170524597,1.0,0.0,0.0,0.0,1.0,0.0,0.0,1.0,1.0,0.0,1.0,1.0,0.01072317361831665,0.0,1.0,0.0,0.6373617053031921,0.640942394733429,0.0004149143351241946,0.0,0.0,0.0,99998.78125,99999.0,2810765.0,2410000.0,36.20000076293945,36.20000076293945,36.20000076293945,32.41096496582031,265.9824523925781,135.24752807617188,48.661651611328125,26.275096893310547,37.80827331542969,27.0,28.550071716308594,27.0,0.0,32.0,20.0,68.57752227783203,3446668.0,0.5432023406028748,3.7799999713897705,4.587693214416504,8.919797897338867,0.0,0.0,0.0,1.401298464324817e-45,5.410107135772705,5.410107135772705,0.5049998760223389,0.5049998760223389,0.5049998760223389,0.18937495350837708,0.18937495350837708,0.18937495350837708,0.0,0.0,0.0,0.0,0.0,0.0,5.294999599456787,0.0,0.0,0.0,0.0,0.0,0.0,100.0,74.08069610595703,0.5475742816925049,0.0,20.0,0.0,5.352093696594238,5.526827335357666,0.0,0.0,0.0,0.007000000216066837,0.0,0.0,9.878822326660156,0.0,1.7333989143371582,1.401298464324817e-45,5.534567832946777,0.0,0.0,0.0,0.0,0.0,0.0,20.0,0.0,0.0,13937883.0,0.0,0.0,0.0,0.0,0.0,0.0,0.0,0.351500004529953,18.93000030517578,23.030000686645508,7.69199959904654e-06,0.08500000089406967,0.009999999776482582,24.0,27.0,8.800000190734863,500000.0,0.05000000074505806,2.7000000013543968e-09,2.7000000013543968e-09,145100.0,120000.0,14650000.0,86400.0,17.0,34.5,48.70000076293945,321.8999938964844,83170.0,0.0,1.0,1.0,0.0010000000474974513,725.0,0.0,0.5,0.0,0.0,57.31999969482422,837142.875,9359.77734375,117376.1015625,2623.89794921875,83026.390625,725.0,1.0204100362898316e-05,740000000.0,1,0,1,0,1,0,1,0,0,0,0,8.799991607666016,27.0,1998.068115234375,0.0,0.0,0.0,0.0,0.8024503588676453,0.00040078721940517426,0.0,0.015369138680398464,37.31529235839844,1.0,25322.8359375,3944.5859375,1.995540878851898e-05,2601437440.0,4199475456.0,2817977856.0,4200600576.0,-77.97384643554688,30.12841796875,-180556128.0,-1125216.0,5.534567832946777,1539.24853515625,83.5084228515625,1509.1201171875,106381.3984375,3708.012451171875,144991.359375,156724.234375,123322.8359375,24.400020599365234,37.31529235839844,37.31529235839844,1.0,1.995540878851898e-05,3944.5859375,807574437888.0,0.1983717978000641,137600.0,137600.0,101507880.0,78.24446868896484,5939.04052734375,1.0,0.0,1700.0,250000.0,10000.0,1038.0,0.004999999888241291,400.0,5000.0,0,0,0,0,2962510.0,64.55921173095703,64.55921173095703,1226226.75,2783487.5,1.0,1.0,1225751.5,228.17308044433594,6250991.5,1.0,0.9932287931442261,1.0,1.0,1032.2646484375,277.3563537597656,189.20591735839844,126.55847930908203,6148479.0,807419.125,189.20591735839844,1.0,1.0,1.0,135.53382873535156,1558.2684326171875,791.0254516601562,0.0,0.0,0.0,7680000.0,517.2744750976562,518.3947143554688,519.9328002929688,0.0,2783487.5,0.0,129.11842346191406,0.0,0.0,278.18988037109375,1.0,0.0,-7.5742998123168945,0.0,5.605193857299268e-45,9.999999974752427e-07,0.0,2.0,0.0003000000142492354,0.004999999888241291,0.0010000000474974513,2.0000000233721948e-07,2.0000000233721948e-07,0.0005555999814532697,993000000.0,1.0,0.05000000074505806,0.10000000149011612,0.0005000000237487257,0.0016700000269338489,0.009999999776482582,1.0,1.0,0.0010000000474974513,4.999999873689376e-05,0.00039999998989515007,0.019999999552965164,0.9891999959945679,0.9891999959945679,0.9950000047683716,0.9950000047683716,1,0,0,0,0,1,0,0,1,0,1,0,0,0,0.9878896474838257,980974400.0,62831.58203125,4815484.0,1156.62353515625,2545784.5,1431.6810302734375,1.0,2329588.0,0.9694857001304626,1.0,60.0,180.0,1800.0,1800.0,1.0047005414962769,0.019808992743492126,1.0,1.0,-0.012236599810421467,0.0,0.0,0.0,0.0,-9.721517562866211e-05,6.602997746085748e-05,0.0,0.0,6.602997746085748e-05,0.0,6.602997746085748e-05,6.602997746085748e-05,0.0,7.006492321624085e-44,1,1,0,1,1,1,0,1,1,0,1,0,1,1,1,1,1,1,1,1,0,1000,1000,0,1,5001,5001,220.0,3463.6689453125,120.0,120.0,60.0,0.0,0.4000000059604645,0.10000000149011612,0.10000000149011612,2.0,500.0,200.0,0.9900000095367432,300000.0,5000.0,45000.0,20000.0,0.019999999552965164,2.0,0.05000000074505806,0.019999999552965164,6.0,0.05000000074505806,0.019999999552965164,0.019999999552965164,88.30000305175781,0.10000000149011612,0.800000011920929,0.05000000074505806,0.009999999776482582,50.0,50.0,340.0,340.0,1000000.0,1,1,1,1,1,1,1,1,1,1,0,0,0,1,1,0,1.0,0.0,0.0,0.0,0.001797843724489212,0.0,0.0,0.0,0.9181389808654785,0.9181389808654785,0.9181389808654785,5000.40185546875,3901263.0,3906263.5,50.0,27.617040634155273,0.4000000059604645,0.0,0.0,0.10000000149011612,0.16278623044490814,1.0,45000.0,20.0,29.274385452270508,778913.6875,33.37880325317383,4589.03857421875,721.2213745117188,0.778913676738739,0.9181783199310303,9.474555969238281,1.0,3221349.0,3304317.0,9.718579292297363,20.0,0.27375665307044983,27.37566566467285,0.0,636.4223022460938,411.36126708984375,100000.0,50000.0,1115.300048828125,50000.0,700.0,2000.0,2800000.0,3500000.0,4000000.0,9.999999747378752e-05,4.999999873689376e-05,500.0,20000.0,100.0,500.0,60000.0,1200.0,1.0,120.0,150000.0,3000.0,300.0,1.0,300.0,0.019999999552965164,0.019999999552965164,0.009999999776482582,0.009999999776482582,0.009999999776482582,0.019999999552965164,1.100000023841858,0.019999999552965164,4.0,0.019999999552965164,88.0,1613.0,0.009999999776482582,0.20000000298023224,3.0,5.0,600.0,0.0010000000474974513,88.0,88.0,2000.0,2340.0,-0.11599799990653992,-0.03561130166053772,-0.04758000001311302,-0.01752999983727932,0,0,0,0,0,1,0,521.9374389648438,521.9374389648438,2.09613037109375,2.09613037109375,0.016939163208007812,31.428138732910156,164.2154998779297,1598.5703125,1048.6597900390625,796.0880126953125,796.0880126953125,3.1971435546875,3.1971435546875,1599.4615478515625,543.2061157226562,0.0,0.0,2666259.0,20.00048065185547,20.00048065185547,156.2742919921875,156.2742919921875,65720.2421875,65720.2421875,1.0953373908996582,1.0953373908996582,114.08654022216797,114.08654022216797,24.99860954284668,24.99860954284668,104596.6953125,104596.6953125,25.00848960876465,155.46458435058594,158.45074462890625,2644303.75,20.00048065185547,20.00048065185547,226.62106323242188,226.62106323242188,155.91847229003906,155.91847229003906,652378.5625,652378.5625,0.0,114.40486907958984,114.40486907958984,228.82667541503906,160188.390625,160188.390625,1.067922592163086,1.067922592163086,225.9407501220703,155.91847229003906,275.0306091308594,137.5153045654297,137.5153045654297,203.7677764892578,203.7677764892578,407.5355529785156,0.0,0.0,0.0,137.5017547607422,137.5017547607422,203.7677764892578,203.7677764892578,0.026315800845623016,13.05712890625,0.20000000298023224,0.849625825881958,0.8963750600814819,0.8500417470932007,0.5062924027442932,0.42021697759628296,0.5074807405471802,0.9599996209144592,1.0,1.0,1.0,0.9999998211860657,0.9999998211860657,0.9999998211860657,190850.65625,193242.0625,0.0,0.0,0.0,0.0,0.0,0.0,0.0,296.3810119628906,297.7510070800781,0.0,190551.015625,190551.015625,0.0,0.0,0.0,0.0,0.86830073595047,0.86830073595047,0.86830073595047,0.8534001111984253,1192687.25,0.9959999918937683,0.9959999918937683,0.9959999918937683,0.9959999918937683,5733870.0,2740837.0,7388013.5,8474582.0,2606300.0,4006536.5,0.0039012630004435778,0.007812527008354664,1048.067138671875,530.9290771484375,531.8928833007812,531.8395385742188,332.68310546875,362.1285400390625,333.022705078125,198.2459716796875,169.76434326171875,198.81683349609375,1598.5872802734375,1048.078857421875,350.0323486328125,350.0323486328125,350.0323486328125,520.2726440429688,520.2726440429688,520.2726440429688,2.9998483657836914,0.8447765707969666,0.8631755113601685,2.9998483657836914,5.0,0.0040000081062316895,0.0040000081062316895,0.0040000081062316895,0.0040000081062316895,0.0,-0.4368000030517578,0.0,599969.6875,164.2154998779297,164.2154998779297,0.0,20.0,2783109.5,7.25,12.0,10.25,225.09800720214844,225.09800720214844,225.09800720214844,0.0,0.0,0.7926306128501892,0.9211652278900146,10000.0,10000.0,0.011826000176370144,1038.5,0.027953999117016792,0.0,0.0,1.0878000259399414,1.0809999704360962,9.000000136438757e-05,103.0,33.220001220703125,1.8179999589920044,0.029999999329447746,49.0,8.329999923706055,4.159999847412109,58.0,302.0,4.5,0.699999988079071,0.4000000059604645,7.5,1.3799999952316284,2.492000102996826,7000.0,48.88999938964844,1.2000000476837158,45.0,62000.0,4590000.0,4250000.0,15900000.0,15100000.0,0.05000000074505806,0.17000000178813934,0.009999999776482582,15220000.0,1.6699999570846558,312.7799987792969,1.1100000143051147,4232.0,0.25,689000.0,4030000.0,9.829999923706055,8.550000190734863,12200000.0,231.10000610351562,88.3239974975586,633.0,1.1430000066757202,0.6858000159263611,-10.0,-3.7799999713897705,0.7799999713897705,295.5,4030000.0,12400000.0,0.9200000166893005,5.0,0,0,0,228,160,0,0,0,0,0,0,0,0,1,0,0,0,1,1,1,0,1,0,0,1,0,0,1,1,1,0,0,0,0,0,0,0,0,0,0,0,0,0,0,0.9214428663253784,6302486.5,1.0877995491027832,0.9743807315826416,1.0102776288986206,307.7345886230469,33.35778045654297,-0.002244244096800685,1,1,1,0,0,0,1,1,0,0,0,0,0,271,0.20000000298023224,0.20000000298023224,0.20000000298023224,0.0,2,0,0,0,0,0,0,0,0,0,0,0,0,0,0,0,0,0,0,0,0,0,0,0,0,0,0,0,0,0,0,0,0,0,0,0,0,0,0,0,0,0,0,0,0,0,0,0,0,0,0,1,0,0,0,0,0,0,0,0,0,0,0,0,0,0,0,0,0,0,0,0,0,0,0,0,0,0,0,0,0,0,0,0,0,0,0,0,0,0,0,0,0,0,0,0,0,0,0,0,0,0,0,0,0,0,0,0,0,0,0,0,0,0,0,0,0,0,0,0,0,0,0,0,0,0,0,0,0,0,0,0,0,0,0,0,0,0,0,0,0,0,0,1,0,0,0,0,0,0,0,0,0,0,0,-1,0,0,0,0,0,0,1,1,0,0,92.144287109375,-3.3853302001953125,0.0,-0.5277408361434937,-1.6815581571897805e-44,309.1074523925781,307.7345886230469,709.659912109375,-0.00013183739793021232,99.2911605834961,2664.015380859375,1.0877995491027832,1.0102776288986206,-1.0,1.37286376953125,6.827850029367255e-06,0.015369138680398464,100.0,27.0,0.0,7.799991607666016,3.596001386642456,1.0,1.0,37.31529235839844,0.2583967447280884,20.0,1.995540878851898e-05,0.0,74.08069610595703,1.7333989143371582,1.8179994821548462,0.00036938843550160527,0.6817498207092285,0.5432023406028748,28.68132781982422,8.919797897338867,19.47638511657715,16.515695571899414,0.5683058500289917,48.661651611328125,44.898040771484375,265.9824523925781,135.24752807617188,0.9647958874702454,324.23175048828125,40.007659912109375,0.29459047317504883,291.05474853515625,291.06561279296875,291.04620361328125,324.36444091796875,324.51202392578125,324.36444091796875,100.0,4.857912540435791,54.75742721557617,145.37831115722656,307.7095947265625,307.788818359375,307.705322265625,340.29852294921875,49.89951705932617,35.03960037231445,145.37831115722656,0.0,0.9729760885238647,0.9769696593284607,0.9732257127761841,89.19600677490234,89.19131469726562,89.11439514160156,64.31385040283203,64.31232452392578,64.31120300292969,50.744808197021484,50.74664306640625,50.610496520996094,99.36273193359375,99.15062713623047,99.10446166992188,1914.622314453125,1914.8143310546875,1911.3446044921875,520.0154418945312,520.9475708007812,519.8379516601562,29.0,0.0,48.0,0.5074807405471802,0.6800333857536316,0.42021697759628296,0.7171000838279724,0.5062924027442932,0.6797006726264954,41.0,78.36749267578125,63.785743713378906,225.9407501220703,97.513671875,9.999999974752427e-07,86.4754867553711,0.630165696144104,155.46458435058594,0.9932287931442261,721.2213745117188,39.85990524291992,31.428138732910156,1.0,9.474555969238281,77.89136505126953,0.0,0.9718579053878784,20.0,0.0,60.0,120.0,22.0,120.0,3.4636690616607666,0.0,0.0,980.9744262695312,18.088638305664062,89.19798278808594,2.0,200.0,0,0,228,228,228,228,215,228,228,228,160,0,99999,99999,12,402,1800,180,1800,998,20,980,92,23,0,0,0,806,1424,29,31,32,0,0,0,0,0,0,0,0,0,0,0,0,0,0,1,0,0,0,0,1,1,1,0,1,0,0,0,1,0,0,0,0,0,0,0,0,0,0,0,0,1,0,1,0,0,1,1,0,1,0,1,0,1,0,0,0,1,1,0,1,0,1,0,0,0,1,1,0,0,0,1,0,1,0,0,0,0,0,1,0,0,1,0,0,0,1,0,0,0,0,0,0,1,0,0,0,1,1,0,0,1,0,1,0,1,0,1,0,0,0,1,0,1,1,1,0,0,1,0,0,0,0,0,1,1,1,0,0,0,0,0,0,0,0,0,0,0,1,0,1,0,1,0,0,0,0,0,0,0,0,0,1,0,1,0,1,0,1,1,1,1,1,1,1,0,0,0,0,0,0,1,0,1,1,1,1,1,1,1,1,1,1,1,0,0,0,1,1,0,0,1,1,0,1,0,1,0,1,1,0,0,0,0,0,0,0,0,1,0,0,0,1,0,1,1,0,0,1,0,0,1,1,0,1,1,1,0,1,1,0,1,0,1,1,0,0,0,0,0,0,1,1,1,1,0,0,0,0,0,0,0,0,0,0,0,0,0,0,0,0,0,0,0,0,0,0,0,0,0,0,0,0,0,0,0,0,0,0,0,0,0,0,0,0,0,0,0,0,0,0,0,0,0,0,0,0,0,0,0,0,0,0,0,0,0,0,0,0,0,0,0,0,0,0,0,0,0,0,0,0,0,0,0,0,0,0,1,0,0,0,0,0,0,0,0,0,0,0,0,0,0,0,0,0,0,0,0,0,0,0,0,0,0,0,0,0,0,0,0,0,0,0,0,0,0,0,0,0,0,0,0,0,0,0,0,0,0,0,0,0,0,0,0,0,0,0,0,0,0,0,0,1,0,1,0,0,0,0,0,1,0,0,0,0,0,0,0,0,0,0,0,0,0,0,0,1,0,0,0,0,0,0,0,0,0,0,0,0,0,0,1,0,0,0,0,0,0,0,0,0,0,1,0,0,0,0,0,0,0,0,0,0,0,0,0,0,0,0,0,0,0,0,0,0,0,0,0,0,0,1,0,0,0,0,0,0,1,1,1,0,0,0,0,0,0,-1,0,0,0,0,0,0,0,0,-1,0,0,-1,0,0,0,0,0,0,0,0,0,0,0,0,0,0,0,0,0,0,1,0,0,0,0,0,0,0,0,0,0,0,0,0,0,0,0,1,1,0,-1,-1,-1,1,1,1,0,0,0,0,1,0,0,1,1,0,0,0,0,1,0,0,0,0,0,0,0,0,0,0,0,0,0,0,0,0,0,0,0,0,0,0,0,0,0,0,0,0,0,1,1,0,1,0,1,1,0,1,0,1,1,0,1,0,0,1,0,0,0,0,0,0,0,0,0,0,0,0,0,0,0,0,0,0,0,0,0,0,0,0,0,0
0,1,1,300,228,8,8,228,114,25,1,0,0.0020000000949949026,4000.0,1.0,0.04500000178813934,25.0,48.0,8.0,291.70001220703125,1.7000000476837158,-3.179999907843012e-07,0.007360000163316727,0.008080000057816505,8.0,0.33000001311302185,0.0333000011742115,1.0,9.999999747378752e-06,21.0,9.999999747378752e-06,2775000064.0,9.000000136438757e-05,4.999999980020986e-13,5.0,40.0,3.0,-3.3499999046325684,3.3499999046325684,0.5,0.0004799999878741801,292.3927001953125,492.6077880859375,-0.0036125299520790577,0.002354159951210022,0.0008944629807956517,0.013157900422811508,0.800646185874939,0.02024419978260994,2650129920.0,0.006539999973028898,228,228,228,228,228,228,228,228,228,228,228,228,228,228,228,228,228,228,228,228,228,228,228,228,215,215,215,215,228,228,228,228,228,228,228,228,228,228,228,228,228,228,228,228,228,228,228,228,228,228,228,228,0,1,4,4,228,228,228,215,228,228,228,228,3,0,0.00040181935764849186,291.63677978515625,642.3592529296875,722.1137084960938,806.0340576171875,886.978759765625,1011.374755859375,1043.022705078125,1053.97314453125,1039.86279296875,1004.4483642578125,950.8363647460938,876.9501342773438,796.4715576171875,716.3343505859375,643.47216796875,572.8049926757812,515.63037109375,472.6448059082031,443.53656005859375,425.9088134765625,418.7068786621094,419.32781982421875,424.53460693359375,431.0901794433594,435.7574462890625,0.003975669387727976,0.7069203853607178,0.7719671726226807,-0.00013214731006883085,0.7554977536201477,0.9836400747299194,109381.8203125,3.3911241189343855e-05,0.31956541538238525,0.7193794846534729,0.9201332330703735,0.9205729961395264,0.02237689681351185,1.0,-1.6815581571897805e-44,-3.385941743850708,0.0,99.29102325439453,2664.027099609375,0.9436100125312805,708.7742309570312,228.0,72.0,14.665403366088867,0.800000011920929,0.0,309.1020812988281,280626.71875,-0.5277578234672546,6.414117813110352,130.28829956054688,1.2579127550125122,7750000.0,8160000.0,86.12000274658203,119.0999984741211,0.5,9.999999747378752e-05,0.0,3.299999952316284,200.0,0.30000001192092896,309.20001220703125,2.439019908706541e-06,0,0,0,1,1,1,0,24,0,307.6567077636719,0.0,0.0,0.0,0.0,0.0,0.0,0.5057736039161682,0.8719657063484192,0.5184922814369202,-0.0063593387603759766,-0.0014603823656216264,-0.001495107775554061,0.506359338760376,0.5077416896820068,0.5077309608459473,1.0,25.0,24.0,6298409.5,6298523.0,6298672.0,290.984619140625,291.005126953125,290.99334716796875,324.26971435546875,324.41815185546875,324.26934814453125,4400000.0,307.6271667480469,307.7116394042969,307.63134765625,33.28509521484375,33.41302490234375,33.2760009765625,324.13623046875,4557.455078125,4559.27978515625,4569.2939453125,12.817798614501953,12.829032897949219,12.829828262329102,12.167572021484375,0.0,0.0,0.0020000000949949026,290.9943542480469,324.3190612792969,-39.838871002197266,1.6459490060806274,1.6504615545272827,1.6504358053207397,-11.644290924072266,39.0,40.0,42.0,41.0,0.0,0.0,6297034.0,6245526.5,78.03724670410156,5.0,0.014999999664723873,-180000.0,600.0,1000000.0,400000.0,0.17000000178813934,22000.0,786000.0,120000.0,0.0,40.0,30.0,36.810001373291016,0.5,18.399999618530273,50000.0,115692.3984375,15.113750457763672,0,0,1,0,0,0,0,14217118.0,0.0,0.0,0.0,0.0,0.0,-1175430.0,400000.0,1000000.0,1.0,1400000.0,0.0,0.49773332476615906,14224570.0,126869.6328125,14217118.0,340.30023193359375,40.007659912109375,4.973133563995361,-1175430.0,0.0,0.0,0.0,3.495481014251709,40.007659912109375,0.0,22230.939453125,1.2010046243667603,0.0,0.0,0.0,20.0,14.711517333984375,22.0,0.0,0.0,0.0,0.05000000074505806,0.02500000037252903,0.17000000178813934,15400000.0,0.5,6.25,0.0006667000125162303,2.0,2410000.0,4140000.0,4.734799861907959,0.15000000596046448,0.20000000298023224,0.2199999988079071,1.0,0.0,-1.0,0.0,5.0,20.0,30.0,50.0,74.0,80.0,86.0,9.800000190734863,500000.0,1.0499999802959792e-07,0.5,750.0,1000.0,600.0,1000.0,1150.0,32.0,32.0,37.400001525878906,10.0,10.0,0.007000000216066837,0.5049999952316284,82.0,189.26499938964844,0.0,1.5099999904632568,231.60000610351562,20.0,36.0,16.600000381469727,16.5,225.0,-0.1756729930639267,27.5,-0.1756729930639267,30.485509872436523,0.1561516970396042,11.10221004486084,-1.8332500457763672,-75.0,4.3520002365112305,9.800000190734863,189.26499938964844,93.30000305175781,2650000.0,0.8500000238418579,7.570000171661377,0,1,0,0,0,0,0,0,0,0,0,1,3,3,0,0,1,1,0,0,0,0,0,0,0,0,0,0,1,0,0,0,0,0,0,0,0,0,0,1,0,0,0,0,0,0,0,0,0,0,12.058155059814453,29062.197265625,2153.699951171875,0.0004149128799326718,0.0004361289902590215,0.0006248649442568421,1.0,1.0,0.0,0.0,0.0,0.569487988948822,0.5592713356018066,1.0,0.0,0.0,0.0,1.0,0.0,0.0,1.0,1.0,0.0,1.0,1.0,0.010645270347595215,0.0,1.0,0.0,0.6370237469673157,0.6406705379486084,0.0004149128799326718,0.0,0.0,0.0,99998.78125,99999.0,2809274.75,2410000.0,36.20000076293945,36.20000076293945,36.20000076293945,32.4143180847168,265.56317138671875,134.9186248779297,48.551177978515625,26.280176162719727,37.77044677734375,27.0,28.539220809936523,27.0,0.0,32.0,20.0,68.57752227783203,3446668.0,0.5432023406028748,3.7799999713897705,4.599298477172852,8.919797897338867,0.0,0.0,0.0,1.401298464324817e-45,5.4051008224487305,5.4051008224487305,0.5049998760223389,0.5049998760223389,0.5049998760223389,0.18937495350837708,0.18937495350837708,0.18937495350837708,0.0,0.0,0.0,0.0,0.0,0.0,5.294999599456787,0.0,0.0,0.0,0.0,0.0,0.0,100.0,74.0797348022461,0.5463840961456299,0.0,20.0,0.0,5.347561836242676,5.538436412811279,0.0,0.0,0.0,0.007000000216066837,0.0,0.0,9.890430450439453,0.0,1.7333893775939941,1.401298464324817e-45,5.546173095703125,0.0,0.0,0.0,0.0,0.0,0.0,20.0,0.0,0.0,13915607.0,0.0,0.0,0.0,0.0,0.0,0.0,0.0,0.351500004529953,18.93000030517578,23.030000686645508,7.69199959904654e-06,0.08500000089406967,0.009999999776482582,24.0,27.0,8.800000190734863,500000.0,0.05000000074505806,2.7000000013543968e-09,2.7000000013543968e-09,145100.0,120000.0,14650000.0,86400.0,17.0,34.5,48.70000076293945,321.8999938964844,83170.0,0.0,1.0,1.0,0.0010000000474974513,725.0,0.0,0.5,0.0,0.0,57.31999969482422,837142.875,9359.77734375,117376.1015625,2623.89794921875,83026.390625,725.0,1.0204100362898316e-05,740000000.0,1,0,1,0,1,0,1,0,0,0,0,8.799991607666016,27.0,2044.9833984375,0.0,0.0,0.0,0.0,0.8213018774986267,0.00040090546826831996,0.0,0.015730012208223343,37.37146759033203,1.0,25337.859375,4031.76611328125,2.0424200556590222e-05,2597583872.0,4196799744.0,2815124224.0,4198826496.0,-77.79808044433594,30.80615234375,-181439808.0,-2026880.0,5.546173095703125,1539.2728271484375,83.34425354003906,1508.4666748046875,106381.3984375,3718.709716796875,145027.59375,156960.15625,123337.859375,25.000022888183594,37.37146759033203,37.37146759033203,1.0,2.0424200556590222e-05,4031.76611328125,815555543040.0,0.19843022525310516,137600.0,137600.0,101289792.0,78.08894348144531,5953.96435546875,1.0,0.0,1700.0,250000.0,10000.0,1038.0,0.004999999888241291,400.0,5000.0,0,0,0,0,2962439.0,64.55143737792969,64.55143737792969,1226022.75,2783517.25,1.0,1.0,1225438.25,228.14659118652344,6246907.0,1.0,0.9931080937385559,1.0,1.0,1032.157958984375,277.31475830078125,189.194091796875,126.47028350830078,6144470.0,807365.125,189.194091796875,1.0,1.0,1.0,135.47781372070312,1557.591552734375,790.9456787109375,0.0,0.0,0.0,7680000.0,517.0166015625,518.1697387695312,519.6915283203125,0.0,2783517.25,0.0,129.10287475585938,0.0,0.0,278.1463928222656,1.0,0.0,-7.5742998123168945,0.0,5.605193857299268e-45,9.999999974752427e-07,0.0,2.0,0.0003000000142492354,0.004999999888241291,0.0010000000474974513,2.0000000233721948e-07,2.0000000233721948e-07,0.0005555999814532697,993000000.0,1.0,0.05000000074505806,0.10000000149011612,0.0005000000237487257,0.0016700000269338489,0.009999999776482582,1.0,1.0,0.0010000000474974513,4.999999873689376e-05,0.00039999998989515007,0.019999999552965164,0.9891999959945679,0.9891999959945679,0.9950000047683716,0.9950000047683716,1,0,0,0,0,1,0,0,1,0,1,0,0,0,0.9875813722610474,980668288.0,62806.17578125,4814132.0,1156.115478515625,2545798.0,1431.0916748046875,1.0,2329636.5,0.969683825969696,1.0,60.0,180.0,1800.0,1800.0,1.0047005414962769,0.019808992743492126,1.0,1.0,-0.012236599810421467,0.0,0.0,0.0,0.0,-0.00010544061660766602,6.602997746085748e-05,0.0,0.0,6.602997746085748e-05,0.0,6.602997746085748e-05,6.602997746085748e-05,0.0,7.006492321624085e-44,1,1,0,1,1,1,0,1,1,0,1,0,1,1,1,1,1,1,1,1,0,1000,1000,0,1,5001,5001,220.0,3462.744140625,120.0,120.0,60.0,0.0,0.4000000059604645,0.10000000149011612,0.10000000149011612,2.0,500.0,200.0,0.9900000095367432,300000.0,5000.0,45000.0,20000.0,0.019999999552965164,2.0,0.05000000074505806,0.019999999552965164,6.0,0.05000000074505806,0.019999999552965164,0.019999999552965164,88.30000305175781,0.10000000149011612,0.800000011920929,0.05000000074505806,0.009999999776482582,50.0,50.0,340.0,340.0,1000000.0,1,1,1,1,1,1,1,1,1,1,0,0,0,1,1,0,1.0,0.0,0.0,0.0,0.0016899374313652515,0.0,0.0,0.0,0.9181386232376099,0.9181386232376099,0.9181386232376099,5000.4013671875,3901377.25,3906377.75,50.0,27.617000579833984,0.4000000059604645,0.0,0.0,0.10000000149011612,0.16267986595630646,1.0,45000.0,20.0,29.273717880249023,778916.875,33.377830505371094,4589.03515625,721.2213745117188,0.7789168953895569,0.9181763529777527,9.474516868591309,1.0,3221335.5,3304317.0,9.718579292297363,20.0,0.2738032042980194,27.380319595336914,0.0,636.4223022460938,411.3596496582031,100000.0,50000.0,1115.300048828125,50000.0,700.0,2000.0,2800000.0,3500000.0,4000000.0,9.999999747378752e-05,4.999999873689376e-05,500.0,20000.0,100.0,500.0,60000.0,1200.0,1.0,120.0,150000.0,3000.0,300.0,1.0,300.0,0.019999999552965164,0.019999999552965164,0.009999999776482582,0.009999999776482582,0.009999999776482582,0.019999999552965164,1.100000023841858,0.019999999552965164,4.0,0.019999999552965164,88.0,1613.0,0.009999999776482582,0.20000000298023224,3.0,5.0,600.0,0.0010000000474974513,88.0,88.0,2000.0,2340.0,-0.11599799990653992,-0.03561130166053772,-0.04758000001311302,-0.01752999983727932,0,0,0,0,0,1,0,521.8413696289062,521.8413696289062,2.09576416015625,2.09576416015625,0.01693444699048996,31.42812156677246,164.21536254882812,1598.341552734375,1048.480712890625,795.9740600585938,795.9740600585938,3.19671630859375,3.19671630859375,1599.177001953125,542.9208984375,0.0,0.0,2666195.0,20.00048065185547,20.00048065185547,156.2706756591797,156.2706756591797,65720.0546875,65720.0546875,1.0953342914581299,1.0953342914581299,114.07329559326172,114.07329559326172,24.998598098754883,24.998598098754883,104596.640625,104596.640625,25.008472442626953,155.4610137939453,158.44764709472656,2644332.0,20.00048065185547,20.00048065185547,226.60821533203125,226.60821533203125,155.9157257080078,155.9157257080078,652367.0625,652367.0625,0.0,114.40115356445312,114.40115356445312,228.81924438476562,160187.359375,160187.359375,1.067915678024292,1.067915678024292,225.9273681640625,155.9157257080078,274.94866943359375,137.47433471679688,137.47433471679688,203.74703979492188,203.74703979492188,407.49407958984375,0.0,0.0,0.0,137.46046447753906,137.46046447753906,203.74703979492188,203.74703979492188,0.026315800845623016,13.056656837463379,0.20000000298023224,0.848645806312561,0.8953247666358948,0.8489624261856079,0.5057736039161682,0.4196542203426361,0.506902813911438,0.9599996209144592,1.0,1.0,1.0,0.9999998211860657,0.9999998211860657,0.9999998211860657,190850.28125,193242.0625,0.0,0.0,0.0,0.0,0.0,0.0,0.0,296.3810119628906,297.7510070800781,0.0,190568.625,190568.625,0.0,0.0,0.0,0.0,0.8680160045623779,0.8680160045623779,0.8680160045623779,0.8538793325424194,1192457.375,0.9959999918937683,0.9959999918937683,0.9959999918937683,0.9959999918937683,5731135.0,2741215.25,7386534.5,8472224.0,2606300.0,4006345.5,0.003901377087458968,0.007812755182385445,1047.874267578125,531.008544921875,531.8831787109375,531.794921875,332.71685791015625,362.14129638671875,332.97845458984375,198.29168701171875,169.74188232421875,198.81646728515625,1598.3585205078125,1047.885986328125,349.9967041015625,349.9967041015625,349.9967041015625,519.8203735351562,519.8203735351562,519.8203735351562,2.9998483657836914,0.8437927961349487,0.8630844950675964,2.9998483657836914,5.0,0.0040000081062316895,0.0040000081062316895,0.0040000081062316895,0.0040000081062316895,0.0,-0.4368000030517578,0.0,599969.6875,164.21536254882812,164.21536254882812,0.0,20.0,2783140.0,7.25,12.0,10.25,225.0867462158203,225.0867462158203,225.0867462158203,0.0,0.0,0.7926306128501892,0.9211652278900146,10000.0,10000.0,0.011826000176370144,1038.5,0.027953999117016792,0.0,0.0,1.0878000259399414,1.0809999704360962,9.000000136438757e-05,103.0,33.220001220703125,1.8179999589920044,0.029999999329447746,49.0,8.329999923706055,4.159999847412109,58.0,302.0,4.5,0.699999988079071,0.4000000059604645,7.5,1.3799999952316284,2.492000102996826,7000.0,48.88999938964844,1.2000000476837158,45.0,62000.0,4590000.0,4250000.0,15900000.0,15100000.0,0.05000000074505806,0.17000000178813934,0.009999999776482582,15220000.0,1.6699999570846558,312.7799987792969,1.1100000143051147,4232.0,0.25,689000.0,4030000.0,9.829999923706055,8.550000190734863,12200000.0,231.10000610351562,88.3239974975586,633.0,1.1430000066757202,0.6858000159263611,-10.0,-3.7799999713897705,0.7799999713897705,295.5,4030000.0,12400000.0,0.9200000166893005,5.0,0,0,0,228,160,0,0,0,0,0,0,0,0,1,0,0,0,1,1,1,0,1,0,0,1,0,0,1,1,1,0,0,0,0,0,0,0,0,0,0,0,0,0,0,0.9201332330703735,6298409.5,1.0877995491027832,0.973639965057373,1.0096467733383179,307.67633056640625,33.332420349121094,-0.0022155423648655415,1,1,1,0,0,0,1,1,0,0,0,0,0,274,0.20000000298023224,0.20000000298023224,0.20000000298023224,0.0,2,0,0,0,0,0,0,0,0,0,0,0,0,0,0,0,0,0,0,0,0,0,0,0,0,0,0,0,0,0,0,0,0,0,0,0,0,0,0,0,0,0,0,0,0,0,0,0,0,0,0,1,0,0,0,0,0,0,0,0,0,0,0,0,0,0,0,0,0,0,0,0,0,0,0,0,0,0,0,0,0,0,0,0,0,0,0,0,0,0,0,0,0,0,0,0,0,0,0,0,0,0,0,0,0,0,0,0,0,0,0,0,0,0,0,0,0,0,0,0,0,0,0,0,0,0,0,0,0,0,0,0,0,0,0,0,0,0,0,0,0,0,0,1,0,0,0,0,0,0,0,0,0,0,0,-1,0,0,0,0,0,0,1,1,0,0,92.01332092285156,-3.385941743850708,0.0,-0.5277578234672546,-1.6815581571897805e-44,309.1020812988281,307.67633056640625,708.7742309570312,-0.00013214731006883085,99.29102325439453,2664.027099609375,1.0877995491027832,1.0096467733383179,-1.0,1.425750732421875,6.827850029367255e-06,0.015730012208223343,100.0,27.0,0.0,7.799991607666016,3.6054954528808594,1.0,1.0,37.37146759033203,0.2585500478744507,20.0,2.0424200556590222e-05,0.0,74.0797348022461,1.7333893775939941,1.8179994821548462,0.00036938843550160527,0.6817498207092285,0.5432023406028748,28.666122436523438,8.919797897338867,19.458362579345703,16.55747413635254,0.569487988948822,48.551177978515625,44.898040771484375,265.56317138671875,134.9186248779297,0.9645957350730896,324.1601257324219,40.007659912109375,0.29459047317504883,291.0089111328125,291.02056884765625,291.0003662109375,324.2930603027344,324.4416198730469,324.2934265136719,100.0,4.865077018737793,54.63840866088867,145.14894104003906,307.6510009765625,307.7310791015625,307.64691162109375,340.29986572265625,49.77333068847656,34.975982666015625,145.14894104003906,0.0,0.9722299575805664,0.9762288928031921,0.9724902510643005,89.21295166015625,89.20762634277344,89.1297836303711,64.27227783203125,64.27075958251953,64.26959991455078,50.773094177246094,50.774169921875,50.63593292236328,99.34312438964844,99.12677764892578,99.08557891845703,1914.461669921875,1914.7794189453125,1911.6307373046875,519.7686767578125,520.7161865234375,519.570556640625,29.0,0.0,48.0,0.506902813911438,0.6791699528694153,0.4196542203426361,0.7162598371505737,0.5057736039161682,0.6789166331291199,41.0,78.36749267578125,63.74406433105469,225.9273681640625,97.47130584716797,9.999999974752427e-07,86.45142364501953,0.6302944421768188,155.4610137939453,0.9931080937385559,721.2213745117188,39.86106872558594,31.42812156677246,1.0,9.474516868591309,77.89169311523438,0.0,0.9718579053878784,20.0,0.0,60.0,120.0,22.0,120.0,3.4627442359924316,0.0,0.0,980.6682739257812,18.088638305664062,89.19798278808594,2.0,200.0,0,0,228,228,228,228,215,228,228,228,160,0,99999,99999,12,402,1800,180,1800,998,20,980,92,23,0,0,0,806,1424,29,31,32,0,0,0,0,0,0,0,0,0,0,0,0,0,0,1,0,0,0,0,1,1,1,0,1,0,0,0,1,0,0,0,0,0,0,0,0,0,0,0,0,1,0,1,0,0,1,1,0,1,0,1,0,1,0,0,0,1,1,0,1,0,1,0,0,0,1,1,0,0,0,1,0,1,0,0,0,0,0,1,0,0,1,0,0,0,1,0,0,0,0,0,0,1,0,0,0,1,1,0,0,1,0,1,0,1,0,1,0,0,0,1,0,1,1,1,0,0,1,0,0,0,0,0,1,1,1,0,0,0,0,0,0,0,0,0,0,0,1,0,1,0,1,0,0,0,0,0,0,0,0,0,1,0,1,0,1,0,1,1,1,1,1,1,1,0,0,0,0,0,0,1,0,1,1,1,1,1,1,1,1,1,1,1,0,0,0,1,1,0,0,1,1,0,1,0,1,0,1,1,0,0,0,0,0,0,0,0,1,0,0,0,1,0,1,1,0,0,1,0,0,1,1,0,1,1,1,0,1,1,0,1,0,1,1,0,0,0,0,0,0,1,1,1,1,0,0,0,0,0,0,0,0,0,0,0,0,0,0,0,0,0,0,0,0,0,0,0,0,0,0,0,0,0,0,0,0,0,0,0,0,0,0,0,0,0,0,0,0,0,0,0,0,0,0,0,0,0,0,0,0,0,0,0,0,0,0,0,0,0,0,0,0,0,0,0,0,0,0,0,0,0,0,0,0,0,0,0,0,0,0,0,0,0,0,0,0,0,0,0,0,0,0,0,0,0,0,0,0,0,0,0,0,0,0,0,0,0,0,0,0,0,0,0,0,0,0,0,0,0,0,0,0,0,0,0,0,0,0,0,0,0,0,0,0,0,0,0,0,0,0,0,1,0,1,0,0,0,0,0,1,0,0,0,0,0,0,0,0,0,0,0,0,0,0,0,1,0,0,0,0,0,0,0,0,0,0,0,0,0,0,1,0,0,0,0,0,0,0,0,0,0,1,0,0,0,0,0,0,0,0,0,0,0,0,0,0,0,0,0,0,0,0,0,0,0,0,0,0,0,1,0,0,0,0,0,0,1,1,1,0,0,0,0,0,0,-1,0,0,0,0,0,0,0,0,-1,0,0,-1,0,0,0,0,0,0,0,0,0,0,0,0,0,0,0,0,0,0,1,0,0,0,0,0,0,0,0,0,0,0,0,0,0,0,0,1,1,0,-1,-1,-1,1,1,1,0,0,0,0,1,0,0,1,1,0,0,0,0,1,0,0,0,0,0,0,0,0,0,0,0,0,0,0,0,0,0,0,0,0,0,0,0,0,0,0,0,0,0,1,1,0,1,0,1,1,0,1,0,1,1,0,1,0,0,1,0,0,0,0,0,0,0,0,0,0,0,0,0,0,0,0,0,0,0,0,0,0,0,0,0,0
0,1,1,300,228,8,8,228,114,25,1,0,0.0020000000949949026,4000.0,1.0,0.04500000178813934,25.0,48.0,8.0,291.70001220703125,1.7000000476837158,-3.179999907843012e-07,0.007360000163316727,0.008080000057816505,8.0,0.33000001311302185,0.0333000011742115,1.0,9.999999747378752e-06,21.0,9.999999747378752e-06,2775000064.0,9.000000136438757e-05,4.999999980020986e-13,5.0,40.0,3.0,-3.3499999046325684,3.3499999046325684,0.5,0.0004799999878741801,292.3927001953125,492.6077880859375,-0.0036125299520790577,0.002354159951210022,0.0008944629807956517,0.013157900422811508,0.800646185874939,0.02024419978260994,2650129920.0,0.006539999973028898,228,228,228,228,228,228,228,228,228,228,228,228,228,228,228,228,228,228,228,228,228,228,228,228,216,216,216,216,228,228,228,228,228,228,228,228,228,228,228,228,228,228,228,228,228,228,228,228,228,228,228,228,0,1,4,4,228,228,228,216,228,228,228,228,3,0,0.00040182023076340556,291.5943298339844,641.6795043945312,721.2003173828125,804.8741455078125,885.5814819335938,1009.6185302734375,1041.183837890625,1052.1226806640625,1038.0732421875,1002.77685546875,949.3267211914062,875.6511840820312,795.3926391601562,715.4679565429688,642.7939453125,572.2918701171875,515.2477416992188,472.364013671875,443.33636474609375,425.77655029296875,418.6332092285156,419.3056640625,424.559814453125,431.1615295410156,435.87664794921875,0.004191357176750898,0.7058764100074768,0.771966278553009,-0.00013046273670624942,0.7555006146430969,0.9832785129547119,109234.25,3.3858013921417296e-05,0.31924915313720703,0.7182939648628235,0.9188814759254456,0.9193046689033508,0.022379551082849503,1.0,-1.6815581571897805e-44,-3.386540412902832,0.0,99.29088592529297,2664.03857421875,0.943613588809967,707.9070434570312,228.0,72.0,15.27573013305664,0.4000000059604645,0.0,309.0964660644531,280627.28125,-0.5272939801216125,6.4127678871154785,130.28829956054688,1.258504033088684,7750000.0,8160000.0,86.12000274658203,119.0999984741211,0.5,9.999999747378752e-05,0.0,3.299999952316284,200.0,0.30000001192092896,309.20001220703125,2.439019908706541e-06,0,0,0,1,1,1,0,24,0,307.5976257324219,0.0,0.0,0.0,0.0,0.0,0.0,0.5052430629730225,0.8718938827514648,0.5184818506240845,-0.006619393825531006,-0.001525051542557776,-0.001573579153046012,0.506619393825531,0.5080190300941467,0.5080170035362244,1.0,25.0,24.0,6294252.0,6294369.0,6294517.0,290.937255859375,290.95831298828125,290.94622802734375,324.1983947753906,324.3473205566406,324.1981506347656,4400000.0,307.56781005859375,307.65283203125,307.57220458984375,33.261138916015625,33.389007568359375,33.251922607421875,324.0643615722656,4556.57275390625,4558.18115234375,4568.38916015625,12.820073127746582,12.831403732299805,12.83229923248291,12.116424560546875,0.0,0.0,0.0020000000949949026,290.947265625,324.2479553222656,-39.790653228759766,1.6468013525009155,1.6513656377792358,1.6513699293136597,-11.927742004394531,39.0,40.0,42.0,41.0,0.0,0.0,6292851.5,6241332.5,77.88398742675781,5.0,0.014999999664723873,-180000.0,600.0,1000000.0,400000.0,0.17000000178813934,22000.0,786000.0,120000.0,0.0,40.0,30.0,36.810001373291016,0.5,18.399999618530273,50000.0,115692.3984375,15.113750457763672,0,0,1,0,0,0,0,14194878.0,0.0,0.0,0.0,0.0,0.0,-1197726.0,400000.0,1000000.0,1.0,1400000.0,0.0,0.4964742660522461,14202274.0,126869.6328125,14194878.0,340.3016357421875,40.007659912109375,4.960550308227539,-1197726.0,0.0,0.0,0.0,3.4891369342803955,40.007659912109375,0.0,22230.939453125,1.2010046243667603,0.0,0.0,0.0,20.0,14.711517333984375,22.0,0.0,0.0,0.0,0.05000000074505806,0.02500000037252903,0.17000000178813934,15400000.0,0.5,6.25,0.0006667000125162303,2.0,2410000.0,4140000.0,4.734799861907959,0.15000000596046448,0.20000000298023224,0.2199999988079071,1.0,0.0,-1.0,0.0,5.0,20.0,30.0,50.0,74.0,80.0,86.0,9.800000190734863,500000.0,1.0499999802959792e-07,0.5,750.0,1000.0,600.0,1000.0,1150.0,32.0,32.0,37.400001525878906,10.0,10.0,0.007000000216066837,0.5049999952316284,82.0,189.26499938964844,0.0,1.5099999904632568,231.60000610351562,20.0,36.0,16.600000381469727,16.5,225.0,-0.1756729930639267,27.5,-0.1756729930639267,30.485509872436523,0.1561516970396042,11.10221004486084,-1.8332500457763672,-75.0,4.3520002365112305,9.800000190734863,189.26499938964844,93.30000305175781,2650000.0,0.8500000238418579,7.570000171661377,0,1,0,0,0,0,0,0,0,0,0,1,3,3,0,0,1,1,0,0,0,0,0,0,0,0,0,0,1,0,0,0,0,0,0,0,0,0,0,1,0,0,0,0,0,0,0,0,0,0,12.058062553405762,29062.076171875,2153.699951171875,0.0004149114538449794,0.0004361289902590215,0.0006248649442568421,1.0,1.0,0.0,0.0,0.0,0.5706679224967957,0.5604398250579834,1.0,0.0,0.0,0.0,1.0,0.0,0.0,1.0,1.0,0.0,1.0,1.0,0.010560393333435059,0.0,1.0,0.0,0.6366828680038452,0.6403937935829163,0.0004149114538449794,0.0,0.0,0.0,99998.78125,99999.0,2807771.5,2410000.0,36.20000076293945,36.20000076293945,36.20000076293945,32.41763687133789,265.1427001953125,134.58987426757812,48.44115447998047,26.28521728515625,37.732688903808594,27.0,28.52841567993164,27.0,0.0,32.0,20.0,68.57752227783203,3446668.0,0.543203592300415,3.7799999713897705,4.610894680023193,8.91979694366455,0.0,0.0,0.0,1.401298464324817e-45,5.4001312255859375,5.4001312255859375,0.5049998760223389,0.5049998760223389,0.5049998760223389,0.18937495350837708,0.18937495350837708,0.18937495350837708,0.0,0.0,0.0,0.0,0.0,0.0,5.294999599456787,0.0,0.0,0.0,0.0,0.0,0.0,100.0,74.07868194580078,0.5451796054840088,0.0,20.0,0.0,5.343103885650635,5.550038814544678,0.0,0.0,0.0,0.007000000216066837,0.0,0.0,9.902029991149902,0.0,1.7333788871765137,1.401298464324817e-45,5.557769298553467,0.0,0.0,0.0,0.0,0.0,0.0,20.0,0.0,0.0,13893443.0,0.0,0.0,0.0,0.0,0.0,0.0,0.0,0.351500004529953,18.93000030517578,23.030000686645508,7.69199959904654e-06,0.08500000089406967,0.009999999776482582,24.0,27.0,8.800000190734863,500000.0,0.05000000074505806,2.7000000013543968e-09,2.7000000013543968e-09,145100.0,120000.0,14650000.0,86400.0,17.0,34.5,48.70000076293945,321.8999938964844,83170.0,0.0,1.0,1.0,0.0010000000474974513,725.0,0.0,0.5,0.0,0.0,57.31999969482422,837142.875,9359.77734375,117376.1015625,2623.89794921875,83026.390625,725.0,1.0204100362898316e-05,740000000.0,1,0,1,0,1,0,1,0,0,0,0,8.799991607666016,27.0,2091.8056640625,0.0,0.0,0.0,0.0,0.8401161432266235,0.00040100753540173173,0.0,0.016090167686343193,37.42724609375,1.0,25352.828125,4118.69677734375,2.0892068278044462e-05,2594576896.0,4194118656.0,2812300544.0,4196973312.0,-77.62425994873047,31.47802734375,-182313616.0,-2854496.0,5.557769298553467,1539.262939453125,83.1820297241211,1507.784912109375,106381.3984375,3729.3583984375,145063.765625,157194.4375,123352.828125,25.600025177001953,37.42724609375,37.42724609375,1.0,2.0892068278044462e-05,4118.69677734375,823208181760.0,0.1984884887933731,137600.0,137600.0,101073808.0,77.93535614013672,5968.8349609375,1.0,0.0,1700.0,250000.0,10000.0,1038.0,0.004999999888241291,400.0,5000.0,0,0,0,0,2962368.25,64.54344940185547,64.54344940185547,1225814.25,2783547.5,1.0,1.0,1225115.25,228.11985778808594,6242738.5,1.0,0.9929839968681335,1.0,1.0,1032.046630859375,277.2723083496094,189.181884765625,126.3800048828125,6140378.5,807309.3125,189.181884765625,1.0,1.0,1.0,135.41835021972656,1556.8851318359375,790.8615112304688,0.0,0.0,0.0,7680000.0,516.757080078125,517.9402465820312,519.4425659179688,0.0,2783547.5,0.0,129.08689880371094,0.0,0.0,278.10205078125,1.0,0.0,-7.5742998123168945,0.0,5.605193857299268e-45,9.999999974752427e-07,0.0,2.0,0.0003000000142492354,0.004999999888241291,0.0010000000474974513,2.0000000233721948e-07,2.0000000233721948e-07,0.0005555999814532697,993000000.0,1.0,0.05000000074505806,0.10000000149011612,0.0005000000237487257,0.0016700000269338489,0.009999999776482582,1.0,1.0,0.0010000000474974513,4.999999873689376e-05,0.00039999998989515007,0.019999999552965164,0.9891999959945679,0.9891999959945679,0.9950000047683716,0.9950000047683716,1,0,0,0,0,1,0,0,1,0,1,0,0,0,0.9872614145278931,980350592.0,62779.5,4812723.5,1155.5819091796875,2545811.5,1430.474853515625,1.0,2329687.5,0.9698819518089294,1.0,60.0,180.0,1800.0,1800.0,1.0047005414962769,0.019808992743492126,1.0,1.0,-0.012236599810421467,0.0,0.0,0.0,0.0,-0.00011026859283447266,6.602997746085748e-05,0.0,0.0,6.602997746085748e-05,0.0,6.602997746085748e-05,6.602997746085748e-05,0.0,7.006492321624085e-44,1,1,0,1,1,1,0,1,1,0,1,0,1,1,1,1,1,1,1,1,0,1000,1000,0,1,5001,5001,220.0,3461.7841796875,120.0,120.0,60.0,0.0,0.4000000059604645,0.10000000149011612,0.10000000149011612,2.0,500.0,200.0,0.9900000095367432,300000.0,5000.0,45000.0,20000.0,0.019999999552965164,2.0,0.05000000074505806,0.019999999552965164,6.0,0.05000000074505806,0.019999999552965164,0.019999999552965164,88.30000305175781,0.10000000149011612,0.800000011920929,0.05000000074505806,0.009999999776482582,50.0,50.0,340.0,340.0,1000000.0,1,1,1,1,1,1,1,1,1,1,0,0,0,1,1,0,1.0,0.0,0.0,0.0,0.0015881250146776438,0.0,0.0,0.0,0.9181382656097412,0.9181382656097412,0.9181382656097412,5000.4013671875,3901497.0,3906497.5,50.0,27.616960525512695,0.4000000059604645,0.0,0.0,0.10000000149011612,0.16257131099700928,1.0,45000.0,20.0,29.27302360534668,778920.0625,33.37681579589844,4589.03125,721.2213745117188,0.77892005443573,0.9181742072105408,9.47447681427002,1.0,3221322.0,3304317.0,9.718579292297363,20.0,0.2738497853279114,27.384979248046875,0.0,636.4223022460938,411.3514099121094,100000.0,50000.0,1115.300048828125,50000.0,700.0,2000.0,2800000.0,3500000.0,4000000.0,9.999999747378752e-05,4.999999873689376e-05,500.0,20000.0,100.0,500.0,60000.0,1200.0,1.0,120.0,150000.0,3000.0,300.0,1.0,300.0,0.019999999552965164,0.019999999552965164,0.009999999776482582,0.009999999776482582,0.009999999776482582,0.019999999552965164,1.100000023841858,0.019999999552965164,4.0,0.019999999552965164,88.0,1613.0,0.009999999776482582,0.20000000298023224,3.0,5.0,600.0,0.0010000000474974513,88.0,88.0,2000.0,2340.0,-0.11599799990653992,-0.03561130166053772,-0.04758000001311302,-0.01752999983727932,0,0,0,0,0,1,0,521.7440185546875,521.7440185546875,2.0953369140625,2.0953369140625,0.01692957617342472,31.428104400634766,164.21522521972656,1598.126220703125,1048.2974853515625,795.8668212890625,795.8668212890625,3.1962890625,3.1962890625,1598.91015625,542.6415405273438,0.0,0.0,2666131.25,20.00048065185547,20.00048065185547,156.26705932617188,156.26705932617188,65719.859375,65719.859375,1.0953309535980225,1.0953309535980225,114.05992889404297,114.05992889404297,24.998592376708984,24.998592376708984,104596.6171875,104596.6171875,25.008464813232422,155.4574432373047,158.44459533691406,2644360.25,20.00048065185547,20.00048065185547,226.59527587890625,226.59527587890625,155.91294860839844,155.91294860839844,652355.4375,652355.4375,0.0,114.39714050292969,114.39714050292969,228.8112030029297,160186.328125,160186.328125,1.0679088830947876,1.0679088830947876,225.9140625,155.91294860839844,274.86480712890625,137.43240356445312,137.43240356445312,203.72665405273438,203.72665405273438,407.45330810546875,0.0,0.0,0.0,137.41819763183594,137.41819763183594,203.72665405273438,203.72665405273438,0.026315800845623016,13.056166648864746,0.20000000298023224,0.8476422429084778,0.8942608833312988,0.8478665947914124,0.5052430629730225,0.41908684372901917,0.5063180327415466,0.9599996209144592,1.0,1.0,1.0,0.9999998211860657,0.9999998211860657,0.9999998211860657,190849.859375,193242.0625,0.0,0.0,0.0,0.0,0.0,0.0,0.0,296.3810119628906,297.7510070800781,0.0,190585.171875,190585.171875,0.0,0.0,0.0,0.0,0.8677219748497009,0.8677219748497009,0.8677219748497009,0.8543785214424133,1192223.75,0.9959999918937683,0.9959999918937683,0.9959999918937683,0.9959999918937683,5728318.0,2741598.25,7385002.5,8469788.0,2606300.0,4006188.5,0.00390149699524045,0.00781299453228712,1047.6787109375,531.0689697265625,531.8672485351562,531.7401733398438,332.7381286621094,362.1494140625,332.92706298828125,198.33084106445312,169.71783447265625,198.8131103515625,1598.1431884765625,1047.6904296875,349.9593811035156,349.9593811035156,349.9593811035156,519.3510131835938,519.3510131835938,519.3510131835938,2.9998490810394287,0.8427741527557373,0.862993597984314,2.9998488426208496,5.0,0.0040000081062316895,0.0040000081062316895,0.0040000081062316895,0.0040000081062316895,0.0,-0.4368000030517578,0.0,599969.8125,164.21522521972656,164.21522521972656,0.0,20.0,2783171.0,7.25,12.0,10.25,225.07534790039062,225.07534790039062,225.07534790039062,0.0,0.0,0.7926306128501892,0.9211652278900146,10000.0,10000.0,0.011826000176370144,1038.5,0.027953999117016792,0.0,0.0,1.0878000259399414,1.0809999704360962,9.000000136438757e-05,103.0,33.220001220703125,1.8179999589920044,0.029999999329447746,49.0,8.329999923706055,4.159999847412109,58.0,302.0,4.5,0.699999988079071,0.4000000059604645,7.5,1.3799999952316284,2.492000102996826,7000.0,48.88999938964844,1.2000000476837158,45.0,62000.0,4590000.0,4250000.0,15900000.0,15100000.0,0.05000000074505806,0.17000000178813934,0.009999999776482582,15220000.0,1.6699999570846558,312.7799987792969,1.1100000143051147,4232.0,0.25,689000.0,4030000.0,9.829999923706055,8.550000190734863,12200000.0,231.10000610351562,88.3239974975586,633.0,1.1430000066757202,0.6858000159263611,-10.0,-3.7799999713897705,0.7799999713897705,295.5,4030000.0,12400000.0,0.9200000166893005,5.0,0,0,0,228,160,0,0,0,0,0,0,0,0,1,0,0,0,1,1,1,0,1,0,0,1,0,0,1,1,1,0,0,0,0,0,0,0,0,0,0,0,0,0,0,0.9188814759254456,6294252.0,1.0877995491027832,0.9729339480400085,1.0090508460998535,307.61737060546875,33.308250427246094,-0.0021547034848481417,1,1,1,0,0,0,1,1,0,0,0,0,0,277,0.20000000298023224,0.20000000298023224,0.20000000298023224,0.0,2,0,0,0,0,0,0,0,0,0,0,0,0,0,0,0,0,0,0,0,0,0,0,0,0,0,0,0,0,0,0,0,0,0,0,0,0,0,0,0,0,0,0,0,0,0,0,0,0,0,0,1,0,0,0,0,0,0,0,0,0,0,0,0,0,0,0,0,0,0,0,0,0,0,0,0,0,0,0,0,0,0,0,0,0,0,0,0,0,0,0,0,0,0,0,0,0,0,0,0,0,0,0,0,0,0,0,0,0,0,0,0,0,0,0,0,0,0,0,0,0,0,0,0,0,0,0,0,0,0,0,0,0,0,0,0,0,0,0,0,0,0,0,1,0,0,0,0,0,0,0,0,0,0,0,-1,0,0,0,0,0,0,1,1,0,0,91.88814544677734,-3.386540412902832,0.0,-0.5272939801216125,-1.6815581571897805e-44,309.0964660644531,307.61737060546875,707.9070434570312,-0.00013046273670624942,99.29088592529297,2664.03857421875,1.0877995491027832,1.0090508460998535,-1.0,1.479095458984375,6.827850029367255e-06,0.016090167686343193,100.0,27.0,0.0,7.799991607666016,3.614759922027588,1.0,1.0,37.42724609375,0.25870281457901,20.0,2.0892068278044462e-05,0.0,74.07868194580078,1.7333788871765137,1.8179994821548462,0.00036938843550160527,0.6817498207092285,0.543203592300415,28.650781631469727,8.91979694366455,19.440471649169922,16.599220275878906,0.5706679224967957,48.44115447998047,44.898040771484375,265.1427001953125,134.58987426757812,0.9643936157226562,324.0884704589844,40.007659912109375,0.29459047317504883,290.96197509765625,290.97412109375,290.953125,324.2218933105469,324.3710632324219,324.2220153808594,100.0,4.8705339431762695,54.51795959472656,144.9214324951172,307.5919189453125,307.672607421875,307.58758544921875,340.30126953125,49.64742660522461,34.912506103515625,144.9214324951172,0.0,0.9715222120285034,0.9755246639251709,0.9717842936515808,89.23006439208984,89.22406768798828,89.1454849243164,64.2298812866211,64.2283706665039,64.22718048095703,50.801700592041016,50.801902770996094,50.66193771362305,99.32347869873047,99.1028823852539,99.06635284423828,1914.2645263671875,1914.7220458984375,1911.8482666015625,519.523681640625,520.4828491210938,519.3067016601562,29.0,0.0,48.0,0.5063180327415466,0.6782932877540588,0.41908684372901917,0.7154087424278259,0.5052430629730225,0.6781138181686401,41.0,78.36749267578125,63.70153045654297,225.9140625,97.42710876464844,9.999999974752427e-07,86.42656707763672,0.6304232478141785,155.4574432373047,0.9929839968681335,721.2213745117188,39.8622932434082,31.428104400634766,1.0,9.47447681427002,77.89200592041016,0.0,0.9718579053878784,20.0,0.0,60.0,120.0,22.0,120.0,3.4617843627929688,0.0,0.0,980.3505859375,18.08867835998535,89.19796752929688,2.0,200.0,0,0,228,228,228,228,216,228,228,228,160,0,99999,99999,12,402,1800,180,1800,998,20,980,91,23,0,0,0,806,1424,29,31,32,0,0,0,0,0,0,0,0,0,0,0,0,0,0,1,0,0,0,0,1,1,1,0,1,0,0,0,1,0,0,0,0,0,0,0,0,0,0,0,0,1,0,1,0,0,1,1,0,1,0,1,0,1,0,0,0,1,1,0,1,0,1,0,0,0,1,1,1,0,0,1,0,1,0,0,0,0,1,1,0,0,1,0,0,0,1,0,0,0,0,0,0,1,0,0,0,1,1,0,0,1,0,1,0,1,0,1,0,0,0,1,0,1,1,1,0,0,1,0,0,0,0,0,1,1,1,0,0,0,0,0,0,0,0,0,0,0,1,0,1,0,1,0,0,0,0,0,0,0,0,0,1,0,1,0,1,0,1,1,1,1,1,1,1,0,0,0,0,0,0,1,0,1,1,1,1,1,1,1,1,1,1,1,1,0,0,1,1,0,0,1,1,0,1,0,1,0,1,1,0,0,0,0,0,0,0,0,1,0,0,0,1,0,1,1,0,0,1,0,0,1,1,0,1,1,1,0,1,1,0,1,0,1,1,0,0,0,0,0,0,1,1,1,1,0,0,0,0,0,0,0,0,0,0,0,0,0,0,0,0,0,0,0,0,0,0,0,0,0,0,0,0,0,0,0,0,0,0,0,0,0,0,0,0,0,0,0,0,0,0,0,0,0,0,0,0,0,0,0,0,0,0,0,0,0,0,0,1,0,0,0,1,0,0,0,0,0,0,0,0,0,0,0,0,0,0,1,0,0,0,0,0,0,0,0,0,0,0,0,0,0,0,0,0,0,0,0,0,0,0,0,0,0,0,0,0,0,0,0,0,0,0,0,0,0,0,0,0,0,0,0,0,0,0,0,0,0,0,0,0,0,0,0,0,0,0,0,0,0,0,0,1,0,1,0,0,0,0,0,1,0,0,0,0,0,0,0,0,0,0,0,0,0,0,0,1,0,0,0,0,0,0,0,0,0,0,0,0,0,0,1,0,0,0,0,0,0,0,0,0,0,1,0,0,0,0,0,0,0,0,0,0,0,0,0,0,0,0,0,0,0,0,0,0,0,0,0,0,0,1,0,0,0,0,0,0,1,1,1,0,0,0,0,0,0,-1,0,0,0,0,0,0,0,0,-1,0,0,-1,0,0,0,0,0,0,0,0,0,0,0,0,0,0,0,0,0,0,1,0,0,0,0,0,0,0,0,0,0,0,0,0,0,0,0,1,1,0,-1,-1,-1,1,1,1,0,0,0,0,1,0,0,1,1,0,0,0,0,1,0,0,0,0,0,0,0,0,0,0,0,0,0,0,0,0,0,0,0,0,0,0,0,0,0,0,0,0,0,1,1,0,1,0,1,1,0,1,0,1,1,0,1,0,0,1,0,0,0,0,0,0,0,0,0,0,0,0,0,0,0,0,0,0,0,0,0,0,0,0,0,0
0,1,1,300,228,8,8,228,114,25,1,0,0.0020000000949949026,4000.0,1.0,0.04500000178813934,25.0,48.0,8.0,291.70001220703125,1.7000000476837158,-3.179999907843012e-07,0.007360000163316727,0.008080000057816505,8.0,0.33000001311302185,0.0333000011742115,1.0,9.999999747378752e-06,21.0,9.999999747378752e-06,2775000064.0,9.000000136438757e-05,4.999999980020986e-13,5.0,40.0,3.0,-3.3499999046325684,3.3499999046325684,0.5,0.0004799999878741801,292.3927001953125,492.6077880859375,-0.0036125299520790577,0.002354159951210022,0.0008944629807956517,0.013157900422811508,0.800646185874939,0.02024419978260994,2650129920.0,0.006539999973028898,228,228,228,228,228,228,228,228,228,228,228,228,228,228,228,228,228,228,228,228,228,228,228,228,217,217,217,217,228,228,228,228,228,228,228,228,228,228,228,228,228,228,228,228,228,228,228,228,228,228,228,228,0,1,4,4,228,228,228,217,228,228,228,228,3,0,0.00040182023076340556,291.5505676269531,641.008544921875,720.29931640625,803.7305908203125,884.2044677734375,1007.8876953125,1039.3709716796875,1050.2969970703125,1036.3060302734375,1001.1243896484375,947.8323974609375,874.36376953125,794.32177734375,714.6064453125,642.1178588867188,571.7789306640625,514.8636474609375,472.080078125,443.13067626953125,425.6358642578125,418.5472412109375,419.26690673828125,424.5638122558594,431.2069396972656,435.96533203125,0.004413117188960314,0.7048169374465942,0.7719653844833374,-0.00012883770978078246,0.7555034756660461,0.9829142689704895,109081.28125,3.380473208380863e-05,0.31893086433410645,0.7171922922134399,0.9176146984100342,0.9180213809013367,0.022382209077477455,1.0,-1.6815581571897805e-44,-3.3871471881866455,0.0,99.29076385498047,2664.050537109375,0.9436171650886536,707.044921875,228.0,72.0,15.89515495300293,0.0,0.0,309.090576171875,280627.84375,-0.5268243551254272,6.411402702331543,130.28829956054688,1.2591357231140137,7750000.0,8160000.0,86.12000274658203,119.0999984741211,0.5,9.999999747378752e-05,0.0,3.299999952316284,200.0,0.30000001192092896,309.20001220703125,2.439019908706541e-06,0,0,0,1,1,1,0,24,0,307.53778076171875,0.0,0.0,0.0,0.0,0.0,0.0,0.5046990513801575,0.8718191981315613,0.5184709429740906,-0.006885945796966553,-0.0015923379687592387,-0.001654812484048307,0.5068859457969666,0.5082988739013672,0.5083065032958984,1.0,25.0,24.0,6290021.5,6290140.5,6290288.0,290.8885498046875,290.91046142578125,290.897705078125,324.1268310546875,324.27655029296875,324.1265869140625,4400000.0,307.5076904296875,307.593505859375,307.51214599609375,33.23828125,33.3660888671875,33.2288818359375,323.99237060546875,4555.685546875,4557.19873046875,4567.47509765625,12.822396278381348,12.833796501159668,12.834794998168945,12.06671142578125,0.0,0.0,0.0020000000949949026,290.8988952636719,324.1766662597656,-39.73100280761719,1.6476730108261108,1.6522773504257202,1.6523135900497437,-12.215084075927734,39.0,40.0,42.0,41.0,0.0,0.0,6288597.0,6237068.5,77.7326889038086,5.0,0.014999999664723873,-180000.0,600.0,1000000.0,400000.0,0.17000000178813934,22000.0,786000.0,120000.0,0.0,40.0,30.0,36.810001373291016,0.5,18.399999618530273,50000.0,115692.3984375,15.113750457763672,0,0,1,0,0,0,0,14172774.0,0.0,0.0,0.0,0.0,0.0,-1219881.0,400000.0,1000000.0,1.0,1400000.0,0.0,0.49521684646606445,14180119.0,126869.6328125,14172774.0,340.30291748046875,40.007659912109375,4.947982311248779,-1219881.0,0.0,0.0,0.0,3.4828004837036133,40.007659912109375,0.0,22230.939453125,1.2010046243667603,0.0,0.0,0.0,20.0,14.711517333984375,22.0,0.0,0.0,0.0,0.05000000074505806,0.02500000037252903,0.17000000178813934,15400000.0,0.5,6.25,0.0006667000125162303,2.0,2410000.0,4140000.0,4.734799861907959,0.15000000596046448,0.20000000298023224,0.2199999988079071,1.0,0.0,-1.0,0.0,5.0,20.0,30.0,50.0,74.0,80.0,86.0,9.800000190734863,500000.0,1.0499999802959792e-07,0.5,750.0,1000.0,600.0,1000.0,1150.0,32.0,32.0,37.400001525878906,10.0,10.0,0.007000000216066837,0.5049999952316284,82.0,189.26499938964844,0.0,1.5099999904632568,231.60000610351562,20.0,36.0,16.600000381469727,16.5,225.0,-0.1756729930639267,27.5,-0.1756729930639267,30.485509872436523,0.1561516970396042,11.10221004486084,-1.8332500457763672,-75.0,4.3520002365112305,9.800000190734863,189.26499938964844,93.30000305175781,2650000.0,0.8500000238418579,7.570000171661377,0,1,0,0,0,0,0,0,0,0,0,1,3,3,0,0,1,1,0,0,0,0,0,0,0,0,0,0,1,0,0,0,0,0,0,0,0,0,0,1,0,0,0,0,0,0,0,0,0,0,12.057966232299805,29061.9453125,2153.699951171875,0.000414910027757287,0.0004361289902590215,0.0006248649442568421,1.0,1.0,0.0,0.0,0.0,0.5718458890914917,0.5616093873977661,1.0,0.0,0.0,0.0,1.0,0.0,0.0,1.0,1.0,0.0,1.0,1.0,0.010468602180480957,0.0,1.0,0.0,0.6363391876220703,0.6401123404502869,0.000414910027757287,0.0,0.0,0.0,99998.78125,99999.0,2806255.75,2410000.0,36.20000076293945,36.20000076293945,36.20000076293945,32.420921325683594,264.7213134765625,134.26158142089844,48.33165740966797,26.290245056152344,37.69502258300781,27.0,28.51766014099121,27.0,0.0,32.0,20.0,68.57752227783203,3446668.0,0.543203592300415,3.7799999713897705,4.622478485107422,8.91979694366455,0.0,0.0,0.0,1.401298464324817e-45,5.39519739151001,5.39519739151001,0.5049998760223389,0.5049998760223389,0.5049998760223389,0.18937495350837708,0.18937495350837708,0.18937495350837708,0.0,0.0,0.0,0.0,0.0,0.0,5.294999599456787,0.0,0.0,0.0,0.0,0.0,0.0,100.0,74.07754516601562,0.5439620018005371,0.0,20.0,0.0,5.338716983795166,5.561631679534912,0.0,0.0,0.0,0.007000000216066837,0.0,0.0,9.913618087768555,0.0,1.733367681503296,1.401298464324817e-45,5.569353103637695,0.0,0.0,0.0,0.0,0.0,0.0,20.0,0.0,0.0,13871462.0,0.0,0.0,0.0,0.0,0.0,0.0,0.0,0.351500004529953,18.93000030517578,23.030000686645508,7.69199959904654e-06,0.08500000089406967,0.009999999776482582,24.0,27.0,8.800000190734863,500000.0,0.05000000074505806,2.7000000013543968e-09,2.7000000013543968e-09,145100.0,120000.0,14650000.0,86400.0,17.0,34.5,48.70000076293945,321.8999938964844,83170.0,0.0,1.0,1.0,0.0010000000474974513,725.0,0.0,0.5,0.0,0.0,57.31999969482422,837142.875,9359.77734375,117376.1015625,2623.89794921875,83026.390625,725.0,1.0204100362898316e-05,740000000.0,1,0,1,0,1,0,1,0,0,0,0,8.799991607666016,27.0,2138.536376953125,0.0,0.0,0.0,0.0,0.8588935136795044,0.0004010956618003547,0.0,0.016449620947241783,37.48263931274414,1.0,25367.7734375,4205.38330078125,2.1359019228839315e-05,2591527936.0,4191420160.0,2809507328.0,4195046656.0,-77.45243835449219,32.1304931640625,-183142784.0,-3626464.0,5.569353103637695,1539.2066650390625,83.02178955078125,1507.076171875,106381.3984375,3739.95849609375,145099.90625,157427.078125,123367.7734375,26.200027465820312,37.48263931274414,37.48263931274414,1.0,2.1359019228839315e-05,4205.38330078125,830543953920.0,0.1985466629266739,137600.0,137600.0,100860024.0,77.78376770019531,5983.6533203125,1.0,0.0,1700.0,250000.0,10000.0,1038.0,0.004999999888241291,400.0,5000.0,0,0,0,0,2962297.0,64.53523254394531,64.53523254394531,1225601.875,2783578.0,1.0,1.0,1224782.0,228.0928497314453,6238497.0,1.0,0.9928564429283142,1.0,1.0,1031.930419921875,277.2291564941406,189.16929626464844,126.287841796875,6136216.5,807251.8125,189.16929626464844,1.0,1.0,1.0,135.35545349121094,1556.15087890625,790.772705078125,0.0,0.0,0.0,7680000.0,516.482421875,517.6864624023438,519.1807861328125,0.0,2783578.0,0.0,129.07046508789062,0.0,0.0,278.05694580078125,1.0,0.0,-7.5742998123168945,0.0,5.605193857299268e-45,9.999999974752427e-07,0.0,2.0,0.0003000000142492354,0.004999999888241291,0.0010000000474974513,2.0000000233721948e-07,2.0000000233721948e-07,0.0005555999814532697,993000000.0,1.0,0.05000000074505806,0.10000000149011612,0.0005000000237487257,0.0016700000269338489,0.009999999776482582,1.0,1.0,0.0010000000474974513,4.999999873689376e-05,0.00039999998989515007,0.019999999552965164,0.9891999959945679,0.9891999959945679,0.9950000047683716,0.9950000047683716,1,0,0,0,0,1,0,0,1,0,1,0,0,0,0.9869295358657837,980021056.0,62751.6171875,4811256.5,1155.0242919921875,2545825.25,1429.83203125,1.0,2329740.75,0.9700800776481628,1.0,60.0,180.0,1800.0,1800.0,1.0047005414962769,0.019808992743492126,1.0,1.0,-0.012236599810421467,0.0,0.0,0.0,0.0,-0.0001125335693359375,6.602997746085748e-05,0.0,0.0,6.602997746085748e-05,0.0,6.602997746085748e-05,6.602997746085748e-05,0.0,7.006492321624085e-44,1,1,0,1,1,1,0,1,1,0,1,0,1,1,1,1,1,1,1,1,0,1000,1000,0,1,5001,5001,220.0,3460.78857421875,120.0,120.0,60.0,0.0,0.4000000059604645,0.10000000149011612,0.10000000149011612,2.0,500.0,200.0,0.9900000095367432,300000.0,5000.0,45000.0,20000.0,0.019999999552965164,2.0,0.05000000074505806,0.019999999552965164,6.0,0.05000000074505806,0.019999999552965164,0.019999999552965164,88.30000305175781,0.10000000149011612,0.800000011920929,0.05000000074505806,0.009999999776482582,50.0,50.0,340.0,340.0,1000000.0,1,1,1,1,1,1,1,1,1,1,0,0,0,1,1,0,1.0,0.0,0.0,0.0,0.0014925000723451376,0.0,0.0,0.0,0.9181377291679382,0.9181377291679382,0.9181377291679382,5000.40185546875,3901622.25,3906622.75,50.0,27.616920471191406,0.4000000059604645,0.0,0.0,0.10000000149011612,0.16246086359024048,1.0,45000.0,20.0,29.272302627563477,778923.25,33.375755310058594,4589.02783203125,721.2213745117188,0.7789232730865479,0.9181718826293945,9.47443675994873,1.0,3221308.5,3304317.0,9.718579292297363,20.0,0.273895263671875,27.3895263671875,0.0,636.4223022460938,411.36260986328125,100000.0,50000.0,1115.300048828125,50000.0,700.0,2000.0,2800000.0,3500000.0,4000000.0,9.999999747378752e-05,4.999999873689376e-05,500.0,20000.0,100.0,500.0,60000.0,1200.0,1.0,120.0,150000.0,3000.0,300.0,1.0,300.0,0.019999999552965164,0.019999999552965164,0.009999999776482582,0.009999999776482582,0.009999999776482582,0.019999999552965164,1.100000023841858,0.019999999552965164,4.0,0.019999999552965164,88.0,1613.0,0.009999999776482582,0.20000000298023224,3.0,5.0,600.0,0.0010000000474974513,88.0,88.0,2000.0,2340.0,-0.11599799990653992,-0.03561130166053772,-0.04758000001311302,-0.01752999983727932,0,0,0,0,0,1,0,521.6454467773438,521.6454467773438,2.094970703125,2.094970703125,0.0169245433062315,31.42808723449707,164.215087890625,1597.921142578125,1048.1107177734375,795.7647094726562,795.7647094726562,3.19586181640625,3.19586181640625,1598.6591796875,542.3687744140625,0.0,0.0,2666067.25,20.00048065185547,20.00048065185547,156.26344299316406,156.26344299316406,65719.6484375,65719.6484375,1.0953274965286255,1.0953274965286255,114.04642486572266,114.04642486572266,24.998586654663086,24.998586654663086,104596.59375,104596.59375,25.008459091186523,155.45387268066406,158.44154357910156,2644389.0,20.00048065185547,20.00048065185547,226.5822296142578,226.5822296142578,155.91015625,155.91015625,652343.75,652343.75,0.0,114.39299774169922,114.39299774169922,228.80291748046875,160185.265625,160185.265625,1.0679017305374146,1.0679017305374146,225.9008331298828,155.91015625,274.7788391113281,137.38941955566406,137.38941955566406,203.70518493652344,203.70518493652344,407.4103698730469,0.0,0.0,0.0,137.37484741210938,137.37484741210938,203.70518493652344,203.70518493652344,0.026315800845623016,13.055657386779785,0.20000000298023224,0.8466126322746277,0.8931824564933777,0.8467536568641663,0.5046990513801575,0.4185140132904053,0.5057259202003479,0.9599996209144592,1.0,1.0,1.0,0.9999998211860657,0.9999998211860657,0.9999998211860657,190849.484375,193242.0625,0.0,0.0,0.0,0.0,0.0,0.0,0.0,296.3810119628906,297.7510070800781,0.0,190600.734375,190600.734375,0.0,0.0,0.0,0.0,0.8674184679985046,0.8674184679985046,0.8674184679985046,0.8548939824104309,1191985.875,0.9959999918937683,0.9959999918937683,0.9959999918937683,0.9959999918937683,5725415.0,2741987.5,7383420.0,8467272.0,2606300.0,4006066.0,0.003901622025296092,0.007813245058059692,1047.4808349609375,531.1041870117188,531.8416137695312,531.67236328125,332.7430114746094,362.1505126953125,332.8667907714844,198.36117553710938,169.69110107421875,198.80557250976562,1597.9381103515625,1047.4925537109375,349.9200134277344,349.9200134277344,349.9200134277344,518.8656005859375,518.8656005859375,518.8656005859375,2.999850034713745,0.8417202234268188,0.8629032373428345,2.999849796295166,5.0,0.0040000081062316895,0.0040000081062316895,0.0040000081062316895,0.0040000081062316895,0.0,-0.4368000030517578,0.0,599970.0,164.215087890625,164.215087890625,0.0,20.0,2783202.5,7.25,12.0,10.25,225.06385803222656,225.06385803222656,225.06385803222656,0.0,0.0,0.7926306128501892,0.9211652278900146,10000.0,10000.0,0.011826000176370144,1038.5,0.027953999117016792,0.0,0.0,1.0878000259399414,1.0809999704360962,9.000000136438757e-05,103.0,33.220001220703125,1.8179999589920044,0.029999999329447746,49.0,8.329999923706055,4.159999847412109,58.0,302.0,4.5,0.699999988079071,0.4000000059604645,7.5,1.3799999952316284,2.492000102996826,7000.0,48.88999938964844,1.2000000476837158,45.0,62000.0,4590000.0,4250000.0,15900000.0,15100000.0,0.05000000074505806,0.17000000178813934,0.009999999776482582,15220000.0,1.6699999570846558,312.7799987792969,1.1100000143051147,4232.0,0.25,689000.0,4030000.0,9.829999923706055,8.550000190734863,12200000.0,231.10000610351562,88.3239974975586,633.0,1.1430000066757202,0.6858000159263611,-10.0,-3.7799999713897705,0.7799999713897705,295.5,4030000.0,12400000.0,0.9200000166893005,5.0,0,0,0,228,160,0,0,0,0,0,0,0,0,1,0,0,0,1,1,1,0,1,0,0,1,0,0,1,1,1,0,0,0,0,0,0,0,0,0,0,0,0,0,0,0.9176146984100342,6290021.5,1.0877995491027832,0.9722527265548706,1.008484125137329,307.5577697753906,33.28492736816406,-0.0021295787300914526,1,1,1,0,0,0,1,1,0,0,0,0,0,280,0.20000000298023224,0.20000000298023224,0.20000000298023224,0.0,2,0,0,0,0,0,0,0,0,0,0,0,0,0,0,0,0,0,0,0,0,0,0,0,0,0,0,0,0,0,0,0,0,0,0,0,0,0,0,0,0,0,0,0,0,0,0,0,0,0,0,1,0,0,0,0,0,0,0,0,0,0,0,0,0,0,0,0,0,0,0,0,0,0,0,0,0,0,0,0,0,0,0,0,0,0,0,0,0,0,0,0,0,0,0,0,0,0,0,0,0,0,0,0,0,0,0,0,0,0,0,0,0,0,0,0,0,0,0,0,0,0,0,0,0,0,0,0,0,0,0,0,0,0,0,0,0,0,0,0,0,0,0,1,0,0,0,0,0,0,0,0,0,0,0,-1,0,0,0,0,0,0,1,1,0,0,91.76146697998047,-3.3871471881866455,0.0,-0.5268243551254272,-1.6815581571897805e-44,309.090576171875,307.5577697753906,707.044921875,-0.00012883770978078246,99.29076385498047,2664.050537109375,1.0877995491027832,1.008484125137329,-1.0,1.532806396484375,6.827850029367255e-06,0.016449620947241783,100.0,27.0,0.0,7.799991607666016,3.623805522918701,1.0,1.0,37.48263931274414,0.25885531306266785,20.0,2.1359019228839315e-05,0.0,74.07754516601562,1.733367681503296,1.8179994821548462,0.00036938843550160527,0.6817498207092285,0.543203592300415,28.63531494140625,8.91979694366455,19.422710418701172,16.64092254638672,0.5718458890914917,48.33165740966797,44.898040771484375,264.7213134765625,134.26158142089844,0.9641896486282349,324.0164794921875,40.007659912109375,0.29459047317504883,290.91400146484375,290.926513671875,290.90496826171875,324.15045166015625,324.3001708984375,324.150634765625,100.0,4.874515533447266,54.396202087402344,144.6953582763672,307.5322265625,307.61334228515625,307.5278015136719,340.30242919921875,49.52168273925781,34.84911346435547,144.6953582763672,0.0,0.9708366990089417,0.9748445153236389,0.9711058735847473,89.24736022949219,89.24066925048828,89.16152954101562,64.18672943115234,64.18522644042969,64.18401336669922,50.830650329589844,50.82988739013672,50.688594818115234,99.30372619628906,99.08006286621094,99.04706573486328,1914.0205078125,1914.6297607421875,1911.9749755859375,519.269287109375,520.2373046875,519.0388793945312,29.0,0.0,48.0,0.5057259202003479,0.677402913570404,0.4185140132904053,0.7145459651947021,0.5046990513801575,0.677290141582489,41.0,78.36749267578125,63.65824890136719,225.9008331298828,97.38115692138672,9.999999974752427e-07,86.40089416503906,0.6305520534515381,155.45387268066406,0.9928564429283142,721.2213745117188,39.86357116699219,31.42808723449707,1.0,9.47443675994873,77.89232635498047,0.0,0.9718579053878784,20.0,0.0,60.0,120.0,22.0,120.0,3.4607887268066406,0.0,0.0,980.0210571289062,18.08867835998535,89.19796752929688,2.0,200.0,0,0,228,228,228,228,217,228,228,228,160,0,99999,99999,12,402,1800,180,1800,998,20,980,91,23,0,0,0,806,1424,29,31,32,0,0,0,0,0,0,0,0,0,0,0,0,0,0,1,0,0,0,0,1,1,1,0,1,0,0,0,1,0,0,0,0,0,0,0,0,0,0,0,0,1,0,1,0,0,1,1,0,1,0,1,0,1,0,0,0,1,1,0,1,0,1,0,0,0,1,1,1,0,0,1,0,1,0,0,0,0,1,1,0,0,1,0,0,0,1,0,0,0,0,0,0,1,0,0,0,1,1,0,0,1,0,1,0,1,0,1,0,0,0,1,0,1,1,1,0,0,1,0,0,0,0,0,1,1,1,0,0,0,0,0,0,0,0,0,0,0,1,0,1,0,1,0,0,0,0,0,0,0,0,0,1,0,1,0,1,0,1,1,1,1,1,1,1,0,0,0,0,0,0,1,0,1,1,1,1,1,1,1,1,1,1,1,1,0,0,1,1,0,0,1,1,0,1,0,1,0,1,1,0,0,0,0,0,0,0,0,1,0,0,0,1,0,1,1,0,0,1,0,0,1,1,0,1,1,1,0,1,1,0,1,0,1,1,0,0,0,0,0,0,1,1,1,1,0,0,0,0,0,0,0,0,0,0,0,0,0,0,0,0,0,0,0,0,0,0,0,0,0,0,0,0,0,0,0,0,0,0,0,0,0,0,0,0,0,0,0,0,0,0,0,0,0,0,0,0,0,0,0,0,0,0,0,0,0,0,0,1,0,0,0,1,0,0,0,0,0,0,0,0,0,0,0,0,0,0,0,0,0,0,0,0,0,0,0,0,0,0,0,0,0,0,0,0,0,0,0,0,0,0,0,0,0,0,0,0,0,0,0,0,0,0,0,0,0,0,0,0,0,0,0,0,0,0,0,0,0,0,0,0,0,0,0,0,0,0,0,0,0,0,0,1,0,1,0,0,0,0,0,1,0,0,0,0,0,0,0,0,0,0,0,0,0,0,0,1,0,0,0,0,0,0,0,0,0,0,0,0,0,0,1,0,0,0,0,0,0,0,0,0,0,1,0,0,0,0,0,0,0,0,0,0,0,0,0,0,0,0,0,0,0,0,0,0,0,0,0,0,0,1,0,0,0,0,0,0,1,1,1,0,0,0,0,0,0,-1,0,0,0,0,0,0,0,0,-1,0,0,-1,0,0,0,0,0,0,0,0,0,0,0,0,0,0,0,0,0,0,1,0,0,0,0,0,0,0,0,0,0,0,0,0,0,0,0,1,1,0,-1,-1,-1,1,1,1,0,0,0,0,1,0,0,1,1,0,0,0,0,1,0,0,0,0,0,0,0,0,0,0,0,0,0,0,0,0,0,0,0,0,0,0,0,0,0,0,0,0,0,1,1,0,1,0,1,1,0,1,0,1,1,0,1,0,0,1,0,0,0,0,0,0,0,0,0,0,0,0,0,0,0,0,0,0,0,0,0,0,0,0,0,0
0,1,1,300,228,8,8,228,114,25,1,0,0.0020000000949949026,4000.0,1.0,0.04500000178813934,25.0,48.0,8.0,291.70001220703125,1.7000000476837158,-3.179999907843012e-07,0.007360000163316727,0.008080000057816505,8.0,0.33000001311302185,0.0333000011742115,1.0,9.999999747378752e-06,21.0,9.999999747378752e-06,2775000064.0,9.000000136438757e-05,4.999999980020986e-13,5.0,40.0,3.0,-3.3499999046325684,3.3499999046325684,0.5,0.0004799999878741801,292.3927001953125,492.6077880859375,-0.0036125299520790577,0.002354159951210022,0.0008944629807956517,0.013157900422811508,0.800646185874939,0.02024419978260994,2650129920.0,0.006539999973028898,228,228,228,228,228,228,228,228,228,228,228,228,228,228,228,228,228,228,228,228,228,228,228,228,217,217,217,217,228,228,228,228,228,228,228,228,228,228,228,228,228,228,228,228,228,228,228,228,228,228,228,228,0,1,4,4,228,228,228,217,228,228,228,228,3,0,0.00040182023076340556,291.5205078125,640.5618896484375,719.7011108398438,802.9724731445312,883.2923583984375,1006.7423095703125,1038.1715087890625,1049.0888671875,1035.13623046875,1000.0303344726562,946.843017578125,873.5109252929688,793.612060546875,714.035400390625,641.6698608398438,571.439208984375,514.6098022460938,471.893310546875,442.9970397949219,425.5470275878906,418.4968566894531,419.2502136230469,424.5780029296875,431.251220703125,436.04083251953125,0.0045693800784647465,0.7040460109710693,0.7719647884368896,-0.00012962020991835743,0.755505383014679,0.9826699495315552,108982.71875,3.376902895979583e-05,0.3187175989151001,0.7163902521133423,0.9167768955230713,0.9172008037567139,0.022377992048859596,1.0,-1.6815581571897805e-44,-3.387535572052002,0.0,99.2906723022461,2664.05859375,0.9436195492744446,706.4845581054688,228.0,72.0,16.312929153442383,0.4000000059604645,0.0,309.0865783691406,280628.21875,-0.5267992615699768,6.4104766845703125,130.28829956054688,1.2596646547317505,7750000.0,8160000.0,86.12000274658203,119.0999984741211,0.5,9.999999747378752e-05,0.0,3.299999952316284,200.0,0.30000001192092896,309.20001220703125,2.439019908706541e-06,0,0,0,1,1,1,0,24,0,307.4975280761719,0.0,0.0,0.0,0.0,0.0,0.0,0.504331111907959,0.8717678189277649,0.5184634923934937,-0.007066190242767334,-0.001638676505535841,-0.0017105134902521968,0.5070661902427673,0.5084865689277649,0.5085011720657349,1.0,25.0,24.0,6287163.5,6287283.5,6287430.0,290.85565185546875,290.8778076171875,290.8648681640625,324.0789794921875,324.22918701171875,324.07867431640625,4400000.0,307.4673156738281,307.5534973144531,307.4717712402344,33.22332763671875,33.35137939453125,33.21380615234375,323.94427490234375,4555.08251953125,4556.65771484375,4566.86083984375,12.823966979980469,12.835407257080078,12.836470603942871,12.03363037109375,0.0,0.0,0.0020000000949949026,290.8661193847656,324.1289367675781,-39.74636459350586,1.6482630968093872,1.6528905630111694,1.6529487371444702,-12.40778923034668,39.0,40.0,42.0,41.0,0.0,0.0,6285723.0,6234188.0,77.62849426269531,5.0,0.014999999664723873,-180000.0,600.0,1000000.0,400000.0,0.17000000178813934,22000.0,786000.0,120000.0,0.0,40.0,30.0,36.810001373291016,0.5,18.399999618530273,50000.0,115692.3984375,15.113750457763672,0,0,1,0,0,0,0,14158127.0,0.0,0.0,0.0,0.0,0.0,-1234555.0,400000.0,1000000.0,1.0,1400000.0,0.0,0.49437999725341797,14165445.0,126869.6328125,14158127.0,340.30377197265625,40.007659912109375,4.939619064331055,-1234555.0,0.0,0.0,0.0,3.478584051132202,40.007659912109375,0.0,22230.939453125,1.2010046243667603,0.0,0.0,0.0,20.0,14.711517333984375,22.0,0.0,0.0,0.0,0.05000000074505806,0.02500000037252903,0.17000000178813934,15400000.0,0.5,6.25,0.0006667000125162303,2.0,2410000.0,4140000.0,4.734799861907959,0.15000000596046448,0.20000000298023224,0.2199999988079071,1.0,0.0,-1.0,0.0,5.0,20.0,30.0,50.0,74.0,80.0,86.0,9.800000190734863,500000.0,1.0499999802959792e-07,0.5,750.0,1000.0,600.0,1000.0,1150.0,32.0,32.0,37.400001525878906,10.0,10.0,0.007000000216066837,0.5049999952316284,82.0,189.26499938964844,0.0,1.5099999904632568,231.60000610351562,20.0,36.0,16.600000381469727,16.5,225.0,-0.1756729930639267,27.5,-0.1756729930639267,30.485509872436523,0.1561516970396042,11.10221004486084,-1.8332500457763672,-75.0,4.3520002365112305,9.800000190734863,189.26499938964844,93.30000305175781,2650000.0,0.8500000238418579,7.570000171661377,0,1,0,0,0,0,0,0,0,0,0,1,3,3,0,0,1,1,0,0,0,0,0,0,0,0,0,0,1,0,0,0,0,0,0,0,0,0,0,1,0,0,0,0,0,0,0,0,0,0,12.057899475097656,29061.853515625,2153.699951171875,0.0004149090382270515,0.0004361289902590215,0.0006248649442568421,1.0,1.0,0.0,0.0,0.0,0.5726297497749329,0.5623895525932312,1.0,0.0,0.0,0.0,1.0,0.0,0.0,1.0,1.0,0.0,1.0,1.0,0.010403335094451904,0.0,1.0,0.0,0.6361085176467896,0.6399221420288086,0.0004149090382270515,0.0,0.0,0.0,99998.78125,99999.0,2805238.5,2410000.0,36.20000076293945,36.20000076293945,36.20000076293945,32.423091888427734,264.44000244140625,134.04310607910156,48.258995056152344,26.293575286865234,37.66999053955078,27.0,28.51052474975586,27.0,0.0,32.0,20.0,68.57752227783203,3446668.0,0.543203592300415,3.7799999713897705,4.630192756652832,8.91979694366455,0.0,0.0,0.0,1.401298464324817e-45,5.391927719116211,5.391927719116211,0.5049998760223389,0.5049998760223389,0.5049998760223389,0.18937495350837708,0.18937495350837708,0.18937495350837708,0.0,0.0,0.0,0.0,0.0,0.0,5.294999599456787,0.0,0.0,0.0,0.0,0.0,0.0,100.0,74.07674407958984,0.5431427955627441,0.0,20.0,0.0,5.335833549499512,5.569352626800537,0.0,0.0,0.0,0.007000000216066837,0.0,0.0,9.92133617401123,0.0,1.7333598136901855,1.401298464324817e-45,5.5770673751831055,0.0,0.0,0.0,0.0,0.0,0.0,20.0,0.0,0.0,13856774.0,0.0,0.0,0.0,0.0,0.0,0.0,0.0,0.351500004529953,18.93000030517578,23.030000686645508,7.69199959904654e-06,0.08500000089406967,0.009999999776482582,24.0,27.0,8.800000190734863,500000.0,0.05000000074505806,2.7000000013543968e-09,2.7000000013543968e-09,145100.0,120000.0,14650000.0,86400.0,17.0,34.5,48.70000076293945,321.8999938964844,83170.0,0.0,1.0,1.0,0.0010000000474974513,725.0,0.0,0.5,0.0,0.0,57.31999969482422,837142.875,9359.77734375,117376.1015625,2623.89794921875,83026.390625,725.0,1.0204100362898316e-05,740000000.0,1,0,1,0,1,0,1,0,0,0,0,8.799991607666016,27.0,2169.6396484375,0.0,0.0,0.0,0.0,0.8713915348052979,0.0004011476703453809,0.0,0.016688866540789604,37.519351959228516,1.0,25377.6875,4263.041015625,2.1669815396307968e-05,2588836096.0,4189619968.0,2807667456.0,4193722368.0,-77.33856964111328,32.5570068359375,-183708512.0,-4102400.0,5.5770673751831055,1539.1461181640625,82.91563415527344,1506.589111328125,106381.3984375,3746.998291015625,145123.96875,157581.28125,123377.6875,26.60002899169922,37.519351959228516,37.519351959228516,1.0,2.1669815396307968e-05,4263.041015625,835263987712.0,0.1985853910446167,137600.0,137600.0,100718192.0,77.68338012695312,5993.5029296875,1.0,0.0,1700.0,250000.0,10000.0,1038.0,0.004999999888241291,400.0,5000.0,0,0,0,0,2962247.75,64.52962493896484,64.52962493896484,1225458.625,2783598.75,1.0,1.0,1224554.0,228.0746612548828,6235632.0,1.0,0.9927694797515869,1.0,1.0,1031.8497314453125,277.1999816894531,189.16067504882812,126.225341796875,6133405.0,807212.4375,189.16067504882812,1.0,1.0,1.0,135.31167602539062,1555.6463623046875,790.7105102539062,0.0,0.0,0.0,7680000.0,516.2962646484375,517.5194702148438,519.001953125,0.0,2783598.75,0.0,129.0592498779297,0.0,0.0,278.0264587402344,1.0,0.0,-7.5742998123168945,0.0,5.605193857299268e-45,9.999999974752427e-07,0.0,2.0,0.0003000000142492354,0.004999999888241291,0.0010000000474974513,2.0000000233721948e-07,2.0000000233721948e-07,0.0005555999814532697,993000000.0,1.0,0.05000000074505806,0.10000000149011612,0.0005000000237487257,0.0016700000269338489,0.009999999776482582,1.0,1.0,0.0010000000474974513,4.999999873689376e-05,0.00039999998989515007,0.019999999552965164,0.9891999959945679,0.9891999959945679,0.9950000047683716,0.9950000047683716,1,0,0,0,0,1,0,0,1,0,1,0,0,0,0.9867002964019775,979793408.0,62732.3984375,4810245.0,1154.639892578125,2545835.0,1429.3896484375,1.0,2329777.5,0.9702121615409851,1.0,60.0,180.0,1800.0,1800.0,1.0047005414962769,0.019808992743492126,1.0,1.0,-0.012236599810421467,0.0,0.0,0.0,0.0,-0.00011605024337768555,6.602997746085748e-05,0.0,0.0,6.602997746085748e-05,0.0,6.602997746085748e-05,6.602997746085748e-05,0.0,7.006492321624085e-44,1,1,0,1,1,1,0,1,1,0,1,0,1,1,1,1,1,1,1,1,0,1000,1000,0,1,5001,5001,220.0,3460.100830078125,120.0,120.0,60.0,0.0,0.4000000059604645,0.10000000149011612,0.10000000149011612,2.0,500.0,200.0,0.9900000095367432,300000.0,5000.0,45000.0,20000.0,0.019999999552965164,2.0,0.05000000074505806,0.019999999552965164,6.0,0.05000000074505806,0.019999999552965164,0.019999999552965164,88.30000305175781,0.10000000149011612,0.800000011920929,0.05000000074505806,0.009999999776482582,50.0,50.0,340.0,340.0,1000000.0,1,1,1,1,1,1,1,1,1,1,0,0,0,1,1,0,1.0,0.0,0.0,0.0,0.001431937562301755,0.0,0.0,0.0,0.9181373715400696,0.9181373715400696,0.9181373715400696,5000.40185546875,3901708.75,3906709.25,50.0,27.616893768310547,0.4000000059604645,0.0,0.0,0.10000000149011612,0.16238625347614288,1.0,45000.0,20.0,29.27179718017578,778925.375,33.37501525878906,4589.025390625,721.2213745117188,0.778925359249115,0.9181702136993408,9.474410057067871,1.0,3221299.5,3304317.0,9.718579292297363,20.0,0.273926317691803,27.39263153076172,0.0,636.4223022460938,411.4012756347656,100000.0,50000.0,1115.300048828125,50000.0,700.0,2000.0,2800000.0,3500000.0,4000000.0,9.999999747378752e-05,4.999999873689376e-05,500.0,20000.0,100.0,500.0,60000.0,1200.0,1.0,120.0,150000.0,3000.0,300.0,1.0,300.0,0.019999999552965164,0.019999999552965164,0.009999999776482582,0.009999999776482582,0.009999999776482582,0.019999999552965164,1.100000023841858,0.019999999552965164,4.0,0.019999999552965164,88.0,1613.0,0.009999999776482582,0.20000000298023224,3.0,5.0,600.0,0.0010000000474974513,88.0,88.0,2000.0,2340.0,-0.11599799990653992,-0.03561130166053772,-0.04758000001311302,-0.01752999983727932,0,0,0,0,0,1,0,521.5790405273438,521.5790405273438,2.0947265625,2.0947265625,0.01692109741270542,31.428075790405273,164.21499633789062,1597.7884521484375,1047.984375,795.6986694335938,795.6986694335938,3.195556640625,3.195556640625,1598.499755859375,542.1908569335938,0.0,0.0,2666023.0,20.00048065185547,20.00048065185547,156.26100158691406,156.26100158691406,65719.5078125,65719.5078125,1.0953251123428345,1.0953251123428345,114.0373306274414,114.0373306274414,24.99858283996582,24.99858283996582,104596.578125,104596.578125,25.008451461791992,155.4514923095703,158.4395294189453,2644409.0,20.00048065185547,20.00048065185547,226.57347106933594,226.57347106933594,155.9082794189453,155.9082794189453,652335.875,652335.875,0.0,114.39013671875,114.39013671875,228.7971954345703,160184.546875,160184.546875,1.0678969621658325,1.0678969621658325,225.8920135498047,155.9082794189453,274.7203063964844,137.3601531982422,137.3601531982422,203.69088745117188,203.69088745117188,407.38177490234375,0.0,0.0,0.0,137.34532165527344,137.34532165527344,203.69088745117188,203.69088745117188,0.026315800845623016,13.05530834197998,0.20000000298023224,0.8459153175354004,0.8924562335014343,0.8460028767585754,0.504331111907959,0.4181296229362488,0.505327582359314,0.9599996209144592,1.0,1.0,1.0,0.9999998211860657,0.9999998211860657,0.9999998211860657,190849.234375,193242.0625,0.0,0.0,0.0,0.0,0.0,0.0,0.0,296.3810119628906,297.7510070800781,0.0,190610.578125,190610.578125,0.0,0.0,0.0,0.0,0.8672107458114624,0.8672107458114624,0.8672107458114624,0.8552444577217102,1191824.875,0.9959999918937683,0.9959999918937683,0.9959999918937683,0.9959999918937683,5723430.0,2742251.0,7382337.5,8465549.0,2606300.0,4006004.0,0.0039017086382955313,0.00781341828405857,1047.3475341796875,531.1170043945312,531.8187255859375,531.61962890625,332.7392578125,362.14715576171875,332.8214111328125,198.37774658203125,169.67156982421875,198.7982177734375,1597.805419921875,1047.3592529296875,349.89263916015625,349.89263916015625,349.89263916015625,518.5330810546875,518.5330810546875,518.5330810546875,2.9998507499694824,0.8409979343414307,0.8628433346748352,2.999850273132324,5.0,0.0040000081062316895,0.0040000081062316895,0.0040000081062316895,0.0040000081062316895,0.0,-0.4368000030517578,0.0,599970.1875,164.21499633789062,164.21499633789062,0.0,20.0,2783223.75,7.25,12.0,10.25,225.05613708496094,225.05613708496094,225.05613708496094,0.0,0.0,0.7926306128501892,0.9211652278900146,10000.0,10000.0,0.011826000176370144,1038.5,0.027953999117016792,0.0,0.0,1.0878000259399414,1.0809999704360962,9.000000136438757e-05,103.0,33.220001220703125,1.8179999589920044,0.029999999329447746,49.0,8.329999923706055,4.159999847412109,58.0,302.0,4.5,0.699999988079071,0.4000000059604645,7.5,1.3799999952316284,2.492000102996826,7000.0,48.88999938964844,1.2000000476837158,45.0,62000.0,4590000.0,4250000.0,15900000.0,15100000.0,0.05000000074505806,0.17000000178813934,0.009999999776482582,15220000.0,1.6699999570846558,312.7799987792969,1.1100000143051147,4232.0,0.25,689000.0,4030000.0,9.829999923706055,8.550000190734863,12200000.0,231.10000610351562,88.3239974975586,633.0,1.1430000066757202,0.6858000159263611,-10.0,-3.7799999713897705,0.7799999713897705,295.5,4030000.0,12400000.0,0.9200000166893005,5.0,0,0,0,228,160,0,0,0,0,0,0,0,0,1,0,0,0,1,1,1,0,1,0,0,1,0,0,1,1,1,0,0,0,0,0,0,0,0,0,0,0,0,0,0,0.9167768955230713,6287163.5,1.0877995491027832,0.971813440322876,1.008124589920044,307.5176696777344,33.26988983154297,-0.0021179544273763895,1,1,1,0,0,0,1,1,0,0,0,0,0,282,0.20000000298023224,0.20000000298023224,0.20000000298023224,0.0,2,0,0,0,0,0,0,0,0,0,0,0,0,0,0,0,0,0,0,0,0,0,0,0,0,0,0,0,0,0,0,0,0,0,0,0,0,0,0,0,0,0,0,0,0,0,0,0,0,0,0,1,0,0,0,0,0,0,0,0,0,0,0,0,0,0,0,0,0,0,0,0,0,0,0,0,0,0,0,0,0,0,0,0,0,0,0,0,0,0,0,0,0,0,0,0,0,0,0,0,0,0,0,0,0,0,0,0,0,0,0,0,0,0,0,0,0,0,0,0,0,0,0,0,0,0,0,0,0,0,0,0,0,0,0,0,0,0,0,0,0,0,0,1,0,0,0,0,0,0,0,0,0,0,0,-1,0,0,0,0,0,0,1,1,0,0,91.67768859863281,-3.387535572052002,0.0,-0.5267992615699768,-1.6815581571897805e-44,309.0865783691406,307.5176696777344,706.4845581054688,-0.00012962020991835743,99.2906723022461,2664.05859375,1.0877995491027832,1.008124589920044,-1.0,1.56890869140625,6.827850029367255e-06,0.016688866540789604,100.0,27.0,0.0,7.799991607666016,3.6297194957733154,1.0,1.0,37.519351959228516,0.2589564621448517,20.0,2.1669815396307968e-05,0.0,74.07674407958984,1.7333598136901855,1.8179994821548462,0.00036938843550160527,0.6817498207092285,0.543203592300415,28.624935150146484,8.91979694366455,19.410940170288086,16.66869354248047,0.5726297497749329,48.258995056152344,44.898040771484375,264.44000244140625,134.04310607910156,0.9640520215034485,323.9681396484375,40.007659912109375,0.29459047317504883,290.8812255859375,290.89422607421875,290.8721923828125,324.1025390625,324.25286865234375,324.1029052734375,100.0,4.876279830932617,54.31427764892578,144.54562377929688,307.49188232421875,307.57354736328125,307.487548828125,340.30328369140625,49.4379997253418,34.80691909790039,144.54562377929688,0.0,0.9703945517539978,0.9744059443473816,0.9706690907478333,89.25897979736328,89.25180053710938,89.17237854003906,64.1575698852539,64.15607452392578,64.15484619140625,50.85011672973633,50.848655700683594,50.70661926269531,99.29022216796875,99.06732177734375,99.0339584350586,1913.83056640625,1914.54736328125,1912.0211181640625,519.0927124023438,520.0678100585938,518.85595703125,29.0,0.0,48.0,0.505327582359314,0.6768023371696472,0.4181296229362488,0.7139649987220764,0.504331111907959,0.6767322421073914,41.0,78.36749267578125,63.62901306152344,225.8920135498047,97.3495864868164,9.999999974752427e-07,86.38330841064453,0.6306378841400146,155.4514923095703,0.9927694797515869,721.2213745117188,39.86445236206055,31.428075790405273,1.0,9.474410057067871,77.89253234863281,0.0,0.9718579053878784,20.0,0.0,60.0,120.0,22.0,120.0,3.4601008892059326,0.0,0.0,979.7933959960938,18.08867835998535,89.19796752929688,2.0,200.0,0,0,228,228,228,228,217,228,228,228,160,0,99999,99999,12,402,1800,180,1800,998,20,979,91,23,0,0,0,806,1424,29,31,32,0,0,0,0,0,0,0,0,0,0,0,0,0,0,1,0,0,0,0,1,1,1,0,1,0,0,0,1,0,0,0,0,0,0,0,0,0,0,0,0,1,0,1,0,0,1,1,0,1,0,1,0,1,0,0,0,1,1,0,1,0,1,0,0,0,1,1,0,0,0,1,0,1,0,0,0,0,0,1,0,0,1,0,0,0,1,0,0,0,0,0,0,1,0,0,0,1,1,0,0,1,0,1,0,1,0,1,0,0,0,1,0,1,1,1,0,0,1,0,0,0,0,0,1,1,1,0,0,0,0,0,0,0,0,0,0,0,1,0,1,0,1,0,0,0,0,0,0,0,0,0,1,0,1,0,1,0,1,1,1,1,1,1,1,0,0,0,0,0,0,1,0,1,1,1,1,1,1,1,1,1,1,1,0,0,0,1,1,0,0,1,1,0,1,0,1,0,1,1,0,0,0,0,0,0,0,0,1,0,0,0,1,0,1,1,0,0,1,0,0,1,1,0,1,1,1,0,1,1,0,1,0,1,1,0,0,0,0,0,0,1,1,1,1,0,0,0,0,0,0,0,0,0,0,0,0,0,0,0,0,0,0,0,0,0,0,0,0,0,0,0,0,0,0,0,0,0,0,0,0,0,0,0,0,0,0,0,0,0,0,0,0,0,0,0,0,0,0,0,0,0,0,0,0,0,0,0,0,0,0,0,0,0,0,0,0,0,0,0,0,0,0,0,0,0,0,0,0,0,0,0,0,0,0,0,0,0,0,0,0,0,0,0,0,0,0,0,0,0,0,0,0,0,0,0,0,0,0,0,0,0,0,0,0,0,0,0,0,0,0,0,0,0,0,0,0,0,0,0,0,0,0,0,0,0,0,0,0,0,0,0,1,0,1,0,0,0,0,0,1,0,0,0,0,0,0,0,0,0,0,0,0,0,0,0,1,0,0,0,0,0,0,0,0,0,0,0,0,0,0,1,0,0,0,0,0,0,0,0,0,0,1,0,0,0,0,0,0,0,0,0,0,0,0,0,0,0,0,0,0,0,0,0,0,0,0,0,0,0,1,0,0,0,0,0,0,1,1,1,0,0,0,0,0,0,-1,0,0,0,0,0,0,0,0,-1,0,0,-1,0,0,0,0,0,0,0,0,0,0,0,0,0,0,0,0,0,0,1,0,0,0,0,0,0,0,0,0,0,0,0,0,0,0,0,1,1,0,-1,-1,-1,1,1,1,0,0,0,0,1,0,0,1,1,0,0,0,0,1,0,0,0,0,0,0,0,0,0,0,0,0,0,0,0,0,0,0,0,0,0,0,0,0,0,0,0,0,0,1,1,0,1,0,1,1,0,1,0,1,1,0,1,0,0,1,0,0,0,0,0,0,0,0,0,0,0,0,0,0,0,0,0,0,0,0,0,0,0,0,0,0
0,1,1,300,228,8,8,228,114,25,1,0,0.0020000000949949026,4000.0,1.0,0.04500000178813934,25.0,48.0,8.0,291.70001220703125,1.7000000476837158,-3.179999907843012e-07,0.007360000163316727,0.008080000057816505,8.0,0.33000001311302185,0.0333000011742115,1.0,9.999999747378752e-06,21.0,9.999999747378752e-06,2775000064.0,9.000000136438757e-05,4.999999980020986e-13,5.0,40.0,3.0,-3.3499999046325684,3.3499999046325684,0.5,0.0004799999878741801,292.3927001953125,492.6077880859375,-0.0036125299520790577,0.002354159951210022,0.0008944629807956517,0.013157900422811508,0.800646185874939,0.02024419978260994,2650129920.0,0.006539999973028898,228,228,228,228,228,228,228,228,228,228,228,228,228,228,228,228,228,228,228,228,228,228,228,228,218,218,218,218,228,228,228,228,228,228,228,228,228,228,228,228,228,228,228,228,228,228,228,228,228,228,228,228,0,1,4,4,228,228,228,218,228,228,228,228,3,0,0.00040182110387831926,291.47479248046875,639.875244140625,718.786865234375,801.818115234375,881.90673828125,1005.0064697265625,1036.354248046875,1047.25830078125,1033.36328125,998.3711547851562,945.3411865234375,872.2150268554688,792.5322265625,713.1649169921875,640.9854125976562,570.919189453125,514.2202758789062,471.6056823730469,442.7893981933594,425.40582275390625,418.41168212890625,419.2132568359375,424.58465576171875,431.3001403808594,436.1339111328125,0.004824407398700714,0.7027153372764587,0.7719638347625732,-0.00013013125862926245,0.7555084228515625,0.9823012351989746,108818.25,3.3712160075083375e-05,0.31839606165885925,0.7150046825408936,0.9154521226882935,0.9158869981765747,0.022374402731657028,1.0,-1.6815581571897805e-44,-3.388158082962036,0.0,99.29052734375,2664.0712890625,0.9436233043670654,705.6264038085938,228.0,72.0,16.94605827331543,0.0,0.0,309.080322265625,280628.78125,-0.5262797474861145,6.409023284912109,130.28829956054688,1.260751485824585,7750000.0,8160000.0,86.12000274658203,119.0999984741211,0.5,9.999999747378752e-05,0.0,3.299999952316284,200.0,0.30000001192092896,309.20001220703125,2.439019908706541e-06,0,0,0,1,1,1,0,24,0,307.4367370605469,0.0,0.0,0.0,0.0,0.0,0.0,0.5037699341773987,0.8716883063316345,0.5184518694877625,-0.007340967655181885,-0.001710442011244595,-0.0017964066937565804,0.5073409676551819,0.5087710618972778,0.5087956190109253,1.0,25.0,24.0,6282822.5,6282944.5,6283091.0,290.805419921875,290.828125,290.8148193359375,324.0071716308594,324.1576843261719,324.0070495605469,4400000.0,307.40631103515625,307.492919921875,307.41094970703125,33.201751708984375,33.329559326171875,33.192230224609375,323.8716735839844,4554.298828125,4555.9912109375,4566.041015625,12.82635498046875,12.837836265563965,12.839003562927246,11.98516845703125,0.0,0.0,0.0020000000949949026,290.8161315917969,324.0572814941406,-39.73927307128906,1.6491605043411255,1.6538175344467163,1.653908371925354,-12.697333335876465,39.0,40.0,42.0,41.0,0.0,0.0,6281363.5,6229819.0,77.41058349609375,5.0,0.014999999664723873,-180000.0,600.0,1000000.0,400000.0,0.17000000178813934,22000.0,786000.0,120000.0,0.0,40.0,30.0,36.810001373291016,0.5,18.399999618530273,50000.0,115692.3984375,15.113750457763672,0,0,1,0,0,0,0,14136244.0,0.0,0.0,0.0,0.0,0.0,-1256470.0,400000.0,1000000.0,1.0,1400000.0,0.0,0.4931258261203766,14143530.0,126869.6328125,14136244.0,340.3050537109375,40.007659912109375,4.927073955535889,-1256470.0,0.0,0.0,0.0,3.472259521484375,40.007659912109375,0.0,22230.939453125,1.2010046243667603,0.0,0.0,0.0,20.0,14.711517333984375,22.0,0.0,0.0,0.0,0.05000000074505806,0.02500000037252903,0.17000000178813934,15400000.0,0.5,6.25,0.0006667000125162303,2.0,2410000.0,4140000.0,4.734799861907959,0.15000000596046448,0.20000000298023224,0.2199999988079071,1.0,0.0,-1.0,0.0,5.0,20.0,30.0,50.0,74.0,80.0,86.0,9.800000190734863,500000.0,1.0499999802959792e-07,0.5,750.0,1000.0,600.0,1000.0,1150.0,32.0,32.0,37.400001525878906,10.0,10.0,0.007000000216066837,0.5049999952316284,82.0,189.26499938964844,0.0,1.5099999904632568,231.60000610351562,20.0,36.0,16.600000381469727,16.5,225.0,-0.1756729930639267,27.5,-0.1756729930639267,30.485509872436523,0.1561516970396042,11.10221004486084,-1.8332500457763672,-75.0,4.3520002365112305,9.800000190734863,189.26499938964844,93.30000305175781,2650000.0,0.8500000238418579,7.570000171661377,0,1,0,0,0,0,0,0,0,0,0,1,3,3,0,0,1,1,0,0,0,0,0,0,0,0,0,0,1,0,0,0,0,0,0,0,0,0,0,1,0,0,0,0,0,0,0,0,0,0,12.0577974319458,29061.70703125,2153.699951171875,0.00041490758303552866,0.0004361289902590215,0.0006248649442568421,1.0,1.0,0.0,0.0,0.0,0.5738040208816528,0.5635601878166199,1.0,0.0,0.0,0.0,1.0,0.0,0.0,1.0,1.0,0.0,1.0,1.0,0.010299503803253174,0.0,1.0,0.0,0.6357604265213013,0.6396331787109375,0.00041490758303552866,0.0,0.0,0.0,99998.78125,99999.0,2803703.5,2410000.0,36.20000076293945,36.20000076293945,36.20000076293945,32.42631912231445,264.0176086425781,133.71609497070312,48.150516510009766,26.298553466796875,37.63256072998047,27.0,28.49987030029297,27.0,0.0,32.0,20.0,68.57752227783203,3446668.0,0.543203592300415,3.7799999713897705,4.641749858856201,8.91979694366455,0.0,0.0,0.0,1.401298464324817e-45,5.387051105499268,5.387051105499268,0.5049998760223389,0.5049998760223389,0.5049998760223389,0.18937495350837708,0.18937495350837708,0.18937495350837708,0.0,0.0,0.0,0.0,0.0,0.0,5.294999599456787,0.0,0.0,0.0,0.0,0.0,0.0,100.0,74.0754623413086,0.5419058799743652,0.0,20.0,0.0,5.331567287445068,5.580921649932861,0.0,0.0,0.0,0.007000000216066837,0.0,0.0,9.93289852142334,0.0,1.7333470582962036,1.401298464324817e-45,5.588624477386475,0.0,0.0,0.0,0.0,0.0,0.0,20.0,0.0,0.0,13835015.0,0.0,0.0,0.0,0.0,0.0,0.0,0.0,0.351500004529953,18.93000030517578,23.030000686645508,7.69199959904654e-06,0.08500000089406967,0.009999999776482582,24.0,27.0,8.800000190734863,500000.0,0.05000000074505806,2.7000000013543968e-09,2.7000000013543968e-09,145100.0,120000.0,14650000.0,86400.0,17.0,34.5,48.70000076293945,321.8999938964844,83170.0,0.0,1.0,1.0,0.0010000000474974513,725.0,0.0,0.5,0.0,0.0,57.31999969482422,837142.875,9359.77734375,117376.1015625,2623.89794921875,83026.390625,725.0,1.0204100362898316e-05,740000000.0,1,0,1,0,1,0,1,0,0,0,0,8.799991607666016,27.0,2216.209228515625,0.0,0.0,0.0,0.0,0.8901041150093079,0.00040121679194271564,0.0,0.017047081142663956,37.574073791503906,1.0,25392.515625,4349.30908203125,2.213515472249128e-05,2584969216.0,4186910464.0,2804861440.0,4191678720.0,-77.10257720947266,33.17138671875,-184454480.0,-4767872.0,5.588624477386475,1539.0098876953125,82.69120025634766,1505.8385009765625,106381.3984375,3757.511962890625,145160.03125,157811.109375,123392.515625,27.200031280517578,37.574073791503906,37.574073791503906,1.0,2.213515472249128e-05,4349.30908203125,842088251392.0,0.19864335656166077,137600.0,137600.0,100423936.0,77.46759796142578,6008.22705078125,1.0,0.0,1700.0,250000.0,10000.0,1038.0,0.004999999888241291,400.0,5000.0,0,0,0,0,2962173.0,64.52102661132812,64.52102661132812,1225240.875,2783629.75,1.0,1.0,1224202.875,228.04713439941406,6231280.0,1.0,0.99263596534729,1.0,1.0,1031.723876953125,277.1556091308594,189.14739990234375,126.13006591796875,6129135.5,807151.875,189.14739990234375,1.0,1.0,1.0,135.24327087402344,1554.86865234375,790.6126098632812,0.0,0.0,0.0,7680000.0,516.0108642578125,517.2586669921875,518.723388671875,0.0,2783629.75,0.0,129.04205322265625,0.0,0.0,277.9801940917969,1.0,0.0,-7.5742998123168945,0.0,5.605193857299268e-45,9.999999974752427e-07,0.0,2.0,0.0003000000142492354,0.004999999888241291,0.0010000000474974513,2.0000000233721948e-07,2.0000000233721948e-07,0.0005555999814532697,993000000.0,1.0,0.05000000074505806,0.10000000149011612,0.0005000000237487257,0.0016700000269338489,0.009999999776482582,1.0,1.0,0.0010000000474974513,4.999999873689376e-05,0.00039999998989515007,0.019999999552965164,0.9891999959945679,0.9891999959945679,0.9950000047683716,0.9950000047683716,1,0,0,0,0,1,0,0,1,0,1,0,0,0,0.9863460063934326,979441600.0,62702.69921875,4808677.0,1154.0458984375,2545848.5,1428.7066650390625,1.0,2329834.5,0.9704102873802185,1.0,60.0,180.0,1800.0,1800.0,1.0047005414962769,0.019808992743492126,1.0,1.0,-0.012236599810421467,0.0,0.0,0.0,0.0,-0.00012117624282836914,6.602997746085748e-05,0.0,0.0,6.602997746085748e-05,0.0,6.602997746085748e-05,6.602997746085748e-05,0.0,7.006492321624085e-44,1,1,0,1,1,1,0,1,1,0,1,0,1,1,1,1,1,1,1,1,0,1000,1000,0,1,5001,5001,220.0,3459.0380859375,120.0,120.0,60.0,0.0,0.4000000059604645,0.10000000149011612,0.10000000149011612,2.0,500.0,200.0,0.9900000095367432,300000.0,5000.0,45000.0,20000.0,0.019999999552965164,2.0,0.05000000074505806,0.019999999552965164,6.0,0.05000000074505806,0.019999999552965164,0.019999999552965164,88.30000305175781,0.10000000149011612,0.800000011920929,0.05000000074505806,0.009999999776482582,50.0,50.0,340.0,340.0,1000000.0,1,1,1,1,1,1,1,1,1,1,0,0,0,1,1,0,1.0,0.0,0.0,0.0,0.0013453124556690454,0.0,0.0,0.0,0.9181366562843323,0.9181366562843323,0.9181366562843323,5000.40087890625,3901842.5,3906843.0,50.0,27.616853713989258,0.4000000059604645,0.0,0.0,0.10000000149011612,0.16227291524410248,1.0,45000.0,20.0,29.271005630493164,778928.625,33.37384796142578,4589.021484375,721.2213745117188,0.7789286375045776,0.9181675910949707,9.474370002746582,1.0,3221286.0,3304317.0,9.718579292297363,20.0,0.27397286891937256,27.397287368774414,0.0,636.4223022460938,411.3734130859375,100000.0,50000.0,1115.300048828125,50000.0,700.0,2000.0,2800000.0,3500000.0,4000000.0,9.999999747378752e-05,4.999999873689376e-05,500.0,20000.0,100.0,500.0,60000.0,1200.0,1.0,120.0,150000.0,3000.0,300.0,1.0,300.0,0.019999999552965164,0.019999999552965164,0.009999999776482582,0.009999999776482582,0.009999999776482582,0.019999999552965164,1.100000023841858,0.019999999552965164,4.0,0.019999999552965164,88.0,1613.0,0.009999999776482582,0.20000000298023224,3.0,5.0,600.0,0.0010000000474974513,88.0,88.0,2000.0,2340.0,-0.11599799990653992,-0.03561130166053772,-0.04758000001311302,-0.01752999983727932,0,0,0,0,0,1,0,521.4785766601562,521.4785766601562,2.09429931640625,2.09429931640625,0.016915785148739815,31.428058624267578,164.21485900878906,1597.5928955078125,1047.7923583984375,795.6012573242188,795.6012573242188,3.1951904296875,3.1951904296875,1598.2703857421875,541.9302978515625,0.0,0.0,2665955.75,20.00048065185547,20.00048065185547,156.25733947753906,156.25733947753906,65719.296875,65719.296875,1.0953216552734375,1.0953216552734375,114.02356719970703,114.02356719970703,24.998577117919922,24.998577117919922,104596.5546875,104596.5546875,25.008441925048828,155.4479217529297,158.43655395507812,2644438.0,20.00048065185547,20.00048065185547,226.5601806640625,226.5601806640625,155.9054412841797,155.9054412841797,652324.0,652324.0,0.0,114.385986328125,114.385986328125,228.7888946533203,160183.46875,160183.46875,1.0678898096084595,1.0678898096084595,225.8787841796875,155.9054412841797,274.6304931640625,137.31524658203125,137.31524658203125,203.66943359375,203.66943359375,407.3388671875,0.0,0.0,0.0,137.3000030517578,137.3000030517578,203.66943359375,203.66943359375,0.026315800845623016,13.054769515991211,0.20000000298023224,0.8448510766029358,0.8913521766662598,0.8448641896247864,0.5037699341773987,0.41754674911499023,0.5047247409820557,0.9599996209144592,1.0,1.0,1.0,0.9999998211860657,0.9999998211860657,0.9999998211860657,190848.8125,193242.0625,0.0,0.0,0.0,0.0,0.0,0.0,0.0,296.3810119628906,297.7510070800781,0.0,190624.59375,190624.59375,0.0,0.0,0.0,0.0,0.8668909668922424,0.8668909668922424,0.8668909668922424,0.8557779788970947,1191579.375,0.9959999918937683,0.9959999918937683,0.9959999918937683,0.9959999918937683,5720374.5,2742654.0,7380673.5,8462893.0,2606300.0,4005940.0,0.0039018422830849886,0.007813685573637486,1047.145751953125,531.1170043945312,531.76953125,531.5277099609375,332.72119140625,362.1318054199219,332.7448425292969,198.39581298828125,169.63772583007812,198.78286743164062,1597.60986328125,1047.157470703125,349.8501281738281,349.8501281738281,349.8501281738281,518.0205688476562,518.0205688476562,518.0205688476562,2.9998526573181152,0.8398847579956055,0.862754225730896,2.999852180480957,5.0,0.0040000081062316895,0.0040000081062316895,0.0040000081062316895,0.0040000081062316895,0.0,-0.4368000030517578,0.0,599970.5625,164.21485900878906,164.21485900878906,0.0,20.0,2783256.0,7.25,12.0,10.25,225.04446411132812,225.04446411132812,225.04446411132812,0.0,0.0,0.7926306128501892,0.9211652278900146,10000.0,10000.0,0.011826000176370144,1038.5,0.027953999117016792,0.0,0.0,1.0878000259399414,1.0809999704360962,9.000000136438757e-05,103.0,33.220001220703125,1.8179999589920044,0.029999999329447746,49.0,8.329999923706055,4.159999847412109,58.0,302.0,4.5,0.699999988079071,0.4000000059604645,7.5,1.3799999952316284,2.492000102996826,7000.0,48.88999938964844,1.2000000476837158,45.0,62000.0,4590000.0,4250000.0,15900000.0,15100000.0,0.05000000074505806,0.17000000178813934,0.009999999776482582,15220000.0,1.6699999570846558,312.7799987792969,1.1100000143051147,4232.0,0.25,689000.0,4030000.0,9.829999923706055,8.550000190734863,12200000.0,231.10000610351562,88.3239974975586,633.0,1.1430000066757202,0.6858000159263611,-10.0,-3.7799999713897705,0.7799999713897705,295.5,4030000.0,12400000.0,0.9200000166893005,5.0,0,0,0,228,160,0,0,0,0,0,0,0,0,1,0,0,0,1,1,1,0,1,0,0,1,0,0,1,1,1,0,0,0,0,0,0,0,0,0,0,0,0,0,0,0.9154521226882935,6282822.5,1.0877995491027832,0.9711728692054749,1.0076041221618652,307.4571228027344,33.24795913696289,-0.0021610718686133623,1,1,1,0,0,0,1,1,0,0,0,0,0,285,0.20000000298023224,0.20000000298023224,0.20000000298023224,0.0,2,0,0,0,0,0,0,0,0,0,0,0,0,0,0,0,0,0,0,0,0,0,0,0,0,0,0,0,0,0,0,0,0,0,0,0,0,0,0,0,0,0,0,0,0,0,0,0,0,0,0,1,0,0,0,0,0,0,0,0,0,0,0,0,0,0,0,0,0,0,0,0,0,0,0,0,0,0,0,0,0,0,0,0,0,0,0,0,0,0,0,0,0,0,0,0,0,0,0,0,0,0,0,0,0,0,0,0,0,0,0,0,0,0,0,0,0,0,0,0,0,0,0,0,0,0,0,0,0,0,0,0,0,0,0,0,0,0,0,0,0,0,0,1,0,0,0,0,0,0,0,0,0,0,0,-1,0,0,0,0,0,0,1,1,0,0,91.54521179199219,-3.388158082962036,0.0,-0.5262797474861145,-1.6815581571897805e-44,309.080322265625,307.4571228027344,705.6264038085938,-0.00013013125862926245,99.29052734375,2664.0712890625,1.0877995491027832,1.0076041221618652,-1.0,1.623199462890625,6.827850029367255e-06,0.017047081142663956,100.0,27.0,0.0,7.799991607666016,3.638420343399048,1.0,1.0,37.574073791503906,0.259107768535614,20.0,2.213515472249128e-05,0.0,74.0754623413086,1.7333470582962036,1.8179994821548462,0.00036938843550160527,0.6817498207092285,0.543203592300415,28.609272003173828,8.91979694366455,19.393383026123047,16.710298538208008,0.5738040208816528,48.150516510009766,44.898040771484375,264.0176086425781,133.71609497070312,0.9638381600379944,323.8958740234375,40.007659912109375,0.29459047317504883,290.83154296875,290.844970703125,290.8223876953125,324.03094482421875,324.1817626953125,324.03106689453125,100.0,4.878005504608154,54.190589904785156,144.32200622558594,307.4312438964844,307.51336669921875,307.4267272949219,340.3046875,49.312583923339844,34.74368667602539,144.32200622558594,0.0,0.9697545170783997,0.9737676978111267,0.9700254797935486,89.27655029296875,89.26866912841797,89.18891143798828,64.11328887939453,64.1117935180664,64.11054992675781,50.87956237792969,50.877105712890625,50.73409652709961,99.27093505859375,99.05167388916016,99.01531982421875,1913.499755859375,1914.3702392578125,1912.0211181640625,518.8290405273438,519.81201171875,518.5755615234375,29.0,0.0,48.0,0.5047247409820557,0.6758913397789001,0.41754674911499023,0.7130817770957947,0.5037699341773987,0.6758808493614197,41.0,78.36749267578125,63.5846061706543,225.8787841796875,97.30091857910156,9.999999974752427e-07,86.35620880126953,0.6307666897773743,155.4479217529297,0.99263596534729,721.2213745117188,39.86581802368164,31.428058624267578,1.0,9.474370002746582,77.89286041259766,0.0,0.9718579053878784,20.0,0.0,60.0,120.0,22.0,120.0,3.459038257598877,0.0,0.0,979.4415893554688,18.08867835998535,89.19796752929688,2.0,200.0,0,0,228,228,228,228,218,228,228,228,160,0,99999,99999,12,402,1800,180,1800,998,20,979,91,23,0,0,0,806,1424,29,31,32,0,0,0,0,0,0,0,0,0,0,0,0,0,0,1,0,0,0,0,1,1,1,0,1,0,0,0,1,0,0,0,0,0,0,0,0,0,0,0,0,1,0,1,0,0,1,1,0,1,0,1,0,1,0,0,0,1,1,0,1,0,1,0,0,0,1,1,1,0,0,1,0,1,0,0,0,0,1,1,0,0,1,0,0,0,1,0,0,0,0,0,0,1,0,0,0,1,1,0,0,1,0,1,0,1,0,1,0,0,0,1,0,1,1,1,0,0,1,0,0,0,0,0,1,1,1,0,0,0,0,0,0,0,0,0,0,0,1,0,1,0,1,0,0,0,0,0,0,0,0,0,1,0,1,0,1,0,1,1,1,1,1,1,1,0,0,0,0,0,0,1,0,1,1,1,1,1,1,1,1,1,1,1,1,0,0,1,1,0,0,1,1,0,1,0,1,0,1,1,0,0,0,0,0,0,0,0,1,0,0,0,1,0,1,1,0,0,1,0,0,1,1,0,1,1,1,0,1,1,0,1,0,1,1,0,0,0,0,0,0,1,1,1,1,0,0,0,0,0,0,0,0,0,0,0,0,0,0,0,0,0,0,0,0,0,0,0,0,0,0,0,0,0,0,0,0,0,0,0,0,0,0,0,0,0,0,0,0,0,0,0,0,0,0,0,0,0,0,0,0,0,0,0,0,0,0,0,1,0,0,0,1,0,0,0,0,0,0,0,0,0,0,0,0,0,0,1,0,0,0,0,0,0,0,0,0,0,0,0,0,0,0,0,0,0,0,0,0,0,0,0,0,0,0,0,0,0,0,0,0,0,0,0,0,0,0,0,0,0,0,0,0,0,0,0,0,0,0,0,0,0,0,0,0,0,0,0,0,0,0,0,1,0,1,0,0,0,0,0,1,0,0,0,0,0,0,0,0,0,0,0,0,0,0,0,1,0,0,0,0,0,0,0,0,0,0,0,0,0,0,1,0,0,0,0,0,0,0,0,0,0,1,0,0,0,0,0,0,0,0,0,0,0,0,0,0,0,0,0,0,0,0,0,0,0,0,0,0,0,1,0,0,0,0,0,0,1,1,1,0,0,0,0,0,0,-1,0,0,0,0,0,0,0,0,-1,0,0,-1,0,0,0,0,0,0,0,0,0,0,0,0,0,0,0,0,0,0,1,0,0,0,0,0,0,0,0,0,0,0,0,0,0,0,0,1,1,0,-1,-1,-1,1,1,1,0,0,0,0,1,0,0,1,1,0,0,0,0,1,0,0,0,0,0,0,0,0,0,0,0,0,0,0,0,0,0,0,0,0,0,0,0,0,0,0,0,0,0,1,1,0,1,0,1,1,0,1,0,1,1,0,1,0,0,1,0,0,0,0,0,0,0,0,0,0,0,0,0,0,0,0,0,0,0,0,0,0,0,0,0,0
0,1,1,300,228,8,8,228,114,25,1,0,0.0020000000949949026,4000.0,1.0,0.04500000178813934,25.0,48.0,8.0,291.70001220703125,1.7000000476837158,-3.179999907843012e-07,0.007360000163316727,0.008080000057816505,8.0,0.33000001311302185,0.0333000011742115,1.0,9.999999747378752e-06,21.0,9.999999747378752e-06,2775000064.0,9.000000136438757e-05,4.999999980020986e-13,5.0,40.0,3.0,-3.3499999046325684,3.3499999046325684,0.5,0.0004799999878741801,292.3927001953125,492.6077880859375,-0.0036125299520790577,0.002354159951210022,0.0008944629807956517,0.013157900422811508,0.800646185874939,0.02024419978260994,2650129920.0,0.006539999973028898,228,228,228,228,228,228,228,228,228,228,228,228,228,228,228,228,228,228,228,228,228,228,228,228,218,218,218,218,228,228,228,228,228,228,228,228,228,228,228,228,228,228,228,228,228,228,228,228,228,228,228,228,0,1,4,4,228,228,228,218,228,228,228,228,3,0,0.00040182110387831926,291.4276428222656,639.14111328125,717.8207397460938,800.607421875,880.4605712890625,1003.2039794921875,1034.4697265625,1045.3612060546875,1031.526123046875,996.651611328125,943.7839965820312,870.869873046875,791.40966796875,712.2584838867188,640.271240234375,570.376220703125,513.8137817382812,471.30609130859375,442.5738525390625,425.25982666015625,418.323974609375,419.17523193359375,424.59149169921875,431.3503112792969,436.2294616699219,0.005109936464577913,0.7010238766670227,0.7719627618789673,-0.0001354367850581184,0.755511462688446,0.981929361820221,108634.46875,3.36477933160495e-05,0.3180721700191498,0.7132413387298584,0.9139966368675232,0.9145071506500244,0.02235662378370762,1.0,-1.6815581571897805e-44,-3.388812780380249,0.0,99.2903823852539,2664.084228515625,0.943627119064331,704.7528076171875,228.0,72.0,17.58677101135254,0.6000000238418579,0.0,309.07391357421875,280629.34375,-0.5261821150779724,6.407478332519531,130.28829956054688,1.2624520063400269,7750000.0,8160000.0,86.12000274658203,119.0999984741211,0.5,9.999999747378752e-05,0.0,3.299999952316284,200.0,0.30000001192092896,309.20001220703125,2.439019908706541e-06,0,0,0,1,1,1,0,24,0,307.3752136230469,0.0,0.0,0.0,0.0,0.0,0.0,0.50319904088974,0.8716058135032654,0.5184398293495178,-0.007620394229888916,-0.0017849577125161886,-0.0018851346103474498,0.5076203942298889,0.5090585350990295,0.5090925693511963,1.0,25.0,24.0,6278424.0,6278551.0,6278694.0,290.75421142578125,290.777587890625,290.76397705078125,323.9347839355469,324.0862731933594,323.9344177246094,4400000.0,307.344482421875,307.43194580078125,307.34918212890625,33.180572509765625,33.308685302734375,33.170440673828125,323.7980651855469,4553.66943359375,4555.38818359375,4565.37353515625,12.828780174255371,12.840292930603027,12.84155559539795,11.938446044921875,0.0,0.0,0.0020000000949949026,290.7652587890625,323.9851379394531,-39.79827880859375,1.6500738859176636,1.65475594997406,1.6548761129379272,-12.986278533935547,39.0,40.0,42.0,41.0,0.0,0.0,6276948.5,6225395.5,77.20928955078125,5.0,0.014999999664723873,-180000.0,600.0,1000000.0,400000.0,0.17000000178813934,22000.0,786000.0,120000.0,0.0,40.0,30.0,36.810001373291016,0.5,18.399999618530273,50000.0,115692.3984375,15.113750457763672,0,0,1,0,0,0,0,14114448.0,0.0,0.0,0.0,0.0,0.0,-1278288.0,400000.0,1000000.0,1.0,1400000.0,0.0,0.49187150597572327,14121712.0,126869.6328125,14114448.0,340.3062744140625,40.007659912109375,4.914531707763672,-1278288.0,0.0,0.0,0.0,3.4659361839294434,40.007659912109375,0.0,22230.939453125,1.2010046243667603,0.0,0.0,0.0,20.0,14.711517333984375,22.0,0.0,0.0,0.0,0.05000000074505806,0.02500000037252903,0.17000000178813934,15400000.0,0.5,6.25,0.0006667000125162303,2.0,2410000.0,4140000.0,4.734799861907959,0.15000000596046448,0.20000000298023224,0.2199999988079071,1.0,0.0,-1.0,0.0,5.0,20.0,30.0,50.0,74.0,80.0,86.0,9.800000190734863,500000.0,1.0499999802959792e-07,0.5,750.0,1000.0,600.0,1000.0,1150.0,32.0,32.0,37.400001525878906,10.0,10.0,0.007000000216066837,0.5049999952316284,82.0,189.26499938964844,0.0,1.5099999904632568,231.60000610351562,20.0,36.0,16.600000381469727,16.5,225.0,-0.1756729930639267,27.5,-0.1756729930639267,30.485509872436523,0.1561516970396042,11.10221004486084,-1.8332500457763672,-75.0,4.3520002365112305,9.800000190734863,189.26499938964844,93.30000305175781,2650000.0,0.8500000238418579,7.570000171661377,0,1,0,0,0,0,0,0,0,0,0,1,3,3,0,0,1,1,0,0,0,0,0,0,0,0,0,0,1,0,0,0,0,0,0,0,0,0,0,1,0,0,0,0,0,0,0,0,0,0,12.057690620422363,29061.55078125,2153.699951171875,0.0004149061569478363,0.0004361289902590215,0.0006248649442568421,1.0,1.0,0.0,0.0,0.0,0.5749750733375549,0.5647308826446533,1.0,0.0,0.0,0.0,1.0,0.0,0.0,1.0,1.0,0.0,1.0,1.0,0.010189294815063477,0.0,1.0,0.0,0.6354095935821533,0.6393398642539978,0.0004149061569478363,0.0,0.0,0.0,99998.78125,99999.0,2802156.25,2410000.0,36.20000076293945,36.20000076293945,36.20000076293945,32.42951202392578,263.59490966796875,133.3900604248047,48.04270553588867,26.303503036499023,37.59526824951172,27.0,28.489280700683594,27.0,0.0,32.0,20.0,68.57752227783203,3446668.0,0.5432047247886658,3.7799999713897705,4.653287887573242,8.919795989990234,0.0,0.0,0.0,1.401298464324817e-45,5.382203102111816,5.382203102111816,0.5049998760223389,0.5049998760223389,0.5049998760223389,0.18937495350837708,0.18937495350837708,0.18937495350837708,0.0,0.0,0.0,0.0,0.0,0.0,5.294999599456787,0.0,0.0,0.0,0.0,0.0,0.0,100.0,74.07410430908203,0.5406533479690552,0.0,20.0,0.0,5.327362060546875,5.592472553253174,0.0,0.0,0.0,0.007000000216066837,0.0,0.0,9.944443702697754,0.0,1.7333335876464844,1.401298464324817e-45,5.600162506103516,0.0,0.0,0.0,0.0,0.0,0.0,20.0,0.0,0.0,13813187.0,0.0,0.0,0.0,0.0,0.0,0.0,0.0,0.351500004529953,18.93000030517578,23.030000686645508,7.69199959904654e-06,0.08500000089406967,0.009999999776482582,24.0,27.0,8.800000190734863,500000.0,0.05000000074505806,2.7000000013543968e-09,2.7000000013543968e-09,145100.0,120000.0,14650000.0,86400.0,17.0,34.5,48.70000076293945,321.8999938964844,83170.0,0.0,1.0,1.0,0.0010000000474974513,725.0,0.0,0.5,0.0,0.0,57.31999969482422,837142.875,9359.77734375,117376.1015625,2623.89794921875,83026.390625,725.0,1.0204100362898316e-05,740000000.0,1,0,1,0,1,0,1,0,0,0,0,8.799991607666016,27.0,2262.647216796875,0.0,0.0,0.0,0.0,0.9087639451026917,0.0004012766294181347,0.0,0.017404280602931976,37.62834167480469,1.0,25407.265625,4435.26025390625,2.2599182557314634e-05,2579198464.0,4184198144.0,2802121216.0,4189572608.0,-76.87840270996094,33.753662109375,-185281584.0,-5374368.0,5.600162506103516,1538.818603515625,82.47856903076172,1505.06494140625,106381.3984375,3767.962890625,145196.03125,158039.03125,123407.265625,27.800033569335938,37.62834167480469,37.62834167480469,1.0,2.2599182557314634e-05,4435.26025390625,848593616896.0,0.1987011730670929,137600.0,137600.0,100144208.0,77.26361846923828,6022.88037109375,1.0,0.0,1700.0,250000.0,10000.0,1038.0,0.004999999888241291,400.0,5000.0,0,0,0,0,2962101.0,64.51219177246094,64.51219177246094,1225020.25,2783661.25,1.0,1.0,1223840.625,228.01927185058594,6226872.0,1.0,0.9924988150596619,1.0,1.0,1031.5916748046875,277.1107177734375,189.1337127685547,126.03304290771484,6124811.5,807089.3125,189.1337127685547,1.0,1.0,1.0,135.1716766357422,1554.0672607421875,790.5087280273438,0.0,0.0,0.0,7680000.0,515.71044921875,517.0048828125,518.4481201171875,0.0,2783661.25,0.0,129.02438354492188,0.0,0.0,277.933349609375,1.0,0.0,-7.5742998123168945,0.0,5.605193857299268e-45,9.999999974752427e-07,0.0,2.0,0.0003000000142492354,0.004999999888241291,0.0010000000474974513,2.0000000233721948e-07,2.0000000233721948e-07,0.0005555999814532697,993000000.0,1.0,0.05000000074505806,0.10000000149011612,0.0005000000237487257,0.0016700000269338489,0.009999999776482582,1.0,1.0,0.0010000000474974513,4.999999873689376e-05,0.00039999998989515007,0.019999999552965164,0.9891999959945679,0.9891999959945679,0.9950000047683716,0.9950000047683716,1,0,0,0,0,1,0,0,1,0,1,0,0,0,0.98598313331604,979081280.0,62672.02734375,4807047.5,1153.4324951171875,2545863.5,1428.001708984375,1.0,2329893.0,0.9706084132194519,1.0,60.0,180.0,1800.0,1800.0,1.0047005414962769,0.019808992743492126,1.0,1.0,-0.012236599810421467,0.0,0.0,0.0,0.0,-0.00012362003326416016,6.602997746085748e-05,0.0,0.0,6.602997746085748e-05,0.0,6.602997746085748e-05,6.602997746085748e-05,0.0,7.006492321624085e-44,1,1,0,1,1,1,0,1,1,0,1,0,1,1,1,1,1,1,1,1,0,1000,1000,0,1,5001,5001,220.0,3457.949462890625,120.0,120.0,60.0,0.0,0.4000000059604645,0.10000000149011612,0.10000000149011612,2.0,500.0,200.0,0.9900000095367432,300000.0,5000.0,45000.0,20000.0,0.019999999552965164,2.0,0.05000000074505806,0.019999999552965164,6.0,0.05000000074505806,0.019999999552965164,0.019999999552965164,88.30000305175781,0.10000000149011612,0.800000011920929,0.05000000074505806,0.009999999776482582,50.0,50.0,340.0,340.0,1000000.0,1,1,1,1,1,1,1,1,1,1,0,0,0,1,1,0,1.0,0.0,0.0,0.0,0.0012640312779694796,0.0,0.0,0.0,0.9181358814239502,0.9181358814239502,0.9181358814239502,5000.400390625,3901981.25,3906981.75,50.0,27.61681365966797,0.4000000059604645,0.0,0.0,0.10000000149011612,0.16215813159942627,1.0,45000.0,20.0,29.270164489746094,778932.0,33.37260818481445,4589.01806640625,721.2213745117188,0.7789319753646851,0.9181647896766663,9.47433090209961,1.0,3221272.5,3304317.0,9.718579292297363,20.0,0.2740194499492645,27.401945114135742,0.0,636.4223022460938,411.33734130859375,100000.0,50000.0,1115.300048828125,50000.0,700.0,2000.0,2800000.0,3500000.0,4000000.0,9.999999747378752e-05,4.999999873689376e-05,500.0,20000.0,100.0,500.0,60000.0,1200.0,1.0,120.0,150000.0,3000.0,300.0,1.0,300.0,0.019999999552965164,0.019999999552965164,0.009999999776482582,0.009999999776482582,0.009999999776482582,0.019999999552965164,1.100000023841858,0.019999999552965164,4.0,0.019999999552965164,88.0,1613.0,0.009999999776482582,0.20000000298023224,3.0,5.0,600.0,0.0010000000474974513,88.0,88.0,2000.0,2340.0,-0.11599799990653992,-0.03561130166053772,-0.04758000001311302,-0.01752999983727932,0,0,0,0,0,1,0,521.3768310546875,521.3768310546875,2.0938720703125,2.0938720703125,0.016910303384065628,31.428041458129883,164.21470642089844,1597.3984375,1047.597412109375,795.50439453125,795.50439453125,3.19482421875,3.19482421875,1598.050537109375,541.6775512695312,0.0,0.0,2665890.75,20.00048065185547,20.00048065185547,156.25367736816406,156.25367736816406,65719.0859375,65719.0859375,1.095318078994751,1.095318078994751,114.00963592529297,114.00963592529297,24.998571395874023,24.998571395874023,104596.53125,104596.53125,25.00843620300293,155.44435119628906,158.43360900878906,2644468.0,20.00048065185547,20.00048065185547,226.54669189453125,226.54669189453125,155.90260314941406,155.90260314941406,652312.125,652312.125,0.0,114.38169860839844,114.38169860839844,228.78030395507812,160182.34375,160182.34375,1.0678822994232178,1.0678822994232178,225.8655548095703,155.90260314941406,274.5382080078125,137.26910400390625,137.26910400390625,203.6468963623047,203.6468963623047,407.2937927246094,0.0,0.0,0.0,137.25343322753906,137.25343322753906,203.6468963623047,203.6468963623047,0.026315800845623016,13.054211616516113,0.20000000298023224,0.8437671661376953,0.8902325630187988,0.8437116146087646,0.50319904088974,0.41695746779441833,0.5041164755821228,0.9599996209144592,1.0,1.0,1.0,0.9999998211860657,0.9999998211860657,0.9999998211860657,190848.4375,193242.0625,0.0,0.0,0.0,0.0,0.0,0.0,0.0,296.3810119628906,297.7510070800781,0.0,190637.765625,190637.765625,0.0,0.0,0.0,0.0,0.866561233997345,0.866561233997345,0.866561233997345,0.8563173413276672,1191328.75,0.9959999918937683,0.9959999918937683,0.9959999918937683,0.9959999918937683,5717223.0,2743067.75,7378963.5,8460152.0,2606300.0,4005911.25,0.0039019810501486063,0.007813963107764721,1046.94140625,531.0940551757812,531.7014770507812,531.420654296875,332.6881408691406,362.1034240722656,332.6579895019531,198.40591430664062,169.59805297851562,198.76266479492188,1597.4154052734375,1046.953125,349.8058776855469,349.8058776855469,349.8058776855469,517.492431640625,517.492431640625,517.492431640625,2.9998550415039062,0.8387359976768494,0.8626663088798523,2.99985408782959,5.0,0.0040000081062316895,0.0040000081062316895,0.0040000081062316895,0.0040000081062316895,0.0,-0.4368000030517578,0.0,599971.0,164.21470642089844,164.21470642089844,0.0,20.0,2783288.5,7.25,12.0,10.25,225.03269958496094,225.03269958496094,225.03269958496094,0.0,0.0,0.7926306128501892,0.9211652278900146,10000.0,10000.0,0.011826000176370144,1038.5,0.027953999117016792,0.0,0.0,1.0878000259399414,1.0809999704360962,9.000000136438757e-05,103.0,33.220001220703125,1.8179999589920044,0.029999999329447746,49.0,8.329999923706055,4.159999847412109,58.0,302.0,4.5,0.699999988079071,0.4000000059604645,7.5,1.3799999952316284,2.492000102996826,7000.0,48.88999938964844,1.2000000476837158,45.0,62000.0,4590000.0,4250000.0,15900000.0,15100000.0,0.05000000074505806,0.17000000178813934,0.009999999776482582,15220000.0,1.6699999570846558,312.7799987792969,1.1100000143051147,4232.0,0.25,689000.0,4030000.0,9.829999923706055,8.550000190734863,12200000.0,231.10000610351562,88.3239974975586,633.0,1.1430000066757202,0.6858000159263611,-10.0,-3.7799999713897705,0.7799999713897705,295.5,4030000.0,12400000.0,0.9200000166893005,5.0,0,0,0,228,160,0,0,0,0,0,0,0,0,1,0,0,0,1,1,1,0,1,0,0,1,0,0,1,1,1,0,0,0,0,0,0,0,0,0,0,0,0,0,0,0.9139966368675232,6278424.0,1.0877995491027832,0.9705510139465332,1.0071120262145996,307.39581298828125,33.22666931152344,-0.002299212384968996,1,1,1,0,0,0,1,1,0,0,0,0,0,288,0.20000000298023224,0.20000000298023224,0.20000000298023224,0.0,2,0,0,0,0,0,0,0,0,0,0,0,0,0,0,0,0,0,0,0,0,0,0,0,0,0,0,0,0,0,0,0,0,0,0,0,0,0,0,0,0,0,0,0,0,0,0,0,0,0,0,1,0,0,0,0,0,0,0,0,0,0,0,0,0,0,0,0,0,0,0,0,0,0,0,0,0,0,0,0,0,0,0,0,0,0,0,0,0,0,0,0,0,0,0,0,0,0,0,0,0,0,0,0,0,0,0,0,0,0,0,0,0,0,0,0,0,0,0,0,0,0,0,0,0,0,0,0,0,0,0,0,0,0,0,0,0,0,0,0,0,0,0,1,0,0,0,0,0,0,0,0,0,0,0,-1,0,0,0,0,0,0,1,1,0,0,91.39966583251953,-3.388812780380249,0.0,-0.5261821150779724,-1.6815581571897805e-44,309.07391357421875,307.39581298828125,704.7528076171875,-0.0001354367850581184,99.2903823852539,2664.084228515625,1.0877995491027832,1.0071120262145996,-1.0,1.6781005859375,6.827850029367255e-06,0.017404280602931976,100.0,27.0,0.0,7.799991607666016,3.646919012069702,1.0,1.0,37.62834167480469,0.25925830006599426,20.0,2.2599182557314634e-05,0.0,74.07410430908203,1.7333335876464844,1.8179994821548462,0.00036938843550160527,0.6817498207092285,0.5432047247886658,28.593482971191406,8.919795989990234,19.375930786132812,16.7518367767334,0.5749750733375549,48.04270553588867,44.898040771484375,263.59490966796875,133.3900604248047,0.9636099934577942,323.8228454589844,40.007659912109375,0.29459047317504883,290.78106689453125,290.79449462890625,290.77142333984375,323.9588317871094,324.1100769042969,323.9590759277344,100.0,4.8781843185424805,54.06533432006836,144.099365234375,307.36993408203125,307.4522705078125,307.365234375,340.30584716796875,49.18714904785156,34.680450439453125,144.099365234375,0.0,0.9691224694252014,0.9731481075286865,0.969411313533783,89.29423522949219,89.28569793701172,89.2056884765625,64.06842041015625,64.06696319580078,64.06566619873047,50.90925598144531,50.905853271484375,50.76203918457031,99.25566101074219,99.03833770751953,99.0009765625,1913.1142578125,1914.125244140625,1911.9385986328125,518.5510864257812,519.5599365234375,518.2799682617188,29.0,0.0,48.0,0.5041164755821228,0.6749693155288696,0.41695746779441833,0.7121860384941101,0.50319904088974,0.6750137209892273,41.0,78.36749267578125,63.53962707519531,225.8655548095703,97.25076293945312,9.999999974752427e-07,86.32823944091797,0.6308954358100891,155.44435119628906,0.9924988150596619,721.2213745117188,39.86723327636719,31.428041458129883,1.0,9.47433090209961,77.89319610595703,0.0,0.9718579053878784,20.0,0.0,60.0,120.0,22.0,120.0,3.457949638366699,0.0,0.0,979.081298828125,18.088716506958008,89.19795989990234,2.0,200.0,0,0,228,228,228,228,218,228,228,228,160,0,99999,99999,11,402,1800,180,1800,998,20,979,91,23,0,0,0,806,1424,29,31,32,0,0,0,0,0,0,0,0,0,0,0,0,0,0,1,0,0,0,0,1,1,1,0,1,0,0,0,1,0,0,0,0,0,0,0,0,0,0,0,0,1,0,1,0,0,1,1,0,1,0,1,0,1,0,0,0,1,1,0,1,0,1,0,0,0,1,1,1,0,0,1,0,1,0,0,0,0,1,1,0,0,1,0,0,0,1,0,0,0,0,0,0,1,0,0,0,1,1,0,0,1,0,1,0,1,0,1,0,0,0,1,0,1,1,1,0,0,1,0,0,0,0,0,1,1,1,0,0,0,0,0,0,0,0,0,0,0,1,0,1,0,1,0,0,0,0,0,0,0,0,0,1,0,1,0,1,0,1,1,1,1,1,1,1,0,0,0,0,0,0,1,0,1,1,1,1,1,1,1,1,1,1,1,1,0,0,1,1,0,0,1,1,0,1,0,1,0,1,1,0,0,0,0,0,0,0,0,1,0,0,0,1,0,1,1,0,0,1,0,0,1,1,0,1,1,1,0,1,1,0,1,0,1,1,0,0,0,0,0,0,1,1,1,1,0,0,0,0,0,0,0,0,0,0,0,0,0,0,0,0,0,0,0,0,0,0,0,0,0,0,0,0,0,0,0,0,0,0,0,0,0,0,0,0,0,0,0,0,0,0,0,0,0,0,0,0,0,0,0,0,0,0,0,0,0,0,0,1,0,0,0,1,1,0,0,0,0,0,0,0,0,0,0,0,0,0,0,0,0,0,0,0,0,0,0,0,0,0,0,0,0,0,0,0,0,0,0,0,0,0,0,0,0,0,0,0,0,0,0,0,0,0,0,0,0,0,0,0,0,0,0,0,0,0,0,0,0,0,0,0,0,0,0,0,0,0,0,0,0,0,0,1,0,1,0,0,0,0,0,1,0,0,0,0,0,0,0,0,0,0,0,0,0,0,0,1,0,0,0,0,0,0,0,0,0,0,0,0,0,0,1,0,0,0,0,0,0,0,0,0,0,1,0,0,0,0,0,0,0,0,0,0,0,0,0,0,0,0,0,0,0,0,0,0,0,0,0,0,0,1,0,0,0,0,0,0,1,1,1,0,0,0,0,0,0,-1,0,0,0,0,0,0,0,0,-1,0,0,-1,0,0,0,0,0,0,0,0,0,0,0,0,0,0,0,0,0,0,1,0,0,0,0,0,0,0,0,0,0,0,0,0,0,0,0,1,1,0,-1,-1,-1,1,1,1,0,0,0,0,1,0,0,1,1,0,0,0,0,1,0,0,0,0,0,0,0,0,0,0,0,0,0,0,0,0,0,0,0,0,0,0,0,0,0,0,0,0,0,1,1,0,1,0,1,1,0,1,0,1,1,0,1,0,0,1,0,0,0,0,0,0,0,0,0,0,0,0,0,0,0,0,0,0,0,0,0,0,0,0,0,0
0,1,1,300,228,8,8,228,114,25,1,0,0.0020000000949949026,4000.0,1.0,0.04500000178813934,25.0,48.0,8.0,291.70001220703125,1.7000000476837158,-3.179999907843012e-07,0.007360000163316727,0.008080000057816505,8.0,0.33000001311302185,0.0333000011742115,1.0,9.999999747378752e-06,21.0,9.999999747378752e-06,2775000064.0,9.000000136438757e-05,4.999999980020986e-13,5.0,40.0,3.0,-3.3499999046325684,3.3499999046325684,0.5,0.0004799999878741801,292.3927001953125,492.6077880859375,-0.0036125299520790577,0.002354159951210022,0.0008944629807956517,0.013157900422811508,0.800646185874939,0.02024419978260994,2650129920.0,0.006539999973028898,228,228,228,228,228,228,228,228,228,228,228,228,228,228,228,228,228,228,228,228,228,228,228,228,219,219,219,219,228,228,228,228,228,228,228,228,228,228,228,228,228,228,228,228,228,228,228,228,228,228,228,228,0,1,4,4,228,228,228,219,228,228,228,228,3,0,0.00040182110387831926,291.37933349609375,638.3336791992188,716.7728271484375,799.3056030273438,878.914306640625,1001.2891235351562,1032.4708251953125,1043.35107421875,1029.5806884765625,994.8310546875,942.1351318359375,869.4444580078125,790.21875,711.2952880859375,639.51123046875,569.7980346679688,513.3811645507812,470.98785400390625,442.34521484375,425.10479736328125,418.229736328125,419.1323547363281,424.5942687988281,431.39715576171875,436.32269287109375,0.005415500141680241,0.6990851163864136,0.7719616889953613,-0.00014019238005857915,0.7555145621299744,0.9815532565116882,108415.53125,3.357162495376542e-05,0.3177448809146881,0.7112192511558533,0.9123531579971313,0.9129202961921692,0.022342415526509285,1.0,-1.6815581571897805e-44,-3.3895671367645264,0.0,99.29024505615234,2664.09716796875,0.9436309933662415,703.817626953125,228.0,72.0,18.234594345092773,0.20000000298023224,0.0,309.06719970703125,280629.90625,-0.5255972743034363,6.405858993530273,130.28829956054688,1.264540433883667,7750000.0,8160000.0,86.12000274658203,119.0999984741211,0.5,9.999999747378752e-05,0.0,3.299999952316284,200.0,0.30000001192092896,309.20001220703125,2.439019908706541e-06,0,0,0,1,1,1,0,24,0,307.3130798339844,0.0,0.0,0.0,0.0,0.0,0.0,0.5026189684867859,0.8715202808380127,0.518427312374115,-0.00790417194366455,-0.001862269127741456,-0.0019767284393310547,0.5079041719436646,0.5093488693237305,0.5093919038772583,1.0,25.0,24.0,6273980.0,6274110.0,6274250.5,290.70233154296875,290.7261962890625,290.71209716796875,323.8617858886719,324.0144958496094,323.8615417480469,4400000.0,307.28204345703125,307.370361328125,307.28680419921875,33.159454345703125,33.288299560546875,33.149444580078125,323.7236022949219,4553.1357421875,4554.83203125,4564.80810546875,12.83123779296875,12.842768669128418,12.844122886657715,11.892120361328125,0.0,0.0,0.0020000000949949026,290.7135314941406,323.91259765625,-40.175785064697266,1.650999903678894,1.6557015180587769,1.6558512449264526,-13.272083282470703,39.0,40.0,42.0,41.0,0.0,0.0,6272490.0,6220928.5,77.03553009033203,5.0,0.014999999664723873,-180000.0,600.0,1000000.0,400000.0,0.17000000178813934,22000.0,786000.0,120000.0,0.0,40.0,30.0,36.810001373291016,0.5,18.399999618530273,50000.0,115692.3984375,15.113750457763672,0,0,1,0,0,0,0,14092525.0,0.0,0.0,0.0,0.0,0.0,-1300138.0,400000.0,1000000.0,1.0,1400000.0,0.0,0.49061504006385803,14099862.0,126869.6328125,14092525.0,340.30767822265625,40.007659912109375,4.901937961578369,-1300138.0,0.0,0.0,0.0,3.4595866203308105,40.007659912109375,0.0,22230.939453125,1.2010046243667603,0.0,0.0,0.0,20.0,14.711517333984375,22.0,0.0,0.0,0.0,0.05000000074505806,0.02500000037252903,0.17000000178813934,15400000.0,0.5,6.25,0.0006667000125162303,2.0,2410000.0,4140000.0,4.734799861907959,0.15000000596046448,0.20000000298023224,0.2199999988079071,1.0,0.0,-1.0,0.0,5.0,20.0,30.0,50.0,74.0,80.0,86.0,9.800000190734863,500000.0,1.0499999802959792e-07,0.5,750.0,1000.0,600.0,1000.0,1150.0,32.0,32.0,37.400001525878906,10.0,10.0,0.007000000216066837,0.5049999952316284,82.0,189.26499938964844,0.0,1.5099999904632568,231.60000610351562,20.0,36.0,16.600000381469727,16.5,225.0,-0.1756729930639267,27.5,-0.1756729930639267,30.485509872436523,0.1561516970396042,11.10221004486084,-1.8332500457763672,-75.0,4.3520002365112305,9.800000190734863,189.26499938964844,93.30000305175781,2650000.0,0.8500000238418579,7.570000171661377,0,1,0,0,0,0,0,0,0,0,0,1,3,3,0,0,1,1,0,0,0,0,0,0,0,0,0,0,1,0,0,0,0,0,0,0,0,0,0,1,0,0,0,0,0,0,0,0,0,0,12.05757999420166,29061.384765625,2153.699951171875,0.0004149047308601439,0.0004361289902590215,0.0006248649442568421,1.0,1.0,0.0,0.0,0.0,0.5761439204216003,0.565901517868042,1.0,0.0,0.0,0.0,1.0,0.0,0.0,1.0,1.0,0.0,1.0,1.0,0.010071516036987305,0.0,1.0,0.0,0.6350557804107666,0.639042317867279,0.0004149047308601439,0.0,0.0,0.0,99998.78125,99999.0,2800596.0,2410000.0,36.20000076293945,36.20000076293945,36.20000076293945,32.43267059326172,263.1719970703125,133.06507873535156,47.935523986816406,26.308429718017578,37.558128356933594,27.0,28.47875213623047,27.0,0.0,32.0,20.0,68.57752227783203,3446668.0,0.5432047247886658,3.7799999713897705,4.664804935455322,8.919795989990234,0.0,0.0,0.0,1.401298464324817e-45,5.377371311187744,5.377371311187744,0.5049998760223389,0.5049998760223389,0.5049998760223389,0.18937495350837708,0.18937495350837708,0.18937495350837708,0.0,0.0,0.0,0.0,0.0,0.0,5.294999599456787,0.0,0.0,0.0,0.0,0.0,0.0,100.0,74.07266235351562,0.5393884181976318,0.0,20.0,0.0,5.32321310043335,5.604003429412842,0.0,0.0,0.0,0.007000000216066837,0.0,0.0,9.955967903137207,0.0,1.7333192825317383,1.401298464324817e-45,5.611679553985596,0.0,0.0,0.0,0.0,0.0,0.0,20.0,0.0,0.0,13791141.0,0.0,0.0,0.0,0.0,0.0,0.0,0.0,0.351500004529953,18.93000030517578,23.030000686645508,7.69199959904654e-06,0.08500000089406967,0.009999999776482582,24.0,27.0,8.800000190734863,500000.0,0.05000000074505806,2.7000000013543968e-09,2.7000000013543968e-09,145100.0,120000.0,14650000.0,86400.0,17.0,34.5,48.70000076293945,321.8999938964844,83170.0,0.0,1.0,1.0,0.0010000000474974513,725.0,0.0,0.5,0.0,0.0,57.31999969482422,837142.875,9359.77734375,117376.1015625,2623.89794921875,83026.390625,725.0,1.0204100362898316e-05,740000000.0,1,0,1,0,1,0,1,0,0,0,0,8.799991607666016,27.0,2308.969482421875,0.0,0.0,0.0,0.0,0.9273772835731506,0.00040132846334017813,0.0,0.017760591581463814,37.68217849731445,1.0,25421.9765625,4520.927734375,2.3062053514877334e-05,2573377536.0,4181460992.0,2799454208.0,4187408384.0,-76.68318939208984,34.2926025390625,-186385376.0,-5947616.0,5.611679553985596,1538.5628662109375,82.29486846923828,1504.270263671875,106381.3984375,3778.35546875,145231.953125,158265.15625,123421.9765625,28.400035858154297,37.68217849731445,37.68217849731445,1.0,2.3062053514877334e-05,4520.927734375,854801973248.0,0.19875884056091309,137600.0,137600.0,99900256.0,77.08858489990234,6037.466796875,1.0,0.0,1700.0,250000.0,10000.0,1038.0,0.004999999888241291,400.0,5000.0,0,0,0,0,2962025.0,64.50312042236328,64.50312042236328,1224797.125,2783692.75,1.0,1.0,1223466.875,227.9910430908203,6222418.5,1.0,0.9923579096794128,1.0,1.0,1031.45263671875,277.0652770996094,189.1195831298828,125.93443298339844,6120444.5,807024.75,189.1195831298828,1.0,1.0,1.0,135.09698486328125,1553.2440185546875,790.3983154296875,0.0,0.0,0.0,7680000.0,515.4086303710938,516.7372436523438,518.1597290039062,0.0,2783692.75,0.0,129.00624084472656,0.0,0.0,277.8860168457031,1.0,0.0,-7.5742998123168945,0.0,5.605193857299268e-45,9.999999974752427e-07,0.0,2.0,0.0003000000142492354,0.004999999888241291,0.0010000000474974513,2.0000000233721948e-07,2.0000000233721948e-07,0.0005555999814532697,993000000.0,1.0,0.05000000074505806,0.10000000149011612,0.0005000000237487257,0.0016700000269338489,0.009999999776482582,1.0,1.0,0.0010000000474974513,4.999999873689376e-05,0.00039999998989515007,0.019999999552965164,0.9891999959945679,0.9891999959945679,0.9950000047683716,0.9950000047683716,1,0,0,0,0,1,0,0,1,0,1,0,0,0,0.985605776309967,978706560.0,62640.46875,4805356.0,1152.80126953125,2545877.5,1427.2764892578125,1.0,2329954.0,0.9708065390586853,1.0,60.0,180.0,1800.0,1800.0,1.0047005414962769,0.019808992743492126,1.0,1.0,-0.012236599810421467,0.0,0.0,0.0,0.0,-0.00012499094009399414,6.602997746085748e-05,0.0,0.0,6.602997746085748e-05,0.0,6.602997746085748e-05,6.602997746085748e-05,0.0,7.006492321624085e-44,1,1,0,1,1,1,0,1,1,0,1,0,1,1,1,1,1,1,1,1,0,1000,1000,0,1,5001,5001,220.0,3456.8173828125,120.0,120.0,60.0,0.0,0.4000000059604645,0.10000000149011612,0.10000000149011612,2.0,500.0,200.0,0.9900000095367432,300000.0,5000.0,45000.0,20000.0,0.019999999552965164,2.0,0.05000000074505806,0.019999999552965164,6.0,0.05000000074505806,0.019999999552965164,0.019999999552965164,88.30000305175781,0.10000000149011612,0.800000011920929,0.05000000074505806,0.009999999776482582,50.0,50.0,340.0,340.0,1000000.0,1,1,1,1,1,1,1,1,1,1,0,0,0,1,1,0,1.0,0.0,0.0,0.0,0.0011873438488692045,0.0,0.0,0.0,0.9181349873542786,0.9181349873542786,0.9181349873542786,5000.40185546875,3902124.5,3907125.0,50.0,27.61677360534668,0.4000000059604645,0.0,0.0,0.10000000149011612,0.16204215586185455,1.0,45000.0,20.0,29.269262313842773,778935.375,33.371280670166016,4589.01513671875,721.2213745117188,0.7789353728294373,0.9181617498397827,9.47429084777832,1.0,3221259.0,3304317.0,9.718579292297363,20.0,0.2740638256072998,27.406383514404297,0.0,636.4223022460938,411.3719482421875,100000.0,50000.0,1115.300048828125,50000.0,700.0,2000.0,2800000.0,3500000.0,4000000.0,9.999999747378752e-05,4.999999873689376e-05,500.0,20000.0,100.0,500.0,60000.0,1200.0,1.0,120.0,150000.0,3000.0,300.0,1.0,300.0,0.019999999552965164,0.019999999552965164,0.009999999776482582,0.009999999776482582,0.009999999776482582,0.019999999552965164,1.100000023841858,0.019999999552965164,4.0,0.019999999552965164,88.0,1613.0,0.009999999776482582,0.20000000298023224,3.0,5.0,600.0,0.0010000000474974513,88.0,88.0,2000.0,2340.0,-0.11599799990653992,-0.03561130166053772,-0.04758000001311302,-0.01752999983727932,0,0,0,0,0,1,0,521.273681640625,521.273681640625,2.09344482421875,2.09344482421875,0.016904644668102264,31.428024291992188,164.2145233154297,1597.2010498046875,1047.399658203125,795.4061279296875,795.4061279296875,3.19439697265625,3.19439697265625,1597.8369140625,541.4329223632812,0.0,0.0,2665822.5,20.00048065185547,20.00048065185547,156.25,156.25,65718.8515625,65718.8515625,1.0953141450881958,1.0953141450881958,113.99552154541016,113.99552154541016,24.998565673828125,24.998565673828125,104596.5078125,104596.5078125,25.008424758911133,155.4407501220703,158.4306640625,2644497.75,20.00048065185547,20.00048065185547,226.53302001953125,226.53302001953125,155.89976501464844,155.89976501464844,652300.25,652300.25,0.0,114.3769760131836,114.3769760131836,228.77085876464844,160181.21875,160181.21875,1.067874789237976,1.067874789237976,225.852294921875,155.89976501464844,274.4433288574219,137.22166442871094,137.22166442871094,203.62437438964844,203.62437438964844,407.2487487792969,0.0,0.0,0.0,137.20556640625,137.20556640625,203.62437438964844,203.62437438964844,0.026315800845623016,13.053633689880371,0.20000000298023224,0.8426647186279297,0.8890981674194336,0.8425460457801819,0.5026189684867859,0.4163619875907898,0.5035029649734497,0.9599996209144592,1.0,1.0,1.0,0.9999998211860657,0.9999998211860657,0.9999998211860657,190848.046875,193242.0625,0.0,0.0,0.0,0.0,0.0,0.0,0.0,296.3810119628906,297.7510070800781,0.0,190650.15625,190650.15625,0.0,0.0,0.0,0.0,0.8662214279174805,0.8662214279174805,0.8662214279174805,0.8568592071533203,1191072.5,0.9959999918937683,0.9959999918937683,0.9959999918937683,0.9959999918937683,5713972.5,2743494.0,7377208.5,8457323.0,2606300.0,4005917.75,0.003902124473825097,0.007814249955117702,1046.7342529296875,531.0443725585938,531.6123657226562,531.2943725585938,332.6379089355469,362.06048583984375,332.5584411621094,198.40646362304688,169.5518798828125,198.73593139648438,1597.2178955078125,1046.7459716796875,349.75982666015625,349.75982666015625,349.75982666015625,516.9487915039062,516.9487915039062,516.9487915039062,2.9998579025268555,0.8375517129898071,0.8625799417495728,2.999856948852539,5.0,0.0040000081062316895,0.0040000081062316895,0.0040000081062316895,0.0040000081062316895,0.0,-0.4368000030517578,0.0,599971.5625,164.2145233154297,164.2145233154297,0.0,20.0,2783321.25,7.25,12.0,10.25,225.02085876464844,225.02085876464844,225.02085876464844,0.0,0.0,0.7926306128501892,0.9211652278900146,10000.0,10000.0,0.011826000176370144,1038.5,0.027953999117016792,0.0,0.0,1.0878000259399414,1.0809999704360962,9.000000136438757e-05,103.0,33.220001220703125,1.8179999589920044,0.029999999329447746,49.0,8.329999923706055,4.159999847412109,58.0,302.0,4.5,0.699999988079071,0.4000000059604645,7.5,1.3799999952316284,2.492000102996826,7000.0,48.88999938964844,1.2000000476837158,45.0,62000.0,4590000.0,4250000.0,15900000.0,15100000.0,0.05000000074505806,0.17000000178813934,0.009999999776482582,15220000.0,1.6699999570846558,312.7799987792969,1.1100000143051147,4232.0,0.25,689000.0,4030000.0,9.829999923706055,8.550000190734863,12200000.0,231.10000610351562,88.3239974975586,633.0,1.1430000066757202,0.6858000159263611,-10.0,-3.7799999713897705,0.7799999713897705,295.5,4030000.0,12400000.0,0.9200000166893005,5.0,0,0,0,228,160,0,0,0,0,0,0,0,0,1,0,0,0,1,1,1,0,1,0,0,1,0,0,1,1,1,0,0,0,0,0,0,0,0,0,0,0,0,0,0,0.9123531579971313,6273980.0,1.0877995491027832,0.9699423909187317,1.0066322088241577,307.3338928222656,33.205833435058594,-0.002519109519198537,1,1,1,0,0,0,1,1,0,0,0,0,0,291,0.20000000298023224,0.20000000298023224,0.20000000298023224,0.0,2,0,0,0,0,0,0,0,0,0,0,0,0,0,0,0,0,0,0,0,0,0,0,0,0,0,0,0,0,0,0,0,0,0,0,0,0,0,0,0,0,0,0,0,0,0,0,0,0,0,0,1,0,0,0,0,0,0,0,0,0,0,0,0,0,0,0,0,0,0,0,0,0,0,0,0,0,0,0,0,0,0,0,0,0,0,0,0,0,0,0,0,0,0,0,0,0,0,0,0,0,0,0,0,0,0,0,0,0,0,0,0,0,0,0,0,0,0,0,0,0,0,0,0,0,0,0,0,0,0,0,0,0,0,0,0,0,0,0,0,0,0,0,1,0,0,0,0,0,0,0,0,0,0,0,-1,0,0,0,0,0,0,1,1,0,0,91.23531341552734,-3.3895671367645264,0.0,-0.5255972743034363,-1.6815581571897805e-44,309.06719970703125,307.3338928222656,703.817626953125,-0.00014019238005857915,99.29024505615234,2664.09716796875,1.0877995491027832,1.0066322088241577,-1.0,1.733306884765625,6.827850029367255e-06,0.017760591581463814,100.0,27.0,0.0,7.799991607666016,3.6552276611328125,1.0,1.0,37.68217849731445,0.2594084143638611,20.0,2.3062053514877334e-05,0.0,74.07266235351562,1.7333192825317383,1.8179994821548462,0.00036938843550160527,0.6817498207092285,0.5432047247886658,28.57756233215332,8.919795989990234,19.358535766601562,16.793296813964844,0.5761439204216003,47.935523986816406,44.898040771484375,263.1719970703125,133.06507873535156,0.9633697867393494,323.7486267089844,40.007659912109375,0.29459047317504883,290.7293701171875,290.7432861328125,290.71978759765625,323.8861999511719,324.0384216308594,323.8863220214844,100.0,4.87733793258667,53.9388427734375,143.87640380859375,307.30780029296875,307.390869140625,307.30303955078125,340.30718994140625,49.06150436401367,34.617103576660156,143.87640380859375,0.0,0.9685109853744507,0.9725508689880371,0.9687944650650024,89.31207275390625,89.30286407470703,89.22270965576172,64.02307891845703,64.02164459228516,64.02032470703125,50.93918991088867,50.93488693237305,50.7904167175293,99.24276733398438,99.02588653564453,98.98865509033203,1912.65966796875,1913.804443359375,1911.7596435546875,518.2608032226562,519.2940063476562,517.9854125976562,29.0,0.0,48.0,0.5035029649734497,0.6740368604660034,0.4163619875907898,0.7112785577774048,0.5026189684867859,0.6741318106651306,41.0,78.36749267578125,63.49418258666992,225.852294921875,97.19924926757812,9.999999974752427e-07,86.29936981201172,0.6310242414474487,155.4407501220703,0.9923579096794128,721.2213745117188,39.86869430541992,31.428024291992188,1.0,9.47429084777832,77.89353942871094,0.0,0.9718579053878784,20.0,0.0,60.0,120.0,22.0,120.0,3.456817626953125,0.0,0.0,978.70654296875,18.088716506958008,89.19795989990234,2.0,200.0,0,0,228,228,228,228,219,228,228,228,160,0,99999,99999,11,402,1800,180,1800,998,20,978,91,23,0,0,0,806,1424,29,31,32,0,0,0,0,0,0,0,0,0,0,0,0,0,0,1,0,0,0,0,1,1,1,0,1,0,0,0,1,0,0,0,0,0,0,0,0,0,0,0,0,1,0,1,0,0,1,1,0,1,0,1,0,1,0,0,0,1,1,0,1,0,1,0,0,0,1,1,0,0,0,1,0,1,0,0,0,0,0,1,0,0,1,0,0,0,1,0,0,0,0,0,0,1,0,0,0,1,1,0,0,1,0,1,0,1,0,1,0,0,0,1,0,1,1,1,0,0,1,0,0,0,0,0,1,1,1,0,0,0,0,0,0,0,0,0,0,0,1,0,1,0,1,0,0,0,0,0,0,0,0,0,1,0,1,0,1,0,1,1,1,1,1,1,1,0,0,0,0,0,0,1,0,1,1,1,1,1,1,1,1,1,1,1,0,0,0,1,1,0,0,1,1,0,1,0,1,0,1,1,0,0,0,0,0,0,0,0,1,0,0,0,1,0,1,1,0,0,1,0,0,1,1,0,1,1,1,0,1,1,0,1,0,1,1,0,0,0,0,0,0,1,1,1,1,0,0,0,0,0,0,0,0,0,0,0,0,0,0,0,0,0,0,0,0,0,0,0,0,0,0,0,0,0,0,0,0,0,0,0,0,0,0,0,0,0,0,0,0,0,0,0,0,0,0,0,0,0,0,0,0,0,0,0,0,0,0,0,0,0,0,0,0,0,0,0,0,0,0,0,0,0,0,0,0,0,0,0,0,0,0,0,0,0,0,0,0,0,0,0,0,0,0,0,0,0,0,0,0,0,0,0,0,0,0,0,0,0,0,0,0,0,0,0,0,0,0,0,0,0,0,0,0,0,0,0,0,0,0,0,0,0,0,0,0,0,0,0,0,0,0,0,1,0,1,0,0,0,0,0,1,0,0,0,0,0,0,0,0,0,0,0,0,0,0,0,1,0,0,0,0,0,0,0,0,0,0,0,0,0,0,1,0,0,0,0,0,0,0,0,0,0,1,0,0,0,0,0,0,0,0,0,0,0,0,0,0,0,0,0,0,0,0,0,0,0,0,0,0,0,1,0,0,0,0,0,0,1,1,1,0,0,0,0,0,0,-1,0,0,0,0,0,0,0,0,-1,0,0,-1,0,0,0,0,0,0,0,0,0,0,0,0,0,0,0,0,0,0,1,0,0,0,0,0,0,0,0,0,0,0,0,0,0,0,0,1,1,0,-1,-1,-1,1,1,1,0,0,0,0,1,0,0,1,1,0,0,0,0,1,0,0,0,0,0,0,0,0,0,0,0,0,0,0,0,0,0,0,0,0,0,0,0,0,0,0,0,0,0,1,1,0,1,0,1,1,0,1,0,1,1,0,1,0,0,1,0,0,0,0,0,0,0,0,0,0,0,0,0,0,0,0,0,0,0,0,0,0,0,0,0,0
0,1,1,300,228,8,8,228,114,25,1,0,0.0020000000949949026,4000.0,1.0,0.04500000178813934,25.0,48.0,8.0,291.70001220703125,1.7000000476837158,-3.179999907843012e-07,0.007360000163316727,0.008080000057816505,8.0,0.33000001311302185,0.0333000011742115,1.0,9.999999747378752e-06,21.0,9.999999747378752e-06,2775000064.0,9.000000136438757e-05,4.999999980020986e-13,5.0,40.0,3.0,-3.3499999046325684,3.3499999046325684,0.5,0.0004799999878741801,292.3927001953125,492.6077880859375,-0.0036125299520790577,0.002354159951210022,0.0008944629807956517,0.013157900422811508,0.800646185874939,0.02024419978260994,2650129920.0,0.006539999973028898,228,228,228,228,228,228,228,228,228,228,228,228,228,228,228,228,228,228,228,228,228,228,228,228,219,219,219,219,228,228,228,228,228,228,228,228,228,228,228,228,228,228,228,228,228,228,228,228,228,228,228,228,0,1,4,4,228,228,228,219,228,228,228,228,3,0,0.00040182110387831926,291.3464660644531,637.7525634765625,716.025390625,798.3824462890625,877.8221435546875,999.9424438476562,1031.06689453125,1041.9407958984375,1028.216796875,993.55517578125,940.9796752929688,868.4453125,789.38330078125,710.6187133789062,638.976318359375,569.390625,513.0758056640625,470.7620849609375,442.18096923828125,424.9898986816406,418.154296875,419.0889892578125,424.5785827636719,431.4078674316406,436.36163330078125,0.005621510557830334,0.6977397799491882,0.771960973739624,-0.00014455091150011867,0.7555167078971863,0.9812995791435242,108251.8671875,3.3514494134578854e-05,0.3175243139266968,0.7098158597946167,0.9111401438713074,0.9117575883865356,0.02233032137155533,1.0,-1.6815581571897805e-44,-3.390120506286621,0.0,99.29013061523438,2664.106201171875,0.9436336755752563,703.1593627929688,228.0,72.0,18.67030143737793,0.6000000238418579,0.0,309.0626525878906,280630.28125,-0.525490939617157,6.404762268066406,130.28829956054688,1.2660233974456787,7750000.0,8160000.0,86.12000274658203,119.0999984741211,0.5,9.999999747378752e-05,0.0,3.299999952316284,200.0,0.30000001192092896,309.20001220703125,2.439019908706541e-06,0,0,0,1,1,1,0,24,0,307.2711486816406,0.0,0.0,0.0,0.0,0.0,0.0,0.5022280812263489,0.8714615106582642,0.5184187293052673,-0.008095324039459229,-0.0019153817556798458,-0.002039395272731781,0.5080953240394592,0.5095438957214355,0.5095923542976379,1.0,25.0,24.0,6270995.5,6271127.5,6271266.5,290.66729736328125,290.69146728515625,290.67718505859375,323.8125,323.96624755859375,323.81219482421875,4400000.0,307.2398986816406,307.328857421875,307.24468994140625,33.14520263671875,33.2747802734375,33.135009765625,323.67266845703125,4552.8095703125,4554.48828125,4564.4619140625,12.832892417907715,12.844428062438965,12.845841407775879,11.862518310546875,0.0,0.0,0.0020000000949949026,290.67864990234375,323.8636474609375,-40.48528289794922,1.6516245603561401,1.6563366651535034,1.6565042734146118,-13.460318565368652,39.0,40.0,42.0,41.0,0.0,0.0,6269496.0,6217926.0,76.9272689819336,5.0,0.014999999664723873,-180000.0,600.0,1000000.0,400000.0,0.17000000178813934,22000.0,786000.0,120000.0,0.0,40.0,30.0,36.810001373291016,0.5,18.399999618530273,50000.0,115692.3984375,15.113750457763672,0,0,1,0,0,0,0,14077759.0,0.0,0.0,0.0,0.0,0.0,-1314841.0,400000.0,1000000.0,1.0,1400000.0,0.0,0.48977094888687134,14085159.0,126869.6328125,14077759.0,340.308349609375,40.007659912109375,4.893465995788574,-1314841.0,0.0,0.0,0.0,3.455315589904785,40.007659912109375,0.0,22230.939453125,1.2010046243667603,0.0,0.0,0.0,20.0,14.711517333984375,22.0,0.0,0.0,0.0,0.05000000074505806,0.02500000037252903,0.17000000178813934,15400000.0,0.5,6.25,0.0006667000125162303,2.0,2410000.0,4140000.0,4.734799861907959,0.15000000596046448,0.20000000298023224,0.2199999988079071,1.0,0.0,-1.0,0.0,5.0,20.0,30.0,50.0,74.0,80.0,86.0,9.800000190734863,500000.0,1.0499999802959792e-07,0.5,750.0,1000.0,600.0,1000.0,1150.0,32.0,32.0,37.400001525878906,10.0,10.0,0.007000000216066837,0.5049999952316284,82.0,189.26499938964844,0.0,1.5099999904632568,231.60000610351562,20.0,36.0,16.600000381469727,16.5,225.0,-0.1756729930639267,27.5,-0.1756729930639267,30.485509872436523,0.1561516970396042,11.10221004486084,-1.8332500457763672,-75.0,4.3520002365112305,9.800000190734863,189.26499938964844,93.30000305175781,2650000.0,0.8500000238418579,7.570000171661377,0,1,0,0,0,0,0,0,0,0,0,1,3,3,0,0,1,1,0,0,0,0,0,0,0,0,0,0,1,0,0,0,0,0,0,0,0,0,0,1,0,0,0,0,0,0,0,0,0,0,12.057504653930664,29061.26953125,2153.699951171875,0.00041490377043373883,0.0004361289902590215,0.0006248649442568421,1.0,1.0,0.0,0.0,0.0,0.5769224762916565,0.5666818022727966,1.0,0.0,0.0,0.0,1.0,0.0,0.0,1.0,1.0,0.0,1.0,1.0,0.00998985767364502,0.0,1.0,0.0,0.6348177790641785,0.6388415694236755,0.00041490377043373883,0.0,0.0,0.0,99998.78125,99999.0,2799546.5,2410000.0,36.20000076293945,36.20000076293945,36.20000076293945,32.434757232666016,262.8900146484375,132.84896850585938,47.864349365234375,26.311681747436523,37.53343200683594,27.0,28.471763610839844,27.0,0.0,32.0,20.0,68.57752227783203,3446668.0,0.5432047247886658,3.7799999713897705,4.6724724769592285,8.919795989990234,0.0,0.0,0.0,1.401298464324817e-45,5.374143123626709,5.374143123626709,0.5049998760223389,0.5049998760223389,0.5049998760223389,0.18937495350837708,0.18937495350837708,0.18937495350837708,0.0,0.0,0.0,0.0,0.0,0.0,5.294999599456787,0.0,0.0,0.0,0.0,0.0,0.0,100.0,74.0716552734375,0.5385361313819885,0.0,20.0,0.0,5.320456027984619,5.611679553985596,0.0,0.0,0.0,0.007000000216066837,0.0,0.0,9.963639259338379,0.0,1.7333093881607056,1.401298464324817e-45,5.619347095489502,0.0,0.0,0.0,0.0,0.0,0.0,20.0,0.0,0.0,13776330.0,0.0,0.0,0.0,0.0,0.0,0.0,0.0,0.351500004529953,18.93000030517578,23.030000686645508,7.69199959904654e-06,0.08500000089406967,0.009999999776482582,24.0,27.0,8.800000190734863,500000.0,0.05000000074505806,2.7000000013543968e-09,2.7000000013543968e-09,145100.0,120000.0,14650000.0,86400.0,17.0,34.5,48.70000076293945,321.8999938964844,83170.0,0.0,1.0,1.0,0.0010000000474974513,725.0,0.0,0.5,0.0,0.0,57.31999969482422,837142.875,9359.77734375,117376.1015625,2623.89794921875,83026.390625,725.0,1.0204100362898316e-05,740000000.0,1,0,1,0,1,0,1,0,0,0,0,8.799991607666016,27.0,2339.7939453125,0.0,0.0,0.0,0.0,0.9397632479667664,0.00040135910967364907,0.0,0.01799769327044487,37.71784210205078,1.0,25431.7265625,4577.8984375,2.3370062990579754e-05,2568882432.0,4179620352.0,2797706240.0,4185935104.0,-76.56173706054688,34.6265869140625,-187295136.0,-6314560.0,5.619347095489502,1538.356201171875,82.18109130859375,1503.7296142578125,106381.3984375,3785.25341796875,145255.890625,158414.9375,123431.7265625,28.800037384033203,37.71784210205078,37.71784210205078,1.0,2.3370062990579754e-05,4577.8984375,858785972224.0,0.19879721105098724,137600.0,137600.0,99748360.0,76.98059844970703,6047.15771484375,1.0,0.0,1700.0,250000.0,10000.0,1038.0,0.004999999888241291,400.0,5000.0,0,0,0,0,2961976.75,64.49694061279297,64.49694061279297,1224647.375,2783714.25,1.0,1.0,1223211.25,227.97201538085938,6219428.5,1.0,0.9922619462013245,1.0,1.0,1031.3560791015625,277.0348205566406,189.1099090576172,125.86787414550781,6117512.5,806980.625,189.1099090576172,1.0,1.0,1.0,135.04556274414062,1552.6839599609375,790.321044921875,0.0,0.0,0.0,7680000.0,515.214599609375,516.560302734375,517.9672241210938,0.0,2783714.25,0.0,128.99388122558594,0.0,0.0,277.85418701171875,1.0,0.0,-7.5742998123168945,0.0,5.605193857299268e-45,9.999999974752427e-07,0.0,2.0,0.0003000000142492354,0.004999999888241291,0.0010000000474974513,2.0000000233721948e-07,2.0000000233721948e-07,0.0005555999814532697,993000000.0,1.0,0.05000000074505806,0.10000000149011612,0.0005000000237487257,0.0016700000269338489,0.009999999776482582,1.0,1.0,0.0010000000474974513,4.999999873689376e-05,0.00039999998989515007,0.019999999552965164,0.9891999959945679,0.9891999959945679,0.9950000047683716,0.9950000047683716,1,0,0,0,0,1,0,0,1,0,1,0,0,0,0.9853509068489075,978453440.0,62618.984375,4804194.0,1152.37158203125,2545887.5,1426.78271484375,1.0,2329995.0,0.9709386229515076,1.0,60.0,180.0,1800.0,1800.0,1.0047005414962769,0.019808992743492126,1.0,1.0,-0.012236599810421467,0.0,0.0,0.0,0.0,-0.00012570619583129883,6.602997746085748e-05,0.0,0.0,6.602997746085748e-05,0.0,6.602997746085748e-05,6.602997746085748e-05,0.0,7.006492321624085e-44,1,1,0,1,1,1,0,1,1,0,1,0,1,1,1,1,1,1,1,1,0,1000,1000,0,1,5001,5001,220.0,3456.052734375,120.0,120.0,60.0,0.0,0.4000000059604645,0.10000000149011612,0.10000000149011612,2.0,500.0,200.0,0.9900000095367432,300000.0,5000.0,45000.0,20000.0,0.019999999552965164,2.0,0.05000000074505806,0.019999999552965164,6.0,0.05000000074505806,0.019999999552965164,0.019999999552965164,88.30000305175781,0.10000000149011612,0.800000011920929,0.05000000074505806,0.009999999776482582,50.0,50.0,340.0,340.0,1000000.0,1,1,1,1,1,1,1,1,1,1,0,0,0,1,1,0,1.0,0.0,0.0,0.0,0.0011389688588678837,0.0,0.0,0.0,0.918134331703186,0.918134331703186,0.918134331703186,5000.4013671875,3902222.5,3907223.0,50.0,27.61674690246582,0.4000000059604645,0.0,0.0,0.10000000149011612,0.1619642823934555,1.0,45000.0,20.0,29.268627166748047,778937.625,33.37034606933594,4589.01318359375,721.2213745117188,0.7789376378059387,0.9181596040725708,9.474265098571777,1.0,3221250.0,3304317.0,9.718579292297363,20.0,0.2740948796272278,27.409488677978516,0.0,636.4223022460938,411.4163818359375,100000.0,50000.0,1115.300048828125,50000.0,700.0,2000.0,2800000.0,3500000.0,4000000.0,9.999999747378752e-05,4.999999873689376e-05,500.0,20000.0,100.0,500.0,60000.0,1200.0,1.0,120.0,150000.0,3000.0,300.0,1.0,300.0,0.019999999552965164,0.019999999552965164,0.009999999776482582,0.009999999776482582,0.009999999776482582,0.019999999552965164,1.100000023841858,0.019999999552965164,4.0,0.019999999552965164,88.0,1613.0,0.009999999776482582,0.20000000298023224,3.0,5.0,600.0,0.0010000000474974513,88.0,88.0,2000.0,2340.0,-0.11599799990653992,-0.03561130166053772,-0.04758000001311302,-0.01752999983727932,0,0,0,0,0,1,0,521.2040405273438,521.2040405273438,2.09320068359375,2.09320068359375,0.01690077595412731,31.42801284790039,164.2144012451172,1597.06591796875,1047.2662353515625,795.3388061523438,795.3388061523438,3.19415283203125,3.19415283203125,1597.696533203125,541.2744140625,0.0,0.0,2665779.0,20.00048065185547,20.00048065185547,156.24752807617188,156.24752807617188,65718.6953125,65718.6953125,1.0953116416931152,1.0953116416931152,113.98600769042969,113.98600769042969,24.99856185913086,24.99856185913086,104596.4921875,104596.4921875,25.008419036865234,155.43833923339844,158.42868041992188,2644518.0,20.00048065185547,20.00048065185547,226.52377319335938,226.52377319335938,155.8978729248047,155.8978729248047,652292.375,652292.375,0.0,114.37397003173828,114.37397003173828,228.7648468017578,160180.453125,160180.453125,1.0678696632385254,1.0678696632385254,225.84341430664062,155.8978729248047,274.3786315917969,137.18931579589844,137.18931579589844,203.60899353027344,203.60899353027344,407.2179870605469,0.0,0.0,0.0,137.17291259765625,137.17291259765625,203.60899353027344,203.60899353027344,0.026315800845623016,13.053236961364746,0.20000000298023224,0.8419208526611328,0.8883340358734131,0.8417630195617676,0.5022280812263489,0.4159618020057678,0.5030918717384338,0.9599996209144592,1.0,1.0,1.0,0.9999998211860657,0.9999998211860657,0.9999998211860657,190847.8125,193242.0625,0.0,0.0,0.0,0.0,0.0,0.0,0.0,296.3810119628906,297.7510070800781,0.0,190657.984375,190657.984375,0.0,0.0,0.0,0.0,0.8659892082214355,0.8659892082214355,0.8659892082214355,0.8572201132774353,1190898.375,0.9959999918937683,0.9959999918937683,0.9959999918937683,0.9959999918937683,5711749.0,2743786.25,7376015.0,8455388.0,2606300.0,4005941.5,0.0039022224955260754,0.007814445532858372,1046.594482421875,530.9971313476562,531.5401611328125,531.1997680664062,332.59527587890625,362.0231018066406,332.4851989746094,198.40185546875,169.51705932617188,198.71456909179688,1597.082763671875,1046.606201171875,349.7283020019531,349.7283020019531,349.7283020019531,516.578125,516.578125,516.578125,2.999859571456909,0.836742639541626,0.8625232577323914,2.9998586177825928,5.0,0.0040000081062316895,0.0040000081062316895,0.0040000081062316895,0.0040000081062316895,0.0,-0.4368000030517578,0.0,599971.9375,164.2144012451172,164.2144012451172,0.0,20.0,2783342.75,7.25,12.0,10.25,225.01290893554688,225.01290893554688,225.01290893554688,0.0,0.0,0.7926306128501892,0.9211652278900146,10000.0,10000.0,0.011826000176370144,1038.5,0.027953999117016792,0.0,0.0,1.0878000259399414,1.0809999704360962,9.000000136438757e-05,103.0,33.220001220703125,1.8179999589920044,0.029999999329447746,49.0,8.329999923706055,4.159999847412109,58.0,302.0,4.5,0.699999988079071,0.4000000059604645,7.5,1.3799999952316284,2.492000102996826,7000.0,48.88999938964844,1.2000000476837158,45.0,62000.0,4590000.0,4250000.0,15900000.0,15100000.0,0.05000000074505806,0.17000000178813934,0.009999999776482582,15220000.0,1.6699999570846558,312.7799987792969,1.1100000143051147,4232.0,0.25,689000.0,4030000.0,9.829999923706055,8.550000190734863,12200000.0,231.10000610351562,88.3239974975586,633.0,1.1430000066757202,0.6858000159263611,-10.0,-3.7799999713897705,0.7799999713897705,295.5,4030000.0,12400000.0,0.9200000166893005,5.0,0,0,0,228,160,0,0,0,0,0,0,0,0,1,0,0,0,1,1,1,0,1,0,0,1,0,0,1,1,1,0,0,0,0,0,0,0,0,0,0,0,0,0,0,0.9111401438713074,6270995.5,1.0877995491027832,0.9695305228233337,1.0063107013702393,307.29217529296875,33.191734313964844,-0.0027061302680522203,1,1,1,0,0,0,1,1,0,0,0,0,0,293,0.20000000298023224,0.20000000298023224,0.20000000298023224,0.0,2,0,0,0,0,0,0,0,0,0,0,0,0,0,0,0,0,0,0,0,0,0,0,0,0,0,0,0,0,0,0,0,0,0,0,0,0,0,0,0,0,0,0,0,0,0,0,0,0,0,0,1,0,0,0,0,0,0,0,0,0,0,0,0,0,0,0,0,0,0,0,0,0,0,0,0,0,0,0,0,0,0,0,0,0,0,0,0,0,0,0,0,0,0,0,0,0,0,0,0,0,0,0,0,0,0,0,0,0,0,0,0,0,0,0,0,0,0,0,0,0,0,0,0,0,0,0,0,0,0,0,0,0,0,0,0,0,0,0,0,0,0,0,1,0,0,0,0,0,0,0,0,0,0,0,-1,0,0,0,0,0,0,1,1,0,0,91.114013671875,-3.390120506286621,0.0,-0.525490939617157,-1.6815581571897805e-44,309.0626525878906,307.29217529296875,703.1593627929688,-0.00014455091150011867,99.29013061523438,2664.106201171875,1.0877995491027832,1.0063107013702393,-1.0,1.770477294921875,6.827850029367255e-06,0.01799769327044487,100.0,27.0,0.0,7.799991607666016,3.6606662273406982,1.0,1.0,37.71784210205078,0.2595078945159912,20.0,2.3370062990579754e-05,0.0,74.0716552734375,1.7333093881607056,1.8179994821548462,0.00036938843550160527,0.6817498207092285,0.5432047247886658,28.566852569580078,8.919795989990234,19.346914291381836,16.820899963378906,0.5769224762916565,47.864349365234375,44.898040771484375,262.8900146484375,132.84896850585938,0.9632050395011902,323.6982727050781,40.007659912109375,0.29459047317504883,290.6947021484375,290.7088623046875,290.68487548828125,323.8369445800781,323.9903869628906,323.8373107910156,100.0,4.876518249511719,53.853614807128906,143.72637939453125,307.26580810546875,307.349609375,307.2611083984375,340.30804443359375,48.97709655761719,34.57455062866211,143.72637939453125,0.0,0.9680848717689514,0.9721533060073853,0.9683825969696045,89.32400512695312,89.31439208984375,89.23416900634766,63.99263381958008,63.991214752197266,63.9898681640625,50.95923614501953,50.95439147949219,50.809532165527344,99.23519134521484,99.0182876586914,98.98163604736328,1912.319091796875,1913.5445556640625,1911.589599609375,518.0624389648438,519.1101684570312,517.7769775390625,29.0,0.0,48.0,0.5030918717384338,0.6734104156494141,0.4159618020057678,0.7106672525405884,0.5022280812263489,0.6735367178916931,41.0,78.36749267578125,63.46367263793945,225.84341430664062,97.16419982910156,9.999999974752427e-07,86.27962493896484,0.6311100721359253,155.43833923339844,0.9922619462013245,721.2213745117188,39.869693756103516,31.42801284790039,1.0,9.474265098571777,77.89376068115234,0.0,0.9718579053878784,20.0,0.0,60.0,120.0,22.0,120.0,3.456052780151367,0.0,0.0,978.4534301757812,18.088716506958008,89.19795989990234,2.0,200.0,0,0,228,228,228,228,219,228,228,228,160,0,99999,99999,11,402,1800,180,1800,998,20,978,91,23,0,0,0,806,1424,29,31,32,0,0,0,0,0,0,0,0,0,0,0,0,0,0,1,0,0,0,0,1,1,1,0,1,0,0,0,1,0,0,0,0,0,0,0,0,0,0,0,0,1,0,1,0,0,1,1,0,1,0,1,0,1,0,0,0,1,1,0,1,0,1,0,0,0,1,1,1,0,0,1,0,1,0,0,0,0,1,1,0,0,1,0,0,0,1,0,0,0,0,0,0,1,0,0,0,1,1,0,0,1,0,1,0,1,0,1,0,0,0,1,0,1,1,1,0,0,1,0,0,0,0,0,1,1,1,0,0,0,0,0,0,0,0,0,0,0,1,0,1,0,1,0,0,0,0,0,0,0,0,0,1,0,1,0,1,0,1,1,1,1,1,1,1,0,0,0,0,0,0,1,0,1,1,1,1,1,1,1,1,1,1,1,1,0,0,1,1,0,0,1,1,0,1,0,1,0,1,1,0,0,0,0,0,0,0,0,1,0,0,0,1,0,1,1,0,0,1,0,0,1,1,0,1,1,1,0,1,1,0,1,0,1,1,0,0,0,0,0,0,1,1,1,1,0,0,0,0,0,0,0,0,0,0,0,0,0,0,0,0,0,0,0,0,0,0,0,0,0,0,0,0,0,0,0,0,0,0,0,0,0,0,0,0,0,0,0,0,0,0,0,0,0,0,0,0,0,0,0,0,0,0,0,0,0,0,0,1,0,0,0,1,1,0,0,0,0,0,0,0,0,0,0,0,0,0,1,0,0,0,0,0,0,0,0,0,0,0,0,0,0,0,0,0,0,0,0,0,0,0,0,0,0,0,0,0,0,0,0,0,0,0,0,0,0,0,0,0,0,0,0,0,0,0,0,0,0,0,0,0,0,0,0,0,0,0,0,0,0,0,0,1,0,1,0,0,0,0,0,1,0,0,0,0,0,0,0,0,0,0,0,0,0,0,0,1,0,0,0,0,0,0,0,0,0,0,0,0,0,0,1,0,0,0,0,0,0,0,0,0,0,1,0,0,0,0,0,0,0,0,0,0,0,0,0,0,0,0,0,0,0,0,0,0,0,0,0,0,0,1,0,0,0,0,0,0,1,1,1,0,0,0,0,0,0,-1,0,0,0,0,0,0,0,0,-1,0,0,-1,0,0,0,0,0,0,0,0,0,0,0,0,0,0,0,0,0,0,1,0,0,0,0,0,0,0,0,0,0,0,0,0,0,0,0,1,1,0,-1,-1,-1,1,1,1,0,0,0,0,1,0,0,1,1,0,0,0,0,1,0,0,0,0,0,0,0,0,0,0,0,0,0,0,0,0,0,0,0,0,0,0,0,0,0,0,0,0,0,1,1,0,1,0,1,1,0,1,0,1,1,0,1,0,0,1,0,0,0,0,0,0,0,0,0,0,0,0,0,0,0,0,0,0,0,0,0,0,0,0,0,0
0,1,1,300,228,8,8,228,114,25,1,0,0.0020000000949949026,4000.0,1.0,0.04500000178813934,25.0,48.0,8.0,291.70001220703125,1.7000000476837158,-3.179999907843012e-07,0.007360000163316727,0.008080000057816505,8.0,0.33000001311302185,0.0333000011742115,1.0,9.999999747378752e-06,21.0,9.999999747378752e-06,2775000064.0,9.000000136438757e-05,4.999999980020986e-13,5.0,40.0,3.0,-3.3499999046325684,3.3499999046325684,0.5,0.0004799999878741801,292.3927001953125,492.6077880859375,-0.0036125299520790577,0.002354159951210022,0.0008944629807956517,0.013157900422811508,0.800646185874939,0.02024419978260994,2650129920.0,0.006539999973028898,228,228,228,228,228,228,228,228,228,228,228,228,228,228,228,228,228,228,228,228,228,228,228,228,220,220,220,220,228,228,228,228,228,228,228,228,228,228,228,228,228,228,228,228,228,228,228,228,228,228,228,228,0,1,4,4,228,228,228,220,228,228,228,228,3,0,0.00040182197699323297,291.2962646484375,636.8341064453125,714.8497314453125,796.9352416992188,876.11376953125,997.8419189453125,1028.8795166015625,1039.74658203125,1026.09716796875,991.5748901367188,939.1882934570312,866.8975830078125,788.0902099609375,709.572021484375,638.14892578125,568.7608032226562,512.6036987304688,470.4125061035156,441.92529296875,424.8087158203125,418.0317687988281,419.01318359375,424.5426025390625,431.40960693359375,436.40399169921875,0.005925344303250313,0.6958301663398743,0.7719599008560181,-0.00014829197607468814,0.7555199265480042,0.9809136390686035,107993.015625,3.3423326385673136e-05,0.31718891859054565,0.7078244686126709,0.9092240333557129,0.9098703265190125,0.02232237346470356,1.0,-1.6815581571897805e-44,-3.3910202980041504,0.0,99.28997039794922,2664.11962890625,0.9436377286911011,702.1190795898438,228.0,72.0,19.32986068725586,0.20000000298023224,0.0,309.0556945800781,280630.84375,-0.5250512361526489,6.40313196182251,130.28829956054688,1.2680375576019287,7750000.0,8160000.0,86.12000274658203,119.0999984741211,0.5,9.999999747378752e-05,0.0,3.299999952316284,200.0,0.30000001192092896,309.20001220703125,2.439019908706541e-06,0,0,0,1,1,1,0,24,0,307.2076110839844,0.0,0.0,0.0,0.0,0.0,0.0,0.5016348958015442,0.8713708519935608,0.5184054970741272,-0.008385300636291504,-0.001997436862438917,-0.002135816728696227,0.5083853006362915,0.5098376274108887,0.5098949074745178,1.0,25.0,24.0,6266486.5,6266622.0,6266759.0,290.61431884765625,290.6390380859375,290.62432861328125,323.7374267578125,323.893310546875,323.7371826171875,4400000.0,307.1758728027344,307.26617431640625,307.1807556152344,33.12310791015625,33.2542724609375,33.11285400390625,323.59454345703125,4552.33544921875,4553.9892578125,4563.94873046875,12.835395812988281,12.84692668914795,12.848429679870605,11.81854248046875,0.0,0.0,0.0020000000949949026,290.6258850097656,323.789306640625,-41.130348205566406,1.6525698900222778,1.6572927236557007,1.6574877500534058,-13.736635208129883,39.0,40.0,42.0,41.0,0.0,0.0,6264976.0,6213398.0,76.76798248291016,5.0,0.014999999664723873,-180000.0,600.0,1000000.0,400000.0,0.17000000178813934,22000.0,786000.0,120000.0,0.0,40.0,30.0,36.810001373291016,0.5,18.399999618530273,50000.0,115692.3984375,15.113750457763672,0,0,1,0,0,0,0,14055253.0,0.0,0.0,0.0,0.0,0.0,-1337196.0,400000.0,1000000.0,1.0,1400000.0,0.0,0.48849186301231384,14062804.0,126869.6328125,14055253.0,340.30963134765625,40.007659912109375,4.880610466003418,-1337196.0,0.0,0.0,0.0,3.4488344192504883,40.007659912109375,0.0,22230.939453125,1.2010046243667603,0.0,0.0,0.0,20.0,14.711517333984375,22.0,0.0,0.0,0.0,0.05000000074505806,0.02500000037252903,0.17000000178813934,15400000.0,0.5,6.25,0.0006667000125162303,2.0,2410000.0,4140000.0,4.734799861907959,0.15000000596046448,0.20000000298023224,0.2199999988079071,1.0,0.0,-1.0,0.0,5.0,20.0,30.0,50.0,74.0,80.0,86.0,9.800000190734863,500000.0,1.0499999802959792e-07,0.5,750.0,1000.0,600.0,1000.0,1150.0,32.0,32.0,37.400001525878906,10.0,10.0,0.007000000216066837,0.5049999952316284,82.0,189.26499938964844,0.0,1.5099999904632568,231.60000610351562,20.0,36.0,16.600000381469727,16.5,225.0,-0.1756729930639267,27.5,-0.1756729930639267,30.485509872436523,0.1561516970396042,11.10221004486084,-1.8332500457763672,-75.0,4.3520002365112305,9.800000190734863,189.26499938964844,93.30000305175781,2650000.0,0.8500000238418579,7.570000171661377,0,1,0,0,0,0,0,0,0,0,0,1,3,3,0,0,1,1,0,0,0,0,0,0,0,0,0,0,1,0,0,0,0,0,0,0,0,0,0,1,0,0,0,0,0,0,0,0,0,0,12.057388305664062,29061.08984375,2153.699951171875,0.00041490234434604645,0.0004361289902590215,0.0006248649442568421,1.0,1.0,0.0,0.0,0.0,0.5780896544456482,0.5678519010543823,1.0,0.0,0.0,0.0,1.0,0.0,0.0,1.0,1.0,0.0,1.0,1.0,0.009860694408416748,0.0,1.0,0.0,0.6344573497772217,0.6385370492935181,0.00041490234434604645,0.0,0.0,0.0,99998.78125,99999.0,2797957.0,2410000.0,36.20000076293945,36.20000076293945,36.20000076293945,32.4378662109375,262.4669189453125,132.52545166015625,47.75790023803711,26.31656837463379,37.49644470214844,27.0,28.461307525634766,27.0,0.0,32.0,20.0,68.57752227783203,3446668.0,0.5432059168815613,3.7799999713897705,4.683959007263184,8.919794082641602,0.0,0.0,0.0,1.401298464324817e-45,5.369266986846924,5.369266986846924,0.5049998760223389,0.5049998760223389,0.5049998760223389,0.18937495350837708,0.18937495350837708,0.18937495350837708,0.0,0.0,0.0,0.0,0.0,0.0,5.294999599456787,0.0,0.0,0.0,0.0,0.0,0.0,100.0,74.07007598876953,0.537243127822876,0.0,20.0,0.0,5.316322326660156,5.6231770515441895,0.0,0.0,0.0,0.007000000216066837,0.0,0.0,9.975131034851074,0.0,1.7332937717437744,1.401298464324817e-45,5.630833625793457,0.0,0.0,0.0,0.0,0.0,0.0,20.0,0.0,0.0,13753731.0,0.0,0.0,0.0,0.0,0.0,0.0,0.0,0.351500004529953,18.93000030517578,23.030000686645508,7.69199959904654e-06,0.08500000089406967,0.009999999776482582,24.0,27.0,8.800000190734863,500000.0,0.05000000074505806,2.7000000013543968e-09,2.7000000013543968e-09,145100.0,120000.0,14650000.0,86400.0,17.0,34.5,48.70000076293945,321.8999938964844,83170.0,0.0,1.0,1.0,0.0010000000474974513,725.0,0.0,0.5,0.0,0.0,57.31999969482422,837142.875,9359.77734375,117376.1015625,2623.89794921875,83026.390625,725.0,1.0204100362898316e-05,740000000.0,1,0,1,0,1,0,1,0,0,0,0,8.799991607666016,27.0,2385.950439453125,0.0,0.0,0.0,0.0,0.9583098888397217,0.00040140002965927124,0.0,0.018352730199694633,37.77101516723633,1.0,25446.3125,4663.1533203125,2.3831273210817017e-05,2562995200.0,4176794624.0,2795074560.0,4183685376.0,-76.38282775878906,35.090576171875,-188821632.0,-6890592.0,5.630833625793457,1537.99462890625,82.01365661621094,1502.904052734375,106381.3984375,3795.558349609375,145291.734375,158638.265625,123446.3125,29.400039672851562,37.77101516723633,37.77101516723633,1.0,2.3831273210817017e-05,4663.1533203125,864540229632.0,0.19885466992855072,137600.0,137600.0,99524344.0,76.8219223022461,6061.64794921875,1.0,0.0,1700.0,250000.0,10000.0,1038.0,0.004999999888241291,400.0,5000.0,0,0,0,0,2961898.75,64.48745727539062,64.48745727539062,1224421.25,2783745.75,1.0,1.0,1222818.125,227.94314575195312,6214911.0,1.0,0.992114782333374,1.0,1.0,1031.204833984375,276.98870849609375,189.09503173828125,125.76673126220703,6113084.5,806912.625,189.09503173828125,1.0,1.0,1.0,134.96607971191406,1551.82861328125,790.1991577148438,0.0,0.0,0.0,7680000.0,514.9022827148438,516.2845458984375,517.6749877929688,0.0,2783745.75,0.0,128.97491455078125,0.0,0.0,277.80615234375,1.0,0.0,-7.5742998123168945,0.0,5.605193857299268e-45,9.999999974752427e-07,0.0,2.0,0.0003000000142492354,0.004999999888241291,0.0010000000474974513,2.0000000233721948e-07,2.0000000233721948e-07,0.0005555999814532697,993000000.0,1.0,0.05000000074505806,0.10000000149011612,0.0005000000237487257,0.0016700000269338489,0.009999999776482582,1.0,1.0,0.0010000000474974513,4.999999873689376e-05,0.00039999998989515007,0.019999999552965164,0.9891999959945679,0.9891999959945679,0.9950000047683716,0.9950000047683716,1,0,0,0,0,1,0,0,1,0,1,0,0,0,0.9849550724029541,978060416.0,62586.1640625,4802400.5,1151.7152099609375,2545902.0,1426.0279541015625,1.0,2330058.0,0.971136748790741,1.0,60.0,180.0,1800.0,1800.0,1.0047005414962769,0.019808992743492126,1.0,1.0,-0.012236599810421467,0.0,0.0,0.0,0.0,-0.00013136863708496094,6.602997746085748e-05,0.0,0.0,6.602997746085748e-05,0.0,6.602997746085748e-05,6.602997746085748e-05,0.0,7.006492321624085e-44,1,1,0,1,1,1,0,1,1,0,1,0,1,1,1,1,1,1,1,1,0,1000,1000,0,1,5001,5001,220.0,3454.865234375,120.0,120.0,60.0,0.0,0.4000000059604645,0.10000000149011612,0.10000000149011612,2.0,500.0,200.0,0.9900000095367432,300000.0,5000.0,45000.0,20000.0,0.019999999552965164,2.0,0.05000000074505806,0.019999999552965164,6.0,0.05000000074505806,0.019999999552965164,0.019999999552965164,88.30000305175781,0.10000000149011612,0.800000011920929,0.05000000074505806,0.009999999776482582,50.0,50.0,340.0,340.0,1000000.0,1,1,1,1,1,1,1,1,1,1,0,0,0,1,1,0,1.0,0.0,0.0,0.0,0.0010694999946281314,0.0,0.0,0.0,0.9181332588195801,0.9181332588195801,0.9181332588195801,5000.39990234375,3902373.25,3907373.75,50.0,27.61670684814453,0.4000000059604645,0.0,0.0,0.10000000149011612,0.16184663772583008,1.0,45000.0,20.0,29.26762580871582,778941.0,33.36886978149414,4589.00927734375,721.2213745117188,0.7789409756660461,0.9181562066078186,9.474225044250488,1.0,3221236.5,3304317.0,9.718579292297363,20.0,0.27414143085479736,27.414142608642578,0.0,636.4223022460938,411.35589599609375,100000.0,50000.0,1115.300048828125,50000.0,700.0,2000.0,2800000.0,3500000.0,4000000.0,9.999999747378752e-05,4.999999873689376e-05,500.0,20000.0,100.0,500.0,60000.0,1200.0,1.0,120.0,150000.0,3000.0,300.0,1.0,300.0,0.019999999552965164,0.019999999552965164,0.009999999776482582,0.009999999776482582,0.009999999776482582,0.019999999552965164,1.100000023841858,0.019999999552965164,4.0,0.019999999552965164,88.0,1613.0,0.009999999776482582,0.20000000298023224,3.0,5.0,600.0,0.0010000000474974513,88.0,88.0,2000.0,2340.0,-0.11599799990653992,-0.03561130166053772,-0.04758000001311302,-0.01752999983727932,0,0,0,0,0,1,0,521.0982055664062,521.0982055664062,2.0927734375,2.0927734375,0.01689482294023037,31.427995681762695,164.21421813964844,1596.8555908203125,1047.063720703125,795.2340698242188,795.2340698242188,3.1937255859375,3.1937255859375,1597.486572265625,541.0433349609375,0.0,0.0,2665708.75,20.00048065185547,20.00048065185547,156.2438201904297,156.2438201904297,65718.4609375,65718.4609375,1.09530770778656,1.09530770778656,113.97157287597656,113.97157287597656,24.998558044433594,24.998558044433594,104596.4765625,104596.4765625,25.008413314819336,155.43472290039062,158.42578125,2644548.75,20.00048065185547,20.00048065185547,226.50967407226562,226.50967407226562,155.89508056640625,155.89508056640625,652280.6875,652280.6875,0.0,114.36924743652344,114.36924743652344,228.75538635253906,160179.28125,160179.28125,1.0678619146347046,1.0678619146347046,225.8300323486328,155.89508056640625,274.2793273925781,137.13966369628906,137.13966369628906,203.5857391357422,203.5857391357422,407.1714782714844,0.0,0.0,0.0,137.12281799316406,137.12281799316406,203.5857391357422,203.5857391357422,0.026315800845623016,13.052623748779297,0.20000000298023224,0.8407912254333496,0.8871797323226929,0.8405782580375671,0.5016348958015442,0.4153587520122528,0.5024710297584534,0.9599996209144592,1.0,1.0,1.0,0.9999998211860657,0.9999998211860657,0.9999998211860657,190847.390625,193242.0625,0.0,0.0,0.0,0.0,0.0,0.0,0.0,296.3810119628906,297.7510070800781,0.0,190669.140625,190669.140625,0.0,0.0,0.0,0.0,0.8656322956085205,0.8656322956085205,0.8656322956085205,0.8577585220336914,1190631.875,0.9959999918937683,0.9959999918937683,0.9959999918937683,0.9959999918937683,5708327.0,2744237.75,7374190.5,8452412.0,2606300.0,4006005.5,0.0039023731369525194,0.007814747281372547,1046.3819580078125,530.904541015625,531.4172973632812,531.04052734375,332.5173034667969,361.956787109375,332.3639221191406,198.38723754882812,169.46051025390625,198.67660522460938,1596.8724365234375,1046.3936767578125,349.679443359375,349.679443359375,349.679443359375,516.00927734375,516.00927734375,516.00927734375,2.9998629093170166,0.8354999423027039,0.8624395728111267,2.999861478805542,5.0,0.0040000081062316895,0.0040000081062316895,0.0040000081062316895,0.0040000081062316895,0.0,-0.4368000030517578,0.0,599972.5625,164.21421813964844,164.21421813964844,0.0,20.0,2783376.0,7.25,12.0,10.25,225.00091552734375,225.00091552734375,225.00091552734375,0.0,0.0,0.7926306128501892,0.9211652278900146,10000.0,10000.0,0.011826000176370144,1038.5,0.027953999117016792,0.0,0.0,1.0878000259399414,1.0809999704360962,9.000000136438757e-05,103.0,33.220001220703125,1.8179999589920044,0.029999999329447746,49.0,8.329999923706055,4.159999847412109,58.0,302.0,4.5,0.699999988079071,0.4000000059604645,7.5,1.3799999952316284,2.492000102996826,7000.0,48.88999938964844,1.2000000476837158,45.0,62000.0,4590000.0,4250000.0,15900000.0,15100000.0,0.05000000074505806,0.17000000178813934,0.009999999776482582,15220000.0,1.6699999570846558,312.7799987792969,1.1100000143051147,4232.0,0.25,689000.0,4030000.0,9.829999923706055,8.550000190734863,12200000.0,231.10000610351562,88.3239974975586,633.0,1.1430000066757202,0.6858000159263611,-10.0,-3.7799999713897705,0.7799999713897705,295.5,4030000.0,12400000.0,0.9200000166893005,5.0,0,0,0,228,160,0,0,0,0,0,0,0,0,1,1,0,0,1,1,1,0,1,0,0,1,0,0,1,1,1,0,0,0,0,0,0,0,0,0,0,0,0,1,0,0.9092240333557129,6266486.5,1.0877995491027832,0.9689093232154846,1.005818486213684,307.2288818359375,33.170467376708984,-0.002945852465927601,1,1,1,0,0,0,1,1,0,0,0,0,0,296,0.20000000298023224,0.20000000298023224,0.20000000298023224,0.0,2,0,0,0,0,0,0,0,0,0,0,0,0,0,0,0,0,0,0,0,0,0,0,0,0,0,0,0,0,0,0,0,0,0,0,0,0,0,0,0,0,0,0,0,0,0,0,0,0,0,0,1,0,0,0,0,0,0,0,0,0,0,0,0,0,0,0,0,0,0,0,0,0,0,0,0,0,0,0,0,0,0,0,0,0,0,0,0,0,0,0,0,0,0,0,0,0,0,0,0,0,0,0,0,0,0,0,0,0,0,0,0,0,0,0,0,0,0,0,0,0,0,0,0,0,0,0,0,0,0,0,0,0,0,0,0,0,0,0,0,0,0,0,1,0,0,0,0,0,0,0,0,0,0,0,-1,0,0,0,0,0,0,1,1,0,0,90.92240142822266,-3.3910202980041504,0.0,-0.5250512361526489,-1.6815581571897805e-44,309.0556945800781,307.2288818359375,702.1190795898438,-0.00014829197607468814,99.28997039794922,2664.11962890625,1.0877995491027832,1.005818486213684,-1.0,1.826812744140625,6.827850029367255e-06,0.018352730199694633,100.0,27.0,0.0,7.799991607666016,3.668679714202881,1.0,1.0,37.77101516723633,0.25965672731399536,20.0,2.3831273210817017e-05,0.0,74.07007598876953,1.7332937717437744,1.8179994821548462,0.00036938843550160527,0.6817498207092285,0.5432059168815613,28.550634384155273,8.919794082641602,19.329360961914062,16.86225128173828,0.5780896544456482,47.75790023803711,44.898040771484375,262.4669189453125,132.52545166015625,0.9629580974578857,323.62103271484375,40.007659912109375,0.29459047317504883,290.6419677734375,290.656494140625,290.63201904296875,323.76251220703125,323.91778564453125,323.7625732421875,100.0,4.875126361846924,53.72431182861328,143.49826049804688,307.2022399902344,307.2871398925781,307.1972961425781,340.30914306640625,48.849185943603516,34.51006317138672,143.49826049804688,0.0,0.9674510955810547,0.9715623259544373,0.967743456363678,89.34199523925781,89.33172607421875,89.25153350830078,63.94663619995117,63.94524002075195,63.94385528564453,50.9894905090332,50.9837646484375,50.838531494140625,99.22398376464844,99.00740051269531,98.9712142944336,1911.745849609375,1913.1021728515625,1911.25634765625,517.7697143554688,518.8333740234375,517.471435546875,29.0,0.0,48.0,0.5024710297584534,0.6724626421928406,0.4153587520122528,0.7097437977790833,0.5016348958015442,0.6726329922676086,41.0,78.36749267578125,63.41757583618164,225.8300323486328,97.11067962646484,9.999999974752427e-07,86.24925994873047,0.6312388777732849,155.43472290039062,0.992114782333374,721.2213745117188,39.87123489379883,31.427995681762695,1.0,9.474225044250488,77.89409637451172,0.0,0.9718579053878784,20.0,0.0,60.0,120.0,22.0,120.0,3.4548654556274414,0.0,0.0,978.0604248046875,18.088756561279297,89.19793701171875,2.0,200.0,0,0,228,228,228,228,220,228,228,228,160,0,99999,99999,11,402,1800,180,1800,998,20,978,90,23,0,0,0,806,1424,29,31,32,0,0,0,0,0,0,0,0,0,0,0,0,0,0,1,0,0,0,0,1,1,1,0,1,0,0,0,1,0,0,0,0,0,0,0,0,0,0,0,0,1,0,1,0,0,1,1,0,1,0,1,0,1,0,0,0,1,1,0,1,0,1,0,0,0,1,1,1,0,0,1,0,1,0,0,0,0,1,1,0,0,1,0,0,0,1,0,0,0,0,0,0,1,0,0,0,1,1,0,0,1,0,1,0,1,0,1,0,0,0,1,0,1,1,1,0,0,1,0,0,0,0,0,1,1,1,0,0,0,0,0,0,0,0,0,0,0,1,0,1,0,1,0,0,0,0,0,0,0,0,0,1,0,1,0,1,0,1,1,1,1,1,1,1,0,0,0,0,0,0,1,0,1,1,1,1,1,1,1,1,1,1,1,1,0,0,1,1,0,0,1,1,0,1,0,1,0,1,1,0,0,0,0,0,0,0,0,1,1,0,0,1,0,1,1,0,0,1,0,0,1,1,0,1,1,1,0,1,1,0,1,0,1,1,0,0,0,0,0,0,1,1,1,1,0,0,0,0,0,0,0,0,1,0,0,0,0,0,0,0,0,0,0,0,0,0,0,0,0,0,0,0,0,0,0,0,0,0,0,0,0,0,0,0,0,0,0,0,0,0,0,0,0,0,0,0,0,0,0,0,0,0,0,0,0,0,0,1,0,0,0,1,1,0,0,0,0,0,0,0,0,0,0,0,0,0,0,0,0,0,0,0,0,0,0,0,0,0,0,0,0,0,0,0,0,0,0,0,0,0,0,0,0,0,0,0,0,0,0,0,0,0,0,0,0,0,0,0,0,0,0,0,0,0,0,0,0,0,0,0,0,0,0,0,0,0,0,0,0,0,0,1,0,1,0,0,0,0,0,1,0,0,0,0,0,0,0,0,0,0,0,0,0,0,0,1,0,0,0,0,0,0,0,0,0,0,0,0,0,0,1,0,0,0,0,0,0,0,0,0,0,1,0,0,0,0,0,0,0,0,0,0,0,0,0,0,0,0,0,0,0,0,0,0,0,0,0,0,0,1,0,0,0,0,0,0,1,1,1,0,0,0,0,0,0,-1,0,0,0,0,0,0,0,0,-1,0,0,-1,0,0,0,0,0,0,0,0,0,0,0,0,0,0,0,0,0,0,1,0,0,0,0,0,0,0,0,0,0,0,0,0,0,0,0,1,1,0,-1,-1,-1,1,1,1,0,0,0,0,1,0,0,1,1,0,0,0,0,1,0,0,0,0,0,0,0,0,0,0,0,0,0,0,0,0,0,0,0,0,0,0,0,0,0,0,0,0,0,1,1,0,1,0,1,1,0,1,0,1,1,0,1,0,0,1,0,0,0,0,0,0,0,0,0,0,0,0,0,0,0,0,0,0,0,0,0,0,0,0,0,0
0,1,1,300,228,8,8,228,114,25,1,0,0.0020000000949949026,4000.0,1.0,0.04500000178813934,25.0,48.0,8.0,291.70001220703125,1.7000000476837158,-3.179999907843012e-07,0.007360000163316727,0.008080000057816505,8.0,0.33000001311302185,0.0333000011742115,1.0,9.999999747378752e-06,21.0,9.999999747378752e-06,2775000064.0,9.000000136438757e-05,4.999999980020986e-13,5.0,40.0,3.0,-3.3499999046325684,3.3499999046325684,0.5,0.0004799999878741801,292.3927001953125,492.6077880859375,-0.0036125299520790577,0.002354159951210022,0.0008944629807956517,0.013157900422811508,0.800646185874939,0.02024419978260994,2650129920.0,0.006539999973028898,228,228,228,228,228,228,228,228,228,228,228,228,228,228,228,228,228,228,228,228,228,228,228,228,220,220,220,220,228,228,228,228,228,228,228,228,228,228,228,228,228,228,228,228,228,228,228,228,228,228,228,228,0,1,4,4,228,228,228,220,228,228,228,228,3,0,0.00040182197699323297,291.24517822265625,635.888427734375,713.6417846679688,795.449951171875,874.36181640625,995.6911010742188,1026.642333984375,1037.506103515625,1023.9373779296875,989.5610961914062,937.3698120117188,865.3300170898438,786.782958984375,708.5155029296875,637.3143310546875,568.1259155273438,512.1271362304688,470.0574951171875,441.66162109375,424.61590576171875,417.8929138183594,418.9156188964844,424.4788818359375,431.3775634765625,436.4066162109375,0.006217517424374819,0.6941600441932678,0.7719588279724121,-0.00015031654038466513,0.7555233240127563,0.9805207252502441,107736.9296875,3.333168206154369e-05,0.31684765219688416,0.7060840129852295,0.907272458076477,0.907921314239502,0.02232067659497261,1.0,-1.6815581571897805e-44,-3.3919517993927,0.0,99.28982543945312,2664.1337890625,0.9436419606208801,701.0445556640625,228.0,72.0,19.99703025817871,0.800000011920929,0.0,309.048583984375,280631.40625,-0.5248451232910156,6.401549339294434,130.28829956054688,1.269608497619629,7750000.0,8160000.0,86.12000274658203,119.0999984741211,0.5,9.999999747378752e-05,0.0,3.299999952316284,200.0,0.30000001192092896,309.20001220703125,2.439019908706541e-06,0,0,0,1,1,1,0,24,0,307.1428527832031,0.0,0.0,0.0,0.0,0.0,0.0,0.5010361671447754,0.8712769746780396,0.5183917284011841,-0.008677780628204346,-0.0020823802333325148,-0.002235154854133725,0.5086777806282043,0.5101325511932373,0.5101979374885559,1.0,25.0,24.0,6261941.0,6262080.5,6262215.0,290.56060791015625,290.58599853515625,290.57086181640625,323.6603698730469,323.8191833496094,323.6602478027344,4400000.0,307.1104736328125,307.20257568359375,307.11553955078125,33.099761962890625,33.233184814453125,33.089385986328125,323.5136413574219,4551.8662109375,4553.5205078125,4563.45849609375,12.837919235229492,12.849432945251465,12.851025581359863,11.774932861328125,0.0,0.0,0.0020000000949949026,290.5724792480469,323.7132568359375,-41.96799850463867,1.6535228490829468,1.6582523584365845,1.6584745645523071,-14.00539779663086,39.0,40.0,42.0,41.0,0.0,0.0,6260418.5,6208831.5,76.60819244384766,5.0,0.014999999664723873,-180000.0,600.0,1000000.0,400000.0,0.17000000178813934,22000.0,786000.0,120000.0,0.0,40.0,30.0,36.810001373291016,0.5,18.399999618530273,50000.0,115692.3984375,15.113750457763672,0,0,1,0,0,0,0,14032198.0,0.0,0.0,0.0,0.0,0.0,-1360050.0,400000.0,1000000.0,1.0,1400000.0,0.0,0.48719140887260437,14039950.0,126869.6328125,14032198.0,340.31097412109375,40.007659912109375,4.867518424987793,-1360050.0,0.0,0.0,0.0,3.4422340393066406,40.007659912109375,0.0,22230.939453125,1.2010046243667603,0.0,0.0,0.0,20.0,14.711517333984375,22.0,0.0,0.0,0.0,0.05000000074505806,0.02500000037252903,0.17000000178813934,15400000.0,0.5,6.25,0.0006667000125162303,2.0,2410000.0,4140000.0,4.734799861907959,0.15000000596046448,0.20000000298023224,0.2199999988079071,1.0,0.0,-1.0,0.0,5.0,20.0,30.0,50.0,74.0,80.0,86.0,9.800000190734863,500000.0,1.0499999802959792e-07,0.5,750.0,1000.0,600.0,1000.0,1150.0,32.0,32.0,37.400001525878906,10.0,10.0,0.007000000216066837,0.5049999952316284,82.0,189.26499938964844,0.0,1.5099999904632568,231.60000610351562,20.0,36.0,16.600000381469727,16.5,225.0,-0.1756729930639267,27.5,-0.1756729930639267,30.485509872436523,0.1561516970396042,11.10221004486084,-1.8332500457763672,-75.0,4.3520002365112305,9.800000190734863,189.26499938964844,93.30000305175781,2650000.0,0.8500000238418579,7.570000171661377,0,1,0,0,0,0,0,0,0,0,0,1,3,3,0,0,1,1,0,0,0,0,0,0,0,0,0,0,1,0,0,0,0,0,0,0,0,0,0,1,0,0,0,0,0,0,0,0,0,0,12.057267189025879,29060.900390625,2153.699951171875,0.0004149008891545236,0.0004361289902590215,0.0006248649442568421,1.0,1.0,0.0,0.0,0.0,0.5792567729949951,0.5690217614173889,1.0,0.0,0.0,0.0,1.0,0.0,0.0,1.0,1.0,0.0,1.0,1.0,0.00972449779510498,0.0,1.0,0.0,0.6340916156768799,0.6382282376289368,0.0004149008891545236,0.0,0.0,0.0,99998.78125,99999.0,2796344.0,2410000.0,36.20000076293945,36.20000076293945,36.20000076293945,32.44094467163086,262.0435791015625,132.202392578125,47.65155792236328,26.321453094482422,37.459442138671875,27.0,28.450862884521484,27.0,0.0,32.0,20.0,68.57752227783203,3446668.0,0.5432059168815613,3.7799999713897705,4.695432662963867,8.919794082641602,0.0,0.0,0.0,1.401298464324817e-45,5.364318370819092,5.364318370819092,0.5049998760223389,0.5049998760223389,0.5049998760223389,0.18937495350837708,0.18937495350837708,0.18937495350837708,0.0,0.0,0.0,0.0,0.0,0.0,5.294999599456787,0.0,0.0,0.0,0.0,0.0,0.0,100.0,74.06840515136719,0.5359294414520264,0.0,20.0,0.0,5.312152862548828,5.634659290313721,0.0,0.0,0.0,0.007000000216066837,0.0,0.0,9.986608505249023,0.0,1.7332772016525269,1.401298464324817e-45,5.642307281494141,0.0,0.0,0.0,0.0,0.0,0.0,20.0,0.0,0.0,13730587.0,0.0,0.0,0.0,0.0,0.0,0.0,0.0,0.351500004529953,18.93000030517578,23.030000686645508,7.69199959904654e-06,0.08500000089406967,0.009999999776482582,24.0,27.0,8.800000190734863,500000.0,0.05000000074505806,2.7000000013543968e-09,2.7000000013543968e-09,145100.0,120000.0,14650000.0,86400.0,17.0,34.5,48.70000076293945,321.8999938964844,83170.0,0.0,1.0,1.0,0.0010000000474974513,725.0,0.0,0.5,0.0,0.0,57.31999969482422,837142.875,9359.77734375,117376.1015625,2623.89794921875,83026.390625,725.0,1.0204100362898316e-05,740000000.0,1,0,1,0,1,0,1,0,0,0,0,8.799991607666016,27.0,2432.011962890625,0.0,0.0,0.0,0.0,0.9768183827400208,0.0004014355654362589,0.0,0.01870703510940075,37.82379913330078,1.0,25460.84375,4748.1728515625,2.4291535737575032e-05,2557656320.0,4173906944.0,2792428288.0,4181388288.0,-76.20357513427734,35.521240234375,-190579376.0,-7481088.0,5.642307281494141,1537.5828857421875,81.84587860107422,1502.0616455078125,106381.3984375,3805.810546875,145327.546875,158859.953125,123460.84375,30.000041961669922,37.82379913330078,37.82379913330078,1.0,2.4291535737575032e-05,4748.1728515625,870037127168.0,0.19891200959682465,137600.0,137600.0,99299704.0,76.66299438476562,6076.0810546875,1.0,0.0,1700.0,250000.0,10000.0,1038.0,0.004999999888241291,400.0,5000.0,0,0,0,0,2961821.75,64.47772979736328,64.47772979736328,1224193.0,2783778.25,1.0,1.0,1222413.25,227.91387939453125,6210356.5,1.0,0.9919638633728027,1.0,1.0,1031.0458984375,276.9422302246094,189.0797119140625,125.6640625,6108621.0,806842.625,189.0797119140625,1.0,1.0,1.0,134.88400268554688,1550.9559326171875,790.0700073242188,0.0,0.0,0.0,7680000.0,514.5899658203125,515.9979248046875,517.36767578125,0.0,2783778.25,0.0,128.95545959472656,0.0,0.0,277.7576904296875,1.0,0.0,-7.5742998123168945,0.0,5.605193857299268e-45,9.999999974752427e-07,0.0,2.0,0.0003000000142492354,0.004999999888241291,0.0010000000474974513,2.0000000233721948e-07,2.0000000233721948e-07,0.0005555999814532697,993000000.0,1.0,0.05000000074505806,0.10000000149011612,0.0005000000237487257,0.0016700000269338489,0.009999999776482582,1.0,1.0,0.0010000000474974513,4.999999873689376e-05,0.00039999998989515007,0.019999999552965164,0.9891999959945679,0.9891999959945679,0.9950000047683716,0.9950000047683716,1,0,0,0,0,1,0,0,1,0,1,0,0,0,0.9845499992370605,977658176.0,62552.69921875,4800546.5,1151.0458984375,2545916.25,1425.257568359375,1.0,2330122.25,0.9713348746299744,1.0,60.0,180.0,1800.0,1800.0,1.0047005414962769,0.019808992743492126,1.0,1.0,-0.012236599810421467,0.0,0.0,0.0,0.0,-0.00013750791549682617,6.602997746085748e-05,0.0,0.0,6.602997746085748e-05,0.0,6.602997746085748e-05,6.602997746085748e-05,0.0,7.006492321624085e-44,1,1,0,1,1,1,0,1,1,0,1,0,1,1,1,1,1,1,1,1,0,1000,1000,0,1,5001,5001,220.0,3453.64990234375,120.0,120.0,60.0,0.0,0.4000000059604645,0.10000000149011612,0.10000000149011612,2.0,500.0,200.0,0.9900000095367432,300000.0,5000.0,45000.0,20000.0,0.019999999552965164,2.0,0.05000000074505806,0.019999999552965164,6.0,0.05000000074505806,0.019999999552965164,0.019999999552965164,88.30000305175781,0.10000000149011612,0.800000011920929,0.05000000074505806,0.009999999776482582,50.0,50.0,340.0,340.0,1000000.0,1,1,1,1,1,1,1,1,1,1,0,0,0,1,1,0,1.0,0.0,0.0,0.0,0.0010044374503195286,0.0,0.0,0.0,0.9181320071220398,0.9181320071220398,0.9181320071220398,5000.400390625,3902528.5,3907529.0,50.0,27.616666793823242,0.4000000059604645,0.0,0.0,0.10000000149011612,0.16172803938388824,1.0,45000.0,20.0,29.266555786132812,778944.375,33.367286682128906,4589.00537109375,721.2213745117188,0.7789443731307983,0.9181525707244873,9.474185943603516,1.0,3221223.0,3304317.0,9.718579292297363,20.0,0.27418801188468933,27.418800354003906,0.0,636.4223022460938,411.3381042480469,100000.0,50000.0,1115.300048828125,50000.0,700.0,2000.0,2800000.0,3500000.0,4000000.0,9.999999747378752e-05,4.999999873689376e-05,500.0,20000.0,100.0,500.0,60000.0,1200.0,1.0,120.0,150000.0,3000.0,300.0,1.0,300.0,0.019999999552965164,0.019999999552965164,0.009999999776482582,0.009999999776482582,0.009999999776482582,0.019999999552965164,1.100000023841858,0.019999999552965164,4.0,0.019999999552965164,88.0,1613.0,0.009999999776482582,0.20000000298023224,3.0,5.0,600.0,0.0010000000474974513,88.0,88.0,2000.0,2340.0,-0.11599799990653992,-0.03561130166053772,-0.04758000001311302,-0.01752999983727932,0,0,0,0,0,1,0,520.990478515625,520.990478515625,2.09234619140625,2.09234619140625,0.01688869297504425,31.427978515625,164.2140350341797,1596.633544921875,1046.8582763671875,795.1234741210938,795.1234741210938,3.19329833984375,3.19329833984375,1597.2744140625,540.8204345703125,0.0,0.0,2665639.5,20.00048065185547,20.00048065185547,156.24008178710938,156.24008178710938,65718.2265625,65718.2265625,1.0953037738800049,1.0953037738800049,113.95693969726562,113.95693969726562,24.998558044433594,24.998558044433594,104596.4765625,104596.4765625,25.00840950012207,155.4311065673828,158.42291259765625,2644578.75,20.00048065185547,20.00048065185547,226.4952850341797,226.4952850341797,155.8922576904297,155.8922576904297,652268.875,652268.875,0.0,114.36453247070312,114.36453247070312,228.74595642089844,160178.109375,160178.109375,1.0678540468215942,1.0678540468215942,225.81654357910156,155.8922576904297,274.1773376464844,137.0886688232422,137.0886688232422,203.5621337890625,203.5621337890625,407.124267578125,0.0,0.0,0.0,137.0713653564453,137.0713653564453,203.5621337890625,203.5621337890625,0.026315800845623016,13.051989555358887,0.20000000298023224,0.8396492004394531,0.8860164284706116,0.8393869400024414,0.5010361671447754,0.4147528409957886,0.5018488764762878,0.9599996209144592,1.0,1.0,1.0,0.9999998211860657,0.9999998211860657,0.9999998211860657,190847.015625,193242.0625,0.0,0.0,0.0,0.0,0.0,0.0,0.0,296.3810119628906,297.7510070800781,0.0,190679.609375,190679.609375,0.0,0.0,0.0,0.0,0.8652650713920593,0.8652650713920593,0.8652650713920593,0.8582911491394043,1190358.75,0.9959999918937683,0.9959999918937683,0.9959999918937683,0.9959999918937683,5704799.0,2744706.5,7372326.0,8449347.0,2606300.0,4006103.5,0.0039025284349918365,0.007815057411789894,1046.1656494140625,530.7907104492188,531.2774658203125,530.86767578125,332.4255065917969,361.8785705566406,332.2334289550781,198.36520385742188,169.39889526367188,198.63424682617188,1596.650390625,1046.1773681640625,349.6288757324219,349.6288757324219,349.6288757324219,515.4260864257812,515.4260864257812,515.4260864257812,2.999866485595703,0.8342227935791016,0.862358033657074,2.9998652935028076,5.0,0.0040000081062316895,0.0040000081062316895,0.0040000081062316895,0.0040000081062316895,0.0,-0.4368000030517578,0.0,599973.3125,164.2140350341797,164.2140350341797,0.0,20.0,2783409.0,7.25,12.0,10.25,224.9888916015625,224.9888916015625,224.9888916015625,0.0,0.0,0.7926306128501892,0.9211652278900146,10000.0,10000.0,0.011826000176370144,1038.5,0.027953999117016792,0.0,0.0,1.0878000259399414,1.0809999704360962,9.000000136438757e-05,103.0,33.220001220703125,1.8179999589920044,0.029999999329447746,49.0,8.329999923706055,4.159999847412109,58.0,302.0,4.5,0.699999988079071,0.4000000059604645,7.5,1.3799999952316284,2.492000102996826,7000.0,48.88999938964844,1.2000000476837158,45.0,62000.0,4590000.0,4250000.0,15900000.0,15100000.0,0.05000000074505806,0.17000000178813934,0.009999999776482582,15220000.0,1.6699999570846558,312.7799987792969,1.1100000143051147,4232.0,0.25,689000.0,4030000.0,9.829999923706055,8.550000190734863,12200000.0,231.10000610351562,88.3239974975586,633.0,1.1430000066757202,0.6858000159263611,-10.0,-3.7799999713897705,0.7799999713897705,295.5,4030000.0,12400000.0,0.9200000166893005,5.0,0,0,0,228,159,0,0,0,0,0,0,0,0,1,1,0,0,1,1,1,0,1,0,0,1,0,0,1,1,1,0,0,0,0,0,0,0,0,0,0,0,0,1,0,0.907272458076477,6261941.0,1.0877995491027832,0.9682605862617493,1.0053050518035889,307.1645812988281,33.148258209228516,-0.0030952428933233023,1,1,1,0,0,0,1,1,0,0,0,0,0,299,0.20000000298023224,0.20000000298023224,0.20000000298023224,0.0,2,0,0,0,0,0,0,0,0,0,0,0,0,0,0,0,0,0,0,0,0,0,0,0,0,0,0,0,0,0,0,0,0,0,0,0,0,0,0,0,0,0,0,0,0,0,0,0,0,0,0,1,0,0,0,0,0,0,0,0,0,0,0,0,0,0,0,0,0,0,0,0,0,0,0,0,0,0,0,0,0,0,0,0,0,0,0,0,0,0,0,0,0,0,0,0,0,0,0,0,0,0,0,0,0,0,0,0,0,0,0,0,0,0,0,0,0,0,0,0,0,0,0,0,0,0,0,0,0,0,0,0,0,0,0,0,0,0,0,0,0,0,0,1,0,0,0,0,0,0,0,0,0,0,0,-1,0,0,0,0,0,0,1,1,0,0,90.72724914550781,-3.3919517993927,0.0,-0.5248451232910156,-1.6815581571897805e-44,309.048583984375,307.1645812988281,701.0445556640625,-0.00015031654038466513,99.28982543945312,2664.1337890625,1.0877995491027832,1.0053050518035889,-1.0,1.884002685546875,6.827850029367255e-06,0.01870703510940075,100.0,27.0,0.0,7.799991607666016,3.6765265464782715,1.0,1.0,37.82379913330078,0.25980499386787415,20.0,2.4291535737575032e-05,0.0,74.06840515136719,1.7332772016525269,1.8179994821548462,0.00036938843550160527,0.6817498207092285,0.5432059168815613,28.5341739654541,8.919794082641602,19.311546325683594,16.90355682373047,0.5792567729949951,47.65155792236328,44.898040771484375,262.0435791015625,132.202392578125,0.9627172946929932,323.5409240722656,40.007659912109375,0.29459047317504883,290.58868408203125,290.6036376953125,290.57855224609375,323.6861877441406,323.8440246582031,323.6864318847656,100.0,4.87380313873291,53.59294509887695,143.2650604248047,307.137451171875,307.22381591796875,307.13250732421875,340.310546875,48.719139099121094,34.444496154785156,143.2650604248047,0.0,0.966778039932251,0.9709516763687134,0.9670811295509338,89.3600082397461,89.34915161132812,89.26902770996094,63.9002685546875,63.89889907836914,63.89747619628906,51.01979446411133,51.01325607299805,50.86777877807617,99.21295166015625,98.99685668945312,98.96095275878906,1911.12353515625,1912.598876953125,1910.8465576171875,517.4710083007812,518.5587158203125,517.1593627929688,29.0,0.0,48.0,0.5018488764762878,0.6715095639228821,0.4147528409957886,0.7088131308555603,0.5010361671447754,0.6717193722724915,41.0,78.36749267578125,63.37110137939453,225.81654357910156,97.05606842041016,9.999999974752427e-07,86.21798706054688,0.6313676238059998,155.4311065673828,0.9919638633728027,721.2213745117188,39.87281799316406,31.427978515625,1.0,9.474185943603516,77.89443969726562,0.0,0.9718579053878784,20.0,0.0,60.0,120.0,22.0,120.0,3.4536499977111816,0.0,0.0,977.658203125,18.088756561279297,89.19793701171875,2.0,200.0,0,0,228,228,228,228,220,228,228,228,159,0,99999,99999,11,402,1800,180,1800,998,20,977,90,23,0,0,0,806,1424,29,31,32,0,0,0,0,0,0,0,0,0,0,0,0,0,0,1,0,0,0,0,1,1,1,0,1,0,0,0,1,0,0,0,0,0,0,0,0,0,0,0,0,1,0,1,0,0,1,1,0,1,0,1,0,1,0,0,0,1,1,0,1,0,1,0,0,0,1,1,0,0,0,1,0,1,0,0,0,0,0,1,0,0,1,0,0,0,1,0,0,0,0,0,0,1,0,0,0,1,1,0,0,1,0,1,0,1,0,1,0,0,0,1,0,1,1,1,0,0,1,0,0,0,0,0,1,1,1,0,0,0,0,0,0,0,0,0,0,0,1,0,1,0,1,0,0,0,0,0,0,0,0,0,1,0,1,0,1,0,1,1,1,1,1,1,1,0,0,0,0,0,0,1,0,1,1,1,1,1,1,1,1,1,1,1,0,0,0,1,1,0,0,1,1,0,1,0,1,0,1,1,0,0,0,0,0,0,0,0,1,1,0,0,1,0,1,1,0,0,1,0,0,1,1,0,1,1,1,0,1,1,0,1,0,1,1,0,0,0,0,0,0,1,1,1,1,0,0,0,0,0,0,0,0,0,0,0,0,0,0,0,0,0,0,0,0,0,0,0,0,0,0,0,0,0,0,0,0,0,0,0,0,0,0,0,0,0,0,0,0,0,0,0,0,0,0,0,0,0,0,0,0,0,0,0,0,0,0,0,0,0,0,0,0,0,0,0,0,0,0,0,0,0,0,0,0,0,0,0,0,0,0,0,0,0,0,0,0,0,0,0,0,0,0,0,0,0,0,0,0,0,0,0,0,0,0,0,0,0,0,0,0,0,0,0,0,0,0,0,0,0,0,0,0,0,0,0,0,0,0,0,0,0,0,0,0,0,0,0,0,0,0,0,1,0,1,0,0,0,0,0,1,0,0,0,0,0,0,0,0,0,0,0,0,0,0,0,1,0,0,0,0,0,0,0,0,0,0,0,0,0,0,1,0,0,0,0,0,0,0,0,0,0,1,0,0,0,0,0,0,0,0,0,0,0,0,0,0,0,0,0,0,0,0,0,0,0,0,0,0,0,1,0,0,0,0,0,0,1,1,1,0,0,0,0,0,0,-1,0,0,0,0,0,0,0,0,-1,0,0,-1,0,0,0,0,0,0,0,0,0,0,0,0,0,0,0,0,0,0,1,0,0,0,0,0,0,0,0,0,0,0,0,0,0,0,0,1,1,0,-1,-1,-1,1,1,1,0,0,0,0,1,0,0,1,1,0,0,0,0,1,0,0,0,0,0,0,0,0,0,0,0,0,0,0,0,0,0,0,0,0,0,0,0,0,0,0,0,0,0,1,1,0,1,0,1,1,0,1,0,1,1,0,1,0,0,1,0,0,0,0,0,0,0,0,0,0,0,0,0,0,0,0,0,0,0,0,0,0,0,0,0,0
0,1,1,300,228,8,8,228,114,25,1,0,0.0020000000949949026,4000.0,1.0,0.04500000178813934,25.0,48.0,8.0,291.70001220703125,1.7000000476837158,-3.179999907843012e-07,0.007360000163316727,0.008080000057816505,8.0,0.33000001311302185,0.0333000011742115,1.0,9.999999747378752e-06,21.0,9.999999747378752e-06,2775000064.0,9.000000136438757e-05,4.999999980020986e-13,5.0,40.0,3.0,-3.3499999046325684,3.3499999046325684,0.5,0.0004799999878741801,292.3927001953125,492.6077880859375,-0.0036125299520790577,0.002354159951210022,0.0008944629807956517,0.013157900422811508,0.800646185874939,0.02024419978260994,2650129920.0,0.006539999973028898,228,228,228,228,228,228,228,228,228,228,228,228,228,228,228,228,228,228,228,228,228,228,228,228,220,220,220,220,228,228,228,228,228,228,228,228,228,228,228,228,228,228,228,228,228,228,228,228,228,228,228,228,0,1,4,4,228,228,228,220,228,228,228,228,3,0,0.00040182197699323297,291.1932373046875,634.94970703125,712.4401245117188,793.970458984375,872.615234375,993.5463256835938,1024.4132080078125,1035.2779541015625,1021.7940673828125,987.567626953125,935.5744018554688,863.7869873046875,785.4999389648438,707.4813232421875,636.4989624023438,567.50634765625,511.6611633300781,469.70758056640625,441.39715576171875,424.41607666015625,417.7406005859375,418.7979431152344,424.3883361816406,431.31195068359375,436.3690185546875,0.006496980786323547,0.6927549839019775,0.7719576358795166,-0.0001498153287684545,0.7555267214775085,0.9801207184791565,107499.2578125,3.324559656903148e-05,0.3165004253387451,0.7046211361885071,0.9053823351860046,0.9059995412826538,0.022326843813061714,1.0,-1.6815581571897805e-44,-3.392871856689453,0.0,99.28966522216797,2664.1484375,0.9436461925506592,699.962890625,228.0,72.0,20.672651290893555,0.4000000059604645,0.0,309.04119873046875,280631.96875,-0.5246275663375854,6.399996757507324,130.28829956054688,1.270699381828308,7750000.0,8160000.0,86.12000274658203,119.0999984741211,0.5,9.999999747378752e-05,0.0,3.299999952316284,200.0,0.30000001192092896,309.20001220703125,2.439019908706541e-06,0,0,0,1,1,1,0,24,0,307.0767517089844,0.0,0.0,0.0,0.0,0.0,0.0,0.5004328489303589,0.87117999792099,0.5183775424957275,-0.008972346782684326,-0.0021702335216104984,-0.0023374164011329412,0.5089723467826843,0.5104278922080994,0.5105016231536865,1.0,25.0,24.0,6257361.0,6257504.0,6257637.0,290.5064697265625,290.5322265625,290.516845703125,323.5809631347656,323.7431945800781,323.5808410644531,4400000.0,307.043701171875,307.1376953125,307.048828125,33.074493408203125,33.210968017578125,33.063995361328125,323.4297180175781,4551.3935546875,4553.05126953125,4562.953125,12.84045696258545,12.851945877075195,12.853623390197754,11.73260498046875,0.0,0.0,0.0020000000949949026,290.5185241699219,323.635009765625,-42.70866394042969,1.6544815301895142,1.6592127084732056,1.6594611406326294,-14.265546798706055,39.0,40.0,42.0,41.0,0.0,0.0,6255822.0,6204224.5,76.44689178466797,5.0,0.014999999664723873,-180000.0,600.0,1000000.0,400000.0,0.17000000178813934,22000.0,786000.0,120000.0,0.0,40.0,30.0,36.810001373291016,0.5,18.399999618530273,50000.0,115692.3984375,15.113750457763672,0,0,1,0,0,0,0,14008575.0,0.0,0.0,0.0,0.0,0.0,-1383493.0,400000.0,1000000.0,1.0,1400000.0,0.0,0.48586374521255493,14016507.0,126869.6328125,14008575.0,340.312255859375,40.007659912109375,4.85415506362915,-1383493.0,0.0,0.0,0.0,3.4354965686798096,40.007659912109375,0.0,22230.939453125,1.2010046243667603,0.0,0.0,0.0,20.0,14.711517333984375,22.0,0.0,0.0,0.0,0.05000000074505806,0.02500000037252903,0.17000000178813934,15400000.0,0.5,6.25,0.0006667000125162303,2.0,2410000.0,4140000.0,4.734799861907959,0.15000000596046448,0.20000000298023224,0.2199999988079071,1.0,0.0,-1.0,0.0,5.0,20.0,30.0,50.0,74.0,80.0,86.0,9.800000190734863,500000.0,1.0499999802959792e-07,0.5,750.0,1000.0,600.0,1000.0,1150.0,32.0,32.0,37.400001525878906,10.0,10.0,0.007000000216066837,0.5049999952316284,82.0,189.26499938964844,0.0,1.5099999904632568,231.60000610351562,20.0,36.0,16.600000381469727,16.5,225.0,-0.1756729930639267,27.5,-0.1756729930639267,30.485509872436523,0.1561516970396042,11.10221004486084,-1.8332500457763672,-75.0,4.3520002365112305,9.800000190734863,189.26499938964844,93.30000305175781,2650000.0,0.8500000238418579,7.570000171661377,0,1,0,0,0,0,0,0,0,0,0,1,3,3,0,0,1,1,0,0,0,0,0,0,0,0,0,0,1,0,0,0,0,0,0,0,0,0,0,1,0,0,0,0,0,0,0,0,0,0,12.05714225769043,29060.69921875,2153.699951171875,0.0004148994339630008,0.0004361289902590215,0.0006248649442568421,1.0,1.0,0.0,0.0,0.0,0.5804235935211182,0.5701912641525269,1.0,0.0,0.0,0.0,1.0,0.0,0.0,1.0,1.0,0.0,1.0,1.0,0.009582042694091797,0.0,1.0,0.0,0.6337198615074158,0.6379150748252869,0.0004148994339630008,0.0,0.0,0.0,99998.78125,99999.0,2794704.5,2410000.0,36.20000076293945,36.20000076293945,36.20000076293945,32.44398880004883,261.6197509765625,131.87925720214844,47.545005798339844,26.32634735107422,37.42236328125,27.0,28.440397262573242,27.0,0.0,32.0,20.0,68.57752227783203,3446668.0,0.5432059168815613,3.7799999713897705,4.706895351409912,8.919794082641602,0.0,0.0,0.0,1.401298464324817e-45,5.3592658042907715,5.3592658042907715,0.5049998760223389,0.5049998760223389,0.5049998760223389,0.18937495350837708,0.18937495350837708,0.18937495350837708,0.0,0.0,0.0,0.0,0.0,0.0,5.294999599456787,0.0,0.0,0.0,0.0,0.0,0.0,100.0,74.06665802001953,0.5345890522003174,0.0,20.0,0.0,5.307913303375244,5.646129131317139,0.0,0.0,0.0,0.007000000216066837,0.0,0.0,9.998074531555176,0.0,1.733259916305542,1.401298464324817e-45,5.6537699699401855,0.0,0.0,0.0,0.0,0.0,0.0,20.0,0.0,0.0,13707006.0,0.0,0.0,0.0,0.0,0.0,0.0,0.0,0.351500004529953,18.93000030517578,23.030000686645508,7.69199959904654e-06,0.08500000089406967,0.009999999776482582,24.0,27.0,8.800000190734863,500000.0,0.05000000074505806,2.7000000013543968e-09,2.7000000013543968e-09,145100.0,120000.0,14650000.0,86400.0,17.0,34.5,48.70000076293945,321.8999938964844,83170.0,0.0,1.0,1.0,0.0010000000474974513,725.0,0.0,0.5,0.0,0.0,57.31999969482422,837142.875,9359.77734375,117376.1015625,2623.89794921875,83026.390625,725.0,1.0204100362898316e-05,740000000.0,1,0,1,0,1,0,1,0,0,0,0,8.799991607666016,27.0,2477.977783203125,0.0,0.0,0.0,0.0,0.9952884316444397,0.0004014665028080344,0.0,0.01906060427427292,37.876182556152344,1.0,25475.328125,4832.95703125,2.4750841475906782e-05,2553304320.0,4170920448.0,2789727488.0,4179050752.0,-76.02303314208984,35.9190673828125,-192400336.0,-8130880.0,5.6537699699401855,1537.123779296875,81.67680358886719,1501.2047119140625,106381.3984375,3816.009033203125,145363.3125,159079.96875,123475.328125,30.60004425048828,37.876182556152344,37.876182556152344,1.0,2.4750841475906782e-05,4832.95703125,875284660224.0,0.19896924495697021,137600.0,137600.0,99073368.0,76.5029067993164,6090.455078125,1.0,0.0,1700.0,250000.0,10000.0,1038.0,0.004999999888241291,400.0,5000.0,0,0,0,0,2961744.75,64.4677505493164,64.4677505493164,1223963.0,2783810.25,1.0,1.0,1221996.5,227.88417053222656,6205768.5,1.0,0.991809070110321,1.0,1.0,1030.879150390625,276.8954162597656,189.06393432617188,125.55992889404297,6104125.5,806770.625,189.06393432617188,1.0,1.0,1.0,134.79945373535156,1550.068115234375,789.9334716796875,0.0,0.0,0.0,7680000.0,514.2789916992188,515.71435546875,517.0744018554688,0.0,2783810.25,0.0,128.9355010986328,0.0,0.0,277.7087707519531,1.0,0.0,-7.5742998123168945,0.0,5.605193857299268e-45,9.999999974752427e-07,0.0,2.0,0.0003000000142492354,0.004999999888241291,0.0010000000474974513,2.0000000233721948e-07,2.0000000233721948e-07,0.0005555999814532697,993000000.0,1.0,0.05000000074505806,0.10000000149011612,0.0005000000237487257,0.0016700000269338489,0.009999999776482582,1.0,1.0,0.0010000000474974513,4.999999873689376e-05,0.00039999998989515007,0.019999999552965164,0.9891999959945679,0.9891999959945679,0.9950000047683716,0.9950000047683716,1,0,0,0,0,1,0,0,1,0,1,0,0,0,0.9841358661651611,977246912.0,62518.67578125,4798634.0,1150.365478515625,2545930.5,1424.4732666015625,1.0,2330187.75,0.9715330004692078,1.0,60.0,180.0,1800.0,1800.0,1.0047005414962769,0.019808992743492126,1.0,1.0,-0.012236599810421467,0.0,0.0,0.0,0.0,-0.00013881921768188477,6.602997746085748e-05,0.0,0.0,6.602997746085748e-05,0.0,6.602997746085748e-05,6.602997746085748e-05,0.0,7.006492321624085e-44,1,1,0,1,1,1,0,1,1,0,1,0,1,1,1,1,1,1,1,1,0,1000,1000,0,1,5001,5001,220.0,3452.40771484375,120.0,120.0,60.0,0.0,0.4000000059604645,0.10000000149011612,0.10000000149011612,2.0,500.0,200.0,0.9900000095367432,300000.0,5000.0,45000.0,20000.0,0.019999999552965164,2.0,0.05000000074505806,0.019999999552965164,6.0,0.05000000074505806,0.019999999552965164,0.019999999552965164,88.30000305175781,0.10000000149011612,0.800000011920929,0.05000000074505806,0.009999999776482582,50.0,50.0,340.0,340.0,1000000.0,1,1,1,1,1,1,1,1,1,1,0,0,0,1,1,0,1.0,0.0,0.0,0.0,0.0009431249927729368,0.0,0.0,0.0,0.9181306958198547,0.9181306958198547,0.9181306958198547,5000.40185546875,3902687.75,3907688.25,50.0,27.616626739501953,0.4000000059604645,0.0,0.0,0.10000000149011612,0.16160856187343597,1.0,45000.0,20.0,29.265413284301758,778947.75,33.3656005859375,4589.00244140625,721.2213745117188,0.7789477705955505,0.9181486964225769,9.474145889282227,1.0,3221209.5,3304317.0,9.718579292297363,20.0,0.27423349022865295,27.423349380493164,0.0,636.4223022460938,411.3888854980469,100000.0,50000.0,1115.300048828125,50000.0,700.0,2000.0,2800000.0,3500000.0,4000000.0,9.999999747378752e-05,4.999999873689376e-05,500.0,20000.0,100.0,500.0,60000.0,1200.0,1.0,120.0,150000.0,3000.0,300.0,1.0,300.0,0.019999999552965164,0.019999999552965164,0.009999999776482582,0.009999999776482582,0.009999999776482582,0.019999999552965164,1.100000023841858,0.019999999552965164,4.0,0.019999999552965164,88.0,1613.0,0.009999999776482582,0.20000000298023224,3.0,5.0,600.0,0.0010000000474974513,88.0,88.0,2000.0,2340.0,-0.11599799990653992,-0.03561130166053772,-0.04758000001311302,-0.01752999983727932,0,0,0,0,0,1,0,520.880615234375,520.880615234375,2.0919189453125,2.0919189453125,0.016882386058568954,31.427961349487305,164.21385192871094,1596.3974609375,1046.6494140625,795.0059204101562,795.0059204101562,3.19281005859375,3.19281005859375,1597.056884765625,540.60546875,0.0,0.0,2665570.25,20.00048065185547,20.00048065185547,156.23635864257812,156.23635864257812,65717.9765625,65717.9765625,1.0952996015548706,1.0952996015548706,113.94208526611328,113.94208526611328,24.998558044433594,24.998558044433594,104596.4765625,104596.4765625,25.008403778076172,155.427490234375,158.42007446289062,2644609.25,20.00048065185547,20.00048065185547,226.48062133789062,226.48062133789062,155.88946533203125,155.88946533203125,652257.1875,652257.1875,0.0,114.3595199584961,114.3595199584961,228.7359161376953,160176.890625,160176.890625,1.0678459405899048,1.0678459405899048,225.80294799804688,155.88946533203125,274.0726013183594,137.0363006591797,137.0363006591797,203.53782653808594,203.53782653808594,407.0756530761719,0.0,0.0,0.0,137.0185546875,137.0185546875,203.53782653808594,203.53782653808594,0.026315800845623016,13.0513334274292,0.20000000298023224,0.8384966254234314,0.8848470449447632,0.8381888270378113,0.5004328489303589,0.4141456186771393,0.5012248754501343,0.9599996209144592,1.0,1.0,1.0,0.9999998211860657,0.9999998211860657,0.9999998211860657,190846.625,193242.0625,0.0,0.0,0.0,0.0,0.0,0.0,0.0,296.3810119628906,297.7510070800781,0.0,190689.4375,190689.4375,0.0,0.0,0.0,0.0,0.8648873567581177,0.8648873567581177,0.8648873567581177,0.85881507396698,1190078.5,0.9959999918937683,0.9959999918937683,0.9959999918937683,0.9959999918937683,5701163.0,2745194.5,7370421.5,8446193.0,2606300.0,4006234.25,0.003902687691152096,0.007815375924110413,1045.945068359375,530.656982421875,531.1236572265625,530.6796264648438,332.32080078125,361.7904968261719,332.0928649902344,198.336181640625,169.33316040039062,198.58676147460938,1596.414306640625,1045.956787109375,349.5766296386719,349.5766296386719,349.5766296386719,514.8285522460938,514.8285522460938,514.8285522460938,2.9998703002929688,0.8329116106033325,0.8622787594795227,2.9998691082000732,5.0,0.0040000081062316895,0.0040000081062316895,0.0040000081062316895,0.0040000081062316895,0.0,-0.4368000030517578,0.0,599974.0625,164.21385192871094,164.21385192871094,0.0,20.0,2783442.5,7.25,12.0,10.25,224.97677612304688,224.97677612304688,224.97677612304688,0.0,0.0,0.7926306128501892,0.9211652278900146,10000.0,10000.0,0.011826000176370144,1038.5,0.027953999117016792,0.0,0.0,1.0878000259399414,1.0809999704360962,9.000000136438757e-05,103.0,33.220001220703125,1.8179999589920044,0.029999999329447746,49.0,8.329999923706055,4.159999847412109,58.0,302.0,4.5,0.699999988079071,0.4000000059604645,7.5,1.3799999952316284,2.492000102996826,7000.0,48.88999938964844,1.2000000476837158,45.0,62000.0,4590000.0,4250000.0,15900000.0,15100000.0,0.05000000074505806,0.17000000178813934,0.009999999776482582,15220000.0,1.6699999570846558,312.7799987792969,1.1100000143051147,4232.0,0.25,689000.0,4030000.0,9.829999923706055,8.550000190734863,12200000.0,231.10000610351562,88.3239974975586,633.0,1.1430000066757202,0.6858000159263611,-10.0,-3.7799999713897705,0.7799999713897705,295.5,4030000.0,12400000.0,0.9200000166893005,5.0,0,0,0,228,159,0,0,0,0,0,0,0,0,1,1,0,0,1,1,1,0,1,0,0,1,0,0,1,1,1,0,0,0,0,0,0,0,0,0,0,0,0,1,0,0.9053823351860046,6257361.0,1.0877995491027832,0.967565655708313,1.0047695636749268,307.0989685058594,33.12446594238281,-0.003117650281637907,1,1,1,0,0,0,1,1,0,0,0,0,0,302,0.20000000298023224,0.20000000298023224,0.20000000298023224,0.0,2,0,0,0,0,0,0,0,0,0,0,0,0,0,0,0,0,0,0,0,0,0,0,0,0,0,0,0,0,0,0,0,0,0,0,0,0,0,0,0,0,0,0,0,0,0,0,0,0,0,0,1,0,0,0,0,0,0,0,0,0,0,0,0,0,0,0,0,0,0,0,0,0,0,0,0,0,0,0,0,0,0,0,0,0,0,0,0,0,0,0,0,0,0,0,0,0,0,0,0,0,0,0,0,0,0,0,0,0,0,0,0,0,0,0,0,0,0,0,0,0,0,0,0,0,0,0,0,0,0,0,0,0,0,0,0,0,0,0,0,0,0,0,1,0,0,0,0,0,0,0,0,0,0,0,-1,0,0,0,0,0,0,1,1,0,0,90.5382308959961,-3.392871856689453,0.0,-0.5246275663375854,-1.6815581571897805e-44,309.04119873046875,307.0989685058594,699.962890625,-0.0001498153287684545,99.28966522216797,2664.1484375,1.0877995491027832,1.0047695636749268,-1.0,1.942230224609375,6.827850029367255e-06,0.01906060427427292,100.0,27.0,0.0,7.799991607666016,3.6842129230499268,1.0,1.0,37.876182556152344,0.2599528133869171,20.0,2.4750841475906782e-05,0.0,74.06665802001953,1.733259916305542,1.8179994821548462,0.00036938843550160527,0.6817498207092285,0.5432059168815613,28.517444610595703,8.919794082641602,19.29335594177246,16.944822311401367,0.5804235935211182,47.545005798339844,44.898040771484375,261.6197509765625,131.87925720214844,0.9624823927879333,323.45806884765625,40.007659912109375,0.29459047317504883,290.534912109375,290.55029296875,290.52447509765625,323.6075439453125,323.76873779296875,323.6077880859375,100.0,4.872530937194824,53.45890426635742,143.02584838867188,307.07122802734375,307.1595153808594,307.0661315917969,340.3116455078125,48.58637619018555,34.3775634765625,143.02584838867188,0.0,0.9660515785217285,0.9703107476234436,0.9663635492324829,89.37806701660156,89.3666000366211,89.28665161132812,63.85355758666992,63.85219955444336,63.850738525390625,51.05016326904297,51.042789459228516,50.89723587036133,99.20243072509766,98.98680114746094,98.95069885253906,1910.4466552734375,1912.045166015625,1910.3651123046875,517.1638793945312,518.2692260742188,516.8388671875,29.0,0.0,48.0,0.5012248754501343,0.670551061630249,0.4141456186771393,0.7078776359558105,0.5004328489303589,0.6707972884178162,41.0,78.36749267578125,63.324283599853516,225.80294799804688,97.0005111694336,9.999999974752427e-07,86.18579864501953,0.6314964294433594,155.427490234375,0.991809070110321,721.2213745117188,39.87444305419922,31.427961349487305,1.0,9.474145889282227,77.894775390625,0.0,0.9718579053878784,20.0,0.0,60.0,120.0,22.0,120.0,3.4524078369140625,0.0,0.0,977.2468872070312,18.088756561279297,89.19793701171875,2.0,200.0,0,0,228,228,228,228,220,228,228,228,159,0,99999,99999,11,402,1800,180,1800,998,20,977,90,23,0,0,0,806,1424,29,31,32,0,0,0,0,0,0,0,0,0,0,0,0,0,0,1,0,0,0,0,1,1,1,0,1,0,0,0,1,0,0,0,0,0,0,0,0,0,0,0,0,1,0,1,0,0,1,1,0,1,0,1,0,1,0,0,0,1,1,0,1,0,1,0,0,0,1,1,0,0,0,1,0,1,0,0,0,0,0,1,0,0,1,0,0,0,1,0,0,0,0,0,0,1,0,0,0,1,1,0,0,1,0,1,0,1,0,1,0,0,0,1,0,1,1,1,0,0,1,0,0,0,0,0,1,1,1,0,0,0,0,0,0,0,0,0,0,0,1,0,1,0,1,0,0,0,0,0,0,0,0,0,1,0,1,0,1,0,1,1,1,1,1,1,1,0,0,0,0,0,0,1,0,1,1,1,1,1,1,1,1,1,1,1,0,0,0,1,1,0,0,1,1,0,1,0,1,0,1,1,0,0,0,0,0,0,0,0,1,1,0,0,1,0,1,1,0,0,1,0,0,1,1,0,1,1,1,0,1,1,0,1,0,1,1,0,0,0,0,0,0,1,1,1,1,0,0,0,0,0,0,0,0,0,0,0,0,0,0,0,0,0,0,0,0,0,0,0,0,0,0,0,0,0,0,0,0,0,0,0,0,0,0,0,0,0,0,0,0,0,0,0,0,0,0,0,0,0,0,0,0,0,0,0,0,0,0,0,0,0,0,0,0,0,0,0,0,0,0,0,0,0,0,0,0,0,0,1,0,0,0,0,0,0,0,0,0,0,0,0,0,0,0,0,0,0,0,0,0,0,0,0,0,0,0,0,0,0,0,0,0,0,0,0,0,0,0,0,0,0,0,0,0,0,0,0,0,0,0,0,0,0,0,0,0,0,0,0,0,0,0,0,1,0,1,0,0,0,0,0,1,0,0,0,0,0,0,0,0,0,0,0,0,0,0,0,1,0,0,0,0,0,0,0,0,0,0,0,0,0,0,1,0,0,0,0,0,0,0,0,0,0,1,0,0,0,0,0,0,0,0,0,0,0,0,0,0,0,0,0,0,0,0,0,0,0,0,0,0,0,1,0,0,0,0,0,0,1,1,1,0,0,0,0,0,0,-1,0,0,0,0,0,0,0,0,-1,0,0,-1,0,0,0,0,0,0,0,0,0,0,0,0,0,0,0,0,0,0,1,0,0,0,0,0,0,0,0,0,0,0,0,0,0,0,0,1,1,0,-1,-1,-1,1,1,1,0,0,0,0,1,0,0,1,1,0,0,0,0,1,0,0,0,0,0,0,0,0,0,0,0,0,0,0,0,0,0,0,0,0,0,0,0,0,0,0,0,0,0,1,1,0,1,0,1,1,0,1,0,1,1,0,1,0,0,1,0,0,0,0,0,0,0,0,0,0,0,0,0,0,0,0,0,0,0,0,0,0,0,0,0,0
0,1,1,300,228,8,8,228,114,25,1,0,0.0020000000949949026,4000.0,1.0,0.04500000178813934,25.0,48.0,8.0,291.70001220703125,1.7000000476837158,-3.179999907843012e-07,0.007360000163316727,0.008080000057816505,8.0,0.33000001311302185,0.0333000011742115,1.0,9.999999747378752e-06,21.0,9.999999747378752e-06,2775000064.0,9.000000136438757e-05,4.999999980020986e-13,5.0,40.0,3.0,-3.3499999046325684,3.3499999046325684,0.5,0.0004799999878741801,292.3927001953125,492.6077880859375,-0.0036125299520790577,0.002354159951210022,0.0008944629807956517,0.013157900422811508,0.800646185874939,0.02024419978260994,2650129920.0,0.006539999973028898,228,228,228,228,228,228,228,228,228,228,228,228,228,228,228,228,228,228,228,228,228,228,228,228,220,220,220,220,228,228,228,228,228,228,228,228,228,228,228,228,228,228,228,228,228,228,228,228,228,228,228,228,0,1,4,4,228,228,228,220,228,228,228,228,3,0,0.00040182197699323297,291.15826416015625,634.33935546875,711.656494140625,793.00341796875,871.471923828125,992.140869140625,1022.9533081054688,1033.82080078125,1020.395263671875,986.26953125,934.4080810546875,862.7872924804688,784.671142578125,706.8150634765625,635.9747924804688,567.1085205078125,511.3616638183594,469.4815673828125,441.2244873046875,424.2831115722656,417.63629150390625,418.7139892578125,424.31988525390625,431.2575378417969,436.3306884765625,0.006677446886897087,0.691923201084137,0.7719568014144897,-0.0001487730332883075,0.75552898645401,0.9798504114151001,107356.1796875,3.319300230941735e-05,0.31626591086387634,0.7037559151649475,0.9041898846626282,0.904778778553009,0.02233269438147545,1.0,-1.6815581571897805e-44,-3.3934574127197266,0.0,99.28955841064453,2664.15771484375,0.9436489939689636,699.2531127929688,228.0,72.0,21.128498077392578,0.800000011920929,0.0,309.0362854003906,280632.34375,-0.5244847536087036,6.398979187011719,130.28829956054688,1.271235466003418,7750000.0,8160000.0,86.12000274658203,119.0999984741211,0.5,9.999999747378752e-05,0.0,3.299999952316284,200.0,0.30000001192092896,309.20001220703125,2.439019908706541e-06,0,0,0,1,1,1,0,24,0,307.0318908691406,0.0,0.0,0.0,0.0,0.0,0.0,0.5000293850898743,0.8711135983467102,0.5183678269386292,-0.009169220924377441,-0.002230425365269184,-0.0024072155356407166,0.5091692209243774,0.5106247663497925,0.510703980922699,1.0,25.0,24.0,6254282.0,6254427.0,6254560.5,290.469970703125,290.4962158203125,290.48052978515625,323.5269470214844,323.6911315917969,323.5265808105469,4400000.0,306.99847412109375,307.09368896484375,307.0035400390625,33.056976318359375,33.194915771484375,33.046051025390625,323.3722839355469,4551.0703125,4552.7373046875,4562.61181640625,12.842155456542969,12.853618621826172,12.855351448059082,11.70391845703125,0.0,0.0,0.0020000000949949026,290.48223876953125,323.58154296875,-43.203731536865234,1.655121922492981,1.6598519086837769,1.6601179838180542,-14.434147834777832,39.0,40.0,42.0,41.0,0.0,0.0,6252736.5,6201133.5,76.33760070800781,5.0,0.014999999664723873,-180000.0,600.0,1000000.0,400000.0,0.17000000178813934,22000.0,786000.0,120000.0,0.0,40.0,30.0,36.810001373291016,0.5,18.399999618530273,50000.0,115692.3984375,15.113750457763672,0,0,1,0,0,0,0,13992545.0,0.0,0.0,0.0,0.0,0.0,-1399408.0,400000.0,1000000.0,1.0,1400000.0,0.0,0.48496466875076294,14000592.0,126869.6328125,13992545.0,340.31317138671875,40.007659912109375,4.845110893249512,-1399408.0,0.0,0.0,0.0,3.430936813354492,40.007659912109375,0.0,22230.939453125,1.2010046243667603,0.0,0.0,0.0,20.0,14.711517333984375,22.0,0.0,0.0,0.0,0.05000000074505806,0.02500000037252903,0.17000000178813934,15400000.0,0.5,6.25,0.0006667000125162303,2.0,2410000.0,4140000.0,4.734799861907959,0.15000000596046448,0.20000000298023224,0.2199999988079071,1.0,0.0,-1.0,0.0,5.0,20.0,30.0,50.0,74.0,80.0,86.0,9.800000190734863,500000.0,1.0499999802959792e-07,0.5,750.0,1000.0,600.0,1000.0,1150.0,32.0,32.0,37.400001525878906,10.0,10.0,0.007000000216066837,0.5049999952316284,82.0,189.26499938964844,0.0,1.5099999904632568,231.60000610351562,20.0,36.0,16.600000381469727,16.5,225.0,-0.1756729930639267,27.5,-0.1756729930639267,30.485509872436523,0.1561516970396042,11.10221004486084,-1.8332500457763672,-75.0,4.3520002365112305,9.800000190734863,189.26499938964844,93.30000305175781,2650000.0,0.8500000238418579,7.570000171661377,0,1,0,0,0,0,0,0,0,0,0,1,3,3,0,0,1,1,0,0,0,0,0,0,0,0,0,0,1,0,0,0,0,0,0,0,0,0,0,1,0,0,0,0,0,0,0,0,0,0,12.05705738067627,29060.560546875,2153.699951171875,0.00041489850264042616,0.0004361289902590215,0.0006248649442568421,1.0,1.0,0.0,0.0,0.0,0.5812007188796997,0.5709707140922546,1.0,0.0,0.0,0.0,1.0,0.0,0.0,1.0,1.0,0.0,1.0,1.0,0.009482622146606445,0.0,1.0,0.0,0.633468508720398,0.6377038359642029,0.00041489850264042616,0.0,0.0,0.0,99998.78125,99999.0,2793596.0,2410000.0,36.20000076293945,36.20000076293945,36.20000076293945,32.44599914550781,261.33685302734375,131.66360473632812,47.47371292114258,26.329612731933594,37.3975830078125,27.0,28.433395385742188,27.0,0.0,32.0,20.0,68.57752227783203,3446668.0,0.5432059168815613,3.7799999713897705,4.714531898498535,8.919794082641602,0.0,0.0,0.0,1.401298464324817e-45,5.355834007263184,5.355834007263184,0.5049998760223389,0.5049998760223389,0.5049998760223389,0.18937495350837708,0.18937495350837708,0.18937495350837708,0.0,0.0,0.0,0.0,0.0,0.0,5.294999599456787,0.0,0.0,0.0,0.0,0.0,0.0,100.0,74.06544494628906,0.5336788296699524,0.0,20.0,0.0,5.305046558380127,5.6537699699401855,0.0,0.0,0.0,0.007000000216066837,0.0,0.0,10.00571346282959,0.0,1.7332478761672974,1.401298464324817e-45,5.661406517028809,0.0,0.0,0.0,0.0,0.0,0.0,20.0,0.0,0.0,13690957.0,0.0,0.0,0.0,0.0,0.0,0.0,0.0,0.351500004529953,18.93000030517578,23.030000686645508,7.69199959904654e-06,0.08500000089406967,0.009999999776482582,24.0,27.0,8.800000190734863,500000.0,0.05000000074505806,2.7000000013543968e-09,2.7000000013543968e-09,145100.0,120000.0,14650000.0,86400.0,17.0,34.5,48.70000076293945,321.8999938964844,83170.0,0.0,1.0,1.0,0.0010000000474974513,725.0,0.0,0.5,0.0,0.0,57.31999969482422,837142.875,9359.77734375,117376.1015625,2623.89794921875,83026.390625,725.0,1.0204100362898316e-05,740000000.0,1,0,1,0,1,0,1,0,0,0,0,8.799991607666016,27.0,2508.568115234375,0.0,0.0,0.0,0.0,1.007580280303955,0.0004014848964288831,0.0,0.01929590478539467,37.910884857177734,1.0,25484.9375,4889.349609375,2.5056509912246838e-05,2550758144.0,4168883712.0,2787891712.0,4177469696.0,-75.90084075927734,36.1795654296875,-193555424.0,-8586176.0,5.661406517028809,1536.8048095703125,81.56224822998047,1500.625244140625,106381.3984375,3822.77734375,145387.140625,159225.71875,123484.9375,31.000045776367188,37.910884857177734,37.910884857177734,1.0,2.5056509912246838e-05,4889.349609375,878648164352.0,0.19900736212730408,137600.0,137600.0,98920112.0,76.39442443847656,6100.00439453125,1.0,0.0,1700.0,250000.0,10000.0,1038.0,0.004999999888241291,400.0,5000.0,0,0,0,0,2961694.75,64.4609603881836,64.4609603881836,1223808.5,2783832.0,1.0,1.0,1221712.0,227.8641357421875,6202685.0,1.0,0.9917036890983582,1.0,1.0,1030.763427734375,276.86395263671875,189.05316162109375,125.48954010009766,6101105.5,806721.375,189.05316162109375,1.0,1.0,1.0,134.74183654785156,1549.4677734375,789.8381958007812,0.0,0.0,0.0,7680000.0,514.0599365234375,515.5151977539062,516.8618774414062,0.0,2783832.0,0.0,128.9219207763672,0.0,0.0,277.6759338378906,1.0,0.0,-7.5742998123168945,0.0,5.605193857299268e-45,9.999999974752427e-07,0.0,2.0,0.0003000000142492354,0.004999999888241291,0.0010000000474974513,2.0000000233721948e-07,2.0000000233721948e-07,0.0005555999814532697,993000000.0,1.0,0.05000000074505806,0.10000000149011612,0.0005000000237487257,0.0016700000269338489,0.009999999776482582,1.0,1.0,0.0010000000474974513,4.999999873689376e-05,0.00039999998989515007,0.019999999552965164,0.9891999959945679,0.9891999959945679,0.9950000047683716,0.9950000047683716,1,0,0,0,0,1,0,0,1,0,1,0,0,0,0.9838563203811646,976969344.0,62495.6953125,4797327.0,1149.9058837890625,2545940.0,1423.9429931640625,1.0,2330231.75,0.97166508436203,1.0,60.0,180.0,1800.0,1800.0,1.0047005414962769,0.019808992743492126,1.0,1.0,-0.012236599810421467,0.0,0.0,0.0,0.0,-0.00014281272888183594,6.602997746085748e-05,0.0,0.0,6.602997746085748e-05,0.0,6.602997746085748e-05,6.602997746085748e-05,0.0,7.006492321624085e-44,1,1,0,1,1,1,0,1,1,0,1,0,1,1,1,1,1,1,1,1,0,1000,1000,0,1,5001,5001,220.0,3451.56884765625,120.0,120.0,60.0,0.0,0.4000000059604645,0.10000000149011612,0.10000000149011612,2.0,500.0,200.0,0.9900000095367432,300000.0,5000.0,45000.0,20000.0,0.019999999552965164,2.0,0.05000000074505806,0.019999999552965164,6.0,0.05000000074505806,0.019999999552965164,0.019999999552965164,88.30000305175781,0.10000000149011612,0.800000011920929,0.05000000074505806,0.009999999776482582,50.0,50.0,340.0,340.0,1000000.0,1,1,1,1,1,1,1,1,1,1,0,0,0,1,1,0,1.0,0.0,0.0,0.0,0.0009043125319294631,0.0,0.0,0.0,0.9181297421455383,0.9181297421455383,0.9181297421455383,5000.40087890625,3902796.25,3907796.75,50.0,27.616600036621094,0.4000000059604645,0.0,0.0,0.10000000149011612,0.16152825951576233,1.0,45000.0,20.0,29.264606475830078,778950.0,33.36441421508789,4589.00048828125,721.2213745117188,0.7789499759674072,0.9181459546089172,9.474119186401367,1.0,3221200.5,3304317.0,9.718579292297363,20.0,0.27426454424858093,27.426454544067383,0.0,636.4223022460938,411.4075927734375,100000.0,50000.0,1115.300048828125,50000.0,700.0,2000.0,2800000.0,3500000.0,4000000.0,9.999999747378752e-05,4.999999873689376e-05,500.0,20000.0,100.0,500.0,60000.0,1200.0,1.0,120.0,150000.0,3000.0,300.0,1.0,300.0,0.019999999552965164,0.019999999552965164,0.009999999776482582,0.009999999776482582,0.009999999776482582,0.019999999552965164,1.100000023841858,0.019999999552965164,4.0,0.019999999552965164,88.0,1613.0,0.009999999776482582,0.20000000298023224,3.0,5.0,600.0,0.0010000000474974513,88.0,88.0,2000.0,2340.0,-0.11599799990653992,-0.03561130166053772,-0.04758000001311302,-0.01752999983727932,0,0,0,0,0,1,0,520.8060302734375,520.8060302734375,2.09161376953125,2.09161376953125,0.016878079622983932,31.427949905395508,164.21372985839844,1596.231689453125,1046.5081787109375,794.9234008789062,794.9234008789062,3.19244384765625,3.19244384765625,1596.90771484375,540.4663696289062,0.0,0.0,2665525.25,20.00048065185547,20.00048065185547,156.23385620117188,156.23385620117188,65717.8046875,65717.8046875,1.0952967405319214,1.0952967405319214,113.93206787109375,113.93206787109375,24.998558044433594,24.998558044433594,104596.4765625,104596.4765625,25.008403778076172,155.425048828125,158.4181671142578,2644629.75,20.00048065185547,20.00048065185547,226.4706573486328,226.4706573486328,155.88760375976562,155.88760375976562,652249.375,652249.375,0.0,114.35608673095703,114.35608673095703,228.7290496826172,160176.078125,160176.078125,1.067840576171875,1.067840576171875,225.79380798339844,155.88760375976562,274.0013122558594,137.0006561279297,137.0006561279297,203.521728515625,203.521728515625,407.04345703125,0.0,0.0,0.0,136.98260498046875,136.98260498046875,203.521728515625,203.521728515625,0.026315800845623016,13.050883293151855,0.20000000298023224,0.8377242684364319,0.8840646743774414,0.8373876810073853,0.5000293850898743,0.4137406051158905,0.5008087754249573,0.9599996209144592,1.0,1.0,1.0,0.9999998211860657,0.9999998211860657,0.9999998211860657,190846.375,193242.0625,0.0,0.0,0.0,0.0,0.0,0.0,0.0,296.3810119628906,297.7510070800781,0.0,190695.65625,190695.65625,0.0,0.0,0.0,0.0,0.8646297454833984,0.8646297454833984,0.8646297454833984,0.8591583371162415,1189887.625,0.9959999918937683,0.9959999918937683,0.9959999918937683,0.9959999918937683,5698678.0,2745531.0,7369129.5,8444040.0,2606300.0,4006339.25,0.0039027961902320385,0.007815592922270298,1045.7952880859375,530.562255859375,531.017333984375,530.5502319335938,332.2471618652344,361.7288818359375,331.9962463378906,198.31509399414062,169.2884521484375,198.55398559570312,1596.24853515625,1045.8070068359375,349.5411376953125,349.5411376953125,349.5411376953125,514.4223022460938,514.4223022460938,514.4223022460938,2.9998726844787598,0.8320188522338867,0.862227201461792,2.9998717308044434,5.0,0.0040000081062316895,0.0040000081062316895,0.0040000081062316895,0.0040000081062316895,0.0,-0.4368000030517578,0.0,599974.5625,164.21372985839844,164.21372985839844,0.0,20.0,2783464.75,7.25,12.0,10.25,224.96864318847656,224.96864318847656,224.96864318847656,0.0,0.0,0.7926306128501892,0.9211652278900146,10000.0,10000.0,0.011826000176370144,1038.5,0.027953999117016792,0.0,0.0,1.0878000259399414,1.0809999704360962,9.000000136438757e-05,103.0,33.220001220703125,1.8179999589920044,0.029999999329447746,49.0,8.329999923706055,4.159999847412109,58.0,302.0,4.5,0.699999988079071,0.4000000059604645,7.5,1.3799999952316284,2.492000102996826,7000.0,48.88999938964844,1.2000000476837158,45.0,62000.0,4590000.0,4250000.0,15900000.0,15100000.0,0.05000000074505806,0.17000000178813934,0.009999999776482582,15220000.0,1.6699999570846558,312.7799987792969,1.1100000143051147,4232.0,0.25,689000.0,4030000.0,9.829999923706055,8.550000190734863,12200000.0,231.10000610351562,88.3239974975586,633.0,1.1430000066757202,0.6858000159263611,-10.0,-3.7799999713897705,0.7799999713897705,295.5,4030000.0,12400000.0,0.9200000166893005,5.0,0,0,0,228,159,0,0,0,0,0,0,0,0,1,1,0,0,1,1,1,0,1,0,0,1,0,0,1,1,1,0,0,0,0,0,0,0,0,0,0,0,0,1,0,0.9041898846626282,6254282.0,1.0877995491027832,0.9670753479003906,1.004406452178955,307.0544128417969,33.10768127441406,-0.003067035460844636,1,1,1,0,0,0,1,1,0,0,0,0,0,304,0.20000000298023224,0.20000000298023224,0.20000000298023224,0.0,2,0,0,0,0,0,0,0,0,0,0,0,0,0,0,0,0,0,0,0,0,0,0,0,0,0,0,0,0,0,0,0,0,0,0,0,0,0,0,0,0,0,0,0,0,0,0,0,0,0,0,1,0,0,0,0,0,0,0,0,0,0,0,0,0,0,0,0,0,0,0,0,0,0,0,0,0,0,0,0,0,0,0,0,0,0,0,0,0,0,0,0,0,0,0,0,0,0,0,0,0,0,0,0,0,0,0,0,0,0,0,0,0,0,0,0,0,0,0,0,0,0,0,0,0,0,0,0,0,0,0,0,0,0,0,0,0,0,0,0,0,0,0,1,0,0,0,0,0,0,0,0,0,0,0,-1,0,0,0,0,0,0,1,1,0,0,90.41899108886719,-3.3934574127197266,0.0,-0.5244847536087036,-1.6815581571897805e-44,309.0362854003906,307.0544128417969,699.2531127929688,-0.0001487730332883075,99.28955841064453,2664.15771484375,1.0877995491027832,1.004406452178955,-1.0,1.98187255859375,6.827850029367255e-06,0.01929590478539467,100.0,27.0,0.0,7.799991607666016,3.689251184463501,1.0,1.0,37.910884857177734,0.26005086302757263,20.0,2.5056509912246838e-05,0.0,74.06544494628906,1.7332478761672974,1.8179994821548462,0.00036938843550160527,0.6817498207092285,0.5432059168815613,28.506134033203125,8.919794082641602,19.281002044677734,16.972314834594727,0.5812007188796997,47.47371292114258,44.898040771484375,261.33685302734375,131.66360473632812,0.9623283743858337,323.40106201171875,40.007659912109375,0.29459047317504883,290.4986572265625,290.5142822265625,290.48822021484375,323.5538330078125,323.7174072265625,323.553955078125,100.0,4.871416091918945,53.367881774902344,142.8634490966797,307.0262451171875,307.1158447265625,307.0210876464844,340.31268310546875,48.49646759033203,34.33223342895508,142.8634490966797,0.0,0.965541660785675,0.96986323595047,0.9658501148223877,89.3901138305664,89.37823486328125,89.29845428466797,63.82216262817383,63.82080078125,63.81932067871094,51.070396423339844,51.062477111816406,50.91692352294922,99.19493865966797,98.98003387451172,98.94389343261719,1909.9808349609375,1911.662353515625,1910.0240478515625,516.9636840820312,518.0687866210938,516.6182861328125,29.0,0.0,48.0,0.5008087754249573,0.6699101328849792,0.4137406051158905,0.7072517275810242,0.5000293850898743,0.6701794266700745,41.0,78.36749267578125,63.29281997680664,225.79380798339844,96.96294403076172,9.999999974752427e-07,86.16383361816406,0.6315822601318359,155.425048828125,0.9917036890983582,721.2213745117188,39.87554931640625,31.427949905395508,1.0,9.474119186401367,77.8949966430664,0.0,0.9718579053878784,20.0,0.0,60.0,120.0,22.0,120.0,3.451569080352783,0.0,0.0,976.9693603515625,18.088756561279297,89.19793701171875,2.0,200.0,0,0,228,228,228,228,220,228,228,228,159,0,99999,99999,11,402,1800,180,1800,998,20,976,90,23,0,0,0,806,1424,29,31,32,0,0,0,0,0,0,0,0,0,0,0,0,0,0,1,0,0,0,0,1,1,1,0,1,0,0,0,1,0,0,0,0,0,0,0,0,0,0,0,0,1,0,1,0,0,1,1,0,1,0,1,0,1,0,0,0,1,1,0,1,0,1,0,0,0,1,1,1,0,0,1,0,1,0,0,0,0,1,1,0,0,1,0,0,0,1,0,0,0,0,0,0,1,0,0,0,1,1,0,0,1,0,1,0,1,0,1,0,0,0,1,0,1,1,1,0,0,1,0,0,0,0,0,1,1,1,0,0,0,0,0,0,0,0,0,0,0,1,0,1,0,1,0,0,0,0,0,0,0,0,0,1,0,1,0,1,0,1,1,1,1,1,1,1,0,0,0,0,0,0,1,0,1,1,1,1,1,1,1,1,1,1,1,1,0,0,1,1,0,0,1,1,0,1,0,1,0,1,1,0,0,0,0,0,0,0,0,1,1,0,0,1,0,1,1,0,0,1,0,0,1,1,0,1,1,1,0,1,1,0,1,0,1,1,0,0,0,0,0,0,1,1,1,1,0,0,0,0,0,0,0,0,1,0,0,0,0,0,0,0,0,0,0,0,0,0,0,0,0,0,0,0,0,0,0,0,0,0,0,0,0,0,0,0,0,0,0,0,0,0,0,0,0,0,0,0,0,0,0,0,0,0,0,0,0,0,0,1,0,0,0,1,1,0,0,0,0,0,0,0,0,0,0,0,0,0,0,0,0,0,0,0,0,0,0,0,0,0,0,0,0,0,0,0,0,0,0,0,0,0,0,0,0,0,0,0,0,0,0,0,0,0,0,0,0,0,0,0,0,0,0,0,0,0,0,0,0,0,0,0,0,0,0,0,0,0,0,0,0,0,0,1,0,1,0,0,0,0,0,1,0,0,0,0,0,0,0,0,0,0,0,0,0,0,0,1,0,0,0,0,0,0,0,0,0,0,0,0,0,0,1,0,0,0,0,0,0,0,0,0,0,1,0,0,0,0,0,0,0,0,0,0,0,0,0,0,0,0,0,0,0,0,0,0,0,0,0,0,0,1,0,0,0,0,0,0,1,1,1,0,0,0,0,0,0,-1,0,0,0,0,0,0,0,0,-1,0,0,-1,0,0,0,0,0,0,0,0,0,0,0,0,0,0,0,0,0,0,1,0,0,0,0,0,0,0,0,0,0,0,0,0,0,0,0,1,1,0,-1,-1,-1,1,1,1,0,0,0,0,1,0,0,1,1,0,0,0,0,1,0,0,0,0,0,0,0,0,0,0,0,0,0,0,0,0,0,0,0,0,0,0,0,0,0,0,0,0,0,1,1,0,1,0,1,1,0,1,0,1,1,0,1,0,0,1,0,0,0,0,0,0,0,0,0,0,0,0,0,0,0,0,0,0,0,0,0,0,0,0,0,0
0,1,1,300,228,8,8,228,114,25,1,0,0.0020000000949949026,4000.0,1.0,0.04500000178813934,25.0,48.0,8.0,291.70001220703125,1.7000000476837158,-3.179999907843012e-07,0.007360000163316727,0.008080000057816505,8.0,0.33000001311302185,0.0333000011742115,1.0,9.999999747378752e-06,21.0,9.999999747378752e-06,2775000064.0,9.000000136438757e-05,4.999999980020986e-13,5.0,40.0,3.0,-3.3499999046325684,3.3499999046325684,0.5,0.0004799999878741801,292.3927001953125,492.6077880859375,-0.0036125299520790577,0.002354159951210022,0.0008944629807956517,0.013157900422811508,0.800646185874939,0.02024419978260994,2650129920.0,0.006539999973028898,228,228,228,228,228,228,228,228,228,228,228,228,228,228,228,228,228,228,228,228,228,228,228,228,220,220,220,220,228,228,228,228,228,228,228,228,228,228,228,228,228,228,228,228,228,228,228,228,228,228,228,228,0,1,4,4,228,228,228,220,228,228,228,228,3,0,0.00040182285010814667,291.10516357421875,633.45556640625,710.5165405273438,791.59228515625,869.8004150390625,990.082763671875,1020.815673828125,1031.68994140625,1018.3527221679688,984.3773193359375,932.7107543945312,861.3359375,783.4703369140625,705.851806640625,635.2181396484375,566.53466796875,510.928955078125,469.1534423828125,440.97137451171875,424.08526611328125,417.47772216796875,418.58270263671875,424.2088317871094,431.1646728515625,436.2589111328125,0.006941214203834534,0.6907761096954346,0.7719555497169495,-0.00014686053327750415,0.755532443523407,0.9794402122497559,107162.0390625,3.3121083106379956e-05,0.315910279750824,0.7025635242462158,0.9025075435638428,0.9030541777610779,0.022341551259160042,1.0,-1.6815581571897805e-44,-3.3942861557006836,0.0,99.28939056396484,2664.17236328125,0.9436533451080322,698.21435546875,228.0,72.0,21.82119369506836,0.4000000059604645,0.0,309.0286560058594,280632.90625,-0.5242921710014343,6.397444725036621,130.28829956054688,1.2718756198883057,7750000.0,8160000.0,86.12000274658203,119.0999984741211,0.5,9.999999747378752e-05,0.0,3.299999952316284,200.0,0.30000001192092896,309.20001220703125,2.439019908706541e-06,0,0,0,1,1,1,0,24,0,306.9632873535156,0.0,0.0,0.0,0.0,0.0,0.0,0.49942272901535034,0.8710113167762756,0.5183528065681458,-0.009465038776397705,-0.0023231529630720615,-0.0025143474340438843,0.5094650387763977,0.5109195709228516,0.5110065937042236,1.0,25.0,24.0,6249628.5,6249776.5,6249908.0,290.4149169921875,290.4415283203125,290.425537109375,323.44342041015625,323.61114501953125,323.443115234375,4400000.0,306.9291687011719,307.0263366699219,306.934326171875,33.02850341796875,33.16961669921875,33.017578125,323.2843017578125,4550.599609375,4552.25537109375,4562.1044921875,12.844710350036621,12.856131553649902,12.857946395874023,11.659820556640625,0.0,0.0,0.0020000000949949026,290.4273376464844,323.4992370605469,-43.79502868652344,1.6560839414596558,1.660809874534607,1.6611005067825317,-14.679819107055664,39.0,40.0,42.0,41.0,0.0,0.0,6248065.0,6196454.0,76.1723861694336,5.0,0.014999999664723873,-180000.0,600.0,1000000.0,400000.0,0.17000000178813934,22000.0,786000.0,120000.0,0.0,40.0,30.0,36.810001373291016,0.5,18.399999618530273,50000.0,115692.3984375,15.113750457763672,0,0,1,0,0,0,0,13968127.0,0.0,0.0,0.0,0.0,0.0,-1423697.0,400000.0,1000000.0,1.0,1400000.0,0.0,0.4835958182811737,13976303.0,126869.6328125,13968127.0,340.314453125,40.007659912109375,4.8313469886779785,-1423697.0,0.0,0.0,0.0,3.423997402191162,40.007659912109375,0.0,22230.939453125,1.2010046243667603,0.0,0.0,0.0,20.0,14.711517333984375,22.0,0.0,0.0,0.0,0.05000000074505806,0.02500000037252903,0.17000000178813934,15400000.0,0.5,6.25,0.0006667000125162303,2.0,2410000.0,4140000.0,4.734799861907959,0.15000000596046448,0.20000000298023224,0.2199999988079071,1.0,0.0,-1.0,0.0,5.0,20.0,30.0,50.0,74.0,80.0,86.0,9.800000190734863,500000.0,1.0499999802959792e-07,0.5,750.0,1000.0,600.0,1000.0,1150.0,32.0,32.0,37.400001525878906,10.0,10.0,0.007000000216066837,0.5049999952316284,82.0,189.26499938964844,0.0,1.5099999904632568,231.60000610351562,20.0,36.0,16.600000381469727,16.5,225.0,-0.1756729930639267,27.5,-0.1756729930639267,30.485509872436523,0.1561516970396042,11.10221004486084,-1.8332500457763672,-75.0,4.3520002365112305,9.800000190734863,189.26499938964844,93.30000305175781,2650000.0,0.8500000238418579,7.570000171661377,0,1,0,0,0,0,0,0,0,0,0,1,3,3,0,0,1,1,0,0,0,0,0,0,0,0,0,0,1,0,0,0,0,0,0,0,0,0,0,1,0,0,0,0,0,0,0,0,0,0,12.056926727294922,29060.345703125,2153.699951171875,0.0004148970765527338,0.0004361289902590215,0.0006248649442568421,1.0,1.0,0.0,0.0,0.0,0.5823649168014526,0.5721394419670105,1.0,0.0,0.0,0.0,1.0,0.0,0.0,1.0,1.0,0.0,1.0,1.0,0.009328722953796387,0.0,1.0,0.0,0.6330860257148743,0.6373831033706665,0.0004148970765527338,0.0,0.0,0.0,99998.78125,99999.0,2791909.25,2410000.0,36.20000076293945,36.20000076293945,36.20000076293945,32.4489860534668,260.91180419921875,131.33941650390625,47.3662223815918,26.334558486938477,37.360260009765625,27.0,28.422836303710938,27.0,0.0,32.0,20.0,68.57752227783203,3446668.0,0.5432071089744568,3.7799999713897705,4.725977420806885,8.919793128967285,0.0,0.0,0.0,1.401298464324817e-45,5.350589275360107,5.350589275360107,0.5049998760223389,0.5049998760223389,0.5049998760223389,0.18937495350837708,0.18937495350837708,0.18937495350837708,0.0,0.0,0.0,0.0,0.0,0.0,5.294999599456787,0.0,0.0,0.0,0.0,0.0,0.0,100.0,74.06356048583984,0.5322885513305664,0.0,20.0,0.0,5.300674915313721,5.665222644805908,0.0,0.0,0.0,0.007000000216066837,0.0,0.0,10.017163276672363,0.0,1.733229160308838,1.401298464324817e-45,5.672852039337158,0.0,0.0,0.0,0.0,0.0,0.0,20.0,0.0,0.0,13666670.0,0.0,0.0,0.0,0.0,0.0,0.0,0.0,0.351500004529953,18.93000030517578,23.030000686645508,7.69199959904654e-06,0.08500000089406967,0.009999999776482582,24.0,27.0,8.800000190734863,500000.0,0.05000000074505806,2.7000000013543968e-09,2.7000000013543968e-09,145100.0,120000.0,14650000.0,86400.0,17.0,34.5,48.70000076293945,321.8999938964844,83170.0,0.0,1.0,1.0,0.0010000000474974513,725.0,0.0,0.5,0.0,0.0,57.31999969482422,837142.875,9359.77734375,117376.1015625,2623.89794921875,83026.390625,725.0,1.0204100362898316e-05,740000000.0,1,0,1,0,1,0,1,0,0,0,0,8.799991607666016,27.0,2554.37158203125,0.0,0.0,0.0,0.0,1.0259852409362793,0.00040150951826944947,0.0,0.019648225978016853,37.96261215209961,1.0,25499.3125,4973.7412109375,2.5514196750009432e-05,2547218944.0,4165740032.0,2785063168.0,4175067136.0,-75.71533966064453,36.5648193359375,-195205904.0,-9327168.0,5.672852039337158,1536.3094482421875,81.38819122314453,1499.74462890625,106381.3984375,3832.885986328125,145422.828125,159442.96875,123499.3125,31.600048065185547,37.96261215209961,37.96261215209961,1.0,2.5514196750009432e-05,4973.7412109375,883495862272.0,0.19906437397003174,137600.0,137600.0,98687376.0,76.2295913696289,6114.2802734375,1.0,0.0,1700.0,250000.0,10000.0,1038.0,0.004999999888241291,400.0,5000.0,0,0,0,0,2961617.25,64.4505615234375,64.4505615234375,1223574.625,2783864.0,1.0,1.0,1221275.375,227.83367919921875,6198021.0,1.0,0.9915423393249512,1.0,1.0,1030.5828857421875,276.8163146972656,189.03663635253906,125.38248443603516,6096537.5,806645.9375,189.03663635253906,1.0,1.0,1.0,134.65359497070312,1548.555419921875,789.6885986328125,0.0,0.0,0.0,7680000.0,513.7327880859375,515.2185668945312,516.5442504882812,0.0,2783864.0,0.0,128.901123046875,0.0,0.0,277.6261901855469,1.0,0.0,-7.5742998123168945,0.0,5.605193857299268e-45,9.999999974752427e-07,0.0,2.0,0.0003000000142492354,0.004999999888241291,0.0010000000474974513,2.0000000233721948e-07,2.0000000233721948e-07,0.0005555999814532697,993000000.0,1.0,0.05000000074505806,0.10000000149011612,0.0005000000237487257,0.0016700000269338489,0.009999999776482582,1.0,1.0,0.0010000000474974513,4.999999873689376e-05,0.00039999998989515007,0.019999999552965164,0.9891999959945679,0.9891999959945679,0.9950000047683716,0.9950000047683716,1,0,0,0,0,1,0,0,1,0,1,0,0,0,0.9834274053573608,976543424.0,62460.81640625,4795320.0,1149.208251953125,2545954.0,1423.1370849609375,1.0,2330299.0,0.9718632102012634,1.0,60.0,180.0,1800.0,1800.0,1.0047005414962769,0.019808992743492126,1.0,1.0,-0.012236599810421467,0.0,0.0,0.0,0.0,-0.00014382600784301758,6.602997746085748e-05,0.0,0.0,6.602997746085748e-05,0.0,6.602997746085748e-05,6.602997746085748e-05,0.0,7.006492321624085e-44,1,1,0,1,1,1,0,1,1,0,1,0,1,1,1,1,1,1,1,1,0,1000,1000,0,1,5001,5001,220.0,3450.2822265625,120.0,120.0,60.0,0.0,0.4000000059604645,0.10000000149011612,0.10000000149011612,2.0,500.0,200.0,0.9900000095367432,300000.0,5000.0,45000.0,20000.0,0.019999999552965164,2.0,0.05000000074505806,0.019999999552965164,6.0,0.05000000074505806,0.019999999552965164,0.019999999552965164,88.30000305175781,0.10000000149011612,0.800000011920929,0.05000000074505806,0.009999999776482582,50.0,50.0,340.0,340.0,1000000.0,1,1,1,1,1,1,1,1,1,1,0,0,0,1,1,0,1.0,0.0,0.0,0.0,0.0008487187442369759,0.0,0.0,0.0,0.9181281924247742,0.9181281924247742,0.9181281924247742,5000.40087890625,3902962.75,3907963.25,50.0,27.616559982299805,0.4000000059604645,0.0,0.0,0.10000000149011612,0.16140680015087128,1.0,45000.0,20.0,29.263330459594727,778953.375,33.36252975463867,4588.9970703125,721.2213745117188,0.7789533734321594,0.9181417226791382,9.474079132080078,1.0,3221187.0,3304317.0,9.718579292297363,20.0,0.2743110954761505,27.431110382080078,0.0,636.4223022460938,411.38604736328125,100000.0,50000.0,1115.300048828125,50000.0,700.0,2000.0,2800000.0,3500000.0,4000000.0,9.999999747378752e-05,4.999999873689376e-05,500.0,20000.0,100.0,500.0,60000.0,1200.0,1.0,120.0,150000.0,3000.0,300.0,1.0,300.0,0.019999999552965164,0.019999999552965164,0.009999999776482582,0.009999999776482582,0.009999999776482582,0.019999999552965164,1.100000023841858,0.019999999552965164,4.0,0.019999999552965164,88.0,1613.0,0.009999999776482582,0.20000000298023224,3.0,5.0,600.0,0.0010000000474974513,88.0,88.0,2000.0,2340.0,-0.11599799990653992,-0.03561130166053772,-0.04758000001311302,-0.01752999983727932,0,0,0,0,0,1,0,520.69189453125,520.69189453125,2.09112548828125,2.09112548828125,0.016871467232704163,31.427932739257812,164.2135467529297,1595.97021484375,1046.29296875,794.7931518554688,794.7931518554688,3.19195556640625,3.19195556640625,1596.6759033203125,540.2638549804688,0.0,0.0,2665455.5,20.00048065185547,20.00048065185547,156.23007202148438,156.23007202148438,65717.546875,65717.546875,1.0952924489974976,1.0952924489974976,113.91683959960938,113.91683959960938,24.998558044433594,24.998558044433594,104596.4765625,104596.4765625,25.008398056030273,155.42138671875,158.4153594970703,2644660.75,20.00048065185547,20.00048065185547,226.45545959472656,226.45545959472656,155.8848114013672,155.8848114013672,652237.6875,652237.6875,0.0,114.35093688964844,114.35093688964844,228.71875,160174.828125,160174.828125,1.0678322315216064,1.0678322315216064,225.7799530029297,155.8848114013672,273.89208984375,136.946044921875,136.946044921875,203.49668884277344,203.49668884277344,406.9933776855469,0.0,0.0,0.0,136.9275360107422,136.9275360107422,203.49668884277344,203.49668884277344,0.026315800845623016,13.050189018249512,0.20000000298023224,0.8365609645843506,0.8828890323638916,0.8361852169036865,0.49942272901535034,0.4131336808204651,0.5001860857009888,0.9599996209144592,1.0,1.0,1.0,0.9999998211860657,0.9999998211860657,0.9999998211860657,190845.96875,193242.0625,0.0,0.0,0.0,0.0,0.0,0.0,0.0,296.3810119628906,297.7510070800781,0.0,190704.515625,190704.515625,0.0,0.0,0.0,0.0,0.8642345666885376,0.8642345666885376,0.8642345666885376,0.8596624135971069,1189595.0,0.9959999918937683,0.9959999918937683,0.9959999918937683,0.9959999918937683,5694857.5,2746053.25,7367157.0,8440734.0,2606300.0,4006522.75,0.003902962664142251,0.00781592633575201,1045.5660400390625,530.4110107421875,530.85205078125,530.353515625,332.1306457519531,361.63214111328125,331.8492126464844,198.28036499023438,169.21990966796875,198.50430297851562,1595.987060546875,1045.5777587890625,349.48602294921875,349.48602294921875,349.48602294921875,513.8016967773438,513.8016967773438,513.8016967773438,2.9998764991760254,0.8306519389152527,0.8621516823768616,2.99987530708313,5.0,0.0040000081062316895,0.0040000081062316895,0.0040000081062316895,0.0040000081062316895,0.0,-0.4368000030517578,0.0,599975.3125,164.2135467529297,164.2135467529297,0.0,20.0,2783498.5,7.25,12.0,10.25,224.9563751220703,224.9563751220703,224.9563751220703,0.0,0.0,0.7926306128501892,0.9211652278900146,10000.0,10000.0,0.011826000176370144,1038.5,0.027953999117016792,0.0,0.0,1.0878000259399414,1.0809999704360962,9.000000136438757e-05,103.0,33.220001220703125,1.8179999589920044,0.029999999329447746,49.0,8.329999923706055,4.159999847412109,58.0,302.0,4.5,0.699999988079071,0.4000000059604645,7.5,1.3799999952316284,2.492000102996826,7000.0,48.88999938964844,1.2000000476837158,45.0,62000.0,4590000.0,4250000.0,15900000.0,15100000.0,0.05000000074505806,0.17000000178813934,0.009999999776482582,15220000.0,1.6699999570846558,312.7799987792969,1.1100000143051147,4232.0,0.25,689000.0,4030000.0,9.829999923706055,8.550000190734863,12200000.0,231.10000610351562,88.3239974975586,633.0,1.1430000066757202,0.6858000159263611,-10.0,-3.7799999713897705,0.7799999713897705,295.5,4030000.0,12400000.0,0.9200000166893005,5.0,0,0,0,228,159,0,0,0,0,0,0,0,0,1,1,0,0,1,1,1,0,1,0,0,1,0,0,1,1,1,0,0,0,0,0,0,0,0,0,0,0,0,1,0,0.9025075435638428,6249628.5,1.0877995491027832,0.9662923216819763,1.003853440284729,306.9863586425781,33.080875396728516,-0.0029336544685065746,1,1,1,0,0,0,1,1,0,0,0,0,0,307,0.20000000298023224,0.20000000298023224,0.20000000298023224,0.0,2,0,0,0,0,0,0,0,0,0,0,0,0,0,0,0,0,0,0,0,0,0,0,0,0,0,0,0,0,0,0,0,0,0,0,0,0,0,0,0,0,0,0,0,0,0,0,0,0,0,0,1,0,0,0,0,0,0,0,0,0,0,0,0,0,0,0,0,0,0,0,0,0,0,0,0,0,0,0,0,0,0,0,0,0,0,0,0,0,0,0,0,0,0,0,0,0,0,0,0,0,0,0,0,0,0,0,0,0,0,0,0,0,0,0,0,0,0,0,0,0,0,0,0,0,0,0,0,0,0,0,0,0,0,0,0,0,0,0,0,0,0,0,1,0,0,0,0,0,0,0,0,0,0,0,-1,0,0,0,0,0,0,1,1,0,0,90.2507553100586,-3.3942861557006836,0.0,-0.5242921710014343,-1.6815581571897805e-44,309.0286560058594,306.9863586425781,698.21435546875,-0.00014686053327750415,99.28939056396484,2664.17236328125,1.0877995491027832,1.003853440284729,-1.0,2.04229736328125,6.827850029367255e-06,0.019648225978016853,100.0,27.0,0.0,7.799991607666016,3.696683168411255,1.0,1.0,37.96261215209961,0.26019755005836487,20.0,2.5514196750009432e-05,0.0,74.06356048583984,1.733229160308838,1.8179994821548462,0.00036938843550160527,0.6817498207092285,0.5432071089744568,28.488922119140625,8.919793128967285,19.262121200561523,17.013517379760742,0.5823649168014526,47.3662223815918,44.898040771484375,260.91180419921875,131.33941650390625,0.9620985984802246,323.3138122558594,40.007659912109375,0.29459047317504883,290.44403076171875,290.4598388671875,290.433349609375,323.4711608886719,323.6381530761719,323.4715270996094,100.0,4.8692731857299805,53.22885513305664,142.6156005859375,306.95758056640625,307.04901123046875,306.95245361328125,340.31390380859375,48.359580993652344,34.263221740722656,142.6156005859375,0.0,0.9647224545478821,0.9691385626792908,0.965045154094696,89.40814971923828,89.39569854736328,89.31619262695312,63.774688720703125,63.773345947265625,63.77183532714844,51.10065841674805,51.091957092285156,50.946502685546875,99.18395233154297,98.96968078613281,98.93344116210938,1909.2725830078125,1911.0673828125,1909.4796142578125,516.6500854492188,517.7796630859375,516.2972412109375,29.0,0.0,48.0,0.5001860857009888,0.6689481735229492,0.4131336808204651,0.7063112258911133,0.49942272901535034,0.6692487597465515,41.0,78.36749267578125,63.2452278137207,225.7799530029297,96.90584564208984,9.999999974752427e-07,86.13009643554688,0.6317110657691956,155.42138671875,0.9915423393249512,721.2213745117188,39.87725067138672,31.427932739257812,1.0,9.474079132080078,77.89533996582031,0.0,0.9718579053878784,20.0,0.0,60.0,120.0,22.0,120.0,3.450282335281372,0.0,0.0,976.5433959960938,18.088796615600586,89.19792938232422,2.0,200.0,0,0,228,228,228,228,220,228,228,228,159,0,99999,99999,11,402,1800,180,1800,998,20,976,90,23,0,0,0,806,1424,29,31,32,0,0,0,0,0,0,0,0,0,0,0,0,0,0,1,0,0,0,0,1,1,1,0,1,0,0,0,1,0,0,0,0,0,0,0,0,0,0,0,0,1,0,1,0,0,1,1,0,1,0,1,0,1,0,0,0,1,1,0,1,0,1,0,0,0,1,1,0,0,0,1,0,1,0,0,0,0,0,1,0,0,1,0,0,0,1,0,0,0,0,0,0,1,0,0,0,1,1,0,0,1,0,1,0,1,0,1,0,0,0,1,0,1,1,1,0,0,1,0,0,0,0,0,1,1,1,0,0,0,0,0,0,0,0,0,0,0,1,0,1,0,1,0,0,0,0,0,0,0,0,0,1,0,1,0,1,0,1,1,1,1,1,1,1,0,0,0,0,0,0,1,0,1,1,1,1,1,1,1,1,1,1,1,0,0,0,1,1,0,0,1,1,0,1,0,1,0,1,1,0,0,0,0,0,0,0,0,1,1,0,0,1,0,1,1,0,0,1,0,0,1,1,0,1,1,1,0,1,1,0,1,0,1,1,0,0,0,0,0,0,1,1,1,1,0,0,0,0,0,0,0,0,0,0,0,0,0,0,0,0,0,0,0,0,0,0,0,0,0,0,0,0,0,0,0,0,0,0,0,0,0,0,0,0,0,0,0,0,0,0,0,0,0,0,0,0,0,0,0,0,0,0,0,0,0,0,0,0,0,0,0,0,0,0,0,0,0,0,0,0,0,0,0,0,0,0,0,0,0,0,0,0,0,0,0,0,0,0,0,0,0,0,0,0,0,0,0,0,0,0,0,0,0,0,0,0,0,0,0,0,0,0,0,0,0,0,0,0,0,0,0,0,0,0,0,0,0,0,0,0,0,0,0,0,0,0,0,0,0,0,0,1,0,1,0,0,0,0,0,1,0,0,0,0,0,0,0,0,0,0,0,0,0,0,0,1,0,0,0,0,0,0,0,0,0,0,0,0,0,0,1,0,0,0,0,0,0,0,0,0,0,1,0,0,0,0,0,0,0,0,0,0,0,0,0,0,0,0,0,0,0,0,0,0,0,0,0,0,0,1,0,0,0,0,0,0,1,1,1,0,0,0,0,0,0,-1,0,0,0,0,0,0,0,0,-1,0,0,-1,0,0,0,0,0,0,0,0,0,0,0,0,0,0,0,0,0,0,1,0,0,0,0,0,0,0,0,0,0,0,0,0,0,0,0,1,1,0,-1,-1,-1,1,1,1,0,0,0,0,1,0,0,1,1,0,0,0,0,1,0,0,0,0,0,0,0,0,0,0,0,0,0,0,0,0,0,0,0,0,0,0,0,0,0,0,0,0,0,1,1,0,1,0,1,1,0,1,0,1,1,0,1,0,0,1,0,0,0,0,0,0,0,0,0,0,0,0,0,0,0,0,0,0,0,0,0,0,0,0,0,0
0,1,1,300,228,8,8,228,114,25,1,0,0.0020000000949949026,4000.0,1.0,0.04500000178813934,25.0,48.0,8.0,291.70001220703125,1.7000000476837158,-3.179999907843012e-07,0.007360000163316727,0.008080000057816505,8.0,0.33000001311302185,0.0333000011742115,1.0,9.999999747378752e-06,21.0,9.999999747378752e-06,2775000064.0,9.000000136438757e-05,4.999999980020986e-13,5.0,40.0,3.0,-3.3499999046325684,3.3499999046325684,0.5,0.0004799999878741801,292.3927001953125,492.6077880859375,-0.0036125299520790577,0.002354159951210022,0.0008944629807956517,0.013157900422811508,0.800646185874939,0.02024419978260994,2650129920.0,0.006539999973028898,228,228,228,228,228,228,228,228,228,228,228,228,228,228,228,228,228,228,228,228,228,228,228,228,220,220,220,220,228,228,228,228,228,228,228,228,228,228,228,228,228,228,228,228,228,228,228,228,228,228,228,228,0,1,4,4,228,228,228,220,228,228,228,228,3,0,0.00040182285010814667,291.0514831542969,632.6126708984375,709.4232788085938,790.234130859375,868.187744140625,988.092529296875,1018.748779296875,1029.6309814453125,1016.381591796875,982.5538330078125,931.07763671875,859.9420166015625,782.3192138671875,704.929931640625,634.4948120117188,565.986083984375,510.51422119140625,468.83697509765625,440.724609375,423.88934326171875,417.3173828125,418.44647216796875,424.0900573730469,431.0614013671875,436.1738586425781,0.007199550047516823,0.6897135376930237,0.7719542980194092,-0.00014485145220533013,0.7555360198020935,0.9790251851081848,106987.53125,3.3056414395105094e-05,0.31555086374282837,0.7014597058296204,0.9009439945220947,0.9014533162117004,0.022349415346980095,1.0,-1.6815581571897805e-44,-3.39505672454834,0.0,99.28922271728516,2664.187255859375,0.9436578154563904,697.2106323242188,228.0,72.0,22.52562141418457,0.0,0.0,309.0209045410156,280633.46875,-0.5241273045539856,6.395891189575195,130.28829956054688,1.2723792791366577,7750000.0,8160000.0,86.12000274658203,119.0999984741211,0.5,9.999999747378752e-05,0.0,3.299999952316284,200.0,0.30000001192092896,309.20001220703125,2.439019908706541e-06,0,0,0,1,1,1,0,24,0,306.8932189941406,0.0,0.0,0.0,0.0,0.0,0.0,0.4988147020339966,0.8709058165550232,0.5183373689651489,-0.009761333465576172,-0.002418812131509185,-0.002624396001920104,0.5097613334655762,0.5112140774726868,0.5113082528114319,1.0,25.0,24.0,6244920.0,6245072.5,6245201.0,290.35931396484375,290.3863525390625,290.3699951171875,323.3576354980469,323.5286560058594,323.3572692871094,4400000.0,306.85845947265625,306.95751953125,306.8636474609375,32.998321533203125,33.142303466796875,32.987274169921875,323.1946716308594,4550.10107421875,4551.7333984375,4561.5810546875,12.847271919250488,12.85863971710205,12.860535621643066,11.61492919921875,0.0,0.0,0.0020000000949949026,290.37188720703125,323.4145202636719,-44.16010284423828,1.6570466756820679,1.6617661714553833,1.66208016872406,-14.917470932006836,39.0,40.0,42.0,41.0,0.0,0.0,6243338.5,6191720.5,76.00577545166016,5.0,0.014999999664723873,-180000.0,600.0,1000000.0,400000.0,0.17000000178813934,22000.0,786000.0,120000.0,0.0,40.0,30.0,36.810001373291016,0.5,18.399999618530273,50000.0,115692.3984375,15.113750457763672,0,0,1,0,0,0,0,13943471.0,0.0,0.0,0.0,0.0,0.0,-1448291.0,400000.0,1000000.0,1.0,1400000.0,0.0,0.48220744729042053,13951709.0,126869.6328125,13943471.0,340.3157958984375,40.007659912109375,4.817418098449707,-1448291.0,0.0,0.0,0.0,3.416975259780884,40.007659912109375,0.0,22230.939453125,1.2010046243667603,0.0,0.0,0.0,20.0,14.711517333984375,22.0,0.0,0.0,0.0,0.05000000074505806,0.02500000037252903,0.17000000178813934,15400000.0,0.5,6.25,0.0006667000125162303,2.0,2410000.0,4140000.0,4.734799861907959,0.15000000596046448,0.20000000298023224,0.2199999988079071,1.0,0.0,-1.0,0.0,5.0,20.0,30.0,50.0,74.0,80.0,86.0,9.800000190734863,500000.0,1.0499999802959792e-07,0.5,750.0,1000.0,600.0,1000.0,1150.0,32.0,32.0,37.400001525878906,10.0,10.0,0.007000000216066837,0.5049999952316284,82.0,189.26499938964844,0.0,1.5099999904632568,231.60000610351562,20.0,36.0,16.600000381469727,16.5,225.0,-0.1756729930639267,27.5,-0.1756729930639267,30.485509872436523,0.1561516970396042,11.10221004486084,-1.8332500457763672,-75.0,4.3520002365112305,9.800000190734863,189.26499938964844,93.30000305175781,2650000.0,0.8500000238418579,7.570000171661377,0,1,0,0,0,0,0,0,0,0,0,1,3,3,0,0,1,1,0,0,0,0,0,0,0,0,0,0,1,0,0,0,0,0,0,0,0,0,0,1,0,0,0,0,0,0,0,0,0,0,12.056791305541992,29060.12109375,2153.699951171875,0.00041489562136121094,0.0004361289902590215,0.0006248649442568421,1.0,1.0,0.0,0.0,0.0,0.5835259556770325,0.5733075737953186,1.0,0.0,0.0,0.0,1.0,0.0,0.0,1.0,1.0,0.0,1.0,1.0,0.009167253971099854,0.0,1.0,0.0,0.632697343826294,0.6370576620101929,0.00041489562136121094,0.0,0.0,0.0,99998.78125,99999.0,2790195.25,2410000.0,36.20000076293945,36.20000076293945,36.20000076293945,32.45193862915039,260.48583984375,131.01419067382812,47.25798034667969,26.33952522277832,37.32276153564453,27.0,28.41220474243164,27.0,0.0,32.0,20.0,68.57752227783203,3446668.0,0.5432071089744568,3.7799999713897705,4.737407684326172,8.919793128967285,0.0,0.0,0.0,1.401298464324817e-45,5.345242500305176,5.345242500305176,0.5049998760223389,0.5049998760223389,0.5049998760223389,0.18937495350837708,0.18937495350837708,0.18937495350837708,0.0,0.0,0.0,0.0,0.0,0.0,5.294999599456787,0.0,0.0,0.0,0.0,0.0,0.0,100.0,74.06159210205078,0.5308663845062256,0.0,20.0,0.0,5.296241283416748,5.676663875579834,0.0,0.0,0.0,0.007000000216066837,0.0,0.0,10.02859878540039,0.0,1.7332097291946411,1.401298464324817e-45,5.684282302856445,0.0,0.0,0.0,0.0,0.0,0.0,20.0,0.0,0.0,13642103.0,0.0,0.0,0.0,0.0,0.0,0.0,0.0,0.351500004529953,18.93000030517578,23.030000686645508,7.69199959904654e-06,0.08500000089406967,0.009999999776482582,24.0,27.0,8.800000190734863,500000.0,0.05000000074505806,2.7000000013543968e-09,2.7000000013543968e-09,145100.0,120000.0,14650000.0,86400.0,17.0,34.5,48.70000076293945,321.8999938964844,83170.0,0.0,1.0,1.0,0.0010000000474974513,725.0,0.0,0.5,0.0,0.0,57.31999969482422,837142.875,9359.77734375,117376.1015625,2623.89794921875,83026.390625,725.0,1.0204100362898316e-05,740000000.0,1,0,1,0,1,0,1,0,0,0,0,8.799991607666016,27.0,2600.076171875,0.0,0.0,0.0,0.0,1.044350504875183,0.0004015310842078179,0.0,0.019999785348773003,38.01394271850586,1.0,25513.6484375,5057.896484375,2.5970894057536498e-05,2543877376.0,4162510336.0,2782155520.0,4172626688.0,-75.52851867675781,36.956298828125,-196646816.0,-10116384.0,5.684282302856445,1535.806396484375,81.21279907226562,1498.85009765625,106381.3984375,3842.938720703125,145458.484375,159658.5625,123513.6484375,32.200050354003906,38.01394271850586,38.01394271850586,1.0,2.5970894057536498e-05,5057.896484375,888112873472.0,0.19912128150463104,137600.0,137600.0,98452968.0,76.06355285644531,6128.49560546875,1.0,0.0,1700.0,250000.0,10000.0,1038.0,0.004999999888241291,400.0,5000.0,0,0,0,0,2961539.0,64.43989562988281,64.43989562988281,1223337.875,2783897.25,1.0,1.0,1220827.0,227.80274963378906,6193305.5,1.0,0.9913769960403442,1.0,1.0,1030.3939208984375,276.76812744140625,189.0196533203125,125.27356719970703,6091921.0,806568.375,189.0196533203125,1.0,1.0,1.0,134.56333923339844,1547.628662109375,789.5311279296875,0.0,0.0,0.0,7680000.0,513.3901977539062,514.9223022460938,516.2147827148438,0.0,2783897.25,0.0,128.87979125976562,0.0,0.0,277.57586669921875,1.0,0.0,-7.5742998123168945,0.0,5.605193857299268e-45,9.999999974752427e-07,0.0,2.0,0.0003000000142492354,0.004999999888241291,0.0010000000474974513,2.0000000233721948e-07,2.0000000233721948e-07,0.0005555999814532697,993000000.0,1.0,0.05000000074505806,0.10000000149011612,0.0005000000237487257,0.0016700000269338489,0.009999999776482582,1.0,1.0,0.0010000000474974513,4.999999873689376e-05,0.00039999998989515007,0.019999999552965164,0.9891999959945679,0.9891999959945679,0.9950000047683716,0.9950000047683716,1,0,0,0,0,1,0,0,1,0,1,0,0,0,0.9829892516136169,976108352.0,62425.4453125,4793259.0,1148.5008544921875,2545967.75,1422.318603515625,1.0,2330367.0,0.9720613360404968,1.0,60.0,180.0,1800.0,1800.0,1.0047005414962769,0.019808992743492126,1.0,1.0,-0.012236599810421467,0.0,0.0,0.0,0.0,-0.00014668703079223633,6.602997746085748e-05,0.0,0.0,6.602997746085748e-05,0.0,6.602997746085748e-05,6.602997746085748e-05,0.0,7.006492321624085e-44,1,1,0,1,1,1,0,1,1,0,1,0,1,1,1,1,1,1,1,1,0,1000,1000,0,1,5001,5001,220.0,3448.9677734375,120.0,120.0,60.0,0.0,0.4000000059604645,0.10000000149011612,0.10000000149011612,2.0,500.0,200.0,0.9900000095367432,300000.0,5000.0,45000.0,20000.0,0.019999999552965164,2.0,0.05000000074505806,0.019999999552965164,6.0,0.05000000074505806,0.019999999552965164,0.019999999552965164,88.30000305175781,0.10000000149011612,0.800000011920929,0.05000000074505806,0.009999999776482582,50.0,50.0,340.0,340.0,1000000.0,1,1,1,1,1,1,1,1,1,1,0,0,0,1,1,0,1.0,0.0,0.0,0.0,0.0007967812707647681,0.0,0.0,0.0,0.9181265234947205,0.9181265234947205,0.9181265234947205,5000.4013671875,3903133.25,3908133.75,50.0,27.616519927978516,0.4000000059604645,0.0,0.0,0.10000000149011612,0.16128399968147278,1.0,45000.0,20.0,29.261966705322266,778956.75,33.36052703857422,4588.9931640625,721.2213745117188,0.7789567708969116,0.9181371927261353,9.474040031433105,1.0,3221173.5,3304317.0,9.718579292297363,20.0,0.2743576765060425,27.435768127441406,0.0,636.4223022460938,411.4049072265625,100000.0,50000.0,1115.300048828125,50000.0,700.0,2000.0,2800000.0,3500000.0,4000000.0,9.999999747378752e-05,4.999999873689376e-05,500.0,20000.0,100.0,500.0,60000.0,1200.0,1.0,120.0,150000.0,3000.0,300.0,1.0,300.0,0.019999999552965164,0.019999999552965164,0.009999999776482582,0.009999999776482582,0.009999999776482582,0.019999999552965164,1.100000023841858,0.019999999552965164,4.0,0.019999999552965164,88.0,1613.0,0.009999999776482582,0.20000000298023224,3.0,5.0,600.0,0.0010000000474974513,88.0,88.0,2000.0,2340.0,-0.11599799990653992,-0.03561130166053772,-0.04758000001311302,-0.01752999983727932,0,0,0,0,0,1,0,520.5748291015625,520.5748291015625,2.09063720703125,2.09063720703125,0.016864676028490067,31.427915573120117,164.21336364746094,1595.6937255859375,1046.0732421875,794.6554565429688,794.6554565429688,3.19140625,3.19140625,1596.4332275390625,540.0682373046875,0.0,0.0,2665385.0,20.00048065185547,20.00048065185547,156.2262420654297,156.2262420654297,65717.2890625,65717.2890625,1.0952881574630737,1.0952881574630737,113.90137481689453,113.90137481689453,24.998558044433594,24.998558044433594,104596.4765625,104596.4765625,25.00839614868164,155.4177703857422,158.41261291503906,2644692.25,20.00048065185547,20.00048065185547,226.43992614746094,226.43992614746094,155.88201904296875,155.88201904296875,652226.0,652226.0,0.0,114.34578704833984,114.34578704833984,228.70843505859375,160173.5625,160173.5625,1.0678237676620483,1.0678237676620483,225.76593017578125,155.88201904296875,273.7801818847656,136.8900909423828,136.8900909423828,203.47129821777344,203.47129821777344,406.9425964355469,0.0,0.0,0.0,136.8711395263672,136.8711395263672,203.47129821777344,203.47129821777344,0.026315800845623016,13.049470901489258,0.20000000298023224,0.8353920578956604,0.8817095160484314,0.834980845451355,0.4988147020339966,0.4125268757343292,0.49956488609313965,0.9599996209144592,1.0,1.0,1.0,0.9999998211860657,0.9999998211860657,0.9999998211860657,190845.609375,193242.0625,0.0,0.0,0.0,0.0,0.0,0.0,0.0,296.3810119628906,297.7510070800781,0.0,190712.8125,190712.8125,0.0,0.0,0.0,0.0,0.8638286590576172,0.8638286590576172,0.8638286590576172,0.8601516485214233,1189294.625,0.9959999918937683,0.9959999918937683,0.9959999918937683,0.9959999918937683,5690924.5,2746597.5,7365142.5,8437338.0,2606300.0,4006736.5,0.0039031330961734056,0.00781626719981432,1045.3309326171875,530.2550659179688,530.68359375,530.1568603515625,332.0106506347656,361.5326843261719,331.7015075683594,198.24441528320312,169.15090942382812,198.45535278320312,1595.7105712890625,1045.3426513671875,349.4294738769531,349.4294738769531,349.4294738769531,513.1671142578125,513.1671142578125,513.1671142578125,2.9998810291290283,0.8292520046234131,0.8620784282684326,2.9998793601989746,5.0,0.0040000081062316895,0.0040000081062316895,0.0040000081062316895,0.0040000081062316895,0.0,-0.4368000030517578,0.0,599976.1875,164.21336364746094,164.21336364746094,0.0,20.0,2783532.25,7.25,12.0,10.25,224.94400024414062,224.94400024414062,224.94400024414062,0.0,0.0,0.7926306128501892,0.9211652278900146,10000.0,10000.0,0.011826000176370144,1038.5,0.027953999117016792,0.0,0.0,1.0878000259399414,1.0809999704360962,9.000000136438757e-05,103.0,33.220001220703125,1.8179999589920044,0.029999999329447746,49.0,8.329999923706055,4.159999847412109,58.0,302.0,4.5,0.699999988079071,0.4000000059604645,7.5,1.3799999952316284,2.492000102996826,7000.0,48.88999938964844,1.2000000476837158,45.0,62000.0,4590000.0,4250000.0,15900000.0,15100000.0,0.05000000074505806,0.17000000178813934,0.009999999776482582,15220000.0,1.6699999570846558,312.7799987792969,1.1100000143051147,4232.0,0.25,689000.0,4030000.0,9.829999923706055,8.550000190734863,12200000.0,231.10000610351562,88.3239974975586,633.0,1.1430000066757202,0.6858000159263611,-10.0,-3.7799999713897705,0.7799999713897705,295.5,4030000.0,12400000.0,0.9200000166893005,5.0,0,0,0,228,159,0,0,0,0,0,0,0,0,1,1,0,0,1,1,1,0,1,0,0,1,0,0,1,1,1,0,0,0,0,0,0,0,0,0,0,0,0,1,0,0.9009439945220947,6244920.0,1.0877995491027832,0.9654565453529358,1.003311276435852,306.916748046875,33.05226135253906,-0.0027694094460457563,1,1,1,0,0,0,1,1,0,0,0,0,0,310,0.20000000298023224,0.20000000298023224,0.20000000298023224,0.0,2,0,0,0,0,0,0,0,0,0,0,0,0,0,0,0,0,0,0,0,0,0,0,0,0,0,0,0,0,0,0,0,0,0,0,0,0,0,0,0,0,0,0,0,0,0,0,0,0,0,0,1,0,0,0,0,0,0,0,0,0,0,0,0,0,0,0,0,0,0,0,0,0,0,0,0,0,0,0,0,0,0,0,0,0,0,0,0,0,0,0,0,0,0,0,0,0,0,0,0,0,0,0,0,0,0,0,0,0,0,0,0,0,0,0,0,0,0,0,0,0,0,0,0,0,0,0,0,0,0,0,0,0,0,0,0,0,0,0,0,0,0,0,1,0,0,0,0,0,0,0,0,0,0,0,-1,0,0,0,0,0,0,1,1,0,0,90.09439849853516,-3.39505672454834,0.0,-0.5241273045539856,-1.6815581571897805e-44,309.0209045410156,306.916748046875,697.2106323242188,-0.00014485145220533013,99.28922271728516,2664.187255859375,1.0877995491027832,1.003311276435852,-1.0,2.104156494140625,6.827850029367255e-06,0.019999785348773003,100.0,27.0,0.0,7.799991607666016,3.703969955444336,1.0,1.0,38.01394271850586,0.2603438198566437,20.0,2.5970894057536498e-05,0.0,74.06159210205078,1.7332097291946411,1.8179994821548462,0.00036938843550160527,0.6817498207092285,0.5432071089744568,28.471431732177734,8.919793128967285,19.24287223815918,17.05466651916504,0.5835259556770325,47.25798034667969,44.898040771484375,260.48583984375,131.01419067382812,0.961866557598114,323.22467041015625,40.007659912109375,0.29459047317504883,290.388671875,290.40472412109375,290.3779296875,323.38616943359375,323.55645751953125,323.386474609375,100.0,4.865893840789795,53.086639404296875,142.36463928222656,306.8874206542969,306.9805908203125,306.8822021484375,340.31524658203125,48.22074508666992,34.1932258605957,142.36463928222656,0.0,0.9638568758964539,0.9683620929718018,0.9641795754432678,89.42616271972656,89.41316223144531,89.33397674560547,63.72665786743164,63.725345611572266,63.72378921508789,51.13082504272461,51.12140655517578,50.97613525390625,99.1725082397461,98.9585189819336,98.92280578613281,1908.564697265625,1910.4609375,1908.918212890625,516.322509765625,517.4760131835938,515.9602661132812,29.0,0.0,48.0,0.49956488609313965,0.667984664440155,0.4125268757343292,0.7053676247596741,0.4988147020339966,0.6683136820793152,41.0,78.36749267578125,63.19710922241211,225.76593017578125,96.84784698486328,9.999999974752427e-07,86.09544372558594,0.6318398714065552,155.4177703857422,0.9913769960403442,721.2213745117188,39.878990173339844,31.427915573120117,1.0,9.474040031433105,77.89567565917969,0.0,0.9718579053878784,20.0,0.0,60.0,120.0,22.0,120.0,3.448967933654785,0.0,0.0,976.1083374023438,18.088796615600586,89.19792938232422,2.0,200.0,0,0,228,228,228,228,220,228,228,228,159,0,99999,99999,11,402,1800,180,1800,998,20,976,90,23,0,0,0,806,1424,29,31,32,0,0,0,0,0,0,0,0,0,0,0,0,0,0,1,0,0,0,0,1,1,1,0,1,0,0,0,1,0,0,0,0,0,0,0,0,0,0,0,0,1,0,1,0,0,1,1,0,1,0,1,0,1,0,0,0,1,1,0,1,0,1,0,0,0,1,1,0,0,0,1,0,1,0,0,0,0,0,1,0,0,1,0,0,0,1,0,0,0,0,0,0,1,0,0,0,1,1,0,0,1,0,1,0,1,0,1,0,0,0,1,0,1,1,1,0,0,1,0,0,0,0,0,1,1,1,0,0,0,0,0,0,0,0,0,0,0,1,0,1,0,1,0,0,0,0,0,0,0,0,0,1,0,1,0,1,0,1,1,1,1,1,1,1,0,0,0,0,0,0,1,0,1,1,1,1,1,1,1,1,1,1,1,0,0,0,1,1,0,0,1,1,0,1,0,1,0,1,1,0,0,0,0,0,0,0,0,1,1,0,0,1,0,1,1,0,0,1,0,0,1,1,0,1,1,1,0,1,1,0,1,0,1,1,0,0,0,0,0,0,1,1,1,1,0,0,0,0,0,0,0,0,0,0,0,0,0,0,0,0,0,0,0,0,0,0,0,0,0,0,0,0,0,0,0,0,0,0,0,0,0,0,0,0,0,0,0,0,0,0,0,0,0,0,0,0,0,0,0,0,0,0,0,0,0,0,0,0,0,0,0,0,0,0,0,0,0,0,0,0,0,0,0,0,0,0,1,0,0,0,0,0,0,0,0,0,0,0,0,0,0,0,0,0,0,0,0,0,0,0,0,0,0,0,0,0,0,0,0,0,0,0,0,0,0,0,0,0,0,0,0,0,0,0,0,0,0,0,0,0,0,0,0,0,0,0,0,0,0,0,0,1,0,1,0,0,0,0,0,1,0,0,0,0,0,0,0,0,0,0,0,0,0,0,0,1,0,0,0,0,0,0,0,0,0,0,0,0,0,0,1,0,0,0,0,0,0,0,0,0,0,1,0,0,0,0,0,0,0,0,0,0,0,0,0,0,0,0,0,0,0,0,0,0,0,0,0,0,0,1,0,0,0,0,0,0,1,1,1,0,0,0,0,0,0,-1,0,0,0,0,0,0,0,0,-1,0,0,-1,0,0,0,0,0,0,0,0,0,0,0,0,0,0,0,0,0,0,1,0,0,0,0,0,0,0,0,0,0,0,0,0,0,0,0,1,1,0,-1,-1,-1,1,1,1,0,0,0,0,1,0,0,1,1,0,0,0,0,1,0,0,0,0,0,0,0,0,0,0,0,0,0,0,0,0,0,0,0,0,0,0,0,0,0,0,0,0,0,1,1,0,1,0,1,1,0,1,0,1,1,0,1,0,0,1,0,0,0,0,0,0,0,0,0,0,0,0,0,0,0,0,0,0,0,0,0,0,0,0,0,0
0,1,1,300,228,8,8,228,114,25,1,0,0.0020000000949949026,4000.0,1.0,0.04500000178813934,25.0,48.0,8.0,291.70001220703125,1.7000000476837158,-3.179999907843012e-07,0.007360000163316727,0.008080000057816505,8.0,0.33000001311302185,0.0333000011742115,1.0,9.999999747378752e-06,21.0,9.999999747378752e-06,2775000064.0,9.000000136438757e-05,4.999999980020986e-13,5.0,40.0,3.0,-3.3499999046325684,3.3499999046325684,0.5,0.0004799999878741801,292.3927001953125,492.6077880859375,-0.0036125299520790577,0.002354159951210022,0.0008944629807956517,0.013157900422811508,0.800646185874939,0.02024419978260994,2650129920.0,0.006539999973028898,228,228,228,228,228,228,228,228,228,228,228,228,228,228,228,228,228,228,228,228,228,228,228,228,220,220,220,220,228,228,228,228,228,228,228,228,228,228,228,228,228,228,228,228,228,228,228,228,228,228,228,228,0,1,4,4,228,228,228,220,228,228,228,228,3,0,0.00040182285010814667,290.9972839355469,631.80712890625,708.373046875,788.9249267578125,866.6295166015625,986.1651611328125,1016.74609375,1027.635986328125,1014.4719848632812,980.7877807617188,929.4966430664062,858.5931396484375,781.20556640625,704.0379028320312,633.7943725585938,565.4540405273438,510.1107177734375,468.52716064453125,440.4805908203125,423.6927490234375,417.1533508300781,418.3038635253906,423.9623107910156,430.9466247558594,436.07470703125,0.00745475385338068,0.688659131526947,0.7719530463218689,-0.00014348753029480577,0.75553959608078,0.9786063432693481,106824.2265625,3.29969625454396e-05,0.3151884078979492,0.7003644704818726,0.8994643092155457,0.8999505043029785,0.022354144603013992,1.0,-1.6815581571897805e-44,-3.3957812786102295,0.0,99.28905487060547,2664.201904296875,0.9436622858047485,696.2393188476562,228.0,72.0,23.242395401000977,0.6000000238418579,0.0,309.0129699707031,280634.03125,-0.5240023732185364,6.394321441650391,130.28829956054688,1.2728955745697021,7750000.0,8160000.0,86.12000274658203,119.0999984741211,0.5,9.999999747378752e-05,0.0,3.299999952316284,200.0,0.30000001192092896,309.20001220703125,2.439019908706541e-06,0,0,0,1,1,1,0,24,0,306.8219299316406,0.0,0.0,0.0,0.0,0.0,0.0,0.4982054829597473,0.8707970976829529,0.5183214545249939,-0.010057985782623291,-0.002517405664548278,-0.002737354952841997,0.5100579857826233,0.5115078091621399,0.5116089582443237,1.0,25.0,24.0,6240154.0,6240307.0,6240434.5,290.302978515625,290.33056640625,290.31390380859375,323.27008056640625,323.44403076171875,323.27001953125,4400000.0,306.7865295410156,306.8872985839844,306.7919616699219,32.96710205078125,33.11346435546875,32.95611572265625,323.10430908203125,4549.6103515625,4551.18408203125,4561.06591796875,12.849838256835938,12.8611478805542,12.863121032714844,11.568267822265625,0.0,0.0,0.0020000000949949026,290.3158264160156,323.3280334472656,-44.44883346557617,1.6580113172531128,1.6627203226089478,1.6630560159683228,-15.148834228515625,39.0,40.0,42.0,41.0,0.0,0.0,6238549.5,6186924.0,75.83832550048828,5.0,0.014999999664723873,-180000.0,600.0,1000000.0,400000.0,0.17000000178813934,22000.0,786000.0,120000.0,0.0,40.0,30.0,36.810001373291016,0.5,18.399999618530273,50000.0,115692.3984375,15.113750457763672,0,0,1,0,0,0,0,13918647.0,0.0,0.0,0.0,0.0,0.0,-1473068.0,400000.0,1000000.0,1.0,1400000.0,0.0,0.48080673813819885,13926932.0,126869.6328125,13918647.0,340.3170166015625,40.007659912109375,4.803372383117676,-1473068.0,0.0,0.0,0.0,3.409893751144409,40.007659912109375,0.0,22230.939453125,1.2010046243667603,0.0,0.0,0.0,20.0,14.711517333984375,22.0,0.0,0.0,0.0,0.05000000074505806,0.02500000037252903,0.17000000178813934,15400000.0,0.5,6.25,0.0006667000125162303,2.0,2410000.0,4140000.0,4.734799861907959,0.15000000596046448,0.20000000298023224,0.2199999988079071,1.0,0.0,-1.0,0.0,5.0,20.0,30.0,50.0,74.0,80.0,86.0,9.800000190734863,500000.0,1.0499999802959792e-07,0.5,750.0,1000.0,600.0,1000.0,1150.0,32.0,32.0,37.400001525878906,10.0,10.0,0.007000000216066837,0.5049999952316284,82.0,189.26499938964844,0.0,1.5099999904632568,231.60000610351562,20.0,36.0,16.600000381469727,16.5,225.0,-0.1756729930639267,27.5,-0.1756729930639267,30.485509872436523,0.1561516970396042,11.10221004486084,-1.8332500457763672,-75.0,4.3520002365112305,9.800000190734863,189.26499938964844,93.30000305175781,2650000.0,0.8500000238418579,7.570000171661377,0,1,0,0,0,0,0,0,0,0,0,1,3,3,0,0,1,1,0,0,0,0,0,0,0,0,0,0,1,0,0,0,0,0,0,0,0,0,0,1,0,0,0,0,0,0,0,0,0,0,12.056652069091797,29059.88671875,2153.699951171875,0.00041489419527351856,0.0004361289902590215,0.0006248649442568421,1.0,1.0,0.0,0.0,0.0,0.5846827626228333,0.5744746327400208,1.0,0.0,0.0,0.0,1.0,0.0,0.0,1.0,1.0,0.0,1.0,1.0,0.0089988112449646,0.0,1.0,0.0,0.63230299949646,0.6367273926734924,0.00041489419527351856,0.0,0.0,0.0,99998.78125,99999.0,2788456.25,2410000.0,36.20000076293945,36.20000076293945,36.20000076293945,32.454856872558594,260.05902099609375,130.68789672851562,47.14905548095703,26.344524383544922,37.285118103027344,27.0,28.401506423950195,27.0,0.0,32.0,20.0,68.57752227783203,3446668.0,0.5432071089744568,3.7799999713897705,4.748816013336182,8.919793128967285,0.0,0.0,0.0,1.401298464324817e-45,5.33981990814209,5.33981990814209,0.5049998760223389,0.5049998760223389,0.5049998760223389,0.18937495350837708,0.18937495350837708,0.18937495350837708,0.0,0.0,0.0,0.0,0.0,0.0,5.294999599456787,0.0,0.0,0.0,0.0,0.0,0.0,100.0,74.05953216552734,0.5294169187545776,0.0,20.0,0.0,5.2917680740356445,5.6880879402160645,0.0,0.0,0.0,0.007000000216066837,0.0,0.0,10.04001522064209,0.0,1.733189344406128,1.401298464324817e-45,5.695690631866455,0.0,0.0,0.0,0.0,0.0,0.0,20.0,0.0,0.0,13617382.0,0.0,0.0,0.0,0.0,0.0,0.0,0.0,0.351500004529953,18.93000030517578,23.030000686645508,7.69199959904654e-06,0.08500000089406967,0.009999999776482582,24.0,27.0,8.800000190734863,500000.0,0.05000000074505806,2.7000000013543968e-09,2.7000000013543968e-09,145100.0,120000.0,14650000.0,86400.0,17.0,34.5,48.70000076293945,321.8999938964844,83170.0,0.0,1.0,1.0,0.0010000000474974513,725.0,0.0,0.5,0.0,0.0,57.31999969482422,837142.875,9359.77734375,117376.1015625,2623.89794921875,83026.390625,725.0,1.0204100362898316e-05,740000000.0,1,0,1,0,1,0,1,0,0,0,0,8.799991607666016,27.0,2645.680908203125,0.0,0.0,0.0,0.0,1.0626754760742188,0.00040154997259378433,0.0,0.02035057730972767,38.06487274169922,1.0,25527.8984375,5141.814453125,2.6426592739881016e-05,2540418816.0,4159188480.0,2779155968.0,4170146048.0,-75.33998107910156,37.3594970703125,-197871824.0,-10957600.0,5.695690631866455,1535.30078125,81.03567504882812,1497.9412841796875,106381.3984375,3852.93603515625,145494.09375,159872.46875,123527.8984375,32.800052642822266,38.06487274169922,38.06487274169922,1.0,2.6426592739881016e-05,5141.814453125,892506079232.0,0.199178084731102,137600.0,137600.0,98216264.0,75.89586639404297,6142.6484375,1.0,0.0,1700.0,250000.0,10000.0,1038.0,0.004999999888241291,400.0,5000.0,0,0,0,0,2961459.0,64.4289779663086,64.4289779663086,1223098.25,2783930.75,1.0,1.0,1220366.75,227.77133178710938,6188529.0,1.0,0.9912075400352478,1.0,1.0,1030.1962890625,276.71929931640625,189.002197265625,125.16255950927734,6087245.0,806488.625,189.002197265625,1.0,1.0,1.0,134.47116088867188,1546.6871337890625,789.365478515625,0.0,0.0,0.0,7680000.0,513.0487670898438,514.6077270507812,515.88427734375,0.0,2783930.75,0.0,128.8579559326172,0.0,0.0,277.5248107910156,1.0,0.0,-7.5742998123168945,0.0,5.605193857299268e-45,9.999999974752427e-07,0.0,2.0,0.0003000000142492354,0.004999999888241291,0.0010000000474974513,2.0000000233721948e-07,2.0000000233721948e-07,0.0005555999814532697,993000000.0,1.0,0.05000000074505806,0.10000000149011612,0.0005000000237487257,0.0016700000269338489,0.009999999776482582,1.0,1.0,0.0010000000474974513,4.999999873689376e-05,0.00039999998989515007,0.019999999552965164,0.9891999959945679,0.9891999959945679,0.9950000047683716,0.9950000047683716,1,0,0,0,0,1,0,0,1,0,1,0,0,0,0.9825396537780762,975661888.0,62389.5625,4791144.0,1147.783203125,2545981.5,1421.4873046875,1.0,2330436.25,0.9722594618797302,1.0,60.0,180.0,1800.0,1800.0,1.0047005414962769,0.019808992743492126,1.0,1.0,-0.012236599810421467,0.0,0.0,0.0,0.0,-0.00015276670455932617,6.602997746085748e-05,0.0,0.0,6.602997746085748e-05,0.0,6.602997746085748e-05,6.602997746085748e-05,0.0,7.006492321624085e-44,1,1,0,1,1,1,0,1,1,0,1,0,1,1,1,1,1,1,1,1,0,1000,1000,0,1,5001,5001,220.0,3447.618896484375,120.0,120.0,60.0,0.0,0.4000000059604645,0.10000000149011612,0.10000000149011612,2.0,500.0,200.0,0.9900000095367432,300000.0,5000.0,45000.0,20000.0,0.019999999552965164,2.0,0.05000000074505806,0.019999999552965164,6.0,0.05000000074505806,0.019999999552965164,0.019999999552965164,88.30000305175781,0.10000000149011612,0.800000011920929,0.05000000074505806,0.009999999776482582,50.0,50.0,340.0,340.0,1000000.0,1,1,1,1,1,1,1,1,1,1,0,0,0,1,1,0,1.0,0.0,0.0,0.0,0.000747468788176775,0.0,0.0,0.0,0.9181247353553772,0.9181247353553772,0.9181247353553772,5000.4013671875,3903308.0,3908308.5,50.0,27.616479873657227,0.4000000059604645,0.0,0.0,0.10000000149011612,0.16115960478782654,1.0,45000.0,20.0,29.260522842407227,778960.125,33.35840606689453,4588.98974609375,721.2213745117188,0.778960108757019,0.9181324243545532,9.473999977111816,1.0,3221160.0,3304317.0,9.718579292297363,20.0,0.2744031548500061,27.44031524658203,0.0,636.4223022460938,411.4106140136719,100000.0,50000.0,1115.300048828125,50000.0,700.0,2000.0,2800000.0,3500000.0,4000000.0,9.999999747378752e-05,4.999999873689376e-05,500.0,20000.0,100.0,500.0,60000.0,1200.0,1.0,120.0,150000.0,3000.0,300.0,1.0,300.0,0.019999999552965164,0.019999999552965164,0.009999999776482582,0.009999999776482582,0.009999999776482582,0.019999999552965164,1.100000023841858,0.019999999552965164,4.0,0.019999999552965164,88.0,1613.0,0.009999999776482582,0.20000000298023224,3.0,5.0,600.0,0.0010000000474974513,88.0,88.0,2000.0,2340.0,-0.11599799990653992,-0.03561130166053772,-0.04758000001311302,-0.01752999983727932,0,0,0,0,0,1,0,520.4544067382812,520.4544067382812,2.0902099609375,2.0902099609375,0.016857700422406197,31.427898406982422,164.2131805419922,1595.402587890625,1045.848876953125,794.510498046875,794.510498046875,3.1907958984375,3.1907958984375,1596.1787109375,539.8790893554688,0.0,0.0,2665313.0,20.00048065185547,20.00048065185547,156.22238159179688,156.22238159179688,65717.0234375,65717.0234375,1.0952837467193604,1.0952837467193604,113.88566589355469,113.88566589355469,24.998558044433594,24.998558044433594,104596.4765625,104596.4765625,25.008392333984375,155.4141082763672,158.4098663330078,2644723.5,20.00048065185547,20.00048065185547,226.42404174804688,226.42404174804688,155.8792266845703,155.8792266845703,652214.3125,652214.3125,0.0,114.34049987792969,114.34049987792969,228.69786071777344,160172.265625,160172.265625,1.0678150653839111,1.0678150653839111,225.75173950195312,155.8792266845703,273.6656188964844,136.8328094482422,136.8328094482422,203.4451904296875,203.4451904296875,406.890380859375,0.0,0.0,0.0,136.81341552734375,136.81341552734375,203.4451904296875,203.4451904296875,0.026315800845623016,13.048727035522461,0.20000000298023224,0.8342177271842957,0.8805277943611145,0.833774745464325,0.4982054829597473,0.4119211733341217,0.49894505739212036,0.9599996209144592,1.0,1.0,1.0,0.9999998211860657,0.9999998211860657,0.9999998211860657,190845.1875,193242.0625,0.0,0.0,0.0,0.0,0.0,0.0,0.0,296.3810119628906,297.7510070800781,0.0,190720.609375,190720.609375,0.0,0.0,0.0,0.0,0.8634120225906372,0.8634120225906372,0.8634120225906372,0.8606249094009399,1188986.375,0.9959999918937683,0.9959999918937683,0.9959999918937683,0.9959999918937683,5686877.0,2747164.0,7363083.0,8433850.0,2606300.0,4006979.25,0.0039033079519867897,0.0078166164457798,1045.0892333984375,530.0943603515625,530.5162353515625,529.9611206054688,331.8871154785156,361.4334411621094,331.5537109375,198.20724487304688,169.08279418945312,198.40740966796875,1595.41943359375,1045.1009521484375,349.37152099609375,349.37152099609375,349.37152099609375,512.518310546875,512.518310546875,512.518310546875,2.9998855590820312,0.8278193473815918,0.8620079755783081,2.9998841285705566,5.0,0.0040000081062316895,0.0040000081062316895,0.0040000081062316895,0.0040000081062316895,0.0,-0.4368000030517578,0.0,599977.125,164.2131805419922,164.2131805419922,0.0,20.0,2783567.0,7.25,12.0,10.25,224.9315185546875,224.9315185546875,224.9315185546875,0.0,0.0,0.7926306128501892,0.9211652278900146,10000.0,10000.0,0.011826000176370144,1038.5,0.027953999117016792,0.0,0.0,1.0878000259399414,1.0809999704360962,9.000000136438757e-05,103.0,33.220001220703125,1.8179999589920044,0.029999999329447746,49.0,8.329999923706055,4.159999847412109,58.0,302.0,4.5,0.699999988079071,0.4000000059604645,7.5,1.3799999952316284,2.492000102996826,7000.0,48.88999938964844,1.2000000476837158,45.0,62000.0,4590000.0,4250000.0,15900000.0,15100000.0,0.05000000074505806,0.17000000178813934,0.009999999776482582,15220000.0,1.6699999570846558,312.7799987792969,1.1100000143051147,4232.0,0.25,689000.0,4030000.0,9.829999923706055,8.550000190734863,12200000.0,231.10000610351562,88.3239974975586,633.0,1.1430000066757202,0.6858000159263611,-10.0,-3.7799999713897705,0.7799999713897705,295.5,4030000.0,12400000.0,0.9200000166893005,5.0,0,0,0,228,159,0,0,0,0,0,0,0,0,1,1,0,0,1,1,1,0,1,0,0,1,0,0,1,1,1,0,0,0,0,0,0,0,0,0,0,0,0,1,0,0.8994643092155457,6240154.0,1.0877995491027832,0.9645779132843018,1.0027859210968018,306.8457946777344,33.02218246459961,-0.00261877803131938,1,1,1,0,0,0,1,1,0,0,0,0,0,313,0.20000000298023224,0.20000000298023224,0.20000000298023224,0.0,2,0,0,0,0,0,0,0,0,0,0,0,0,0,0,0,0,0,0,0,0,0,0,0,0,0,0,0,0,0,0,0,0,0,0,0,0,0,0,0,0,0,0,0,0,0,0,0,0,0,0,1,0,0,0,0,0,0,0,0,0,0,0,0,0,0,0,0,0,0,0,0,0,0,0,0,0,0,0,0,0,0,0,0,0,0,0,0,0,0,0,0,0,0,0,0,0,0,0,0,0,0,0,0,0,0,0,0,0,0,0,0,0,0,0,0,0,0,0,0,0,0,0,0,0,0,0,0,0,0,0,0,0,0,0,0,0,0,0,0,0,0,0,1,0,0,0,0,0,0,0,0,0,0,0,-1,0,0,0,0,0,0,1,1,0,0,89.9464340209961,-3.3957812786102295,0.0,-0.5240023732185364,-1.6815581571897805e-44,309.0129699707031,306.8457946777344,696.2393188476562,-0.00014348753029480577,99.28905487060547,2664.201904296875,1.0877995491027832,1.0027859210968018,-1.0,2.16717529296875,6.827850029367255e-06,0.02035057730972767,100.0,27.0,0.0,7.799991607666016,3.711116313934326,1.0,1.0,38.06487274169922,0.26048922538757324,20.0,2.6426592739881016e-05,0.0,74.05953216552734,1.733189344406128,1.8179994821548462,0.00036938843550160527,0.6817498207092285,0.5432071089744568,28.45368766784668,8.919793128967285,19.223350524902344,17.09573745727539,0.5846827626228333,47.14905548095703,44.898040771484375,260.05902099609375,130.68789672851562,0.9616319537162781,323.1344909667969,40.007659912109375,0.29459047317504883,290.33270263671875,290.34918212890625,290.32177734375,323.2992858886719,323.4723815917969,323.2995300292969,100.0,4.861018180847168,52.94169235229492,142.11181640625,306.81597900390625,306.9107666015625,306.8106689453125,340.316650390625,48.08067321777344,34.12260818481445,142.11181640625,0.0,0.9629538655281067,0.9675286412239075,0.9632801413536072,89.44413757324219,89.43061065673828,89.3518295288086,63.67802047729492,63.676719665527344,63.6751594543457,51.16089630126953,51.150779724121094,51.00579833984375,99.16120147705078,98.94681549072266,98.91193389892578,1907.8599853515625,1909.8583984375,1908.339599609375,515.9989624023438,517.166748046875,515.6266479492188,29.0,0.0,48.0,0.49894505739212036,0.667019784450531,0.4119211733341217,0.7044222354888916,0.4982054829597473,0.6673741936683655,41.0,78.36749267578125,63.148372650146484,225.75173950195312,96.78893280029297,9.999999974752427e-07,86.05985260009766,0.63196861743927,155.4141082763672,0.9912075400352478,721.2213745117188,39.88077163696289,31.427898406982422,1.0,9.473999977111816,77.89601135253906,0.0,0.9718579053878784,20.0,0.0,60.0,120.0,22.0,120.0,3.4476189613342285,0.0,0.0,975.661865234375,18.088796615600586,89.19792938232422,2.0,200.0,0,0,228,228,228,228,220,228,228,228,159,0,99999,99999,11,402,1800,180,1800,998,20,975,89,23,0,0,0,806,1424,29,31,32,0,0,0,0,0,0,0,0,0,0,0,0,0,0,1,0,0,0,0,1,1,1,0,1,0,0,0,1,0,0,0,0,0,0,0,0,0,0,0,0,1,0,1,0,0,1,1,0,1,0,1,0,1,0,0,0,1,1,0,1,0,1,0,0,0,1,1,1,0,0,1,0,1,0,0,0,0,1,1,0,0,1,0,0,0,1,0,0,0,0,0,0,1,0,0,0,1,1,0,0,1,0,1,0,1,0,1,0,0,0,1,0,1,1,1,0,0,1,0,0,0,0,0,1,1,1,0,0,0,0,0,0,0,0,0,0,0,1,0,1,0,1,0,0,0,0,0,0,0,0,0,1,0,1,0,1,0,1,1,1,1,1,1,1,0,0,0,0,0,0,1,0,1,1,1,1,1,1,1,1,1,1,1,1,0,0,1,1,0,0,1,1,0,1,0,1,0,1,1,0,0,0,0,0,0,0,0,1,1,0,0,1,0,1,1,0,0,1,0,0,1,1,0,1,1,1,0,1,1,0,1,0,1,1,0,0,0,0,0,0,1,1,1,1,0,0,0,0,0,0,0,0,1,0,0,0,0,0,0,0,0,0,0,0,0,0,0,0,0,0,0,0,0,0,0,0,0,0,0,0,0,0,0,0,0,0,0,0,0,0,0,0,0,0,0,0,0,0,0,0,0,0,0,0,0,0,0,1,0,0,0,1,1,0,0,0,0,0,0,0,0,0,0,0,0,0,0,0,0,0,0,0,0,0,0,0,0,0,0,0,0,0,0,0,0,0,0,0,0,0,0,0,0,0,0,0,0,0,0,0,0,0,0,0,0,0,0,0,0,0,0,0,0,0,0,0,0,0,0,0,0,0,0,0,0,0,0,0,0,0,0,1,0,1,0,0,0,0,0,1,0,0,0,0,0,0,0,0,0,0,0,0,0,0,0,1,0,0,0,0,0,0,0,0,0,0,0,0,0,0,1,0,0,0,0,0,0,0,0,0,0,1,0,0,0,0,0,0,0,0,0,0,0,0,0,0,0,0,0,0,0,0,0,0,0,0,0,0,0,1,0,0,0,0,0,0,1,1,1,0,0,0,0,0,0,-1,0,0,0,0,0,0,0,0,-1,0,0,-1,0,0,0,0,0,0,0,0,0,0,0,0,0,0,0,0,0,0,1,0,0,0,0,0,0,0,0,0,0,0,0,0,0,0,0,1,1,0,-1,-1,-1,1,1,1,0,0,0,0,1,0,0,1,1,0,0,0,0,1,0,0,0,0,0,0,0,0,0,0,0,0,0,0,0,0,0,0,0,0,0,0,0,0,0,0,0,0,0,1,1,0,1,0,1,1,0,1,0,1,1,0,1,0,0,1,0,0,0,0,0,0,0,0,0,0,0,0,0,0,0,0,0,0,0,0,0,0,0,0,0,0
0,1,1,300,228,8,8,228,114,25,1,0,0.0020000000949949026,4000.0,1.0,0.04500000178813934,25.0,48.0,8.0,291.70001220703125,1.7000000476837158,-3.179999907843012e-07,0.007360000163316727,0.008080000057816505,8.0,0.33000001311302185,0.0333000011742115,1.0,9.999999747378752e-06,21.0,9.999999747378752e-06,2775000064.0,9.000000136438757e-05,4.999999980020986e-13,5.0,40.0,3.0,-3.3499999046325684,3.3499999046325684,0.5,0.0004799999878741801,292.3927001953125,492.6077880859375,-0.0036125299520790577,0.002354159951210022,0.0008944629807956517,0.013157900422811508,0.800646185874939,0.02024419978260994,2650129920.0,0.006539999973028898,228,228,228,228,228,228,228,228,228,228,228,228,228,228,228,228,228,228,228,228,228,228,228,228,220,220,220,220,228,228,228,228,228,228,228,228,228,228,228,228,228,228,228,228,228,228,228,228,228,228,228,228,0,1,4,4,228,228,228,220,228,228,228,228,3,0,0.00040182372322306037,290.94244384765625,631.031494140625,707.3575439453125,787.6555786132812,865.116455078125,984.2896118164062,1014.7958984375,1025.692138671875,1012.610107421875,979.0648803710938,927.9530639648438,857.275146484375,780.1162109375,703.1641845703125,633.10693359375,564.9303588867188,509.7118225097656,468.21893310546875,440.2355651855469,423.4926452636719,416.98333740234375,418.15283203125,423.82373046875,430.8185729980469,435.95989990234375,0.007708348333835602,0.6875888109207153,0.7719517946243286,-0.00014270219253376126,0.7555431723594666,0.9781842231750488,106664.34375,3.294046109658666e-05,0.31482353806495667,0.6992526054382324,0.8980315923690796,0.8985061645507812,0.0223563052713871,1.0,-1.6815581571897805e-44,-3.3964788913726807,0.0,99.28885650634766,2664.21728515625,0.9436667561531067,695.2916259765625,228.0,72.0,23.971479415893555,0.20000000298023224,0.0,309.00482177734375,280634.59375,-0.5239056348800659,6.392722129821777,130.28829956054688,1.273460030555725,7750000.0,8160000.0,86.12000274658203,119.0999984741211,0.5,9.999999747378752e-05,0.0,3.299999952316284,200.0,0.30000001192092896,309.20001220703125,2.439019908706541e-06,0,0,0,1,1,1,0,24,0,306.7496032714844,0.0,0.0,0.0,0.0,0.0,0.0,0.49759596586227417,0.8706851601600647,0.5183050036430359,-0.01035451889038086,-0.0026189363561570644,-0.002853218000382185,0.5103545188903809,0.5118009448051453,0.511908769607544,1.0,25.0,24.0,6235322.0,6235479.5,6235603.0,290.24603271484375,290.2740478515625,290.25714111328125,323.1813659667969,323.3576354980469,323.1813659667969,4400000.0,306.71368408203125,306.81585693359375,306.71923828125,32.935333251953125,33.083587646484375,32.924224853515625,323.0131530761719,4549.11767578125,4550.6005859375,4560.53662109375,12.852412223815918,12.86365795135498,12.865703582763672,11.521636962890625,0.0,0.0,0.0020000000949949026,290.2590637207031,323.2401123046875,-44.54916763305664,1.6589752435684204,1.6636725664138794,1.6640287637710571,-15.374671936035156,39.0,40.0,42.0,41.0,0.0,0.0,6233694.5,6182059.5,75.67145538330078,5.0,0.014999999664723873,-180000.0,600.0,1000000.0,400000.0,0.17000000178813934,22000.0,786000.0,120000.0,0.0,40.0,30.0,36.810001373291016,0.5,18.399999618530273,50000.0,115692.3984375,15.113750457763672,0,0,1,0,0,0,0,13893824.0,0.0,0.0,0.0,0.0,0.0,-1497908.0,400000.0,1000000.0,1.0,1400000.0,0.0,0.479396790266037,13902092.0,126869.6328125,13893824.0,340.318359375,40.007659912109375,4.789259433746338,-1497908.0,0.0,0.0,0.0,3.4027786254882812,40.007659912109375,0.0,22230.939453125,1.2010046243667603,0.0,0.0,0.0,20.0,14.711517333984375,22.0,0.0,0.0,0.0,0.05000000074505806,0.02500000037252903,0.17000000178813934,15400000.0,0.5,6.25,0.0006667000125162303,2.0,2410000.0,4140000.0,4.734799861907959,0.15000000596046448,0.20000000298023224,0.2199999988079071,1.0,0.0,-1.0,0.0,5.0,20.0,30.0,50.0,74.0,80.0,86.0,9.800000190734863,500000.0,1.0499999802959792e-07,0.5,750.0,1000.0,600.0,1000.0,1150.0,32.0,32.0,37.400001525878906,10.0,10.0,0.007000000216066837,0.5049999952316284,82.0,189.26499938964844,0.0,1.5099999904632568,231.60000610351562,20.0,36.0,16.600000381469727,16.5,225.0,-0.1756729930639267,27.5,-0.1756729930639267,30.485509872436523,0.1561516970396042,11.10221004486084,-1.8332500457763672,-75.0,4.3520002365112305,9.800000190734863,189.26499938964844,93.30000305175781,2650000.0,0.8500000238418579,7.570000171661377,0,1,0,0,0,0,0,0,0,0,0,1,3,3,0,0,1,1,0,0,0,0,0,0,0,0,0,0,1,0,0,0,0,0,0,0,0,0,0,1,0,0,0,0,0,0,0,0,0,0,12.056509971618652,29059.642578125,2153.699951171875,0.0004148927691858262,0.0004361289902590215,0.0006248649442568421,1.0,1.0,0.0,0.0,0.0,0.5858355164527893,0.5756403207778931,1.0,0.0,0.0,0.0,1.0,0.0,0.0,1.0,1.0,0.0,1.0,1.0,0.0088234543800354,0.0,1.0,0.0,0.6319036483764648,0.6363922953605652,0.0004148927691858262,0.0,0.0,0.0,99998.78125,99999.0,2786695.0,2410000.0,36.20000076293945,36.20000076293945,36.20000076293945,32.457740783691406,259.63140869140625,130.3606719970703,47.03954315185547,26.349550247192383,37.24736785888672,27.0,28.390750885009766,27.0,0.0,32.0,20.0,68.57752227783203,3446668.0,0.5432082414627075,3.7799999713897705,4.760197639465332,8.919792175292969,0.0,0.0,0.0,1.401298464324817e-45,5.334345817565918,5.334345817565918,0.5049998760223389,0.5049998760223389,0.5049998760223389,0.18937495350837708,0.18937495350837708,0.18937495350837708,0.0,0.0,0.0,0.0,0.0,0.0,5.294999599456787,0.0,0.0,0.0,0.0,0.0,0.0,100.0,74.05738830566406,0.5279455184936523,0.0,20.0,0.0,5.287278652191162,5.699487209320068,0.0,0.0,0.0,0.007000000216066837,0.0,0.0,10.051406860351562,0.0,1.733168125152588,1.401298464324817e-45,5.7070722579956055,0.0,0.0,0.0,0.0,0.0,0.0,20.0,0.0,0.0,13592607.0,0.0,0.0,0.0,0.0,0.0,0.0,0.0,0.351500004529953,18.93000030517578,23.030000686645508,7.69199959904654e-06,0.08500000089406967,0.009999999776482582,24.0,27.0,8.800000190734863,500000.0,0.05000000074505806,2.7000000013543968e-09,2.7000000013543968e-09,145100.0,120000.0,14650000.0,86400.0,17.0,34.5,48.70000076293945,321.8999938964844,83170.0,0.0,1.0,1.0,0.0010000000474974513,725.0,0.0,0.5,0.0,0.0,57.31999969482422,837142.875,9359.77734375,117376.1015625,2623.89794921875,83026.390625,725.0,1.0204100362898316e-05,740000000.0,1,0,1,0,1,0,1,0,0,0,0,8.799991607666016,27.0,2691.185302734375,0.0,0.0,0.0,0.0,1.0809602737426758,0.00040156656177714467,0.0,0.020700596272945404,38.11540985107422,1.0,25542.09375,5225.498046875,2.6881287340074778e-05,2536808448.0,4155802112.0,2776092672.0,4167624448.0,-75.15274047851562,37.77880859375,-198946576.0,-11822272.0,5.7070722579956055,1534.79638671875,80.85981750488281,1497.017578125,106381.3984375,3862.877685546875,145529.65625,160084.71875,123542.09375,33.400054931640625,38.11540985107422,38.11540985107422,1.0,2.6881287340074778e-05,5225.498046875,896682426368.0,0.1992347687482834,137600.0,137600.0,97981072.0,75.7294921875,6156.7392578125,1.0,0.0,1700.0,250000.0,10000.0,1038.0,0.004999999888241291,400.0,5000.0,0,0,0,0,2961379.25,64.41778564453125,64.41778564453125,1222855.25,2783964.0,1.0,1.0,1219894.75,227.73939514160156,6183690.5,1.0,0.9910339117050171,1.0,1.0,1029.9901123046875,276.66986083984375,188.98431396484375,125.04949188232422,6082509.5,806407.0,188.98431396484375,1.0,1.0,1.0,134.37718200683594,1545.730224609375,789.1917724609375,0.0,0.0,0.0,7680000.0,512.7048950195312,514.2891235351562,515.5440673828125,0.0,2783964.0,0.0,128.8355712890625,0.0,0.0,277.4730224609375,1.0,0.0,-7.5742998123168945,0.0,5.605193857299268e-45,9.999999974752427e-07,0.0,2.0,0.0003000000142492354,0.004999999888241291,0.0010000000474974513,2.0000000233721948e-07,2.0000000233721948e-07,0.0005555999814532697,993000000.0,1.0,0.05000000074505806,0.10000000149011612,0.0005000000237487257,0.0016700000269338489,0.009999999776482582,1.0,1.0,0.0010000000474974513,4.999999873689376e-05,0.00039999998989515007,0.019999999552965164,0.9891999959945679,0.9891999959945679,0.9950000047683716,0.9950000047683716,1,0,0,0,0,1,0,0,1,0,1,0,0,0,0.9820820093154907,975207424.0,62353.15625,4788977.0,1147.0550537109375,2545994.75,1420.642822265625,1.0,2330506.25,0.9724575877189636,1.0,60.0,180.0,1800.0,1800.0,1.0047005414962769,0.019808992743492126,1.0,1.0,-0.012236599810421467,0.0,0.0,0.0,0.0,-0.00015336275100708008,6.602997746085748e-05,0.0,0.0,6.602997746085748e-05,0.0,6.602997746085748e-05,6.602997746085748e-05,0.0,7.006492321624085e-44,1,1,0,1,1,1,0,1,1,0,1,0,1,1,1,1,1,1,1,1,0,1000,1000,0,1,5001,5001,220.0,3446.24609375,120.0,120.0,60.0,0.0,0.4000000059604645,0.10000000149011612,0.10000000149011612,2.0,500.0,200.0,0.9900000095367432,300000.0,5000.0,45000.0,20000.0,0.019999999552965164,2.0,0.05000000074505806,0.019999999552965164,6.0,0.05000000074505806,0.019999999552965164,0.019999999552965164,88.30000305175781,0.10000000149011612,0.800000011920929,0.05000000074505806,0.009999999776482582,50.0,50.0,340.0,340.0,1000000.0,1,1,1,1,1,1,1,1,1,1,0,0,0,1,1,0,1.0,0.0,0.0,0.0,0.0007013437571004033,0.0,0.0,0.0,0.9181227684020996,0.9181227684020996,0.9181227684020996,5000.4013671875,3903487.25,3908487.75,50.0,27.616439819335938,0.4000000059604645,0.0,0.0,0.10000000149011612,0.16103360056877136,1.0,45000.0,20.0,29.259000778198242,778963.5,33.356163024902344,4588.986328125,721.2213745117188,0.7789635062217712,0.9181273579597473,9.473959922790527,1.0,3221146.5,3304317.0,9.718579292297363,20.0,0.2744497060775757,27.444971084594727,0.0,636.4223022460938,411.4289855957031,100000.0,50000.0,1115.300048828125,50000.0,700.0,2000.0,2800000.0,3500000.0,4000000.0,9.999999747378752e-05,4.999999873689376e-05,500.0,20000.0,100.0,500.0,60000.0,1200.0,1.0,120.0,150000.0,3000.0,300.0,1.0,300.0,0.019999999552965164,0.019999999552965164,0.009999999776482582,0.009999999776482582,0.009999999776482582,0.019999999552965164,1.100000023841858,0.019999999552965164,4.0,0.019999999552965164,88.0,1613.0,0.009999999776482582,0.20000000298023224,3.0,5.0,600.0,0.0010000000474974513,88.0,88.0,2000.0,2340.0,-0.11599799990653992,-0.03561130166053772,-0.04758000001311302,-0.01752999983727932,0,0,0,0,0,1,0,520.3306274414062,520.3306274414062,2.08966064453125,2.08966064453125,0.016850534826517105,31.427881240844727,164.21298217773438,1595.097900390625,1045.619140625,794.3587646484375,794.3587646484375,3.190185546875,3.190185546875,1595.91162109375,539.6959228515625,0.0,0.0,2665241.25,20.00048065185547,20.00048065185547,156.21849060058594,156.21849060058594,65716.7421875,65716.7421875,1.0952789783477783,1.0952789783477783,113.86969757080078,113.86969757080078,24.998563766479492,24.998563766479492,104596.5,104596.5,25.008394241333008,155.4104461669922,158.4071502685547,2644755.0,20.00048065185547,20.00048065185547,226.40780639648438,226.40780639648438,155.87648010253906,155.87648010253906,652202.8125,652202.8125,0.0,114.33477783203125,114.33477783203125,228.6864013671875,160170.953125,160170.953125,1.067806363105774,1.067806363105774,225.73733520507812,155.87648010253906,273.5483703613281,136.77418518066406,136.77418518066406,203.41908264160156,203.41908264160156,406.8381652832031,0.0,0.0,0.0,136.7543487548828,136.7543487548828,203.41908264160156,203.41908264160156,0.026315800845623016,13.047957420349121,0.20000000298023224,0.8330397009849548,0.8793433904647827,0.8325669169425964,0.49759596586227417,0.4113161861896515,0.49832648038864136,0.9599996209144592,1.0,1.0,1.0,0.9999998211860657,0.9999998211860657,0.9999998211860657,190844.8125,193242.0625,0.0,0.0,0.0,0.0,0.0,0.0,0.0,296.3810119628906,297.7510070800781,0.0,190727.921875,190727.921875,0.0,0.0,0.0,0.0,0.8629845976829529,0.8629845976829529,0.8629845976829529,0.8610805869102478,1188669.5,0.9959999918937683,0.9959999918937683,0.9959999918937683,0.9959999918937683,5682713.0,2747753.5,7360975.5,8430268.0,2606300.0,4007250.0,0.003903487231582403,0.007816975004971027,1044.840576171875,529.9334106445312,530.3482055664062,529.7673950195312,331.7629089355469,361.3332214355469,331.40655517578125,198.17050170898438,169.01498413085938,198.36083984375,1595.11474609375,1044.852294921875,349.3113708496094,349.3113708496094,349.3113708496094,511.8565673828125,511.8565673828125,511.8565673828125,2.9998903274536133,0.8263540863990784,0.861940324306488,2.9998888969421387,5.0,0.0040000081062316895,0.0040000081062316895,0.0040000081062316895,0.0040000081062316895,0.0,-0.4368000030517578,0.0,599978.0625,164.21298217773438,164.21298217773438,0.0,20.0,2783601.75,7.25,12.0,10.25,224.91893005371094,224.91893005371094,224.91893005371094,0.0,0.0,0.7926306128501892,0.9211652278900146,10000.0,10000.0,0.011826000176370144,1038.5,0.027953999117016792,0.0,0.0,1.0878000259399414,1.0809999704360962,9.000000136438757e-05,103.0,33.220001220703125,1.8179999589920044,0.029999999329447746,49.0,8.329999923706055,4.159999847412109,58.0,302.0,4.5,0.699999988079071,0.4000000059604645,7.5,1.3799999952316284,2.492000102996826,7000.0,48.88999938964844,1.2000000476837158,45.0,62000.0,4590000.0,4250000.0,15900000.0,15100000.0,0.05000000074505806,0.17000000178813934,0.009999999776482582,15220000.0,1.6699999570846558,312.7799987792969,1.1100000143051147,4232.0,0.25,689000.0,4030000.0,9.829999923706055,8.550000190734863,12200000.0,231.10000610351562,88.3239974975586,633.0,1.1430000066757202,0.6858000159263611,-10.0,-3.7799999713897705,0.7799999713897705,295.5,4030000.0,12400000.0,0.9200000166893005,5.0,0,0,0,228,159,0,0,0,0,0,0,0,0,1,1,0,0,1,1,1,0,1,0,0,1,0,0,1,1,1,0,0,0,0,0,0,0,0,0,0,0,0,1,0,0.8980315923690796,6235322.0,1.0877995491027832,0.9636698961257935,1.0022815465927124,306.7737731933594,32.99109649658203,-0.0025048167444765568,1,1,1,0,0,0,1,1,0,0,0,0,0,316,0.20000000298023224,0.20000000298023224,0.20000000298023224,0.0,2,0,0,0,0,0,0,0,0,0,0,0,0,0,0,0,0,0,0,0,0,0,0,0,0,0,0,0,0,0,0,0,0,0,0,0,0,0,0,0,0,0,0,0,0,0,0,0,0,0,0,1,0,0,0,0,0,0,0,0,0,0,0,0,0,0,0,0,0,0,0,0,0,0,0,0,0,0,0,0,0,0,0,0,0,0,0,0,0,0,0,0,0,0,0,0,0,0,0,0,0,0,0,0,0,0,0,0,0,0,0,0,0,0,0,0,0,0,0,0,0,0,0,0,0,0,0,0,0,0,0,0,0,0,0,0,0,0,0,0,0,0,0,1,0,0,0,0,0,0,0,0,0,0,0,-1,0,0,0,0,0,0,1,1,0,0,89.80316162109375,-3.3964788913726807,0.0,-0.5239056348800659,-1.6815581571897805e-44,309.00482177734375,306.7737731933594,695.2916259765625,-0.00014270219253376126,99.28885650634766,2664.21728515625,1.0877995491027832,1.0022815465927124,-1.0,2.231048583984375,6.827850029367255e-06,0.020700596272945404,100.0,27.0,0.0,7.799991607666016,3.718127727508545,1.0,1.0,38.11540985107422,0.26063409447669983,20.0,2.6881287340074778e-05,0.0,74.05738830566406,1.733168125152588,1.8179994821548462,0.00036938843550160527,0.6817498207092285,0.5432082414627075,28.435714721679688,8.919792175292969,19.203643798828125,17.13671112060547,0.5858355164527893,47.03954315185547,44.898040771484375,259.63140869140625,130.3606719970703,0.961392343044281,323.0435485839844,40.007659912109375,0.29459047317504883,290.276123046875,290.29302978515625,290.26507568359375,323.2109069824219,323.3864440917969,323.2111511230469,100.0,4.854872703552246,52.794551849365234,141.85833740234375,306.7435302734375,306.8397216796875,306.73809814453125,340.3179931640625,47.93967819213867,34.0515251159668,141.85833740234375,0.0,0.9620250463485718,0.9666585922241211,0.962354838848114,89.46212768554688,89.44805145263672,89.36971282958984,63.628719329833984,63.62746047973633,63.625850677490234,51.19087600708008,51.18009567260742,51.03545379638672,99.14986419677734,98.93439483642578,98.90129089355469,1907.16259765625,1909.2535400390625,1907.76025390625,515.6520385742188,516.8511962890625,515.27392578125,29.0,0.0,48.0,0.49832648038864136,0.6660535335540771,0.4113161861896515,0.7034747004508972,0.49759596586227417,0.6664317846298218,41.0,78.36749267578125,63.0989990234375,225.73733520507812,96.72904968261719,9.999999974752427e-07,86.02330017089844,0.6320974230766296,155.4104461669922,0.9910339117050171,721.2213745117188,39.88260269165039,31.427881240844727,1.0,9.473959922790527,77.89634704589844,0.0,0.9718579053878784,20.0,0.0,60.0,120.0,22.0,120.0,3.4462461471557617,0.0,0.0,975.2073974609375,18.088834762573242,89.19792175292969,2.0,200.0,0,0,228,228,228,228,220,228,228,228,159,0,99999,99999,11,402,1800,180,1800,998,20,975,89,23,0,0,0,806,1424,29,31,32,0,0,0,0,0,0,0,0,0,0,0,0,0,0,1,0,0,0,0,1,1,1,0,1,0,0,0,1,0,0,0,0,0,0,0,0,0,0,0,0,1,0,1,0,0,1,1,0,1,0,1,0,1,0,0,0,1,1,0,1,0,1,0,0,0,1,1,1,0,0,1,0,1,0,0,0,0,1,1,0,0,1,0,0,0,1,0,0,0,0,0,0,1,0,0,0,1,1,0,0,1,0,1,0,1,0,1,0,0,0,1,0,1,1,1,0,0,1,0,0,0,0,0,1,1,1,0,0,0,0,0,0,0,0,0,0,0,1,0,1,0,1,0,0,0,0,0,0,0,0,0,1,0,1,0,1,0,1,1,1,1,1,1,1,0,0,0,0,0,0,1,0,1,1,1,1,1,1,1,1,1,1,1,1,0,0,1,1,0,0,1,1,0,1,0,1,0,1,1,0,0,0,0,0,0,0,0,1,1,0,0,1,0,1,1,0,0,1,0,0,1,1,0,1,1,1,0,1,1,0,1,0,1,1,0,0,0,0,0,0,1,1,1,1,0,0,0,0,0,0,0,0,1,0,0,0,0,0,0,0,0,0,0,0,0,0,0,0,0,0,0,0,0,0,0,0,0,0,0,0,0,0,0,0,0,0,0,0,0,0,0,0,0,0,0,0,0,0,0,0,0,0,0,0,0,0,0,1,0,0,0,1,1,0,0,0,0,0,0,0,0,0,0,0,0,0,1,0,0,0,0,0,0,0,0,0,0,0,0,0,0,0,0,0,0,0,0,0,0,0,0,0,0,0,0,0,0,0,0,0,0,0,0,0,0,0,0,0,0,0,0,0,0,0,0,0,0,0,0,0,0,0,0,0,0,0,0,0,0,0,0,1,0,1,0,0,0,0,0,1,0,0,0,0,0,0,0,0,0,0,0,0,0,0,0,1,0,0,0,0,0,0,0,0,0,0,0,0,0,0,1,0,0,0,0,0,0,0,0,0,0,1,0,0,0,0,0,0,0,0,0,0,0,0,0,0,0,0,0,0,0,0,0,0,0,0,0,0,0,1,0,0,0,0,0,0,1,1,1,0,0,0,0,0,0,-1,0,0,0,0,0,0,0,0,-1,0,0,-1,0,0,0,0,0,0,0,0,0,0,0,0,0,0,0,0,0,0,1,0,0,0,0,0,0,0,0,0,0,0,0,0,0,0,0,1,1,0,-1,-1,-1,1,1,1,0,0,0,0,1,0,0,1,1,0,0,0,0,1,0,0,0,0,0,0,0,0,0,0,0,0,0,0,0,0,0,0,0,0,0,0,0,0,0,0,0,0,0,1,1,0,1,0,1,1,0,1,0,1,1,0,1,0,0,1,0,0,0,0,0,0,0,0,0,0,0,0,0,0,0,0,0,0,0,0,0,0,0,0,0,0
0,1,1,300,228,8,8,228,114,25,1,0,0.0020000000949949026,4000.0,1.0,0.04500000178813934,25.0,48.0,8.0,291.70001220703125,1.7000000476837158,-3.179999907843012e-07,0.007360000163316727,0.008080000057816505,8.0,0.33000001311302185,0.0333000011742115,1.0,9.999999747378752e-06,21.0,9.999999747378752e-06,2775000064.0,9.000000136438757e-05,4.999999980020986e-13,5.0,40.0,3.0,-3.3499999046325684,3.3499999046325684,0.5,0.0004799999878741801,292.3927001953125,492.6077880859375,-0.0036125299520790577,0.002354159951210022,0.0008944629807956517,0.013157900422811508,0.800646185874939,0.02024419978260994,2650129920.0,0.006539999973028898,228,228,228,228,228,228,228,228,228,228,228,228,228,228,228,228,228,228,228,228,228,228,228,228,220,220,220,220,228,228,228,228,228,228,228,228,228,228,228,228,228,228,228,228,228,228,228,228,228,228,228,228,0,1,4,4,228,228,228,220,228,228,228,228,3,0,0.00040182372322306037,290.9056396484375,630.5269775390625,706.6953125,786.8265991210938,864.1271362304688,983.0615234375,1013.5181884765625,1024.41748046875,1011.38818359375,977.932861328125,926.9378051757812,856.4070434570312,779.3975830078125,702.586669921875,632.6513061523438,564.5823364257812,509.4458312988281,468.012451171875,440.07037353515625,423.35638427734375,416.8659973144531,418.04693603515625,423.724853515625,430.72540283203125,435.874267578125,0.007877234369516373,0.6868661046028137,0.7719509601593018,-0.00014244431804399937,0.7555456161499023,0.9779011607170105,106557.03125,3.290345921413973e-05,0.3145791292190552,0.6985018253326416,0.8970871567726135,0.8975587487220764,0.022356674075126648,1.0,-1.6815581571897805e-44,-3.396937131881714,0.0,99.28875732421875,2664.2275390625,0.9436697959899902,694.6688232421875,228.0,72.0,24.464082717895508,0.6000000238418579,0.0,308.9992980957031,280634.96875,-0.5238562226295471,6.3916449546813965,130.28829956054688,1.2738652229309082,7750000.0,8160000.0,86.12000274658203,119.0999984741211,0.5,9.999999747378752e-05,0.0,3.299999952316284,200.0,0.30000001192092896,309.20001220703125,2.439019908706541e-06,0,0,0,1,1,1,0,24,0,306.7008972167969,0.0,0.0,0.0,0.0,0.0,0.0,0.49718862771987915,0.8706087470054626,0.5182937979698181,-0.010552585124969482,-0.0026882560923695564,-0.002932071452960372,0.5105525851249695,0.5119962692260742,0.5121080875396729,1.0,25.0,24.0,6232059.0,6232220.5,6232342.0,290.207763671875,290.2359619140625,290.21881103515625,323.121826171875,323.29931640625,323.12158203125,4400000.0,306.664794921875,306.76763916015625,306.6701965332031,32.9140625,33.0633544921875,32.90277099609375,322.95233154296875,4548.79248046875,4550.1943359375,4560.19970703125,12.854134559631348,12.865333557128906,12.86742877960205,11.49005126953125,0.0,0.0,0.0020000000949949026,290.2208557128906,323.180908203125,-44.60255813598633,1.659619688987732,1.6643072366714478,1.6646770238876343,-15.522666931152344,39.0,40.0,42.0,41.0,0.0,0.0,6230414.5,6178775.5,75.56055450439453,5.0,0.014999999664723873,-180000.0,600.0,1000000.0,400000.0,0.17000000178813934,22000.0,786000.0,120000.0,0.0,40.0,30.0,36.810001373291016,0.5,18.399999618530273,50000.0,115692.3984375,15.113750457763672,0,0,1,0,0,0,0,13877298.0,0.0,0.0,0.0,0.0,0.0,-1514442.0,400000.0,1000000.0,1.0,1400000.0,0.0,0.4784548878669739,13885558.0,126869.6328125,13877298.0,340.31927490234375,40.007659912109375,4.779835224151611,-1514442.0,0.0,0.0,0.0,3.3980274200439453,40.007659912109375,0.0,22230.939453125,1.2010046243667603,0.0,0.0,0.0,20.0,14.711517333984375,22.0,0.0,0.0,0.0,0.05000000074505806,0.02500000037252903,0.17000000178813934,15400000.0,0.5,6.25,0.0006667000125162303,2.0,2410000.0,4140000.0,4.734799861907959,0.15000000596046448,0.20000000298023224,0.2199999988079071,1.0,0.0,-1.0,0.0,5.0,20.0,30.0,50.0,74.0,80.0,86.0,9.800000190734863,500000.0,1.0499999802959792e-07,0.5,750.0,1000.0,600.0,1000.0,1150.0,32.0,32.0,37.400001525878906,10.0,10.0,0.007000000216066837,0.5049999952316284,82.0,189.26499938964844,0.0,1.5099999904632568,231.60000610351562,20.0,36.0,16.600000381469727,16.5,225.0,-0.1756729930639267,27.5,-0.1756729930639267,30.485509872436523,0.1561516970396042,11.10221004486084,-1.8332500457763672,-75.0,4.3520002365112305,9.800000190734863,189.26499938964844,93.30000305175781,2650000.0,0.8500000238418579,7.570000171661377,0,1,0,0,0,0,0,0,0,0,0,1,3,3,0,0,1,1,0,0,0,0,0,0,0,0,0,0,1,0,0,0,0,0,0,0,0,0,0,1,0,0,0,0,0,0,0,0,0,0,12.056412696838379,29059.474609375,2153.699951171875,0.0004148918087594211,0.0004361289902590215,0.0006248649442568421,1.0,1.0,0.0,0.0,0.0,0.5866015553474426,0.576416552066803,1.0,0.0,0.0,0.0,1.0,0.0,0.0,1.0,1.0,0.0,1.0,1.0,0.008702456951141357,0.0,1.0,0.0,0.6316350102424622,0.6361662149429321,0.0004148918087594211,0.0,0.0,0.0,99998.78125,99999.0,2785510.5,2410000.0,36.20000076293945,36.20000076293945,36.20000076293945,32.45964431762695,259.34600830078125,130.1421356201172,46.966331481933594,26.3529052734375,37.22216033935547,27.0,28.383560180664062,27.0,0.0,32.0,20.0,68.57752227783203,3446668.0,0.5432082414627075,3.7799999713897705,4.767768859863281,8.919792175292969,0.0,0.0,0.0,1.401298464324817e-45,5.330682277679443,5.330682277679443,0.5049998760223389,0.5049998760223389,0.5049998760223389,0.18937495350837708,0.18937495350837708,0.18937495350837708,0.0,0.0,0.0,0.0,0.0,0.0,5.294999599456787,0.0,0.0,0.0,0.0,0.0,0.0,100.0,74.05591583251953,0.5269548892974854,0.0,20.0,0.0,5.284292221069336,5.707071781158447,0.0,0.0,0.0,0.007000000216066837,0.0,0.0,10.058984756469727,0.0,1.7331535816192627,1.401298464324817e-45,5.714643478393555,0.0,0.0,0.0,0.0,0.0,0.0,20.0,0.0,0.0,13576092.0,0.0,0.0,0.0,0.0,0.0,0.0,0.0,0.351500004529953,18.93000030517578,23.030000686645508,7.69199959904654e-06,0.08500000089406967,0.009999999776482582,24.0,27.0,8.800000190734863,500000.0,0.05000000074505806,2.7000000013543968e-09,2.7000000013543968e-09,145100.0,120000.0,14650000.0,86400.0,17.0,34.5,48.70000076293945,321.8999938964844,83170.0,0.0,1.0,1.0,0.0010000000474974513,725.0,0.0,0.5,0.0,0.0,57.31999969482422,837142.875,9359.77734375,117376.1015625,2623.89794921875,83026.390625,725.0,1.0204100362898316e-05,740000000.0,1,0,1,0,1,0,1,0,0,0,0,8.799991607666016,27.0,2721.466064453125,0.0,0.0,0.0,0.0,1.0931278467178345,0.0004015764861833304,0.0,0.020933516323566437,38.14889144897461,1.0,25551.5078125,5281.1572265625,2.7183863494428806e-05,2534314752.0,4153503744.0,2774006272.0,4165920000.0,-75.02806091308594,38.0704345703125,-199575728.0,-12416736.0,5.714643478393555,1534.463623046875,80.74270629882812,1496.3931884765625,106381.3984375,3869.476318359375,145553.34375,160225.34375,123551.5078125,33.80005645751953,38.14889144897461,38.14889144897461,1.0,2.7183863494428806e-05,5281.1572265625,899349872640.0,0.1992724984884262,137600.0,137600.0,97824344.0,75.61872100830078,6166.1015625,1.0,0.0,1700.0,250000.0,10000.0,1038.0,0.004999999888241291,400.0,5000.0,0,0,0,0,2961328.25,64.41017150878906,64.41017150878906,1222691.25,2783986.75,1.0,1.0,1219573.5,227.7178192138672,6180422.0,1.0,0.9909157752990723,1.0,1.0,1029.8477783203125,276.6365051269531,188.97213745117188,124.97279357910156,6079311.0,806351.375,188.97213745117188,1.0,1.0,1.0,134.31356811523438,1545.0833740234375,789.0714721679688,0.0,0.0,0.0,7680000.0,512.46240234375,514.077880859375,515.31640625,0.0,2783986.75,0.0,128.82034301757812,0.0,0.0,277.43804931640625,1.0,0.0,-7.5742998123168945,0.0,5.605193857299268e-45,9.999999974752427e-07,0.0,2.0,0.0003000000142492354,0.004999999888241291,0.0010000000474974513,2.0000000233721948e-07,2.0000000233721948e-07,0.0005555999814532697,993000000.0,1.0,0.05000000074505806,0.10000000149011612,0.0005000000237487257,0.0016700000269338489,0.009999999776482582,1.0,1.0,0.0010000000474974513,4.999999873689376e-05,0.00039999998989515007,0.019999999552965164,0.9891999959945679,0.9891999959945679,0.9950000047683716,0.9950000047683716,1,0,0,0,0,1,0,0,1,0,1,0,0,0,0.9817736148834229,974901184.0,62328.578125,4787503.5,1146.5634765625,2546003.75,1420.0721435546875,1.0,2330553.75,0.9725896716117859,1.0,60.0,180.0,1800.0,1800.0,1.0047005414962769,0.019808992743492126,1.0,1.0,-0.012236599810421467,0.0,0.0,0.0,0.0,-0.00015282630920410156,6.602997746085748e-05,0.0,0.0,6.602997746085748e-05,0.0,6.602997746085748e-05,6.602997746085748e-05,0.0,7.006492321624085e-44,1,1,0,1,1,1,0,1,1,0,1,0,1,1,1,1,1,1,1,1,0,1000,1000,0,1,5001,5001,220.0,3445.32080078125,120.0,120.0,60.0,0.0,0.4000000059604645,0.10000000149011612,0.10000000149011612,2.0,500.0,200.0,0.9900000095367432,300000.0,5000.0,45000.0,20000.0,0.019999999552965164,2.0,0.05000000074505806,0.019999999552965164,6.0,0.05000000074505806,0.019999999552965164,0.019999999552965164,88.30000305175781,0.10000000149011612,0.800000011920929,0.05000000074505806,0.009999999776482582,50.0,50.0,340.0,340.0,1000000.0,1,1,1,1,1,1,1,1,1,1,0,0,0,1,1,0,1.0,0.0,0.0,0.0,0.0006721875397488475,0.0,0.0,0.0,0.918121337890625,0.918121337890625,0.918121337890625,5000.400390625,3903609.25,3908609.75,50.0,27.616413116455078,0.4000000059604645,0.0,0.0,0.10000000149011612,0.1609484851360321,1.0,45000.0,20.0,29.257930755615234,778965.75,33.35459518432617,4588.98486328125,721.2213745117188,0.7789657711982727,0.9181238412857056,9.473933219909668,1.0,3221137.5,3304317.0,9.718579292297363,20.0,0.2744796574115753,27.447965621948242,0.0,636.4223022460938,411.4067687988281,100000.0,50000.0,1115.300048828125,50000.0,700.0,2000.0,2800000.0,3500000.0,4000000.0,9.999999747378752e-05,4.999999873689376e-05,500.0,20000.0,100.0,500.0,60000.0,1200.0,1.0,120.0,150000.0,3000.0,300.0,1.0,300.0,0.019999999552965164,0.019999999552965164,0.009999999776482582,0.009999999776482582,0.009999999776482582,0.019999999552965164,1.100000023841858,0.019999999552965164,4.0,0.019999999552965164,88.0,1613.0,0.009999999776482582,0.20000000298023224,3.0,5.0,600.0,0.0010000000474974513,88.0,88.0,2000.0,2340.0,-0.11599799990653992,-0.03561130166053772,-0.04758000001311302,-0.01752999983727932,0,0,0,0,0,1,0,520.2459106445312,520.2459106445312,2.08935546875,2.08935546875,0.01684565283358097,31.42786979675293,164.21282958984375,1594.8876953125,1045.4627685546875,794.2540893554688,794.2540893554688,3.18975830078125,3.18975830078125,1595.7265625,539.576904296875,0.0,0.0,2665195.25,20.00048065185547,20.00048065185547,156.2158660888672,156.2158660888672,65716.5546875,65716.5546875,1.09527587890625,1.09527587890625,113.8589096069336,113.8589096069336,24.998567581176758,24.998567581176758,104596.515625,104596.515625,25.00839614868164,155.40797424316406,158.40533447265625,2644776.5,20.00048065185547,20.00048065185547,226.3967742919922,226.3967742919922,155.87464904785156,155.87464904785156,652195.1875,652195.1875,0.0,114.3310546875,114.3310546875,228.678955078125,160170.046875,160170.046875,1.0678002834320068,1.0678002834320068,225.72760009765625,155.87464904785156,273.46875,136.734375,136.734375,203.40084838867188,203.40084838867188,406.80169677734375,0.0,0.0,0.0,136.71424865722656,136.71424865722656,203.40084838867188,203.40084838867188,0.026315800845623016,13.047430038452148,0.20000000298023224,0.832250714302063,0.8785514831542969,0.8317607045173645,0.49718862771987915,0.41091278195381165,0.49791502952575684,0.9599996209144592,1.0,1.0,1.0,0.9999998211860657,0.9999998211860657,0.9999998211860657,190844.5625,193242.0625,0.0,0.0,0.0,0.0,0.0,0.0,0.0,296.3810119628906,297.7510070800781,0.0,190732.53125,190732.53125,0.0,0.0,0.0,0.0,0.8626935482025146,0.8626935482025146,0.8626935482025146,0.8613739013671875,1188453.625,0.9959999918937683,0.9959999918937683,0.9959999918937683,0.9959999918937683,5679872.0,2748159.5,7359543.0,8427827.0,2606300.0,4007445.0,0.003903609234839678,0.007817219011485577,1044.6705322265625,529.8260498046875,530.2373046875,529.6409301757812,331.67974853515625,361.26690673828125,331.30975341796875,198.14630126953125,168.97039794921875,198.3311767578125,1594.904541015625,1044.6822509765625,349.2701416015625,349.2701416015625,349.2701416015625,511.4076843261719,511.4076843261719,511.4076843261719,2.9998934268951416,0.8253591656684875,0.8618967533111572,2.999891757965088,5.0,0.0040000081062316895,0.0040000081062316895,0.0040000081062316895,0.0040000081062316895,0.0,-0.4368000030517578,0.0,599978.6875,164.21282958984375,164.21282958984375,0.0,20.0,2783624.75,7.25,12.0,10.25,224.91046142578125,224.91046142578125,224.91046142578125,0.0,0.0,0.7926306128501892,0.9211652278900146,10000.0,10000.0,0.011826000176370144,1038.5,0.027953999117016792,0.0,0.0,1.0878000259399414,1.0809999704360962,9.000000136438757e-05,103.0,33.220001220703125,1.8179999589920044,0.029999999329447746,49.0,8.329999923706055,4.159999847412109,58.0,302.0,4.5,0.699999988079071,0.4000000059604645,7.5,1.3799999952316284,2.492000102996826,7000.0,48.88999938964844,1.2000000476837158,45.0,62000.0,4590000.0,4250000.0,15900000.0,15100000.0,0.05000000074505806,0.17000000178813934,0.009999999776482582,15220000.0,1.6699999570846558,312.7799987792969,1.1100000143051147,4232.0,0.25,689000.0,4030000.0,9.829999923706055,8.550000190734863,12200000.0,231.10000610351562,88.3239974975586,633.0,1.1430000066757202,0.6858000159263611,-10.0,-3.7799999713897705,0.7799999713897705,295.5,4030000.0,12400000.0,0.9200000166893005,5.0,0,0,0,228,158,0,0,0,0,0,0,0,0,1,1,0,0,1,1,1,0,1,0,0,1,0,0,1,1,1,0,0,0,0,0,0,0,0,0,0,0,0,1,0,0.8970871567726135,6232059.0,1.0877995491027832,0.9630593061447144,1.0019598007202148,306.72528076171875,32.970191955566406,-0.0024529495276510715,1,1,1,0,0,0,1,1,0,0,0,0,0,318,0.20000000298023224,0.20000000298023224,0.20000000298023224,0.0,2,0,0,0,0,0,0,0,0,0,0,0,0,0,0,0,0,0,0,0,0,0,0,0,0,0,0,0,0,0,0,0,0,0,0,0,0,0,0,0,0,0,0,0,0,0,0,0,0,0,0,1,0,0,0,0,0,0,0,0,0,0,0,0,0,0,0,0,0,0,0,0,0,0,0,0,0,0,0,0,0,0,0,0,0,0,0,0,0,0,0,0,0,0,0,0,0,0,0,0,0,0,0,0,0,0,0,0,0,0,0,0,0,0,0,0,0,0,0,0,0,0,0,0,0,0,0,0,0,0,0,0,0,0,0,0,0,0,0,0,0,0,0,1,0,0,0,0,0,0,0,0,0,0,0,-1,0,0,0,0,0,0,1,1,0,0,89.7087173461914,-3.396937131881714,0.0,-0.5238562226295471,-1.6815581571897805e-44,308.9992980957031,306.72528076171875,694.6688232421875,-0.00014244431804399937,99.28875732421875,2664.2275390625,1.0877995491027832,1.0019598007202148,-1.0,2.274017333984375,6.827850029367255e-06,0.020933516323566437,100.0,27.0,0.0,7.799991607666016,3.722729206085205,1.0,1.0,38.14889144897461,0.26073014736175537,20.0,2.7183863494428806e-05,0.0,74.05591583251953,1.7331535816192627,1.8179994821548462,0.00036938843550160527,0.6817498207092285,0.5432082414627075,28.423627853393555,8.919792175292969,19.19045639038086,17.16396713256836,0.5866015553474426,46.966331481933594,44.898040771484375,259.34600830078125,130.1421356201172,0.961230993270874,322.9827880859375,40.007659912109375,0.29459047317504883,290.23809814453125,290.25506591796875,290.22686767578125,323.15142822265625,323.32843017578125,323.1517333984375,100.0,4.850000381469727,52.69548797607422,141.6896209716797,306.69476318359375,306.791748046875,306.6893005371094,340.31884765625,47.845489501953125,34.00403594970703,141.6896209716797,0.0,0.9613983631134033,0.9660729765892029,0.9617353081703186,89.47409057617188,89.45970153808594,89.38166809082031,63.59544372558594,63.59420394897461,63.59255599975586,51.21080780029297,51.19962692260742,51.055259704589844,99.14238739013672,98.9256362915039,98.89424133300781,1906.707275390625,1908.854248046875,1907.373779296875,515.4296264648438,516.64501953125,515.0397338867188,29.0,0.0,48.0,0.49791502952575684,0.6654085516929626,0.41091278195381165,0.7028412222862244,0.49718862771987915,0.6658005714416504,41.0,78.36749267578125,63.06564712524414,225.72760009765625,96.6885757446289,9.999999974752427e-07,85.9983901977539,0.6321832537651062,155.40797424316406,0.9909157752990723,721.2213745117188,39.883846282958984,31.42786979675293,1.0,9.473933219909668,77.89657592773438,0.0,0.9718579053878784,20.0,0.0,60.0,120.0,22.0,120.0,3.4453210830688477,0.0,0.0,974.9011840820312,18.088834762573242,89.19792175292969,2.0,200.0,0,0,228,228,228,228,220,228,228,228,158,0,99999,99999,11,402,1800,180,1800,998,20,974,89,23,0,0,0,806,1424,29,31,32,0,0,0,0,0,0,0,0,0,0,0,0,0,0,1,0,0,0,0,1,1,1,0,1,0,0,0,1,0,0,0,0,0,0,0,0,0,0,0,0,1,0,1,0,0,1,1,0,1,0,1,0,1,0,0,0,1,1,0,1,0,1,0,0,0,1,1,0,0,0,1,0,1,0,0,0,0,0,1,0,0,1,0,0,0,1,0,0,0,0,0,0,1,0,0,0,1,1,0,0,1,0,1,0,1,0,1,0,0,0,1,0,1,1,1,0,0,1,0,0,0,0,0,1,1,1,0,0,0,0,0,0,0,0,0,0,0,1,0,1,0,1,0,0,0,0,0,0,0,0,0,1,0,1,0,1,0,1,1,1,1,1,1,1,0,0,0,0,0,0,1,0,1,1,1,1,1,1,1,1,1,1,1,0,0,0,1,1,0,0,1,1,0,1,0,1,0,1,1,0,0,0,0,0,0,0,0,1,1,0,0,1,0,1,1,0,0,1,0,0,1,1,0,1,1,1,0,1,1,0,1,0,1,1,0,0,0,0,0,0,1,1,1,1,0,0,0,0,0,0,0,0,0,0,0,0,0,0,0,0,0,0,0,0,0,0,0,0,0,0,0,0,0,0,0,0,0,0,0,0,0,0,0,0,0,0,0,0,0,0,0,0,0,0,0,0,0,0,0,0,0,0,0,0,0,0,0,0,0,0,0,0,0,0,0,0,0,0,0,0,0,0,0,0,0,0,1,0,0,0,0,0,0,0,0,0,0,0,0,0,0,0,0,0,0,0,0,0,0,0,0,0,0,0,0,0,0,0,0,0,0,0,0,0,0,0,0,0,0,0,0,0,0,0,0,0,0,0,0,0,0,0,0,0,0,0,0,0,0,0,0,1,0,1,0,0,0,0,0,1,0,0,0,0,0,0,0,0,0,0,0,0,0,0,0,1,0,0,0,0,0,0,0,0,0,0,0,0,0,0,1,0,0,0,0,0,0,0,0,0,0,1,0,0,0,0,0,0,0,0,0,0,0,0,0,0,0,0,0,0,0,0,0,0,0,0,0,0,0,1,0,0,0,0,0,0,1,1,1,0,0,0,0,0,0,-1,0,0,0,0,0,0,0,0,-1,0,0,-1,0,0,0,0,0,0,0,0,0,0,0,0,0,0,0,0,0,0,1,0,0,0,0,0,0,0,0,0,0,0,0,0,0,0,0,1,1,0,-1,-1,-1,1,1,1,0,0,0,0,1,0,0,1,1,0,0,0,0,1,0,0,0,0,0,0,0,0,0,0,0,0,0,0,0,0,0,0,0,0,0,0,0,0,0,0,0,0,0,1,1,0,1,0,1,1,0,1,0,1,1,0,1,0,0,1,0,0,0,0,0,0,0,0,0,0,0,0,0,0,0,0,0,0,0,0,0,0,0,0,0,0
0,1,1,300,228,8,8,228,114,25,1,0,0.0020000000949949026,4000.0,1.0,0.04500000178813934,25.0,48.0,8.0,291.70001220703125,1.7000000476837158,-3.179999907843012e-07,0.007360000163316727,0.008080000057816505,8.0,0.33000001311302185,0.0333000011742115,1.0,9.999999747378752e-06,21.0,9.999999747378752e-06,2775000064.0,9.000000136438757e-05,4.999999980020986e-13,5.0,40.0,3.0,-3.3499999046325684,3.3499999046325684,0.5,0.0004799999878741801,292.3927001953125,492.6077880859375,-0.0036125299520790577,0.002354159951210022,0.0008944629807956517,0.013157900422811508,0.800646185874939,0.02024419978260994,2650129920.0,0.006539999973028898,228,228,228,228,228,228,228,228,228,228,228,228,228,228,228,228,228,228,228,228,228,228,228,228,220,220,220,220,228,228,228,228,228,228,228,228,228,228,228,228,228,228,228,228,228,228,228,228,228,228,228,228,0,1,4,4,228,228,228,220,228,228,228,228,3,0,0.00040182372322306037,290.8498229980469,629.7852172851562,705.7198486328125,785.6039428710938,862.6669921875,981.2468872070312,1011.628662109375,1022.5303344726562,1009.5767822265625,976.2529296875,925.4288940429688,855.1146850585938,778.3257446289062,701.7232055664062,631.9684448242188,564.0592041015625,509.044677734375,467.69970703125,439.8186340332031,423.14697265625,416.68353271484375,417.8799743652344,423.5666809082031,430.573974609375,435.73236083984375,0.008130554109811783,0.6857724785804749,0.7719497084617615,-0.00014224552433006465,0.7555493712425232,0.9774742722511292,106393.484375,3.2848311093403026e-05,0.31421080231666565,0.6973657608032227,0.8956741094589233,0.8961445093154907,0.022356491535902023,1.0,-1.6815581571897805e-44,-3.3976218700408936,0.0,99.28857421875,2664.243408203125,0.9436745047569275,693.7432250976562,228.0,72.0,25.212566375732422,0.20000000298023224,0.0,308.99090576171875,280635.53125,-0.5237939357757568,6.389997482299805,130.28829956054688,1.274509072303772,7750000.0,8160000.0,86.12000274658203,119.0999984741211,0.5,9.999999747378752e-05,0.0,3.299999952316284,200.0,0.30000001192092896,309.20001220703125,2.439019908706541e-06,0,0,0,1,1,1,0,24,0,306.6270751953125,0.0,0.0,0.0,0.0,0.0,0.0,0.4965762495994568,0.8704914450645447,0.5182766318321228,-0.010850191116333008,-0.002794690430164337,-0.0030527689959853888,0.510850191116333,0.5122893452644348,0.5124070048332214,1.0,25.0,24.0,6227102.5,6227266.5,6227385.5,290.1495361328125,290.17822265625,290.160888671875,323.0317687988281,323.2107238769531,323.0314025878906,4400000.0,306.59063720703125,306.6944580078125,306.59613037109375,32.882232666015625,33.032501220703125,32.870513916015625,322.8607482910156,4548.3232421875,4549.58056640625,4559.7001953125,12.856729507446289,12.867852210998535,12.870015144348145,11.442840576171875,0.0,0.0,0.0020000000949949026,290.1628723144531,323.09130859375,-44.572879791259766,1.6605890989303589,1.6652599573135376,1.6656488180160522,-15.74234676361084,39.0,40.0,42.0,41.0,0.0,0.0,6225431.0,6173782.5,75.39616394042969,5.0,0.014999999664723873,-180000.0,600.0,1000000.0,400000.0,0.17000000178813934,22000.0,786000.0,120000.0,0.0,40.0,30.0,36.810001373291016,0.5,18.399999618530273,50000.0,115692.3984375,15.113750457763672,0,0,1,0,0,0,0,13852608.0,0.0,0.0,0.0,0.0,0.0,-1539173.0,400000.0,1000000.0,1.0,1400000.0,0.0,0.4770403802394867,13860827.0,126869.6328125,13852608.0,340.3204345703125,40.007659912109375,4.765690326690674,-1539173.0,0.0,0.0,0.0,3.3908960819244385,40.007659912109375,0.0,22230.939453125,1.2010046243667603,0.0,0.0,0.0,20.0,14.711517333984375,22.0,0.0,0.0,0.0,0.05000000074505806,0.02500000037252903,0.17000000178813934,15400000.0,0.5,6.25,0.0006667000125162303,2.0,2410000.0,4140000.0,4.734799861907959,0.15000000596046448,0.20000000298023224,0.2199999988079071,1.0,0.0,-1.0,0.0,5.0,20.0,30.0,50.0,74.0,80.0,86.0,9.800000190734863,500000.0,1.0499999802959792e-07,0.5,750.0,1000.0,600.0,1000.0,1150.0,32.0,32.0,37.400001525878906,10.0,10.0,0.007000000216066837,0.5049999952316284,82.0,189.26499938964844,0.0,1.5099999904632568,231.60000610351562,20.0,36.0,16.600000381469727,16.5,225.0,-0.1756729930639267,27.5,-0.1756729930639267,30.485509872436523,0.1561516970396042,11.10221004486084,-1.8332500457763672,-75.0,4.3520002365112305,9.800000190734863,189.26499938964844,93.30000305175781,2650000.0,0.8500000238418579,7.570000171661377,0,1,0,0,0,0,0,0,0,0,0,1,3,3,0,0,1,1,0,0,0,0,0,0,0,0,0,0,1,0,0,0,0,0,0,0,0,0,0,1,0,0,0,0,0,0,0,0,0,0,12.056262969970703,29059.21484375,2153.699951171875,0.00041489038267172873,0.0004361289902590215,0.0006248649442568421,1.0,1.0,0.0,0.0,0.0,0.587745726108551,0.5775792002677917,1.0,0.0,0.0,0.0,1.0,0.0,0.0,1.0,1.0,0.0,1.0,1.0,0.008515655994415283,0.0,1.0,0.0,0.6312289237976074,0.6358232498168945,0.00041489038267172873,0.0,0.0,0.0,99998.78125,99999.0,2783719.5,2410000.0,36.20000076293945,36.20000076293945,36.20000076293945,32.46247100830078,258.9175720214844,129.81399536132812,46.85636901855469,26.357948303222656,37.18431854248047,27.0,28.372760772705078,27.0,0.0,32.0,20.0,68.57752227783203,3446668.0,0.5432082414627075,3.7799999713897705,4.779094696044922,8.919792175292969,0.0,0.0,0.0,1.401298464324817e-45,5.325180530548096,5.325180530548096,0.5049998760223389,0.5049998760223389,0.5049998760223389,0.18937495350837708,0.18937495350837708,0.18937495350837708,0.0,0.0,0.0,0.0,0.0,0.0,5.294999599456787,0.0,0.0,0.0,0.0,0.0,0.0,100.0,74.05363464355469,0.5254523754119873,0.0,20.0,0.0,5.2798333168029785,5.7184224128723145,0.0,0.0,0.0,0.007000000216066837,0.0,0.0,10.07032299041748,0.0,1.733130931854248,1.401298464324817e-45,5.725969314575195,0.0,0.0,0.0,0.0,0.0,0.0,20.0,0.0,0.0,13551481.0,0.0,0.0,0.0,0.0,0.0,0.0,0.0,0.351500004529953,18.93000030517578,23.030000686645508,7.69199959904654e-06,0.08500000089406967,0.009999999776482582,24.0,27.0,8.800000190734863,500000.0,0.05000000074505806,2.7000000013543968e-09,2.7000000013543968e-09,145100.0,120000.0,14650000.0,86400.0,17.0,34.5,48.70000076293945,321.8999938964844,83170.0,0.0,1.0,1.0,0.0010000000474974513,725.0,0.0,0.5,0.0,0.0,57.31999969482422,837142.875,9359.77734375,117376.1015625,2623.89794921875,83026.390625,725.0,1.0204100362898316e-05,740000000.0,1,0,1,0,1,0,1,0,0,0,0,8.799991607666016,27.0,2766.804443359375,0.0,0.0,0.0,0.0,1.1113457679748535,0.0004015898739453405,0.0,0.02128225937485695,38.198768615722656,1.0,25565.6015625,5364.4541015625,2.7636899176286533e-05,2530504960.0,4150036224.0,2770858240.0,4163325952.0,-74.84259796142578,38.5235595703125,-200465040.0,-13289760.0,5.725969314575195,1533.9666748046875,80.56856536865234,1495.443115234375,106381.3984375,3879.32373046875,145588.828125,160434.828125,123565.6015625,34.40005874633789,38.198768615722656,38.198768615722656,1.0,2.7636899176286533e-05,5364.4541015625,903181303808.0,0.1993289738893509,137600.0,137600.0,97591024.0,75.45407104492188,6180.08935546875,1.0,0.0,1700.0,250000.0,10000.0,1038.0,0.004999999888241291,400.0,5000.0,0,0,0,0,2961243.5,64.39852142333984,64.39852142333984,1222441.875,2784021.0,1.0,1.0,1219081.625,227.68499755859375,6175457.0,1.0,0.9907349944114685,1.0,1.0,1029.6265869140625,276.585693359375,188.95347595214844,124.85575103759766,6074453.0,806266.1875,188.95347595214844,1.0,1.0,1.0,134.21670532226562,1544.09912109375,788.8837280273438,0.0,0.0,0.0,7680000.0,512.1096801757812,513.7658081054688,514.9722900390625,0.0,2784021.0,0.0,128.7970428466797,0.0,0.0,277.38482666015625,1.0,0.0,-7.5742998123168945,0.0,5.605193857299268e-45,9.999999974752427e-07,0.0,2.0,0.0003000000142492354,0.004999999888241291,0.0010000000474974513,2.0000000233721948e-07,2.0000000233721948e-07,0.0005555999814532697,993000000.0,1.0,0.05000000074505806,0.10000000149011612,0.0005000000237487257,0.0016700000269338489,0.009999999776482582,1.0,1.0,0.0010000000474974513,4.999999873689376e-05,0.00039999998989515007,0.019999999552965164,0.9891999959945679,0.9891999959945679,0.9950000047683716,0.9950000047683716,1,0,0,0,0,1,0,0,1,0,1,0,0,0,0.9812943339347839,974425280.0,62291.2109375,4785250.5,1145.816162109375,2546017.5,1419.2041015625,1.0,2330625.75,0.9727877974510193,1.0,60.0,180.0,1800.0,1800.0,1.0047005414962769,0.019808992743492126,1.0,1.0,-0.012236599810421467,0.0,0.0,0.0,0.0,-0.00016033649444580078,6.602997746085748e-05,0.0,0.0,6.602997746085748e-05,0.0,6.602997746085748e-05,6.602997746085748e-05,0.0,7.006492321624085e-44,1,1,0,1,1,1,0,1,1,0,1,0,1,1,1,1,1,1,1,1,0,1000,1000,0,1,5001,5001,220.0,3443.883056640625,120.0,120.0,60.0,0.0,0.4000000059604645,0.10000000149011612,0.10000000149011612,2.0,500.0,200.0,0.9900000095367432,300000.0,5000.0,45000.0,20000.0,0.019999999552965164,2.0,0.05000000074505806,0.019999999552965164,6.0,0.05000000074505806,0.019999999552965164,0.019999999552965164,88.30000305175781,0.10000000149011612,0.800000011920929,0.05000000074505806,0.009999999776482582,50.0,50.0,340.0,340.0,1000000.0,1,1,1,1,1,1,1,1,1,1,0,0,0,1,1,0,1.0,0.0,0.0,0.0,0.0006303749978542328,0.0,0.0,0.0,0.9181191325187683,0.9181191325187683,0.9181191325187683,5000.400390625,3903796.0,3908796.5,50.0,27.61637306213379,0.4000000059604645,0.0,0.0,0.10000000149011612,0.1608191877603531,1.0,45000.0,20.0,29.256254196166992,778969.125,33.352134704589844,4588.98095703125,721.2213745117188,0.7789691090583801,0.9181183576583862,9.473894119262695,1.0,3221124.0,3304317.0,9.718579292297363,20.0,0.2745262384414673,27.45262336730957,0.0,636.4223022460938,411.4006042480469,100000.0,50000.0,1115.300048828125,50000.0,700.0,2000.0,2800000.0,3500000.0,4000000.0,9.999999747378752e-05,4.999999873689376e-05,500.0,20000.0,100.0,500.0,60000.0,1200.0,1.0,120.0,150000.0,3000.0,300.0,1.0,300.0,0.019999999552965164,0.019999999552965164,0.009999999776482582,0.009999999776482582,0.009999999776482582,0.019999999552965164,1.100000023841858,0.019999999552965164,4.0,0.019999999552965164,88.0,1613.0,0.009999999776482582,0.20000000298023224,3.0,5.0,600.0,0.0010000000474974513,88.0,88.0,2000.0,2340.0,-0.11599799990653992,-0.03561130166053772,-0.04758000001311302,-0.01752999983727932,0,0,0,0,0,1,0,520.1156005859375,520.1156005859375,2.08880615234375,2.08880615234375,0.01683817431330681,31.427852630615234,164.2126007080078,1594.5626220703125,1045.222900390625,794.0921630859375,794.0921630859375,3.18914794921875,3.18914794921875,1595.438720703125,539.402587890625,0.0,0.0,2665119.0,20.00048065185547,20.00048065185547,156.21189880371094,156.21189880371094,65716.2734375,65716.2734375,1.0952712297439575,1.0952712297439575,113.84249877929688,113.84249877929688,24.998573303222656,24.998573303222656,104596.5390625,104596.5390625,25.00839614868164,155.4042510986328,158.40260314941406,2644809.0,20.00048065185547,20.00048065185547,226.37991333007812,226.37991333007812,155.8719024658203,155.8719024658203,652183.6875,652183.6875,0.0,114.32547760009766,114.32547760009766,228.6678009033203,160168.6875,160168.6875,1.067791223526001,1.067791223526001,225.7128143310547,155.8719024658203,273.34710693359375,136.67355346679688,136.67355346679688,203.37367248535156,203.37367248535156,406.7473449707031,0.0,0.0,0.0,136.65298461914062,136.65298461914062,203.37367248535156,203.37367248535156,0.026315800845623016,13.04661750793457,0.20000000298023224,0.8310619592666626,0.8773592710494995,0.8305475115776062,0.4965762495994568,0.4103071391582489,0.4972975254058838,0.9599996209144592,1.0,1.0,1.0,0.9999998211860657,0.9999998211860657,0.9999998211860657,190844.15625,193242.0625,0.0,0.0,0.0,0.0,0.0,0.0,0.0,296.3810119628906,297.7510070800781,0.0,190739.09375,190739.09375,0.0,0.0,0.0,0.0,0.8622477650642395,0.8622477650642395,0.8622477650642395,0.8617974519729614,1188122.5,0.9959999918937683,0.9959999918937683,0.9959999918937683,0.9959999918937683,5675511.0,2748788.25,7357351.0,8424087.0,2606300.0,4007758.5,0.003903795965015888,0.007817592471837997,1044.4088134765625,529.663818359375,530.0724487304688,529.4531860351562,331.55377197265625,361.16802978515625,331.1651611328125,198.11004638671875,168.9044189453125,198.28802490234375,1594.5794677734375,1044.4205322265625,349.20721435546875,349.20721435546875,349.20721435546875,510.7231140136719,510.7231140136719,510.7231140136719,2.9998981952667236,0.8238396644592285,0.8618336915969849,2.99989652633667,5.0,0.0040000081062316895,0.0040000081062316895,0.0040000081062316895,0.0040000081062316895,0.0,-0.4368000030517578,0.0,599979.625,164.2126007080078,164.2126007080078,0.0,20.0,2783660.5,7.25,12.0,10.25,224.89768981933594,224.89768981933594,224.89768981933594,0.0,0.0,0.7926306128501892,0.9211652278900146,10000.0,10000.0,0.011826000176370144,1038.5,0.027953999117016792,0.0,0.0,1.0878000259399414,1.0809999704360962,9.000000136438757e-05,103.0,33.220001220703125,1.8179999589920044,0.029999999329447746,49.0,8.329999923706055,4.159999847412109,58.0,302.0,4.5,0.699999988079071,0.4000000059604645,7.5,1.3799999952316284,2.492000102996826,7000.0,48.88999938964844,1.2000000476837158,45.0,62000.0,4590000.0,4250000.0,15900000.0,15100000.0,0.05000000074505806,0.17000000178813934,0.009999999776482582,15220000.0,1.6699999570846558,312.7799987792969,1.1100000143051147,4232.0,0.25,689000.0,4030000.0,9.829999923706055,8.550000190734863,12200000.0,231.10000610351562,88.3239974975586,633.0,1.1430000066757202,0.6858000159263611,-10.0,-3.7799999713897705,0.7799999713897705,295.5,4030000.0,12400000.0,0.9200000166893005,5.0,0,0,0,228,158,0,0,0,0,0,0,0,0,1,1,0,0,1,1,1,0,1,0,0,1,0,0,1,1,1,0,0,0,0,0,0,0,0,0,0,0,0,1,0,0.8956741094589233,6227102.5,1.0877995491027832,0.9621366858482361,1.0015039443969727,306.6517333984375,32.93860626220703,-0.0024050017818808556,1,1,1,0,0,0,1,1,0,0,0,0,0,321,0.20000000298023224,0.20000000298023224,0.20000000298023224,0.0,2,0,0,0,0,0,0,0,0,0,0,0,0,0,0,0,0,0,0,0,0,0,0,0,0,0,0,0,0,0,0,0,0,0,0,0,0,0,0,0,0,0,0,0,0,0,0,0,0,0,0,1,0,0,0,0,0,0,0,0,0,0,0,0,0,0,0,0,0,0,0,0,0,0,0,0,0,0,0,0,0,0,0,0,0,0,0,0,0,0,0,0,0,0,0,0,0,0,0,0,0,0,0,0,0,0,0,0,0,0,0,0,0,0,0,0,0,0,0,0,0,0,0,0,0,0,0,0,0,0,0,0,0,0,0,0,0,0,0,0,0,0,0,1,0,0,0,0,0,0,0,0,0,0,0,-1,0,0,0,0,0,0,1,1,0,0,89.56741333007812,-3.3976218700408936,0.0,-0.5237939357757568,-1.6815581571897805e-44,308.99090576171875,306.6517333984375,693.7432250976562,-0.00014224552433006465,99.28857421875,2664.243408203125,1.0877995491027832,1.0015039443969727,-1.0,2.33917236328125,6.827850029367255e-06,0.02128225937485695,100.0,27.0,0.0,7.799991607666016,3.729525566101074,1.0,1.0,38.198768615722656,0.2608739733695984,20.0,2.7636899176286533e-05,0.0,74.05363464355469,1.733130931854248,1.8179994821548462,0.00036938843550160527,0.6817498207092285,0.5432082414627075,28.405353546142578,8.919792175292969,19.1706485748291,17.204740524291992,0.587745726108551,46.85636901855469,44.898040771484375,258.9175720214844,129.81399536132812,0.9609845876693726,322.8912658691406,40.007659912109375,0.29459047317504883,290.18017578125,290.1976318359375,290.16900634765625,323.0615539550781,323.2402648925781,323.0617980957031,100.0,4.8411993980407715,52.54523849487305,141.43727111816406,306.620849609375,306.71893310546875,306.61541748046875,340.32000732421875,47.704036712646484,33.9327278137207,141.43727111816406,0.0,0.9604650139808655,0.9651752710342407,0.960798442363739,89.49209594726562,89.4771957397461,89.39967346191406,63.54486846923828,63.54365158081055,63.5419807434082,51.240699768066406,51.22893524169922,51.085018157958984,99.13139343261719,98.91239166259766,98.88391876220703,1906.0313720703125,1908.2607421875,1906.7896728515625,515.0765991210938,516.3186645507812,514.6810302734375,29.0,0.0,48.0,0.4972975254058838,0.664438009262085,0.4103071391582489,0.7018874287605286,0.4965762495994568,0.664849579334259,41.0,78.36749267578125,63.014984130859375,225.7128143310547,96.6269760131836,9.999999974752427e-07,85.9602279663086,0.6323120594024658,155.4042510986328,0.9907349944114685,721.2213745117188,39.8857536315918,31.427852630615234,1.0,9.473894119262695,77.89691162109375,0.0,0.9718579053878784,20.0,0.0,60.0,120.0,22.0,120.0,3.443883180618286,0.0,0.0,974.42529296875,18.088834762573242,89.19792175292969,2.0,200.0,0,0,228,228,228,228,220,228,228,228,158,0,99999,99999,11,402,1800,180,1800,998,20,974,89,23,0,0,0,806,1424,29,31,32,0,0,0,0,0,0,0,0,0,0,0,0,0,0,1,0,0,0,0,1,1,1,0,1,0,0,0,1,0,0,0,0,0,0,0,0,0,0,0,0,1,0,1,0,0,1,1,0,1,0,1,0,1,0,0,0,1,1,0,1,0,1,0,0,0,1,1,1,0,0,1,0,1,0,0,0,0,1,1,0,0,1,0,0,0,1,0,0,0,0,0,0,1,0,0,0,1,1,0,0,1,0,1,0,1,0,1,0,0,0,1,0,1,1,1,0,0,1,0,0,0,0,0,1,1,1,0,0,0,0,0,0,0,0,0,0,0,1,0,1,0,1,0,0,0,0,0,0,0,0,0,1,0,1,0,1,0,1,1,1,1,1,1,1,0,0,0,0,0,0,1,0,1,1,1,1,1,1,1,1,1,1,1,1,0,0,1,1,0,0,1,1,0,1,0,1,0,1,1,0,0,0,0,0,0,0,0,1,1,0,0,1,0,1,1,0,0,1,0,0,1,1,0,1,1,1,0,1,1,0,1,0,1,1,0,0,0,0,0,0,1,1,1,1,0,0,0,0,0,0,0,0,1,0,0,0,0,0,0,0,0,0,0,0,0,0,0,0,0,0,0,0,0,0,0,0,0,0,0,0,0,0,0,0,0,0,0,0,0,0,0,0,0,0,0,0,0,0,0,0,0,0,0,0,0,0,0,1,0,0,0,1,1,0,0,0,0,0,0,0,0,0,0,0,0,0,0,0,0,0,0,0,0,0,0,0,0,0,0,0,0,0,0,0,0,0,0,0,0,0,0,0,0,0,0,0,0,0,0,0,0,0,0,0,0,0,0,0,0,0,0,0,0,0,0,0,0,0,0,0,0,0,0,0,0,0,0,0,0,0,0,1,0,1,0,0,0,0,0,1,0,0,0,0,0,0,0,0,0,0,0,0,0,0,0,1,0,0,0,0,0,0,0,0,0,0,0,0,0,0,1,0,0,0,0,0,0,0,0,0,0,1,0,0,0,0,0,0,0,0,0,0,0,0,0,0,0,0,0,0,0,0,0,0,0,0,0,0,0,1,0,0,0,0,0,0,1,1,1,0,0,0,0,0,0,-1,0,0,0,0,0,0,0,0,-1,0,0,-1,0,0,0,0,0,0,0,0,0,0,0,0,0,0,0,0,0,0,1,0,0,0,0,0,0,0,0,0,0,0,0,0,0,0,0,1,1,0,-1,-1,-1,1,1,1,0,0,0,0,1,0,0,1,1,0,0,0,0,1,0,0,0,0,0,0,0,0,0,0,0,0,0,0,0,0,0,0,0,0,0,0,0,0,0,0,0,0,0,1,1,0,1,0,1,1,0,1,0,1,1,0,1,0,0,1,0,0,0,0,0,0,0,0,0,0,0,0,0,0,0,0,0,0,0,0,0,0,0,0,0,0
0,1,1,300,228,8,8,228,114,25,1,0,0.0020000000949949026,4000.0,1.0,0.04500000178813934,25.0,48.0,8.0,291.70001220703125,1.7000000476837158,-3.179999907843012e-07,0.007360000163316727,0.008080000057816505,8.0,0.33000001311302185,0.0333000011742115,1.0,9.999999747378752e-06,21.0,9.999999747378752e-06,2775000064.0,9.000000136438757e-05,4.999999980020986e-13,5.0,40.0,3.0,-3.3499999046325684,3.3499999046325684,0.5,0.0004799999878741801,292.3927001953125,492.6077880859375,-0.0036125299520790577,0.002354159951210022,0.0008944629807956517,0.013157900422811508,0.800646185874939,0.02024419978260994,2650129920.0,0.006539999973028898,228,228,228,228,228,228,228,228,228,228,228,228,228,228,228,228,228,228,228,228,228,228,228,228,220,220,220,220,228,228,228,228,228,228,228,228,228,228,228,228,228,228,228,228,228,228,228,228,228,228,228,228,0,1,4,4,228,228,228,220,228,228,228,228,3,0,0.00040182372322306037,290.7934265136719,629.056396484375,704.7601318359375,784.4002685546875,861.2286987304688,979.4575805664062,1009.7640991210938,1020.6658935546875,1007.7846069335938,974.5877075195312,923.9306030273438,853.828857421875,777.2567749023438,700.8597412109375,631.2833251953125,563.53271484375,508.6395263671875,467.382568359375,439.5619201660156,422.931640625,416.4938049316406,417.7039794921875,423.3974914550781,430.4095764160156,435.57562255859375,0.00838453695178032,0.6846509575843811,0.7719484567642212,-0.00014243213809095323,0.755553126335144,0.9770446419715881,106226.6015625,3.279322845628485e-05,0.3138405680656433,0.6962004899978638,0.8942556977272034,0.894730269908905,0.022355075925588608,1.0,-1.6815581571897805e-44,-3.3983078002929688,0.0,99.28839111328125,2664.259033203125,0.94367915391922,692.8251342773438,228.0,72.0,25.971689224243164,0.800000011920929,0.0,308.9822692871094,280636.09375,-0.5237424969673157,6.388348579406738,130.28829956054688,1.275213599205017,7750000.0,8160000.0,86.12000274658203,119.0999984741211,0.5,9.999999747378752e-05,0.0,3.299999952316284,200.0,0.30000001192092896,309.20001220703125,2.439019908706541e-06,0,0,0,1,1,1,0,24,0,306.552734375,0.0,0.0,0.0,0.0,0.0,0.0,0.4959602355957031,0.8703709244728088,0.5182589292526245,-0.011149346828460693,-0.0029040821827948093,-0.003176370169967413,0.5111493468284607,0.5125827789306641,0.5127063989639282,1.0,25.0,24.0,6222070.0,6222237.0,6222355.0,290.090576171875,290.119873046875,290.1019287109375,322.941162109375,323.121826171875,322.94097900390625,4400000.0,306.515869140625,306.620849609375,306.5214538574219,32.8505859375,33.001953125,32.83905029296875,322.76953125,4547.85888671875,4548.95361328125,4559.21044921875,12.859339714050293,12.870377540588379,12.872611999511719,11.395751953125,0.0,0.0,0.0020000000949949026,290.1041259765625,323.0013122558594,-44.64330291748047,1.6615625619888306,1.6662145853042603,1.6666220426559448,-15.959436416625977,39.0,40.0,42.0,41.0,0.0,0.0,6220374.5,6168717.5,75.23258972167969,5.0,0.014999999664723873,-180000.0,600.0,1000000.0,400000.0,0.17000000178813934,22000.0,786000.0,120000.0,0.0,40.0,30.0,36.810001373291016,0.5,18.399999618530273,50000.0,115692.3984375,15.113750457763672,0,0,1,0,0,0,0,13828016.0,0.0,0.0,0.0,0.0,0.0,-1563792.0,400000.0,1000000.0,1.0,1400000.0,0.0,0.47562646865844727,13836208.0,126869.6328125,13828016.0,340.32159423828125,40.007659912109375,4.751549243927002,-1563792.0,0.0,0.0,0.0,3.3837666511535645,40.007659912109375,0.0,22230.939453125,1.2010046243667603,0.0,0.0,0.0,20.0,14.711517333984375,22.0,0.0,0.0,0.0,0.05000000074505806,0.02500000037252903,0.17000000178813934,15400000.0,0.5,6.25,0.0006667000125162303,2.0,2410000.0,4140000.0,4.734799861907959,0.15000000596046448,0.20000000298023224,0.2199999988079071,1.0,0.0,-1.0,0.0,5.0,20.0,30.0,50.0,74.0,80.0,86.0,9.800000190734863,500000.0,1.0499999802959792e-07,0.5,750.0,1000.0,600.0,1000.0,1150.0,32.0,32.0,37.400001525878906,10.0,10.0,0.007000000216066837,0.5049999952316284,82.0,189.26499938964844,0.0,1.5099999904632568,231.60000610351562,20.0,36.0,16.600000381469727,16.5,225.0,-0.1756729930639267,27.5,-0.1756729930639267,30.485509872436523,0.1561516970396042,11.10221004486084,-1.8332500457763672,-75.0,4.3520002365112305,9.800000190734863,189.26499938964844,93.30000305175781,2650000.0,0.8500000238418579,7.570000171661377,0,1,0,0,0,0,0,0,0,0,0,1,3,3,0,0,1,1,0,0,0,0,0,0,0,0,0,0,1,0,0,0,0,0,0,0,0,0,0,1,0,0,0,0,0,0,0,0,0,0,12.056109428405762,29058.9453125,2153.699951171875,0.00041488895658403635,0.0004361289902590215,0.0006248649442568421,1.0,1.0,0.0,0.0,0.0,0.5888844728469849,0.5787394642829895,1.0,0.0,0.0,0.0,1.0,0.0,0.0,1.0,1.0,0.0,1.0,1.0,0.008321881294250488,0.0,1.0,0.0,0.6308192610740662,0.6354755759239197,0.00041488895658403635,0.0,0.0,0.0,99998.78125,99999.0,2781913.0,2410000.0,36.20000076293945,36.20000076293945,36.20000076293945,32.46526336669922,258.4889831542969,129.48580932617188,46.746429443359375,26.363004684448242,37.146514892578125,27.0,28.361961364746094,27.0,0.0,32.0,20.0,68.57752227783203,3446668.0,0.5432082414627075,3.7799999713897705,4.790380001068115,8.919792175292969,0.0,0.0,0.0,1.401298464324817e-45,5.319685935974121,5.319685935974121,0.5049998760223389,0.5049998760223389,0.5049998760223389,0.18937495350837708,0.18937495350837708,0.18937495350837708,0.0,0.0,0.0,0.0,0.0,0.0,5.294999599456787,0.0,0.0,0.0,0.0,0.0,0.0,100.0,74.05126953125,0.5239361524581909,0.0,20.0,0.0,5.275416374206543,5.729735851287842,0.0,0.0,0.0,0.007000000216066837,0.0,0.0,10.081622123718262,0.0,1.733107566833496,1.401298464324817e-45,5.737254619598389,0.0,0.0,0.0,0.0,0.0,0.0,20.0,0.0,0.0,13526832.0,0.0,0.0,0.0,0.0,0.0,0.0,0.0,0.351500004529953,18.93000030517578,23.030000686645508,7.69199959904654e-06,0.08500000089406967,0.009999999776482582,24.0,27.0,8.800000190734863,500000.0,0.05000000074505806,2.7000000013543968e-09,2.7000000013543968e-09,145100.0,120000.0,14650000.0,86400.0,17.0,34.5,48.70000076293945,321.8999938964844,83170.0,0.0,1.0,1.0,0.0010000000474974513,725.0,0.0,0.5,0.0,0.0,57.31999969482422,837142.875,9359.77734375,117376.1015625,2623.89794921875,83026.390625,725.0,1.0204100362898316e-05,740000000.0,1,0,1,0,1,0,1,0,0,0,0,8.799991607666016,27.0,2812.044189453125,0.0,0.0,0.0,0.0,1.1295241117477417,0.0004016017192043364,0.0,0.021630242466926575,38.248268127441406,1.0,25579.6171875,5447.5234375,2.8088950784876943e-05,2526550272.0,4146504704.0,2767657472.0,4160684800.0,-74.6583251953125,38.9827880859375,-201221808.0,-14180672.0,5.737254619598389,1533.458984375,80.39557647705078,1494.4761962890625,106381.3984375,3889.117431640625,145624.265625,160642.71875,123579.6171875,35.00006103515625,38.248268127441406,38.248268127441406,1.0,2.8088950784876943e-05,5447.5234375,906815602688.0,0.19938533008098602,137600.0,137600.0,97358920.0,75.2905502319336,6194.01904296875,1.0,0.0,1700.0,250000.0,10000.0,1038.0,0.004999999888241291,400.0,5000.0,0,0,0,0,2961163.0,64.38658142089844,64.38658142089844,1222188.5,2784055.25,1.0,1.0,1218577.875,227.65159606933594,6170416.0,1.0,0.9905498623847961,1.0,1.0,1029.3966064453125,276.53411865234375,188.9343719482422,124.73635864257812,6069522.0,806178.875,188.9343719482422,1.0,1.0,1.0,134.1180877685547,1543.097412109375,788.687744140625,0.0,0.0,0.0,7680000.0,511.74542236328125,513.4221801757812,514.6074829101562,0.0,2784055.25,0.0,128.77316284179688,0.0,0.0,277.330810546875,1.0,0.0,-7.5742998123168945,0.0,5.605193857299268e-45,9.999999974752427e-07,0.0,2.0,0.0003000000142492354,0.004999999888241291,0.0010000000474974513,2.0000000233721948e-07,2.0000000233721948e-07,0.0005555999814532697,993000000.0,1.0,0.05000000074505806,0.10000000149011612,0.0005000000237487257,0.0016700000269338489,0.009999999776482582,1.0,1.0,0.0010000000474974513,4.999999873689376e-05,0.00039999998989515007,0.019999999552965164,0.9891999959945679,0.9891999959945679,0.9950000047683716,0.9950000047683716,1,0,0,0,0,1,0,0,1,0,1,0,0,0,0.9808101654052734,973944512.0,62253.22265625,4782946.5,1145.056396484375,2546030.25,1418.3209228515625,1.0,2330699.0,0.9729859232902527,1.0,60.0,180.0,1800.0,1800.0,1.0047005414962769,0.019808992743492126,1.0,1.0,-0.012236599810421467,0.0,0.0,0.0,0.0,-0.00016099214553833008,6.602997746085748e-05,0.0,0.0,6.602997746085748e-05,0.0,6.602997746085748e-05,6.602997746085748e-05,0.0,7.006492321624085e-44,1,1,0,1,1,1,0,1,1,0,1,0,1,1,1,1,1,1,1,1,0,1000,1000,0,1,5001,5001,220.0,3442.430419921875,120.0,120.0,60.0,0.0,0.4000000059604645,0.10000000149011612,0.10000000149011612,2.0,500.0,200.0,0.9900000095367432,300000.0,5000.0,45000.0,20000.0,0.019999999552965164,2.0,0.05000000074505806,0.019999999552965164,6.0,0.05000000074505806,0.019999999552965164,0.019999999552965164,88.30000305175781,0.10000000149011612,0.800000011920929,0.05000000074505806,0.009999999776482582,50.0,50.0,340.0,340.0,1000000.0,1,1,1,1,1,1,1,1,1,1,0,0,0,1,1,0,1.0,0.0,0.0,0.0,0.0005910000181756914,0.0,0.0,0.0,0.9181167483329773,0.9181167483329773,0.9181167483329773,5000.4013671875,3903988.0,3908988.5,50.0,27.6163330078125,0.4000000059604645,0.0,0.0,0.10000000149011612,0.16068792343139648,1.0,45000.0,20.0,29.254491806030273,778972.5,33.34954833984375,4588.9755859375,721.2213745117188,0.7789725065231323,0.918112576007843,9.473854064941406,1.0,3221110.5,3304317.0,9.718579292297363,20.0,0.27457281947135925,27.4572811126709,0.0,636.4223022460938,411.4317321777344,100000.0,50000.0,1115.300048828125,50000.0,700.0,2000.0,2800000.0,3500000.0,4000000.0,9.999999747378752e-05,4.999999873689376e-05,500.0,20000.0,100.0,500.0,60000.0,1200.0,1.0,120.0,150000.0,3000.0,300.0,1.0,300.0,0.019999999552965164,0.019999999552965164,0.009999999776482582,0.009999999776482582,0.009999999776482582,0.019999999552965164,1.100000023841858,0.019999999552965164,4.0,0.019999999552965164,88.0,1613.0,0.009999999776482582,0.20000000298023224,3.0,5.0,600.0,0.0010000000474974513,88.0,88.0,2000.0,2340.0,-0.11599799990653992,-0.03561130166053772,-0.04758000001311302,-0.01752999983727932,0,0,0,0,0,1,0,519.9810180664062,519.9810180664062,2.0882568359375,2.0882568359375,0.016830500215291977,31.42782974243164,164.21237182617188,1594.225830078125,1044.976318359375,793.9244384765625,793.9244384765625,3.1884765625,3.1884765625,1595.138427734375,539.23291015625,0.0,0.0,2665046.75,20.00048065185547,20.00048065185547,156.20790100097656,156.20790100097656,65715.984375,65715.984375,1.0952664613723755,1.0952664613723755,113.82579803466797,113.82579803466797,24.998579025268555,24.998579025268555,104596.5625,104596.5625,25.008398056030273,155.40049743652344,158.39990234375,2644841.25,20.00048065185547,20.00048065185547,226.36265563964844,226.36265563964844,155.8691864013672,155.8691864013672,652172.3125,652172.3125,0.0,114.31975555419922,114.31975555419922,228.65634155273438,160167.28125,160167.28125,1.067781925201416,1.067781925201416,225.69775390625,155.8691864013672,273.2227783203125,136.61138916015625,136.61138916015625,203.3457794189453,203.3457794189453,406.6915588378906,0.0,0.0,0.0,136.5903778076172,136.5903778076172,203.3457794189453,203.3457794189453,0.026315800845623016,13.045778274536133,0.20000000298023224,0.8298637866973877,0.8761611580848694,0.8293279409408569,0.4959602355957031,0.40970030426979065,0.49667853116989136,0.9599996209144592,1.0,1.0,1.0,0.9999998211860657,0.9999998211860657,0.9999998211860657,190843.765625,193242.0625,0.0,0.0,0.0,0.0,0.0,0.0,0.0,296.3810119628906,297.7510070800781,0.0,190745.265625,190745.265625,0.0,0.0,0.0,0.0,0.8617907166481018,0.8617907166481018,0.8617907166481018,0.8622004985809326,1187782.375,0.9959999918937683,0.9959999918937683,0.9959999918937683,0.9959999918937683,5671029.0,2749440.75,7355104.0,8420250.0,2606300.0,4008096.0,0.003903987817466259,0.007817977108061314,1044.1385498046875,529.495361328125,529.9057006835938,529.262451171875,331.42333984375,361.0675048828125,331.0180969238281,198.072021484375,168.83819580078125,198.24435424804688,1594.24267578125,1044.1502685546875,349.1419982910156,349.1419982910156,349.1419982910156,510.0245361328125,510.0245361328125,510.0245361328125,2.9999027252197266,0.8222876191139221,0.8617734909057617,2.999901294708252,5.0,0.0040000081062316895,0.0040000081062316895,0.0040000081062316895,0.0040000081062316895,0.0,-0.4368000030517578,0.0,599980.5625,164.21237182617188,164.21237182617188,0.0,20.0,2783696.0,7.25,12.0,10.25,224.88478088378906,224.88478088378906,224.88478088378906,0.0,0.0,0.7926306128501892,0.9211652278900146,10000.0,10000.0,0.011826000176370144,1038.5,0.027953999117016792,0.0,0.0,1.0878000259399414,1.0809999704360962,9.000000136438757e-05,103.0,33.220001220703125,1.8179999589920044,0.029999999329447746,49.0,8.329999923706055,4.159999847412109,58.0,302.0,4.5,0.699999988079071,0.4000000059604645,7.5,1.3799999952316284,2.492000102996826,7000.0,48.88999938964844,1.2000000476837158,45.0,62000.0,4590000.0,4250000.0,15900000.0,15100000.0,0.05000000074505806,0.17000000178813934,0.009999999776482582,15220000.0,1.6699999570846558,312.7799987792969,1.1100000143051147,4232.0,0.25,689000.0,4030000.0,9.829999923706055,8.550000190734863,12200000.0,231.10000610351562,88.3239974975586,633.0,1.1430000066757202,0.6858000159263611,-10.0,-3.7799999713897705,0.7799999713897705,295.5,4030000.0,12400000.0,0.9200000166893005,5.0,0,0,0,228,158,0,0,0,0,0,0,0,0,1,1,0,0,1,1,1,0,1,0,0,1,0,0,1,1,1,0,0,0,0,0,0,0,0,0,0,0,0,1,0,0.8942556977272034,6222070.0,1.0877995491027832,0.9612224102020264,1.0010756254196167,306.5775146484375,32.90730667114258,-0.0023855881299823523,1,1,1,0,0,0,1,1,0,0,0,0,0,324,0.20000000298023224,0.20000000298023224,0.20000000298023224,0.0,2,0,0,0,0,0,0,0,0,0,0,0,0,0,0,0,0,0,0,0,0,0,0,0,0,0,0,0,0,0,0,0,0,0,0,0,0,0,0,0,0,0,0,0,0,0,0,0,0,0,0,1,0,0,0,0,0,0,0,0,0,0,0,0,0,0,0,0,0,0,0,0,0,0,0,0,0,0,0,0,0,0,0,0,0,0,0,0,0,0,0,0,0,0,0,0,0,0,0,0,0,0,0,0,0,0,0,0,0,0,0,0,0,0,0,0,0,0,0,0,0,0,0,0,0,0,0,0,0,0,0,0,0,0,0,0,0,0,0,0,0,0,0,1,0,0,0,0,0,0,0,0,0,0,0,-1,0,0,0,0,0,0,1,1,0,0,89.42556762695312,-3.3983078002929688,0.0,-0.5237424969673157,-1.6815581571897805e-44,308.9822692871094,306.5775146484375,692.8251342773438,-0.00014243213809095323,99.28839111328125,2664.259033203125,1.0877995491027832,1.0010756254196167,-1.0,2.404754638671875,6.827850029367255e-06,0.021630242466926575,100.0,27.0,0.0,7.799991607666016,3.736199140548706,1.0,1.0,38.248268127441406,0.26101699471473694,20.0,2.8088950784876943e-05,0.0,74.05126953125,1.733107566833496,1.8179994821548462,0.00036938843550160527,0.6817498207092285,0.5432082414627075,28.386919021606445,8.919792175292969,19.150869369506836,17.2453670501709,0.5888844728469849,46.746429443359375,44.898040771484375,258.4889831542969,129.48580932617188,0.9607361555099487,322.7998046875,40.007659912109375,0.29459047317504883,290.12158203125,290.1392822265625,290.1102294921875,322.9710693359375,323.151611328125,322.9713134765625,100.0,4.830968379974365,52.39361572265625,141.18605041503906,306.54632568359375,306.64544677734375,306.540771484375,340.32122802734375,47.562644958496094,33.86144256591797,141.18605041503906,0.0,0.9595335125923157,0.9642900824546814,0.9598722457885742,89.5101318359375,89.4947280883789,89.41777801513672,63.493534088134766,63.492332458496094,63.49062728881836,51.2706413269043,51.258277893066406,51.114933013916016,99.12080383300781,98.8988265991211,98.87391662597656,1905.3447265625,1907.6605224609375,1906.1832275390625,514.7289428710938,515.986083984375,514.3156127929688,29.0,0.0,48.0,0.49667853116989136,0.6634623408317566,0.40970030426979065,0.7009289264678955,0.4959602355957031,0.6638910174369812,41.0,78.36749267578125,62.96354293823242,225.69775390625,96.56429290771484,9.999999974752427e-07,85.92107391357422,0.6324408054351807,155.40049743652344,0.9905498623847961,721.2213745117188,39.88771057128906,31.42782974243164,1.0,9.473854064941406,77.89724731445312,0.0,0.9718579053878784,20.0,0.0,60.0,120.0,22.0,120.0,3.4424304962158203,0.0,0.0,973.9445190429688,18.088834762573242,89.19792175292969,2.0,200.0,0,0,228,228,228,228,220,228,228,228,158,0,99999,99999,11,402,1800,180,1800,998,20,973,89,23,0,0,0,806,1424,29,31,32,0,0,0,0,0,0,0,0,0,0,0,0,0,0,1,0,0,0,0,1,1,1,0,1,0,0,0,1,0,0,0,0,0,0,0,0,0,0,0,0,1,0,1,0,0,1,1,0,1,0,1,0,1,0,0,0,1,1,0,1,0,1,0,0,0,1,1,1,0,0,1,0,1,0,0,0,0,1,1,0,0,1,0,0,0,1,0,0,0,0,0,0,1,0,0,0,1,1,0,0,1,0,1,0,1,0,1,0,0,0,1,0,1,1,1,0,0,1,0,0,0,0,0,1,1,1,0,0,0,0,0,0,0,0,0,0,0,1,0,1,0,1,0,0,0,0,0,0,0,0,0,1,0,1,0,1,0,1,1,1,1,1,1,1,0,0,0,0,0,0,1,0,1,1,1,1,1,1,1,1,1,1,1,1,0,0,1,1,0,0,1,1,0,1,0,1,0,1,1,0,0,0,0,0,0,0,0,1,1,0,0,1,0,1,1,0,0,1,0,0,1,1,0,1,1,1,0,1,1,0,1,0,1,1,0,0,0,0,0,0,1,1,1,1,0,0,0,0,0,0,0,0,1,0,0,0,0,0,0,0,0,0,0,0,0,0,0,0,0,0,0,0,0,0,0,0,0,0,0,0,0,0,0,0,0,0,0,0,0,0,0,0,0,0,0,0,0,0,0,0,0,0,0,0,0,0,0,1,0,0,0,1,1,0,0,0,0,0,0,0,0,0,0,0,0,0,1,0,0,0,0,0,0,0,0,0,0,0,0,0,0,0,0,0,0,0,0,0,0,0,0,0,0,0,0,0,0,0,0,0,0,0,0,0,0,0,0,0,0,0,0,0,0,0,0,0,0,0,0,0,0,0,0,0,0,0,0,0,0,0,0,1,0,1,0,0,0,0,0,1,0,0,0,0,0,0,0,0,0,0,0,0,0,0,0,1,0,0,0,0,0,0,0,0,0,0,0,0,0,0,1,0,0,0,0,0,0,0,0,0,0,1,0,0,0,0,0,0,0,0,0,0,0,0,0,0,0,0,0,0,0,0,0,0,0,0,0,0,0,1,0,0,0,0,0,0,1,1,1,0,0,0,0,0,0,-1,0,0,0,0,0,0,0,0,-1,0,0,-1,0,0,0,0,0,0,0,0,0,0,0,0,0,0,0,0,0,0,1,0,0,0,0,0,0,0,0,0,0,0,0,0,0,0,0,1,1,0,-1,-1,-1,1,1,1,0,0,0,0,1,0,0,1,1,0,0,0,0,1,0,0,0,0,0,0,0,0,0,0,0,0,0,0,0,0,0,0,0,0,0,0,0,0,0,0,0,0,0,1,1,0,1,0,1,1,0,1,0,1,1,0,1,0,0,1,0,0,0,0,0,0,0,0,0,0,0,0,0,0,0,0,0,0,0,0,0,0,0,0,0,0
0,1,1,300,228,8,8,228,114,25,1,0,0.0020000000949949026,4000.0,1.0,0.04500000178813934,25.0,48.0,8.0,291.70001220703125,1.7000000476837158,-3.179999907843012e-07,0.007360000163316727,0.008080000057816505,8.0,0.33000001311302185,0.0333000011742115,1.0,9.999999747378752e-06,21.0,9.999999747378752e-06,2775000064.0,9.000000136438757e-05,4.999999980020986e-13,5.0,40.0,3.0,-3.3499999046325684,3.3499999046325684,0.5,0.0004799999878741801,292.3927001953125,492.6077880859375,-0.0036125299520790577,0.002354159951210022,0.0008944629807956517,0.013157900422811508,0.800646185874939,0.02024419978260994,2650129920.0,0.006539999973028898,228,228,228,228,228,228,228,228,228,228,228,228,228,228,228,228,228,228,228,228,228,228,228,228,220,220,220,220,228,228,228,228,228,228,228,228,228,228,228,228,228,228,228,228,228,228,228,228,228,228,228,228,0,1,4,4,228,228,228,220,228,228,228,228,3,0,0.00040182462544180453,290.7363586425781,628.3363037109375,703.8115234375,783.210205078125,859.806396484375,977.68701171875,1007.9176025390625,1018.817138671875,1006.0049438476562,972.9315185546875,922.43798828125,852.545166015625,776.1871948242188,699.9937133789062,630.5941772460938,563.0016479492188,508.22967529296875,467.06072998046875,439.3002624511719,422.7106628417969,416.2973327636719,417.51983642578125,423.218505859375,430.23370361328125,435.40576171875,0.00863865576684475,0.6835259199142456,0.7719472050666809,-0.00014254136476665735,0.7555568814277649,0.9766122102737427,106055.765625,3.273757465649396e-05,0.3134683668613434,0.6950315833091736,0.892825186252594,0.8933023810386658,0.02235404960811138,1.0,-1.6815581571897805e-44,-3.399001359939575,0.0,99.2882308959961,2664.27490234375,0.9436838626861572,691.909423828125,228.0,72.0,26.740455627441406,0.4000000059604645,0.0,308.97344970703125,280636.65625,-0.523689329624176,6.386678218841553,130.28829956054688,1.2759371995925903,7750000.0,8160000.0,86.12000274658203,119.0999984741211,0.5,9.999999747378752e-05,0.0,3.299999952316284,200.0,0.30000001192092896,309.20001220703125,2.439019908706541e-06,0,0,0,1,1,1,0,24,0,306.4776611328125,0.0,0.0,0.0,0.0,0.0,0.0,0.4953400492668152,0.8702471852302551,0.518240749835968,-0.011450350284576416,-0.003016446018591523,-0.003302882192656398,0.5114503502845764,0.5128772854804993,0.5130066871643066,1.0,25.0,24.0,6216960.5,6217130.0,6217246.5,290.03070068359375,290.06048583984375,290.04217529296875,322.85028076171875,323.0321044921875,322.8502197265625,4400000.0,306.44049072265625,306.5462951660156,306.4461975097656,32.819580078125,32.97161865234375,32.80804443359375,322.677734375,4547.42431640625,4548.33203125,4558.74267578125,12.861968040466309,12.872916221618652,12.875224113464355,11.34979248046875,0.0,0.0,0.0020000000949949026,290.0444641113281,322.9108581542969,-44.58449935913086,1.6625429391860962,1.6671723127365112,1.6676000356674194,-16.173734664916992,39.0,40.0,42.0,41.0,0.0,0.0,6215239.0,6163574.0,75.072021484375,5.0,0.014999999664723873,-180000.0,600.0,1000000.0,400000.0,0.17000000178813934,22000.0,786000.0,120000.0,0.0,40.0,30.0,36.810001373291016,0.5,18.399999618530273,50000.0,115692.3984375,15.113750457763672,0,0,1,0,0,0,0,13803547.0,0.0,0.0,0.0,0.0,0.0,-1588316.0,400000.0,1000000.0,1.0,1400000.0,0.0,0.4742114543914795,13811684.0,126869.6328125,13803547.0,340.32281494140625,40.007659912109375,4.737403392791748,-1588316.0,0.0,0.0,0.0,3.3766348361968994,40.007659912109375,0.0,22230.939453125,1.2010046243667603,0.0,0.0,0.0,20.0,14.711517333984375,22.0,0.0,0.0,0.0,0.05000000074505806,0.02500000037252903,0.17000000178813934,15400000.0,0.5,6.25,0.0006667000125162303,2.0,2410000.0,4140000.0,4.734799861907959,0.15000000596046448,0.20000000298023224,0.2199999988079071,1.0,0.0,-1.0,0.0,5.0,20.0,30.0,50.0,74.0,80.0,86.0,9.800000190734863,500000.0,1.0499999802959792e-07,0.5,750.0,1000.0,600.0,1000.0,1150.0,32.0,32.0,37.400001525878906,10.0,10.0,0.007000000216066837,0.5049999952316284,82.0,189.26499938964844,0.0,1.5099999904632568,231.60000610351562,20.0,36.0,16.600000381469727,16.5,225.0,-0.1756729930639267,27.5,-0.1756729930639267,30.485509872436523,0.1561516970396042,11.10221004486084,-1.8332500457763672,-75.0,4.3520002365112305,9.800000190734863,189.26499938964844,93.30000305175781,2650000.0,0.8500000238418579,7.570000171661377,0,1,0,0,0,0,0,0,0,0,0,1,3,3,0,0,1,1,0,0,0,0,0,0,0,0,0,0,1,0,0,0,0,0,0,0,0,0,0,1,0,0,0,0,0,0,0,0,0,0,12.055953025817871,29058.666015625,2153.699951171875,0.0004148875596001744,0.0004361289902590215,0.0006248649442568421,1.0,1.0,0.0,0.0,0.0,0.5900183916091919,0.5798971056938171,1.0,0.0,0.0,0.0,1.0,0.0,0.0,1.0,1.0,0.0,1.0,1.0,0.008120536804199219,0.0,1.0,0.0,0.630406379699707,0.6351233124732971,0.0004148875596001744,0.0,0.0,0.0,99998.78125,99999.0,2780092.25,2410000.0,36.20000076293945,36.20000076293945,36.20000076293945,32.468021392822266,258.06048583984375,129.15792846679688,46.636695861816406,26.368032455444336,37.10877227783203,27.0,28.351184844970703,27.0,0.0,32.0,20.0,68.57752227783203,3446668.0,0.5432094931602478,3.7799999713897705,4.8016228675842285,8.919791221618652,0.0,0.0,0.0,1.401298464324817e-45,5.314205169677734,5.314205169677734,0.5049998760223389,0.5049998760223389,0.5049998760223389,0.18937495350837708,0.18937495350837708,0.18937495350837708,0.0,0.0,0.0,0.0,0.0,0.0,5.294999599456787,0.0,0.0,0.0,0.0,0.0,0.0,100.0,74.04882049560547,0.5224080681800842,0.0,20.0,0.0,5.271050930023193,5.741007328033447,0.0,0.0,0.0,0.007000000216066837,0.0,0.0,10.092879295349121,0.0,1.7330832481384277,1.401298464324817e-45,5.748497486114502,0.0,0.0,0.0,0.0,0.0,0.0,20.0,0.0,0.0,13502443.0,0.0,0.0,0.0,0.0,0.0,0.0,0.0,0.351500004529953,18.93000030517578,23.030000686645508,7.69199959904654e-06,0.08500000089406967,0.009999999776482582,24.0,27.0,8.800000190734863,500000.0,0.05000000074505806,2.7000000013543968e-09,2.7000000013543968e-09,145100.0,120000.0,14650000.0,86400.0,17.0,34.5,48.70000076293945,321.8999938964844,83170.0,0.0,1.0,1.0,0.0010000000474974513,725.0,0.0,0.5,0.0,0.0,57.31999969482422,837142.875,9359.77734375,117376.1015625,2623.89794921875,83026.390625,725.0,1.0204100362898316e-05,740000000.0,1,0,1,0,1,0,1,0,0,0,0,8.799991607666016,27.0,2857.186279296875,0.0,0.0,0.0,0.0,1.1476633548736572,0.00040161219658330083,0.0,0.02197747491300106,38.2973747253418,1.0,25593.59375,5530.369140625,2.8540023777168244e-05,2522601216.0,4142964480.0,2764467968.0,4157996800.0,-74.47693634033203,39.44482421875,-202035088.0,-15032128.0,5.748497486114502,1532.9364013671875,80.22543334960938,1493.4915771484375,106381.3984375,3898.85400390625,145659.671875,160848.96875,123593.59375,35.60006332397461,38.2973747253418,38.2973747253418,1.0,2.8540023777168244e-05,5530.369140625,910259716096.0,0.1994415670633316,137600.0,137600.0,97130152.0,75.12984466552734,6207.8857421875,1.0,0.0,1700.0,250000.0,10000.0,1038.0,0.004999999888241291,400.0,5000.0,0,0,0,0,2961078.0,64.37435913085938,64.37435913085938,1221931.375,2784090.0,1.0,1.0,1218062.25,227.61761474609375,6165297.5,1.0,0.9903602600097656,1.0,1.0,1029.1575927734375,276.48175048828125,188.91481018066406,124.61457061767578,6064516.0,806089.5625,188.91481018066406,1.0,1.0,1.0,134.017822265625,1542.0772705078125,788.4833374023438,0.0,0.0,0.0,7680000.0,511.3753356933594,513.0880737304688,514.2457885742188,0.0,2784090.0,0.0,128.74871826171875,0.0,0.0,277.27593994140625,1.0,0.0,-7.5742998123168945,0.0,5.605193857299268e-45,9.999999974752427e-07,0.0,2.0,0.0003000000142492354,0.004999999888241291,0.0010000000474974513,2.0000000233721948e-07,2.0000000233721948e-07,0.0005555999814532697,993000000.0,1.0,0.05000000074505806,0.10000000149011612,0.0005000000237487257,0.0016700000269338489,0.009999999776482582,1.0,1.0,0.0010000000474974513,4.999999873689376e-05,0.00039999998989515007,0.019999999552965164,0.9891999959945679,0.9891999959945679,0.9950000047683716,0.9950000047683716,1,0,0,0,0,1,0,0,1,0,1,0,0,0,0.9803118109703064,973449600.0,62214.5703125,4780591.5,1144.2833251953125,2546043.75,1417.4217529296875,1.0,2330773.5,0.9731840491294861,1.0,60.0,180.0,1800.0,1800.0,1.0047005414962769,0.019808992743492126,1.0,1.0,-0.012236599810421467,0.0,0.0,0.0,0.0,-0.00016540288925170898,6.602997746085748e-05,0.0,0.0,6.602997746085748e-05,0.0,6.602997746085748e-05,6.602997746085748e-05,0.0,7.006492321624085e-44,1,1,0,1,1,1,0,1,1,0,1,0,1,1,1,1,1,1,1,1,0,1000,1000,0,1,5001,5001,220.0,3440.935546875,120.0,120.0,60.0,0.0,0.4000000059604645,0.10000000149011612,0.10000000149011612,2.0,500.0,200.0,0.9900000095367432,300000.0,5000.0,45000.0,20000.0,0.019999999552965164,2.0,0.05000000074505806,0.019999999552965164,6.0,0.05000000074505806,0.019999999552965164,0.019999999552965164,88.30000305175781,0.10000000149011612,0.800000011920929,0.05000000074505806,0.009999999776482582,50.0,50.0,340.0,340.0,1000000.0,1,1,1,1,1,1,1,1,1,1,0,0,0,1,1,0,1.0,0.0,0.0,0.0,0.0005539687699638307,0.0,0.0,0.0,0.9181142449378967,0.9181142449378967,0.9181142449378967,5000.40087890625,3904184.75,3909185.25,50.0,27.61629295349121,0.4000000059604645,0.0,0.0,0.10000000149011612,0.16055461764335632,1.0,45000.0,20.0,29.252639770507812,778975.875,33.346832275390625,4588.97119140625,721.2213745117188,0.7789759039878845,0.9181064963340759,9.473814010620117,1.0,3221097.0,3304317.0,9.718579292297363,20.0,0.2746182680130005,27.46182632446289,0.0,636.4223022460938,411.4465637207031,100000.0,50000.0,1115.300048828125,50000.0,700.0,2000.0,2800000.0,3500000.0,4000000.0,9.999999747378752e-05,4.999999873689376e-05,500.0,20000.0,100.0,500.0,60000.0,1200.0,1.0,120.0,150000.0,3000.0,300.0,1.0,300.0,0.019999999552965164,0.019999999552965164,0.009999999776482582,0.009999999776482582,0.009999999776482582,0.019999999552965164,1.100000023841858,0.019999999552965164,4.0,0.019999999552965164,88.0,1613.0,0.009999999776482582,0.20000000298023224,3.0,5.0,600.0,0.0010000000474974513,88.0,88.0,2000.0,2340.0,-0.11599799990653992,-0.03561130166053772,-0.04758000001311302,-0.01752999983727932,0,0,0,0,0,1,0,519.841796875,519.841796875,2.08770751953125,2.08770751953125,0.01682262495160103,31.427806854248047,164.21214294433594,1593.87744140625,1044.7225341796875,793.7509765625,793.7509765625,3.187744140625,3.187744140625,1594.826171875,539.0671997070312,0.0,0.0,2664970.25,20.00048065185547,20.00048065185547,156.20387268066406,156.20387268066406,65715.6796875,65715.6796875,1.0952613353729248,1.0952613353729248,113.80880737304688,113.80880737304688,24.998584747314453,24.998584747314453,104596.5859375,104596.5859375,25.008398056030273,155.39671325683594,158.39720153808594,2644875.0,20.00048065185547,20.00048065185547,226.3450164794922,226.3450164794922,155.86648559570312,155.86648559570312,652161.0,652161.0,0.0,114.3135986328125,114.3135986328125,228.64401245117188,160165.859375,160165.859375,1.067772388458252,1.067772388458252,225.6824188232422,155.86648559570312,273.0957946777344,136.5478973388672,136.5478973388672,203.31716918945312,203.31716918945312,406.63433837890625,0.0,0.0,0.0,136.52642822265625,136.52642822265625,203.31716918945312,203.31716918945312,0.026315800845623016,13.04491138458252,0.20000000298023224,0.8286553621292114,0.8749547600746155,0.8281005620956421,0.4953400492668152,0.4090908467769623,0.49605733156204224,0.9599996209144592,1.0,1.0,1.0,0.9999998211860657,0.9999998211860657,0.9999998211860657,190843.375,193242.0625,0.0,0.0,0.0,0.0,0.0,0.0,0.0,296.3810119628906,297.7510070800781,0.0,190751.046875,190751.046875,0.0,0.0,0.0,0.0,0.8613224029541016,0.8613224029541016,0.8613224029541016,0.8625822067260742,1187433.0,0.9959999918937683,0.9959999918937683,0.9959999918937683,0.9959999918937683,5666423.5,2750118.0,7352801.0,8416313.0,2606300.0,4008456.0,0.0039041845593601465,0.007818370126187801,1043.8590087890625,529.3195190429688,529.734375,529.0681762695312,331.2877502441406,360.9635314941406,330.86810302734375,198.03176879882812,168.77084350585938,198.2000732421875,1593.894287109375,1043.8707275390625,349.0750732421875,349.0750732421875,349.0750732421875,509.3127746582031,509.3127746582031,509.3127746582031,2.9999074935913086,0.8207030892372131,0.8617161512374878,2.999906063079834,5.0,0.0040000081062316895,0.0040000081062316895,0.0040000081062316895,0.0040000081062316895,0.0,-0.4368000030517578,0.0,599981.5,164.21214294433594,164.21214294433594,0.0,20.0,2783732.5,7.25,12.0,10.25,224.87173461914062,224.87173461914062,224.87173461914062,0.0,0.0,0.7926306128501892,0.9211652278900146,10000.0,10000.0,0.011826000176370144,1038.5,0.027953999117016792,0.0,0.0,1.0878000259399414,1.0809999704360962,9.000000136438757e-05,103.0,33.220001220703125,1.8179999589920044,0.029999999329447746,49.0,8.329999923706055,4.159999847412109,58.0,302.0,4.5,0.699999988079071,0.4000000059604645,7.5,1.3799999952316284,2.492000102996826,7000.0,48.88999938964844,1.2000000476837158,45.0,62000.0,4590000.0,4250000.0,15900000.0,15100000.0,0.05000000074505806,0.17000000178813934,0.009999999776482582,15220000.0,1.6699999570846558,312.7799987792969,1.1100000143051147,4232.0,0.25,689000.0,4030000.0,9.829999923706055,8.550000190734863,12200000.0,231.10000610351562,88.3239974975586,633.0,1.1430000066757202,0.6858000159263611,-10.0,-3.7799999713897705,0.7799999713897705,295.5,4030000.0,12400000.0,0.9200000166893005,5.0,0,0,0,228,158,0,0,0,0,0,0,0,0,1,1,0,0,1,1,1,0,1,0,0,1,0,0,1,1,1,0,0,0,0,0,0,0,0,0,0,0,0,1,0,0.892825186252594,6216960.5,1.0877995491027832,0.960317850112915,1.0006706714630127,306.5027160644531,32.876338958740234,-0.002385166008025408,1,1,1,0,0,0,1,1,0,0,0,0,0,327,0.20000000298023224,0.20000000298023224,0.20000000298023224,0.0,2,0,0,0,0,0,0,0,0,0,0,0,0,0,0,0,0,0,0,0,0,0,0,0,0,0,0,0,0,0,0,0,0,0,0,0,0,0,0,0,0,0,0,0,0,0,0,0,0,0,0,1,0,0,0,0,0,0,0,0,0,0,0,0,0,0,0,0,0,0,0,0,0,0,0,0,0,0,0,0,0,0,0,0,0,0,0,0,0,0,0,0,0,0,0,0,0,0,0,0,0,0,0,0,0,0,0,0,0,0,0,0,0,0,0,0,0,0,0,0,0,0,0,0,0,0,0,0,0,0,0,0,0,0,0,0,0,0,0,0,0,0,0,1,0,0,0,0,0,0,0,0,0,0,0,-1,0,0,0,0,0,0,1,1,0,0,89.28251647949219,-3.399001359939575,0.0,-0.523689329624176,-1.6815581571897805e-44,308.97344970703125,306.5027160644531,691.909423828125,-0.00014254136476665735,99.2882308959961,2664.27490234375,1.0877995491027832,1.0006706714630127,-1.0,2.470733642578125,6.827850029367255e-06,0.02197747491300106,100.0,27.0,0.0,7.799991607666016,3.7427542209625244,1.0,1.0,38.2973747253418,0.26115959882736206,20.0,2.8540023777168244e-05,0.0,74.04882049560547,1.7330832481384277,1.8179994821548462,0.00036938843550160527,0.6817498207092285,0.5432094931602478,28.36833953857422,8.919791221618652,19.13113784790039,17.28584098815918,0.5900183916091919,46.636695861816406,44.898040771484375,258.06048583984375,129.15792846679688,0.960486114025116,322.708251953125,40.007659912109375,0.29459047317504883,290.06207275390625,290.08038330078125,290.05072021484375,322.88037109375,323.0621337890625,322.88067626953125,100.0,4.8196611404418945,52.240806579589844,140.93580627441406,306.4712219238281,306.5712585449219,306.4656982421875,340.3223876953125,47.421146392822266,33.79010009765625,140.93580627441406,0.0,0.9586224555969238,0.9633969068527222,0.9589629769325256,89.52825164794922,89.51236724853516,89.4360122680664,63.44140625,63.44021987915039,63.4384880065918,51.30066680908203,51.28772735595703,51.14503479003906,99.11063385009766,98.88541412353516,98.86426544189453,1904.6453857421875,1907.043701171875,1905.5501708984375,514.36962890625,515.6490478515625,513.95068359375,29.0,0.0,48.0,0.49605733156204224,0.6624804735183716,0.4090908467769623,0.6999638080596924,0.4953400492668152,0.6629242897033691,41.0,78.36749267578125,62.91131591796875,225.6824188232422,96.50045776367188,9.999999974752427e-07,85.88090515136719,0.6325696110725403,155.39671325683594,0.9903602600097656,721.2213745117188,39.88971710205078,31.427806854248047,1.0,9.473814010620117,77.89759063720703,0.0,0.9718579053878784,20.0,0.0,60.0,120.0,22.0,120.0,3.4409356117248535,0.0,0.0,973.4495849609375,18.08887481689453,89.19791412353516,2.0,200.0,0,0,228,228,228,228,220,228,228,228,158,0,99999,99999,11,402,1800,180,1800,998,20,973,89,23,0,0,0,806,1424,29,31,32,0,0,0,0,0,0,0,0,0,0,0,0,0,0,1,0,0,0,0,1,1,1,0,1,0,0,0,1,0,0,0,0,0,0,0,0,0,0,0,0,1,0,1,0,0,1,1,0,1,0,1,0,1,0,0,0,1,1,0,1,0,1,0,0,0,1,1,0,0,0,1,0,1,0,0,0,0,0,1,0,0,1,0,0,0,1,0,0,0,0,0,0,1,0,0,0,1,1,0,0,1,0,1,0,1,0,1,0,0,0,1,0,1,1,1,0,0,1,0,0,0,0,0,1,1,1,0,0,0,0,0,0,0,0,0,0,0,1,0,1,0,1,0,0,0,0,0,0,0,0,0,1,0,1,0,1,0,1,1,1,1,1,1,1,0,0,0,0,0,0,1,0,1,1,1,1,1,1,1,1,1,1,1,0,0,0,1,1,0,0,1,1,0,1,0,1,0,1,1,0,0,0,0,0,0,0,0,1,1,0,0,1,0,1,1,0,0,1,0,0,1,1,0,1,1,1,0,1,1,0,1,0,1,1,0,0,0,0,0,0,1,1,1,1,0,0,0,0,0,0,0,0,0,0,0,0,0,0,0,0,0,0,0,0,0,0,0,0,0,0,0,0,0,0,0,0,0,0,0,0,0,0,0,0,0,0,0,0,0,0,0,0,0,0,0,0,0,0,0,0,0,0,0,0,0,0,0,0,0,0,0,0,0,0,0,0,0,0,0,0,0,0,0,0,0,0,1,0,0,0,0,0,0,0,0,0,0,0,0,0,0,0,0,0,0,0,0,0,0,0,0,0,0,0,0,0,0,0,0,0,0,0,0,0,0,0,0,0,0,0,0,0,0,0,0,0,0,0,0,0,0,0,0,0,0,0,0,0,0,0,0,1,0,1,0,0,0,0,0,1,0,0,0,0,0,0,0,0,0,0,0,0,0,0,0,1,0,0,0,0,0,0,0,0,0,0,0,0,0,0,1,0,0,0,0,0,0,0,0,0,0,1,0,0,0,0,0,0,0,0,0,0,0,0,0,0,0,0,0,0,0,0,0,0,0,0,0,0,0,1,0,0,0,0,0,0,1,1,1,0,0,0,0,0,0,-1,0,0,0,0,0,0,0,0,-1,0,0,-1,0,0,0,0,0,0,0,0,0,0,0,0,0,0,0,0,0,0,1,0,0,0,0,0,0,0,0,0,0,0,0,0,0,0,0,1,1,0,-1,-1,-1,1,1,1,0,0,0,0,1,0,0,1,1,0,0,0,0,1,0,0,0,0,0,0,0,0,0,0,0,0,0,0,0,0,0,0,0,0,0,0,0,0,0,0,0,0,0,1,1,0,1,0,1,1,0,1,0,1,1,0,1,0,0,1,0,0,0,0,0,0,0,0,0,0,0,0,0,0,0,0,0,0,0,0,0,0,0,0,0,0
0,1,1,300,228,8,8,228,114,25,1,0,0.0020000000949949026,4000.0,1.0,0.04500000178813934,25.0,48.0,8.0,291.70001220703125,1.7000000476837158,-3.179999907843012e-07,0.007360000163316727,0.008080000057816505,8.0,0.33000001311302185,0.0333000011742115,1.0,9.999999747378752e-06,21.0,9.999999747378752e-06,2775000064.0,9.000000136438757e-05,4.999999980020986e-13,5.0,40.0,3.0,-3.3499999046325684,3.3499999046325684,0.5,0.0004799999878741801,292.3927001953125,492.6077880859375,-0.0036125299520790577,0.002354159951210022,0.0008944629807956517,0.013157900422811508,0.800646185874939,0.02024419978260994,2650129920.0,0.006539999973028898,228,228,228,228,228,228,228,228,228,228,228,228,228,228,228,228,228,228,228,228,228,228,228,228,220,220,220,220,228,228,228,228,228,228,228,228,228,228,228,228,228,228,228,228,228,228,228,228,228,228,228,228,0,1,4,4,228,228,228,220,228,228,228,228,3,0,0.00040182462544180453,290.67852783203125,627.6231689453125,702.8721923828125,782.031982421875,858.3983154296875,975.9335327148438,1006.0881958007812,1016.9837036132812,1004.2379150390625,971.2850952148438,920.9520263671875,851.26513671875,775.118896484375,699.1270141601562,629.9031372070312,562.468017578125,507.8170166015625,466.73590087890625,439.0352783203125,422.4858703613281,416.09613037109375,417.329833984375,423.03240966796875,430.04937744140625,435.2261962890625,0.008893501944839954,0.6823993921279907,0.7719457745552063,-0.00014270312385633588,0.7555606961250305,0.9761770963668823,105883.5078125,3.268174987169914e-05,0.31309419870376587,0.6938612461090088,0.8913887143135071,0.8918685913085938,0.022352999076247215,1.0,-1.6815581571897805e-44,-3.3996989727020264,0.0,99.28803253173828,2664.291259765625,0.9436886310577393,690.9978637695312,228.0,72.0,27.51806640625,0.0,0.0,308.96441650390625,280637.21875,-0.5236343145370483,6.384993553161621,130.28829956054688,1.276677131652832,7750000.0,8160000.0,86.12000274658203,119.0999984741211,0.5,9.999999747378752e-05,0.0,3.299999952316284,200.0,0.30000001192092896,309.20001220703125,2.439019908706541e-06,0,0,0,1,1,1,0,24,0,306.4020080566406,0.0,0.0,0.0,0.0,0.0,0.0,0.4947149157524109,0.8701202273368835,0.5182221531867981,-0.011753618717193604,-0.0031318042892962694,-0.003432317404076457,0.5117536187171936,0.5131730437278748,0.5133084654808044,1.0,25.0,24.0,6211772.5,6211946.0,6212061.0,289.969970703125,290.00018310546875,289.98150634765625,322.7591857910156,322.9421691894531,322.7589416503906,4400000.0,306.36456298828125,306.47119140625,306.3702392578125,32.789215087890625,32.941986083984375,32.777435302734375,322.5856018066406,4547.005859375,4547.734375,4558.2978515625,12.864617347717285,12.875466346740723,12.877847671508789,11.304046630859375,0.0,0.0,0.0020000000949949026,289.98388671875,322.8200988769531,-44.58893585205078,1.6635311841964722,1.6681352853775024,1.6685830354690552,-16.385765075683594,39.0,40.0,42.0,41.0,0.0,0.0,6210029.0,6158355.5,74.91282653808594,5.0,0.014999999664723873,-180000.0,600.0,1000000.0,400000.0,0.17000000178813934,22000.0,786000.0,120000.0,0.0,40.0,30.0,36.810001373291016,0.5,18.399999618530273,50000.0,115692.3984375,15.113750457763672,0,0,1,0,0,0,0,13779207.0,0.0,0.0,0.0,0.0,0.0,-1612691.0,400000.0,1000000.0,1.0,1400000.0,0.0,0.4727981686592102,13787309.0,126869.6328125,13779207.0,340.3240966796875,40.007659912109375,4.723270893096924,-1612691.0,0.0,0.0,0.0,3.369509696960449,40.007659912109375,0.0,22230.939453125,1.2010046243667603,0.0,0.0,0.0,20.0,14.711517333984375,22.0,0.0,0.0,0.0,0.05000000074505806,0.02500000037252903,0.17000000178813934,15400000.0,0.5,6.25,0.0006667000125162303,2.0,2410000.0,4140000.0,4.734799861907959,0.15000000596046448,0.20000000298023224,0.2199999988079071,1.0,0.0,-1.0,0.0,5.0,20.0,30.0,50.0,74.0,80.0,86.0,9.800000190734863,500000.0,1.0499999802959792e-07,0.5,750.0,1000.0,600.0,1000.0,1150.0,32.0,32.0,37.400001525878906,10.0,10.0,0.007000000216066837,0.5049999952316284,82.0,189.26499938964844,0.0,1.5099999904632568,231.60000610351562,20.0,36.0,16.600000381469727,16.5,225.0,-0.1756729930639267,27.5,-0.1756729930639267,30.485509872436523,0.1561516970396042,11.10221004486084,-1.8332500457763672,-75.0,4.3520002365112305,9.800000190734863,189.26499938964844,93.30000305175781,2650000.0,0.8500000238418579,7.570000171661377,0,1,0,0,0,0,0,0,0,0,0,1,3,3,0,0,1,1,0,0,0,0,0,0,0,0,0,0,1,0,0,0,0,0,0,0,0,0,0,1,0,0,0,0,0,0,0,0,0,0,12.055791854858398,29058.376953125,2153.699951171875,0.00041488613351248205,0.0004361289902590215,0.0006248649442568421,1.0,1.0,0.0,0.0,0.0,0.5911462903022766,0.5810518264770508,1.0,0.0,0.0,0.0,1.0,0.0,0.0,1.0,1.0,0.0,1.0,1.0,0.007912814617156982,0.0,1.0,0.0,0.6299905776977539,0.6347665786743164,0.00041488613351248205,0.0,0.0,0.0,99998.78125,99999.0,2778258.5,2410000.0,36.20000076293945,36.20000076293945,36.20000076293945,32.47074508666992,257.6322937011719,128.8306427001953,46.52732849121094,26.373056411743164,37.071144104003906,27.0,28.340442657470703,27.0,0.0,32.0,20.0,68.57752227783203,3446668.0,0.5432094931602478,3.7799999713897705,4.812819004058838,8.919791221618652,0.0,0.0,0.0,1.401298464324817e-45,5.308747291564941,5.308747291564941,0.5049998760223389,0.5049998760223389,0.5049998760223389,0.18937495350837708,0.18937495350837708,0.18937495350837708,0.0,0.0,0.0,0.0,0.0,0.0,5.294999599456787,0.0,0.0,0.0,0.0,0.0,0.0,100.0,74.0462875366211,0.520866870880127,0.0,20.0,0.0,5.266740322113037,5.752234935760498,0.0,0.0,0.0,0.007000000216066837,0.0,0.0,10.10409164428711,0.0,1.733058214187622,1.401298464324817e-45,5.759693622589111,0.0,0.0,0.0,0.0,0.0,0.0,20.0,0.0,0.0,13478108.0,0.0,0.0,0.0,0.0,0.0,0.0,0.0,0.351500004529953,18.93000030517578,23.030000686645508,7.69199959904654e-06,0.08500000089406967,0.009999999776482582,24.0,27.0,8.800000190734863,500000.0,0.05000000074505806,2.7000000013543968e-09,2.7000000013543968e-09,145100.0,120000.0,14650000.0,86400.0,17.0,34.5,48.70000076293945,321.8999938964844,83170.0,0.0,1.0,1.0,0.0010000000474974513,725.0,0.0,0.5,0.0,0.0,57.31999969482422,837142.875,9359.77734375,117376.1015625,2623.89794921875,83026.390625,725.0,1.0204100362898316e-05,740000000.0,1,0,1,0,1,0,1,0,0,0,0,8.799991607666016,27.0,2902.232177734375,0.0,0.0,0.0,0.0,1.1657639741897583,0.00040162153891287744,0.0,0.0223239678889513,38.34609603881836,1.0,25607.5,5612.9951171875,2.8990136343054473e-05,2518634240.0,4139386880.0,2761261568.0,4155256576.0,-74.2967758178711,39.904296875,-202750720.0,-15870176.0,5.759693622589111,1532.39306640625,80.05647277832031,1492.48876953125,106381.3984375,3908.53515625,145695.046875,161053.609375,123607.5,36.20006561279297,38.34609603881836,38.34609603881836,1.0,2.8990136343054473e-05,5612.9951171875,913520984064.0,0.1994977444410324,137600.0,137600.0,96902624.0,74.97029113769531,6221.689453125,1.0,0.0,1700.0,250000.0,10000.0,1038.0,0.004999999888241291,400.0,5000.0,0,0,0,0,2960991.5,64.3618392944336,64.3618392944336,1221670.125,2784126.0,1.0,1.0,1217534.625,227.58302307128906,6160103.0,1.0,0.9901661276817322,1.0,1.0,1028.9095458984375,276.4285583496094,188.894775390625,124.49040222167969,6059437.0,805998.125,188.894775390625,1.0,1.0,1.0,133.9158172607422,1541.038330078125,788.2706298828125,0.0,0.0,0.0,7680000.0,510.9957580566406,512.7373046875,513.8812255859375,0.0,2784126.0,0.0,128.7236785888672,0.0,0.0,277.22021484375,1.0,0.0,-7.5742998123168945,0.0,5.605193857299268e-45,9.999999974752427e-07,0.0,2.0,0.0003000000142492354,0.004999999888241291,0.0010000000474974513,2.0000000233721948e-07,2.0000000233721948e-07,0.0005555999814532697,993000000.0,1.0,0.05000000074505806,0.10000000149011612,0.0005000000237487257,0.0016700000269338489,0.009999999776482582,1.0,1.0,0.0010000000474974513,4.999999873689376e-05,0.00039999998989515007,0.019999999552965164,0.9891999959945679,0.9891999959945679,0.9950000047683716,0.9950000047683716,1,0,0,0,0,1,0,0,1,0,1,0,0,0,0.9798005819320679,972941952.0,62175.23046875,4778185.5,1143.49658203125,2546056.25,1416.5062255859375,1.0,2330849.75,0.9733821749687195,1.0,60.0,180.0,1800.0,1800.0,1.0047005414962769,0.019808992743492126,1.0,1.0,-0.012236599810421467,0.0,0.0,0.0,0.0,-0.00017052888870239258,6.602997746085748e-05,0.0,0.0,6.602997746085748e-05,0.0,6.602997746085748e-05,6.602997746085748e-05,0.0,7.006492321624085e-44,1,1,0,1,1,1,0,1,1,0,1,0,1,1,1,1,1,1,1,1,0,1000,1000,0,1,5001,5001,220.0,3439.40185546875,120.0,120.0,60.0,0.0,0.4000000059604645,0.10000000149011612,0.10000000149011612,2.0,500.0,200.0,0.9900000095367432,300000.0,5000.0,45000.0,20000.0,0.019999999552965164,2.0,0.05000000074505806,0.019999999552965164,6.0,0.05000000074505806,0.019999999552965164,0.019999999552965164,88.30000305175781,0.10000000149011612,0.800000011920929,0.05000000074505806,0.009999999776482582,50.0,50.0,340.0,340.0,1000000.0,1,1,1,1,1,1,1,1,1,1,0,0,0,1,1,0,1.0,0.0,0.0,0.0,0.0005191874806769192,0.0,0.0,0.0,0.9181115627288818,0.9181115627288818,0.9181115627288818,5000.400390625,3904386.75,3909387.25,50.0,27.616252899169922,0.4000000059604645,0.0,0.0,0.10000000149011612,0.16041934490203857,1.0,45000.0,20.0,29.250696182250977,778979.25,33.34398651123047,4588.966796875,721.2213745117188,0.7789792418479919,0.918100118637085,9.473775863647461,1.0,3221083.5,3304317.0,9.718579292297363,20.0,0.27466484904289246,27.46648406982422,0.0,636.4223022460938,411.4444274902344,100000.0,50000.0,1115.300048828125,50000.0,700.0,2000.0,2800000.0,3500000.0,4000000.0,9.999999747378752e-05,4.999999873689376e-05,500.0,20000.0,100.0,500.0,60000.0,1200.0,1.0,120.0,150000.0,3000.0,300.0,1.0,300.0,0.019999999552965164,0.019999999552965164,0.009999999776482582,0.009999999776482582,0.009999999776482582,0.019999999552965164,1.100000023841858,0.019999999552965164,4.0,0.019999999552965164,88.0,1613.0,0.009999999776482582,0.20000000298023224,3.0,5.0,600.0,0.0010000000474974513,88.0,88.0,2000.0,2340.0,-0.11599799990653992,-0.03561130166053772,-0.04758000001311302,-0.01752999983727932,0,0,0,0,0,1,0,519.6978759765625,519.6978759765625,2.087158203125,2.087158203125,0.01681455411016941,31.427783966064453,164.2119140625,1593.5169677734375,1044.4608154296875,793.5714721679688,793.5714721679688,3.18701171875,3.18701171875,1594.501953125,538.9048461914062,0.0,0.0,2664892.25,20.00048065185547,20.00048065185547,156.1998291015625,156.1998291015625,65715.375,65715.375,1.0952562093734741,1.0952562093734741,113.79151153564453,113.79151153564453,24.998594284057617,24.998594284057617,104596.625,104596.625,25.008405685424805,155.39291381835938,158.39451599121094,2644908.0,20.00048065185547,20.00048065185547,226.3269805908203,226.3269805908203,155.86378479003906,155.86378479003906,652149.75,652149.75,0.0,114.30744934082031,114.30744934082031,228.6317138671875,160164.40625,160164.40625,1.0677627325057983,1.0677627325057983,225.66680908203125,155.86378479003906,272.9660949707031,136.48304748535156,136.48304748535156,203.28819274902344,203.28819274902344,406.5763854980469,0.0,0.0,0.0,136.4611358642578,136.4611358642578,203.28819274902344,203.28819274902344,0.026315800845623016,13.044014930725098,0.20000000298023224,0.827435314655304,0.8737396597862244,0.8268635272979736,0.4947149157524109,0.40847840905189514,0.49543267488479614,0.9599996209144592,1.0,1.0,1.0,0.9999998211860657,0.9999998211860657,0.9999998211860657,190843.0,193242.0625,0.0,0.0,0.0,0.0,0.0,0.0,0.0,296.3810119628906,297.7510070800781,0.0,190756.46875,190756.46875,0.0,0.0,0.0,0.0,0.8608426451683044,0.8608426451683044,0.8608426451683044,0.8629422187805176,1187074.375,0.9959999918937683,0.9959999918937683,0.9959999918937683,0.9959999918937683,5661694.0,2750820.25,7350441.5,8412277.0,2606300.0,4008837.0,0.003904386656358838,0.007818774320185184,1043.570068359375,529.1349487304688,529.5573120117188,528.8670654296875,331.1461486816406,360.8553161621094,330.7132568359375,197.98880004882812,168.70199584960938,198.15380859375,1593.5338134765625,1043.581787109375,349.0060119628906,349.0060119628906,349.0060119628906,508.5870056152344,508.5870056152344,508.5870056152344,2.9999122619628906,0.8190860152244568,0.8616615533828735,2.999910593032837,5.0,0.0040000081062316895,0.0040000081062316895,0.0040000081062316895,0.0040000081062316895,0.0,-0.4368000030517578,0.0,599982.4375,164.2119140625,164.2119140625,0.0,20.0,2783769.0,7.25,12.0,10.25,224.85855102539062,224.85855102539062,224.85855102539062,0.0,0.0,0.7926306128501892,0.9211652278900146,10000.0,10000.0,0.011826000176370144,1038.5,0.027953999117016792,0.0,0.0,1.0878000259399414,1.0809999704360962,9.000000136438757e-05,103.0,33.220001220703125,1.8179999589920044,0.029999999329447746,49.0,8.329999923706055,4.159999847412109,58.0,302.0,4.5,0.699999988079071,0.4000000059604645,7.5,1.3799999952316284,2.492000102996826,7000.0,48.88999938964844,1.2000000476837158,45.0,62000.0,4590000.0,4250000.0,15900000.0,15100000.0,0.05000000074505806,0.17000000178813934,0.009999999776482582,15220000.0,1.6699999570846558,312.7799987792969,1.1100000143051147,4232.0,0.25,689000.0,4030000.0,9.829999923706055,8.550000190734863,12200000.0,231.10000610351562,88.3239974975586,633.0,1.1430000066757202,0.6858000159263611,-10.0,-3.7799999713897705,0.7799999713897705,295.5,4030000.0,12400000.0,0.9200000166893005,5.0,0,0,0,228,158,0,0,0,0,0,0,0,0,1,1,0,0,1,1,1,0,1,1,0,1,0,0,1,1,1,0,0,0,0,0,0,0,0,0,0,0,0,1,0,0.8913887143135071,6211772.5,1.0877995491027832,0.9594285488128662,1.0002959966659546,306.4272766113281,32.84589385986328,-0.0023898924700915813,1,1,1,0,0,0,1,1,0,0,0,0,0,330,0.20000000298023224,0.20000000298023224,0.20000000298023224,0.0,2,0,0,0,0,0,0,0,0,0,0,0,0,0,0,0,0,0,0,0,0,0,0,0,0,0,0,0,0,0,0,0,0,0,0,0,0,0,0,0,0,0,0,0,0,0,0,0,0,0,0,1,0,0,0,0,0,0,0,0,0,0,0,0,0,0,0,0,0,0,0,0,0,0,0,0,0,0,0,0,0,0,0,0,0,0,0,0,0,0,0,0,0,0,0,0,0,0,0,0,0,0,0,0,0,0,0,0,0,0,0,0,0,0,0,0,0,0,0,0,0,0,0,0,0,0,0,0,0,0,0,0,0,0,0,0,0,0,0,0,0,0,0,1,0,0,0,0,0,0,0,0,0,0,0,-1,0,0,0,0,0,0,1,1,0,0,89.13887023925781,-3.3996989727020264,0.0,-0.5236343145370483,-1.6815581571897805e-44,308.96441650390625,306.4272766113281,690.9978637695312,-0.00014270312385633588,99.28803253173828,2664.291259765625,1.0877995491027832,1.0002959966659546,-1.0,2.537139892578125,6.827850029367255e-06,0.0223239678889513,100.0,27.0,0.0,7.799991607666016,3.749194622039795,1.0,1.0,38.34609603881836,0.2613014876842499,20.0,2.8990136343054473e-05,0.0,74.0462875366211,1.733058214187622,1.8179994821548462,0.00036938843550160527,0.6817498207092285,0.5432094931602478,28.349628448486328,8.919791221618652,19.11149024963379,17.326147079467773,0.5911462903022766,46.52732849121094,44.898040771484375,257.6322937011719,128.8306427001953,0.9602336883544922,322.6163024902344,40.007659912109375,0.29459047317504883,290.0018310546875,290.0203857421875,289.99029541015625,322.7893981933594,322.9721374511719,322.7896423339844,100.0,4.806870460510254,52.08668518066406,140.6870880126953,306.3956298828125,306.49627685546875,306.38995361328125,340.32373046875,47.279815673828125,33.718849182128906,140.6870880126953,0.0,0.9577248096466064,0.9625206589698792,0.9580689072608948,89.54646301269531,89.53007507324219,89.45439147949219,63.388492584228516,63.38732147216797,63.38555145263672,51.33084487915039,51.31730270385742,51.17536163330078,99.10065460205078,98.87210845947266,98.8550033569336,1903.92138671875,1906.40625,1904.8857421875,514.0059204101562,515.300537109375,513.5679321289062,29.0,0.0,48.0,0.49543267488479614,0.6614908576011658,0.40847840905189514,0.6989917159080505,0.4947149157524109,0.6619482636451721,41.0,78.36749267578125,62.85831069946289,225.66680908203125,96.43544006347656,9.999999974752427e-07,85.8397216796875,0.6326984167098999,155.39291381835938,0.9901661276817322,721.2213745117188,39.891780853271484,31.427783966064453,1.0,9.473775863647461,77.8979263305664,0.0,0.9718579053878784,20.0,0.0,60.0,120.0,22.0,120.0,3.4394021034240723,0.0,0.0,972.9419555664062,18.08887481689453,89.19791412353516,2.0,200.0,0,0,228,228,228,228,220,228,228,228,158,0,99999,99999,11,402,1800,180,1800,998,20,972,89,23,0,0,0,806,1424,29,31,32,0,0,0,0,0,0,0,0,0,0,0,0,0,0,1,0,0,0,0,1,1,1,0,1,0,0,0,1,0,0,0,0,0,0,0,0,0,0,0,0,1,0,1,0,0,1,1,0,1,0,1,0,1,0,0,0,1,1,0,1,0,1,0,0,0,1,1,0,0,0,1,0,1,0,0,0,0,0,1,0,0,1,0,0,0,1,0,0,0,0,0,0,1,0,0,0,1,1,0,0,1,0,1,0,1,0,1,0,0,0,1,0,1,1,1,0,0,1,0,0,0,0,0,1,1,1,0,0,0,0,0,0,0,0,0,0,0,1,0,1,0,1,0,0,0,0,0,0,0,0,0,1,0,1,0,1,0,1,1,1,1,1,1,1,0,0,0,0,0,0,1,0,1,1,1,1,1,1,1,1,1,1,1,0,0,0,1,1,0,0,1,1,0,1,0,1,0,1,1,0,0,0,0,0,0,0,0,1,1,0,0,1,0,1,1,1,0,1,0,0,1,1,0,1,1,1,0,1,1,0,1,0,1,1,0,0,0,0,0,0,1,1,1,1,0,0,0,0,0,0,0,0,0,0,0,0,0,0,0,0,0,0,0,0,0,0,0,0,0,0,0,0,0,0,0,0,0,0,0,0,0,0,0,0,0,0,0,0,0,0,0,0,0,0,0,0,0,0,0,0,0,0,0,0,0,0,0,0,0,0,0,0,0,0,0,0,0,0,0,0,0,0,0,0,0,0,0,0,0,0,0,0,0,0,0,0,0,0,0,0,0,0,0,0,0,0,0,0,0,0,0,0,0,0,0,0,0,0,0,0,0,0,0,0,0,0,0,0,0,0,0,0,0,0,0,0,0,0,0,0,0,0,0,0,0,0,0,0,0,0,0,1,0,1,0,0,0,0,0,1,0,0,0,0,0,0,0,0,0,0,0,0,0,0,0,1,0,0,0,0,0,0,0,0,0,0,0,0,0,0,1,0,0,0,0,0,0,0,0,0,0,1,0,0,0,0,0,0,0,0,0,0,0,0,0,0,0,0,0,0,0,0,0,0,0,0,0,0,0,1,0,0,0,0,0,0,1,1,1,0,0,0,0,0,0,-1,0,0,0,0,0,0,0,0,-1,0,0,-1,0,0,0,0,0,0,0,0,0,0,0,0,0,0,0,0,0,0,1,0,0,0,0,0,0,0,0,0,0,0,0,0,0,0,0,1,1,0,-1,-1,-1,1,1,1,0,0,0,0,1,0,0,1,1,0,0,0,0,1,0,0,0,0,0,0,0,0,0,0,0,0,0,0,0,0,0,0,0,0,0,0,0,0,0,0,0,0,0,1,1,0,1,0,1,1,0,1,0,1,1,0,1,0,0,1,0,0,0,0,0,0,0,0,0,0,0,0,0,0,0,0,0,0,0,0,0,0,0,0,0,0
0,1,1,300,228,8,8,228,114,25,1,0,0.0020000000949949026,4000.0,1.0,0.04500000178813934,25.0,48.0,8.0,291.70001220703125,1.7000000476837158,-3.179999907843012e-07,0.007360000163316727,0.008080000057816505,8.0,0.33000001311302185,0.0333000011742115,1.0,9.999999747378752e-06,21.0,9.999999747378752e-06,2775000064.0,9.000000136438757e-05,4.999999980020986e-13,5.0,40.0,3.0,-3.3499999046325684,3.3499999046325684,0.5,0.0004799999878741801,292.3927001953125,492.6077880859375,-0.0036125299520790577,0.002354159951210022,0.0008944629807956517,0.013157900422811508,0.800646185874939,0.02024419978260994,2650129920.0,0.006539999973028898,228,228,228,228,228,228,228,228,228,228,228,228,228,228,228,228,228,228,228,228,228,228,228,228,220,220,220,220,228,228,228,228,228,228,228,228,228,228,228,228,228,228,228,228,228,228,228,228,228,228,228,228,0,1,4,4,228,228,228,220,228,228,228,228,3,0,0.00040182462544180453,290.63958740234375,627.1514892578125,702.2508544921875,781.2526245117188,857.467041015625,974.7734985351562,1004.87744140625,1015.76953125,1003.0667724609375,970.19287109375,919.96533203125,850.4144287109375,774.4081420898438,698.5497436523438,629.4423217773438,562.1116943359375,507.5411376953125,466.51837158203125,438.85748291015625,422.33453369140625,415.9600830078125,417.20068359375,422.9053039550781,429.9228515625,435.10223388671875,0.009063654579222202,0.681655764579773,0.7719448208808899,-0.00014266703510656953,0.7555633187294006,0.9758855700492859,105768.359375,3.264449333073571e-05,0.3128436505794525,0.6930887699127197,0.8904303908348083,0.8909097909927368,0.02235281839966774,1.0,-1.6815581571897805e-44,-3.4001662731170654,0.0,99.28790283203125,2664.302490234375,0.9436919093132019,690.391845703125,228.0,72.0,28.041000366210938,0.4000000059604645,0.0,308.95831298828125,280637.59375,-0.5235919952392578,6.383871078491211,130.28829956054688,1.2771530151367188,7750000.0,8160000.0,86.12000274658203,119.0999984741211,0.5,9.999999747378752e-05,0.0,3.299999952316284,200.0,0.30000001192092896,309.20001220703125,2.439019908706541e-06,0,0,0,1,1,1,0,24,0,306.35125732421875,0.0,0.0,0.0,0.0,0.0,0.0,0.4942951202392578,0.8700338006019592,0.5182094573974609,-0.011957168579101562,-0.0032103853300213814,-0.0035202386789023876,0.5119571685791016,0.5133709907531738,0.5135106444358826,1.0,25.0,24.0,6208279.0,6208453.5,6208566.0,289.9290771484375,289.9595947265625,289.94073486328125,322.69818115234375,322.8819580078125,322.69805908203125,4400000.0,306.3136291503906,306.4207763671875,306.31939697265625,32.76910400390625,32.92236328125,32.75732421875,322.5242919921875,4546.72509765625,4547.33642578125,4557.998046875,12.866397857666016,12.877175331115723,12.879606246948242,11.274139404296875,0.0,0.0,0.0020000000949949026,289.9431457519531,322.7593994140625,-44.645206451416016,1.664194941520691,1.6687804460525513,1.6692410707473755,-16.525575637817383,39.0,40.0,42.0,41.0,0.0,0.0,6206518.5,6154838.0,74.80729675292969,5.0,0.014999999664723873,-180000.0,600.0,1000000.0,400000.0,0.17000000178813934,22000.0,786000.0,120000.0,0.0,40.0,30.0,36.810001373291016,0.5,18.399999618530273,50000.0,115692.3984375,15.113750457763672,0,0,1,0,0,0,0,13763026.0,0.0,0.0,0.0,0.0,0.0,-1628883.0,400000.0,1000000.0,1.0,1400000.0,0.0,0.47185611724853516,13771117.0,126869.6328125,13763026.0,340.324951171875,40.007659912109375,4.713850021362305,-1628883.0,0.0,0.0,0.0,3.364760160446167,40.007659912109375,0.0,22230.939453125,1.2010046243667603,0.0,0.0,0.0,20.0,14.711517333984375,22.0,0.0,0.0,0.0,0.05000000074505806,0.02500000037252903,0.17000000178813934,15400000.0,0.5,6.25,0.0006667000125162303,2.0,2410000.0,4140000.0,4.734799861907959,0.15000000596046448,0.20000000298023224,0.2199999988079071,1.0,0.0,-1.0,0.0,5.0,20.0,30.0,50.0,74.0,80.0,86.0,9.800000190734863,500000.0,1.0499999802959792e-07,0.5,750.0,1000.0,600.0,1000.0,1150.0,32.0,32.0,37.400001525878906,10.0,10.0,0.007000000216066837,0.5049999952316284,82.0,189.26499938964844,0.0,1.5099999904632568,231.60000610351562,20.0,36.0,16.600000381469727,16.5,225.0,-0.1756729930639267,27.5,-0.1756729930639267,30.485509872436523,0.1561516970396042,11.10221004486084,-1.8332500457763672,-75.0,4.3520002365112305,9.800000190734863,189.26499938964844,93.30000305175781,2650000.0,0.8500000238418579,7.570000171661377,0,1,0,0,0,0,0,0,0,0,0,1,3,3,0,0,1,1,0,0,0,0,0,0,0,0,0,0,1,0,0,0,0,0,0,0,0,0,0,1,0,0,0,0,0,0,0,0,0,0,12.055682182312012,29058.1796875,2153.699951171875,0.000414885173086077,0.0004361289902590215,0.0006248649442568421,1.0,1.0,0.0,0.0,0.0,0.5918949842453003,0.5818198323249817,1.0,0.0,0.0,0.0,1.0,0.0,0.0,1.0,1.0,0.0,1.0,1.0,0.007770359516143799,0.0,1.0,0.0,0.6297118663787842,0.6345263719558716,0.000414885173086077,0.0,0.0,0.0,99998.78125,99999.0,2777029.25,2410000.0,36.20000076293945,36.20000076293945,36.20000076293945,32.47254180908203,257.3470764160156,128.6129150390625,46.45467758178711,26.37639808654785,37.04613494873047,27.0,28.33330535888672,27.0,0.0,32.0,20.0,68.57752227783203,3446668.0,0.5432094931602478,3.7799999713897705,4.820255756378174,8.919791221618652,0.0,0.0,0.0,1.401298464324817e-45,5.305121421813965,5.305121421813965,0.5049998760223389,0.5049998760223389,0.5049998760223389,0.18937495350837708,0.18937495350837708,0.18937495350837708,0.0,0.0,0.0,0.0,0.0,0.0,5.294999599456787,0.0,0.0,0.0,0.0,0.0,0.0,100.0,74.0445556640625,0.5198332071304321,0.0,20.0,0.0,5.263898849487305,5.759693622589111,0.0,0.0,0.0,0.007000000216066837,0.0,0.0,10.111539840698242,0.0,1.7330410480499268,1.401298464324817e-45,5.767130374908447,0.0,0.0,0.0,0.0,0.0,0.0,20.0,0.0,0.0,13461868.0,0.0,0.0,0.0,0.0,0.0,0.0,0.0,0.351500004529953,18.93000030517578,23.030000686645508,7.69199959904654e-06,0.08500000089406967,0.009999999776482582,24.0,27.0,8.800000190734863,500000.0,0.05000000074505806,2.7000000013543968e-09,2.7000000013543968e-09,145100.0,120000.0,14650000.0,86400.0,17.0,34.5,48.70000076293945,321.8999938964844,83170.0,0.0,1.0,1.0,0.0010000000474974513,725.0,0.0,0.5,0.0,0.0,57.31999969482422,837142.875,9359.77734375,117376.1015625,2623.89794921875,83026.390625,725.0,1.0204100362898316e-05,740000000.0,1,0,1,0,1,0,1,0,0,0,0,8.799991607666016,27.0,2932.2099609375,0.0,0.0,0.0,0.0,1.177809715270996,0.00040162718505598605,0.0,0.022554557770490646,38.378360748291016,1.0,25616.7421875,5667.9580078125,2.9289685699041e-05,2516040960.0,4136980992.0,2759128576.0,4153401600.0,-74.17780303955078,40.1973876953125,-203265920.0,-16421184.0,5.767130374908447,1532.0074462890625,79.94493103027344,1491.81005859375,106381.3984375,3914.957763671875,145718.609375,161189.109375,123616.7421875,36.600067138671875,38.378360748291016,38.378360748291016,1.0,2.9289685699041e-05,5667.9580078125,915596902400.0,0.19953511655330658,137600.0,137600.0,96752192.0,74.86500549316406,6230.857421875,1.0,0.0,1700.0,250000.0,10000.0,1038.0,0.004999999888241291,400.0,5000.0,0,0,0,0,2960934.25,64.35332489013672,64.35332489013672,1221494.0,2784149.75,1.0,1.0,1217176.25,227.5596160888672,6156602.5,1.0,0.9900341033935547,1.0,1.0,1028.7391357421875,276.3926696777344,188.88116455078125,124.4063949584961,6056014.5,805936.0,188.88116455078125,1.0,1.0,1.0,133.8468780517578,1540.335205078125,788.1240844726562,0.0,0.0,0.0,7680000.0,510.75146484375,512.5064086914062,513.6331176757812,0.0,2784149.75,0.0,128.70664978027344,0.0,0.0,277.1826477050781,1.0,0.0,-7.5742998123168945,0.0,5.605193857299268e-45,9.999999974752427e-07,0.0,2.0,0.0003000000142492354,0.004999999888241291,0.0010000000474974513,2.0000000233721948e-07,2.0000000233721948e-07,0.0005555999814532697,993000000.0,1.0,0.05000000074505806,0.10000000149011612,0.0005000000237487257,0.0016700000269338489,0.009999999776482582,1.0,1.0,0.0010000000474974513,4.999999873689376e-05,0.00039999998989515007,0.019999999552965164,0.9891999959945679,0.9891999959945679,0.9950000047683716,0.9950000047683716,1,0,0,0,0,1,0,0,1,0,1,0,0,0,0.979454755783081,972598592.0,62148.62890625,4776553.0,1142.9644775390625,2546064.5,1415.88671875,1.0,2330901.0,0.9735142588615417,1.0,60.0,180.0,1800.0,1800.0,1.0047005414962769,0.019808992743492126,1.0,1.0,-0.012236599810421467,0.0,0.0,0.0,0.0,-0.00017392635345458984,6.602997746085748e-05,0.0,0.0,6.602997746085748e-05,0.0,6.602997746085748e-05,6.602997746085748e-05,0.0,7.006492321624085e-44,1,1,0,1,1,1,0,1,1,0,1,0,1,1,1,1,1,1,1,1,0,1000,1000,0,1,5001,5001,220.0,3438.3642578125,120.0,120.0,60.0,0.0,0.4000000059604645,0.10000000149011612,0.10000000149011612,2.0,500.0,200.0,0.9900000095367432,300000.0,5000.0,45000.0,20000.0,0.019999999552965164,2.0,0.05000000074505806,0.019999999552965164,6.0,0.05000000074505806,0.019999999552965164,0.019999999552965164,88.30000305175781,0.10000000149011612,0.800000011920929,0.05000000074505806,0.009999999776482582,50.0,50.0,340.0,340.0,1000000.0,1,1,1,1,1,1,1,1,1,1,0,0,0,1,1,0,1.0,0.0,0.0,0.0,0.000496968743391335,0.0,0.0,0.0,0.918109655380249,0.918109655380249,0.918109655380249,5000.400390625,3904524.5,3909525.0,50.0,27.616226196289062,0.4000000059604645,0.0,0.0,0.10000000149011612,0.1603281944990158,1.0,45000.0,20.0,29.249353408813477,778981.5,33.342018127441406,4588.9638671875,721.2213745117188,0.7789815068244934,0.9180957078933716,9.473748207092285,1.0,3221074.5,3304317.0,9.718579292297363,20.0,0.27469590306282043,27.46959114074707,0.0,636.4223022460938,411.4244079589844,100000.0,50000.0,1115.300048828125,50000.0,700.0,2000.0,2800000.0,3500000.0,4000000.0,9.999999747378752e-05,4.999999873689376e-05,500.0,20000.0,100.0,500.0,60000.0,1200.0,1.0,120.0,150000.0,3000.0,300.0,1.0,300.0,0.019999999552965164,0.019999999552965164,0.009999999776482582,0.009999999776482582,0.009999999776482582,0.019999999552965164,1.100000023841858,0.019999999552965164,4.0,0.019999999552965164,88.0,1613.0,0.009999999776482582,0.20000000298023224,3.0,5.0,600.0,0.0010000000474974513,88.0,88.0,2000.0,2340.0,-0.11599799990653992,-0.03561130166053772,-0.04758000001311302,-0.01752999983727932,0,0,0,0,0,1,0,519.59912109375,519.59912109375,2.08673095703125,2.08673095703125,0.01680905930697918,31.42776870727539,164.21176147460938,1593.269287109375,1044.28173828125,793.4481201171875,793.4481201171875,3.1865234375,3.1865234375,1594.2789306640625,538.7981567382812,0.0,0.0,2664840.75,20.00048065185547,20.00048065185547,156.19711303710938,156.19711303710938,65715.171875,65715.171875,1.0952528715133667,1.0952528715133667,113.7798080444336,113.7798080444336,24.99860191345215,24.99860191345215,104596.6640625,104596.6640625,25.00840950012207,155.39035034179688,158.39273071289062,2644930.0,20.00048065185547,20.00048065185547,226.31472778320312,226.31472778320312,155.86199951171875,155.86199951171875,652142.25,652142.25,0.0,114.3034439086914,114.3034439086914,228.6237030029297,160163.421875,160163.421875,1.067756175994873,1.067756175994873,225.65621948242188,155.86199951171875,272.8781433105469,136.43907165527344,136.43907165527344,203.26852416992188,203.26852416992188,406.53704833984375,0.0,0.0,0.0,136.41685485839844,136.41685485839844,203.26852416992188,203.26852416992188,0.026315800845623016,13.043401718139648,0.20000000298023224,0.8266150951385498,0.8729243874549866,0.8260329961776733,0.4942951202392578,0.40806829929351807,0.495013952255249,0.9599996209144592,1.0,1.0,1.0,0.9999998211860657,0.9999998211860657,0.9999998211860657,190842.71875,193242.0625,0.0,0.0,0.0,0.0,0.0,0.0,0.0,296.3810119628906,297.7510070800781,0.0,190759.890625,190759.890625,0.0,0.0,0.0,0.0,0.860516369342804,0.860516369342804,0.860516369342804,0.8631701469421387,1186830.0,0.9959999918937683,0.9959999918937683,0.9959999918937683,0.9959999918937683,5658470.5,2751302.75,7348836.0,8409530.0,2606300.0,4009102.0,0.003904524492099881,0.00781904999166727,1043.3717041015625,529.0018310546875,529.43212890625,528.7257080078125,331.0451354980469,360.7781677246094,330.6051025390625,197.95669555664062,168.65396118164062,198.12060546875,1593.2861328125,1043.3834228515625,348.95867919921875,348.95867919921875,348.95867919921875,508.0960998535156,508.0960998535156,508.0960998535156,2.999915361404419,0.8179898858070374,0.8616267442703247,2.9999136924743652,5.0,0.0040000081062316895,0.0040000081062316895,0.0040000081062316895,0.0040000081062316895,0.0,-0.4368000030517578,0.0,599983.0625,164.21176147460938,164.21176147460938,0.0,20.0,2783793.5,7.25,12.0,10.25,224.8496551513672,224.8496551513672,224.8496551513672,0.0,0.0,0.7926306128501892,0.9211652278900146,10000.0,10000.0,0.011826000176370144,1038.5,0.027953999117016792,0.0,0.0,1.0878000259399414,1.0809999704360962,9.000000136438757e-05,103.0,33.220001220703125,1.8179999589920044,0.029999999329447746,49.0,8.329999923706055,4.159999847412109,58.0,302.0,4.5,0.699999988079071,0.4000000059604645,7.5,1.3799999952316284,2.492000102996826,7000.0,48.88999938964844,1.2000000476837158,45.0,62000.0,4590000.0,4250000.0,15900000.0,15100000.0,0.05000000074505806,0.17000000178813934,0.009999999776482582,15220000.0,1.6699999570846558,312.7799987792969,1.1100000143051147,4232.0,0.25,689000.0,4030000.0,9.829999923706055,8.550000190734863,12200000.0,231.10000610351562,88.3239974975586,633.0,1.1430000066757202,0.6858000159263611,-10.0,-3.7799999713897705,0.7799999713897705,295.5,4030000.0,12400000.0,0.9200000166893005,5.0,0,0,0,228,158,0,0,0,0,0,0,0,0,1,1,0,0,1,1,1,0,1,1,0,1,0,0,1,1,1,0,0,0,0,0,0,0,0,0,0,0,0,1,0,0.8904303908348083,6208279.0,1.0877995491027832,0.9588437676429749,1.0000592470169067,306.3766784667969,32.82587432861328,-0.0023920699022710323,1,1,1,0,0,0,1,1,0,0,0,0,0,332,0.20000000298023224,0.20000000298023224,0.20000000298023224,0.0,2,0,0,0,0,0,0,0,0,0,0,0,0,0,0,0,0,0,0,0,0,0,0,0,0,0,0,0,0,0,0,0,0,0,0,0,0,0,0,0,0,0,0,0,0,0,0,0,0,0,0,1,0,0,0,0,0,0,0,0,0,0,0,0,0,0,0,0,0,0,0,0,0,0,0,0,0,0,0,0,0,0,0,0,0,0,0,0,0,0,0,0,0,0,0,0,0,0,0,0,0,0,0,0,0,0,0,0,0,0,0,0,0,0,0,0,0,0,0,0,0,0,0,0,0,0,0,0,0,0,0,0,0,0,0,0,0,0,0,0,0,0,0,1,0,0,0,0,0,0,0,0,0,0,0,-1,0,0,0,0,0,0,1,1,0,0,89.04303741455078,-3.4001662731170654,0.0,-0.5235919952392578,-1.6815581571897805e-44,308.95831298828125,306.3766784667969,690.391845703125,-0.00014266703510656953,99.28790283203125,2664.302490234375,1.0877995491027832,1.0000592470169067,-1.0,2.581634521484375,6.827850029367255e-06,0.022554557770490646,100.0,27.0,0.0,7.799991607666016,3.7534265518188477,1.0,1.0,38.378360748291016,0.26139581203460693,20.0,2.9289685699041e-05,0.0,74.0445556640625,1.7330410480499268,1.8179994821548462,0.00036938843550160527,0.6817498207092285,0.5432094931602478,28.337085723876953,8.919791221618652,19.09843635559082,17.352920532226562,0.5918949842453003,46.45467758178711,44.898040771484375,257.3470764160156,128.6129150390625,0.9600647687911987,322.5549621582031,40.007659912109375,0.29459047317504883,289.961181640625,289.97998046875,289.9495849609375,322.7284240722656,322.9121398925781,322.7287902832031,100.0,4.797708988189697,51.98332214355469,140.52186584472656,306.34478759765625,306.446044921875,306.33917236328125,340.3245849609375,47.185611724853516,33.67135238647461,140.52186584472656,0.0,0.9571311473846436,0.9619483351707458,0.9574805498123169,89.55866241455078,89.54193878173828,89.46672821044922,63.35282897949219,63.351680755615234,63.34990310668945,51.3510627746582,51.33709716796875,51.195716857910156,99.09414672851562,98.86332702636719,98.84893035888672,1903.4124755859375,1905.95556640625,1904.406494140625,513.7532958984375,515.0659790039062,513.3204345703125,29.0,0.0,48.0,0.495013952255249,0.6608263850212097,0.40806829929351807,0.6983395218849182,0.4942951202392578,0.6612920761108398,41.0,78.36749267578125,62.82258987426758,225.65621948242188,96.39144134521484,9.999999974752427e-07,85.81169128417969,0.6327842473983765,155.39035034179688,0.9900341033935547,721.2213745117188,39.893184661865234,31.42776870727539,1.0,9.473748207092285,77.89814758300781,0.0,0.9718579053878784,20.0,0.0,60.0,120.0,22.0,120.0,3.4383645057678223,0.0,0.0,972.5985717773438,18.08887481689453,89.19791412353516,2.0,200.0,0,0,228,228,228,228,220,228,228,228,158,0,99999,99999,11,402,1800,180,1800,998,20,972,89,23,0,0,0,806,1424,29,31,32,0,0,0,0,0,0,0,0,0,0,0,0,0,0,1,0,0,0,0,1,1,1,0,1,0,0,0,1,0,0,0,0,0,0,0,0,0,0,0,0,1,0,1,0,0,1,1,0,1,0,1,0,1,0,0,0,1,1,0,1,0,1,0,0,0,1,1,1,0,0,1,0,1,0,0,0,0,1,1,0,0,1,0,0,0,1,0,0,0,0,0,0,1,0,0,0,1,1,0,0,1,0,1,0,1,0,1,0,0,0,1,0,1,1,1,0,0,1,0,0,0,0,0,1,1,1,0,0,0,0,0,0,0,0,0,0,0,1,0,1,0,1,0,0,0,0,0,0,0,0,0,1,0,1,0,1,0,1,1,1,1,1,1,1,0,0,0,0,0,0,1,0,1,1,1,1,1,1,1,1,1,1,1,1,0,0,1,1,0,0,1,1,0,1,0,1,0,1,1,0,0,0,0,0,0,0,0,1,1,0,0,1,0,1,1,1,0,1,0,0,1,1,0,1,1,1,0,1,1,0,1,0,1,1,0,0,0,0,0,0,1,1,1,1,0,0,0,0,0,0,0,0,1,0,0,0,0,0,0,0,0,0,0,0,0,0,0,0,0,0,0,0,0,0,0,0,0,0,0,0,0,0,0,0,0,0,0,0,0,0,0,0,0,0,0,0,0,0,0,0,0,0,0,0,0,0,0,1,0,0,0,1,1,0,0,0,0,0,0,0,0,0,0,0,0,0,1,0,0,0,0,0,0,0,0,0,0,0,0,0,0,0,0,0,0,0,0,0,0,0,0,0,0,0,0,0,0,0,0,0,0,0,0,0,0,0,0,0,0,0,0,0,0,0,0,0,0,0,0,0,0,0,0,0,0,0,0,0,0,0,0,1,0,1,0,0,0,0,0,1,0,0,0,0,0,0,0,0,0,0,0,0,0,0,0,1,0,0,0,0,0,0,0,0,0,0,0,0,0,0,1,0,0,0,0,0,0,0,0,0,0,1,0,0,0,0,0,0,0,0,0,0,0,0,0,0,0,0,0,0,0,0,0,0,0,0,0,0,0,1,0,0,0,0,0,0,1,1,1,0,0,0,0,0,0,-1,0,0,0,0,0,0,0,0,-1,0,0,-1,0,0,0,0,0,0,0,0,0,0,0,0,0,0,0,0,0,0,1,0,0,0,0,0,0,0,0,0,0,0,0,0,0,0,0,1,1,0,-1,-1,-1,1,1,1,0,0,0,0,1,0,0,1,1,0,0,0,0,1,0,0,0,0,0,0,0,0,0,0,0,0,0,0,0,0,0,0,0,0,0,0,0,0,0,0,0,0,0,1,1,0,1,0,1,1,0,1,0,1,1,0,1,0,0,1,0,0,0,0,0,0,0,0,0,0,0,0,0,0,0,0,0,0,0,0,0,0,0,0,0,0
0,1,1,300,228,8,8,228,114,25,1,0,0.0020000000949949026,4000.0,1.0,0.04500000178813934,25.0,48.0,8.0,291.70001220703125,1.7000000476837158,-3.179999907843012e-07,0.007360000163316727,0.008080000057816505,8.0,0.33000001311302185,0.0333000011742115,1.0,9.999999747378752e-06,21.0,9.999999747378752e-06,2775000064.0,9.000000136438757e-05,4.999999980020986e-13,5.0,40.0,3.0,-3.3499999046325684,3.3499999046325684,0.5,0.0004799999878741801,292.3927001953125,492.6077880859375,-0.0036125299520790577,0.002354159951210022,0.0008944629807956517,0.013157900422811508,0.800646185874939,0.02024419978260994,2650129920.0,0.006539999973028898,228,228,228,228,228,228,228,228,228,228,228,228,228,228,228,228,228,228,228,228,228,228,228,228,220,220,220,220,228,228,228,228,228,228,228,228,228,228,228,228,228,228,228,228,228,228,228,228,228,228,228,228,0,1,4,4,228,228,228,220,228,228,228,228,3,0,0.0004018255276605487,290.5805358886719,626.44873046875,701.325439453125,780.0921020507812,856.0801391601562,973.0458984375,1003.0736694335938,1013.959716796875,1001.31982421875,968.5624389648438,918.4913940429688,849.142333984375,773.3444213867188,697.684814453125,628.7509765625,561.5765380859375,507.1262512207031,466.1907958984375,438.5892333984375,422.10565185546875,415.75372314453125,417.00421142578125,422.7113037109375,429.7291564941406,434.9118957519531,0.00931870099157095,0.6805495023727417,0.7719433903694153,-0.000142589196912013,0.7555672526359558,0.9754458665847778,105595.78125,3.25886721839197e-05,0.31246617436408997,0.691939651966095,0.888992965221405,0.8894711136817932,0.022352710366249084,1.0,-1.6815581571897805e-44,-3.4008679389953613,0.0,99.2877426147461,2664.3193359375,0.9436967968940735,689.486328125,228.0,72.0,28.831775665283203,0.0,0.0,308.9489440917969,280638.15625,-0.5235304832458496,6.382175445556641,130.28829956054688,1.27787184715271,7750000.0,8160000.0,86.12000274658203,119.0999984741211,0.5,9.999999747378752e-05,0.0,3.299999952316284,200.0,0.30000001192092896,309.20001220703125,2.439019908706541e-06,0,0,0,1,1,1,0,24,0,306.2745666503906,0.0,0.0,0.0,0.0,0.0,0.0,0.4936601519584656,0.8699012994766235,0.5181899666786194,-0.012264907360076904,-0.0033307911362499,-0.003654579631984234,0.5122649073600769,0.5136693120002747,0.5138158798217773,1.0,25.0,24.0,6202977.0,6203152.5,6203265.0,289.86688232421875,289.89788818359375,289.8785400390625,322.60650634765625,322.7913818359375,322.60626220703125,4400000.0,306.2366943359375,306.3446350097656,306.2424011230469,32.7396240234375,32.89349365234375,32.72772216796875,322.43170166015625,4546.32568359375,4546.76123046875,4557.5732421875,12.869086265563965,12.879752159118652,12.882258415222168,11.22967529296875,0.0,0.0,0.0020000000949949026,289.881103515625,322.6680603027344,-44.67367172241211,1.6651986837387085,1.669751763343811,1.67023503780365,-16.731483459472656,39.0,40.0,42.0,41.0,0.0,0.0,6201192.5,6149505.0,74.6512222290039,5.0,0.014999999664723873,-180000.0,600.0,1000000.0,400000.0,0.17000000178813934,22000.0,786000.0,120000.0,0.0,40.0,30.0,36.810001373291016,0.5,18.399999618530273,50000.0,115692.3984375,15.113750457763672,0,0,1,0,0,0,0,13738805.0,0.0,0.0,0.0,0.0,0.0,-1653135.0,400000.0,1000000.0,1.0,1400000.0,0.0,0.4704417884349823,13746865.0,126869.6328125,13738805.0,340.326171875,40.007659912109375,4.699699401855469,-1653135.0,0.0,0.0,0.0,3.357625961303711,40.007659912109375,0.0,22230.939453125,1.2010046243667603,0.0,0.0,0.0,20.0,14.711517333984375,22.0,0.0,0.0,0.0,0.05000000074505806,0.02500000037252903,0.17000000178813934,15400000.0,0.5,6.25,0.0006667000125162303,2.0,2410000.0,4140000.0,4.734799861907959,0.15000000596046448,0.20000000298023224,0.2199999988079071,1.0,0.0,-1.0,0.0,5.0,20.0,30.0,50.0,74.0,80.0,86.0,9.800000190734863,500000.0,1.0499999802959792e-07,0.5,750.0,1000.0,600.0,1000.0,1150.0,32.0,32.0,37.400001525878906,10.0,10.0,0.007000000216066837,0.5049999952316284,82.0,189.26499938964844,0.0,1.5099999904632568,231.60000610351562,20.0,36.0,16.600000381469727,16.5,225.0,-0.1756729930639267,27.5,-0.1756729930639267,30.485509872436523,0.1561516970396042,11.10221004486084,-1.8332500457763672,-75.0,4.3520002365112305,9.800000190734863,189.26499938964844,93.30000305175781,2650000.0,0.8500000238418579,7.570000171661377,0,1,0,0,0,0,0,0,0,0,0,1,3,3,0,0,1,1,0,0,0,0,0,0,0,0,0,0,1,0,0,0,0,0,0,0,0,0,0,1,0,0,0,0,0,0,0,0,0,0,12.05551528930664,29057.876953125,2153.699951171875,0.00041488377610221505,0.0004361289902590215,0.0006248649442568421,1.0,1.0,0.0,0.0,0.0,0.593013346195221,0.5829689502716064,1.0,0.0,0.0,0.0,1.0,0.0,0.0,1.0,1.0,0.0,1.0,1.0,0.007551252841949463,0.0,1.0,0.0,0.6292913556098938,0.6341624855995178,0.00041488377610221505,0.0,0.0,0.0,99998.78125,99999.0,2775175.0,2410000.0,36.20000076293945,36.20000076293945,36.20000076293945,32.4752197265625,256.9197998046875,128.2871856689453,46.346160888671875,26.38138198852539,37.00872802734375,27.0,28.322647094726562,27.0,0.0,32.0,20.0,68.57752227783203,3446668.0,0.5432094931602478,3.7799999713897705,4.831368446350098,8.919791221618652,0.0,0.0,0.0,1.401298464324817e-45,5.299698352813721,5.299698352813721,0.5049998760223389,0.5049998760223389,0.5049998760223389,0.18937495350837708,0.18937495350837708,0.18937495350837708,0.0,0.0,0.0,0.0,0.0,0.0,5.294999599456787,0.0,0.0,0.0,0.0,0.0,0.0,100.0,74.04188537597656,0.5182721018791199,0.0,20.0,0.0,5.259678840637207,5.770840167999268,0.0,0.0,0.0,0.007000000216066837,0.0,0.0,10.122669219970703,0.0,1.7330145835876465,1.401298464324817e-45,5.778243064880371,0.0,0.0,0.0,0.0,0.0,0.0,20.0,0.0,0.0,13437728.0,0.0,0.0,0.0,0.0,0.0,0.0,0.0,0.351500004529953,18.93000030517578,23.030000686645508,7.69199959904654e-06,0.08500000089406967,0.009999999776482582,24.0,27.0,8.800000190734863,500000.0,0.05000000074505806,2.7000000013543968e-09,2.7000000013543968e-09,145100.0,120000.0,14650000.0,86400.0,17.0,34.5,48.70000076293945,321.8999938964844,83170.0,0.0,1.0,1.0,0.0010000000474974513,725.0,0.0,0.5,0.0,0.0,57.31999969482422,837142.875,9359.77734375,117376.1015625,2623.89794921875,83026.390625,725.0,1.0204100362898316e-05,740000000.0,1,0,1,0,1,0,1,0,0,0,0,8.799991607666016,27.0,2977.097412109375,0.0,0.0,0.0,0.0,1.195846676826477,0.0004016348975710571,0.0,0.02289983257651329,38.42645263671875,1.0,25630.5390625,5750.224609375,2.9738219382124953e-05,2512166400.0,4133357568.0,2755945472.0,4150579200.0,-74.00082397460938,40.6226806640625,-204018352.0,-17221440.0,5.778243064880371,1531.3992919921875,79.77906799316406,1490.776611328125,106381.3984375,3924.546142578125,145753.90625,161391.09375,123630.5390625,37.200069427490234,38.42645263671875,38.42645263671875,1.0,2.9738219382124953e-05,5750.224609375,918568108032.0,0.19959107041358948,137600.0,137600.0,96528160.0,74.70851135253906,6244.56103515625,1.0,0.0,1700.0,250000.0,10000.0,1038.0,0.004999999888241291,400.0,5000.0,0,0,0,0,2960849.0,64.3403091430664,64.3403091430664,1221226.75,2784185.75,1.0,1.0,1216628.375,227.5239715576172,6151290.5,1.0,0.9898322224617004,1.0,1.0,1028.475830078125,276.3382873535156,188.8603515625,124.27842712402344,6050821.5,805840.9375,188.8603515625,1.0,1.0,1.0,133.7420196533203,1539.2646484375,787.8971557617188,0.0,0.0,0.0,7680000.0,510.3626403808594,512.1466064453125,513.2645874023438,0.0,2784185.75,0.0,128.6806182861328,0.0,0.0,277.1256408691406,1.0,0.0,-7.5742998123168945,0.0,5.605193857299268e-45,9.999999974752427e-07,0.0,2.0,0.0003000000142492354,0.004999999888241291,0.0010000000474974513,2.0000000233721948e-07,2.0000000233721948e-07,0.0005555999814532697,993000000.0,1.0,0.05000000074505806,0.10000000149011612,0.0005000000237487257,0.0016700000269338489,0.009999999776482582,1.0,1.0,0.0010000000474974513,4.999999873689376e-05,0.00039999998989515007,0.019999999552965164,0.9891999959945679,0.9891999959945679,0.9950000047683716,0.9950000047683716,1,0,0,0,0,1,0,0,1,0,1,0,0,0,0.9789279103279114,972075392.0,62108.125,4774061.0,1142.1544189453125,2546077.75,1414.943359375,1.0,2330979.5,0.9737123847007751,1.0,60.0,180.0,1800.0,1800.0,1.0047005414962769,0.019808992743492126,1.0,1.0,-0.012236599810421467,0.0,0.0,0.0,0.0,-0.00017601251602172852,6.602997746085748e-05,0.0,0.0,6.602997746085748e-05,0.0,6.602997746085748e-05,6.602997746085748e-05,0.0,7.006492321624085e-44,1,1,0,1,1,1,0,1,1,0,1,0,1,1,1,1,1,1,1,1,0,1000,1000,0,1,5001,5001,220.0,3436.78369140625,120.0,120.0,60.0,0.0,0.4000000059604645,0.10000000149011612,0.10000000149011612,2.0,500.0,200.0,0.9900000095367432,300000.0,5000.0,45000.0,20000.0,0.019999999552965164,2.0,0.05000000074505806,0.019999999552965164,6.0,0.05000000074505806,0.019999999552965164,0.019999999552965164,88.30000305175781,0.10000000149011612,0.800000011920929,0.05000000074505806,0.009999999776482582,50.0,50.0,340.0,340.0,1000000.0,1,1,1,1,1,1,1,1,1,1,0,0,0,1,1,0,1.0,0.0,0.0,0.0,0.0004655625089071691,0.0,0.0,0.0,0.9181066751480103,0.9181066751480103,0.9181066751480103,5000.400390625,3904735.75,3909736.25,50.0,27.616186141967773,0.4000000059604645,0.0,0.0,0.10000000149011612,0.16018985211849213,1.0,45000.0,20.0,29.247262954711914,778984.875,33.338958740234375,4588.95947265625,721.2213745117188,0.7789849042892456,0.9180887937545776,9.473709106445312,1.0,3221061.0,3304317.0,9.718579292297363,20.0,0.2747424840927124,27.4742488861084,0.0,636.4223022460938,411.44537353515625,100000.0,50000.0,1115.300048828125,50000.0,700.0,2000.0,2800000.0,3500000.0,4000000.0,9.999999747378752e-05,4.999999873689376e-05,500.0,20000.0,100.0,500.0,60000.0,1200.0,1.0,120.0,150000.0,3000.0,300.0,1.0,300.0,0.019999999552965164,0.019999999552965164,0.009999999776482582,0.009999999776482582,0.009999999776482582,0.019999999552965164,1.100000023841858,0.019999999552965164,4.0,0.019999999552965164,88.0,1613.0,0.009999999776482582,0.20000000298023224,3.0,5.0,600.0,0.0010000000474974513,88.0,88.0,2000.0,2340.0,-0.11599799990653992,-0.03561130166053772,-0.04758000001311302,-0.01752999983727932,0,0,0,0,0,1,0,519.4466552734375,519.4466552734375,2.08612060546875,2.08612060546875,0.01680065132677555,31.427745819091797,164.21153259277344,1592.88525390625,1044.005615234375,793.2568359375,793.2568359375,3.185791015625,3.185791015625,1593.933837890625,538.639892578125,0.0,0.0,2664764.0,20.00048065185547,20.00048065185547,156.19302368164062,156.19302368164062,65714.8515625,65714.8515625,1.095247507095337,1.095247507095337,113.7619857788086,113.7619857788086,24.998613357543945,24.998613357543945,104596.7109375,104596.7109375,25.00841522216797,155.38650512695312,158.3900604248047,2644964.75,20.00048065185547,20.00048065185547,226.29605102539062,226.29605102539062,155.85935974121094,155.85935974121094,652131.1875,652131.1875,0.0,114.29701232910156,114.29701232910156,228.61082458496094,160161.921875,160161.921875,1.0677461624145508,1.0677461624145508,225.6400909423828,155.85935974121094,272.743896484375,136.3719482421875,136.3719482421875,203.23849487304688,203.23849487304688,406.47698974609375,0.0,0.0,0.0,136.34925842285156,136.34925842285156,203.23849487304688,203.23849487304688,0.026315800845623016,13.042455673217773,0.20000000298023224,0.8253734707832336,0.8716933131217957,0.8247770071029663,0.4936601519584656,0.4074499309062958,0.49438148736953735,0.9599996209144592,1.0,1.0,1.0,0.9999998211860657,0.9999998211860657,0.9999998211860657,190842.34375,193242.0625,0.0,0.0,0.0,0.0,0.0,0.0,0.0,296.3810119628906,297.7510070800781,0.0,190764.75,190764.75,0.0,0.0,0.0,0.0,0.8600172996520996,0.8600172996520996,0.8600172996520996,0.8634935617446899,1186455.5,0.9959999918937683,0.9959999918937683,0.9959999918937683,0.9959999918937683,5653528.5,2752048.75,7346380.0,8405326.0,2606300.0,4009514.5,0.0039047356694936752,0.007819471880793571,1043.0655517578125,528.7905883789062,529.2369995117188,528.5021362304688,330.885986328125,360.6573181152344,330.4352111816406,197.90460205078125,168.57968139648438,198.06692504882812,1592.902099609375,1043.0772705078125,348.8858947753906,348.8858947753906,348.8858947753906,507.3482666015625,507.3482666015625,507.3482666015625,2.999920129776001,0.8163188695907593,0.8615768551826477,2.9999184608459473,5.0,0.0040000081062316895,0.0040000081062316895,0.0040000081062316895,0.0040000081062316895,0.0,-0.4368000030517578,0.0,599984.0,164.21153259277344,164.21153259277344,0.0,20.0,2783830.75,7.25,12.0,10.25,224.8362274169922,224.8362274169922,224.8362274169922,0.0,0.0,0.7926306128501892,0.9211652278900146,10000.0,10000.0,0.011826000176370144,1038.5,0.027953999117016792,0.0,0.0,1.0878000259399414,1.0809999704360962,9.000000136438757e-05,103.0,33.220001220703125,1.8179999589920044,0.029999999329447746,49.0,8.329999923706055,4.159999847412109,58.0,302.0,4.5,0.699999988079071,0.4000000059604645,7.5,1.3799999952316284,2.492000102996826,7000.0,48.88999938964844,1.2000000476837158,45.0,62000.0,4590000.0,4250000.0,15900000.0,15100000.0,0.05000000074505806,0.17000000178813934,0.009999999776482582,15220000.0,1.6699999570846558,312.7799987792969,1.1100000143051147,4232.0,0.25,689000.0,4030000.0,9.829999923706055,8.550000190734863,12200000.0,231.10000610351562,88.3239974975586,633.0,1.1430000066757202,0.6858000159263611,-10.0,-3.7799999713897705,0.7799999713897705,295.5,4030000.0,12400000.0,0.9200000166893005,5.0,0,0,0,228,158,0,0,0,0,0,0,0,0,1,1,0,0,1,1,1,0,1,1,0,1,0,0,1,1,1,0,0,0,0,0,0,0,0,0,0,0,0,1,0,0.888992965221405,6202977.0,1.0877995491027832,0.9579817652702332,0.9997205138206482,306.3002624511719,32.796363830566406,-0.002393596339970827,1,1,1,0,0,0,1,1,0,0,0,0,0,335,0.20000000298023224,0.20000000298023224,0.20000000298023224,0.0,2,0,0,0,0,0,0,0,0,0,0,0,0,0,0,0,0,0,0,0,0,0,0,0,0,0,0,0,0,0,0,0,0,0,0,0,0,0,0,0,0,0,0,0,0,0,0,0,0,0,0,1,0,0,0,0,0,0,0,0,0,0,0,0,0,0,0,0,0,0,0,0,0,0,0,0,0,0,0,0,0,0,0,0,0,0,0,0,0,0,0,0,0,0,0,0,0,0,0,0,0,0,0,0,0,0,0,0,0,0,0,0,0,0,0,0,0,0,0,0,0,0,0,0,0,0,0,0,0,0,0,0,0,0,0,0,0,0,0,0,0,0,0,1,0,0,0,0,0,0,0,0,0,0,0,-1,0,0,0,0,0,0,1,1,0,0,88.89929962158203,-3.4008679389953613,0.0,-0.5235304832458496,-1.6815581571897805e-44,308.9489440917969,306.3002624511719,689.486328125,-0.000142589196912013,99.2877426147461,2664.3193359375,1.0877995491027832,0.9997205138206482,-1.0,2.648681640625,6.827850029367255e-06,0.02289983257651329,100.0,27.0,0.0,7.799991607666016,3.7596848011016846,1.0,1.0,38.42645263671875,0.2615365982055664,20.0,2.9738219382124953e-05,0.0,74.04188537597656,1.7330145835876465,1.8179994821548462,0.00036938843550160527,0.6817498207092285,0.5432094931602478,28.318164825439453,8.919791221618652,19.07891273498535,17.392925262451172,0.593013346195221,46.346160888671875,44.898040771484375,256.9197998046875,128.2871856689453,0.9598108530044556,322.462646484375,40.007659912109375,0.29459047317504883,289.89947509765625,289.9185791015625,289.88763427734375,322.636962890625,322.82159423828125,322.63720703125,100.0,4.783031463623047,51.82720947265625,140.27438354492188,306.2682189941406,306.3700866699219,306.2624206542969,340.3258056640625,47.0441780090332,33.60004806518555,140.27438354492188,0.0,0.9562619924545288,0.9610970616340637,0.9566149711608887,89.57706451416016,89.559814453125,89.48538208007812,63.29874038696289,63.29759216308594,63.295799255371094,51.381587982177734,51.3669319152832,51.22649002075195,99.08470916748047,98.85072326660156,98.84008026123047,1902.607666015625,1905.253173828125,1903.6461181640625,513.3866577148438,514.70947265625,512.944580078125,29.0,0.0,48.0,0.49438148736953735,0.659821629524231,0.4074499309062958,0.6973546743392944,0.4936601519584656,0.660298764705658,41.0,78.36749267578125,62.76838684082031,225.6400909423828,96.32444763183594,9.999999974752427e-07,85.76879119873047,0.6329130530357361,155.38650512695312,0.9898322224617004,721.2213745117188,39.89533996582031,31.427745819091797,1.0,9.473709106445312,77.89849090576172,0.0,0.9718579053878784,20.0,0.0,60.0,120.0,22.0,120.0,3.436783790588379,0.0,0.0,972.0753784179688,18.08887481689453,89.19791412353516,2.0,200.0,0,0,228,228,228,228,220,228,228,228,158,0,99999,99999,11,402,1800,180,1800,998,20,972,88,23,0,0,0,806,1424,29,31,32,0,0,0,0,0,0,0,0,0,0,0,0,0,0,1,0,0,0,0,1,1,1,0,1,0,0,0,1,0,0,0,0,0,0,0,0,0,0,0,0,1,0,1,0,0,1,1,0,1,0,1,0,1,0,0,0,1,1,0,1,0,1,0,0,0,1,1,0,0,0,1,0,1,0,0,0,0,0,1,0,0,1,0,0,0,1,0,0,0,0,0,0,1,0,0,0,1,1,0,0,1,0,1,0,1,0,1,0,0,0,1,0,1,1,1,0,0,1,0,0,0,0,0,1,1,1,0,0,0,0,0,0,0,0,0,0,0,1,0,1,0,1,0,0,0,0,0,0,0,0,0,1,0,1,0,1,0,1,1,1,1,1,1,1,0,0,0,0,0,0,1,0,1,1,1,1,1,1,1,1,1,1,1,0,0,0,1,1,0,0,1,1,0,1,0,1,0,1,1,0,0,0,0,0,0,0,0,1,1,0,0,1,0,1,1,1,0,1,0,0,1,1,0,1,1,1,0,1,1,0,1,0,1,1,0,0,0,0,0,0,1,1,1,1,0,0,0,0,0,0,0,0,0,0,0,0,0,0,0,0,0,0,0,0,0,0,0,0,0,0,0,0,0,0,0,0,0,0,0,0,0,0,0,0,0,0,0,0,0,0,0,0,0,0,0,0,0,0,0,0,0,0,0,0,0,0,0,0,0,0,0,0,0,0,0,0,0,0,0,0,0,0,0,0,0,0,1,0,0,0,0,0,0,0,0,0,0,0,0,0,0,0,0,0,0,0,0,0,0,0,0,0,0,0,0,0,0,0,0,0,0,0,0,0,0,0,0,0,0,0,0,0,0,0,0,0,0,0,0,0,0,0,0,0,0,0,0,0,0,0,0,1,0,1,0,0,0,0,0,1,0,0,0,0,0,0,0,0,0,0,0,0,0,0,0,1,0,0,0,0,0,0,0,0,0,0,0,0,0,0,1,0,0,0,0,0,0,0,0,0,0,1,0,0,0,0,0,0,0,0,0,0,0,0,0,0,0,0,0,0,0,0,0,0,0,0,0,0,0,1,0,0,0,0,0,0,1,1,1,0,0,0,0,0,0,-1,0,0,0,0,0,0,0,0,-1,0,0,-1,0,0,0,0,0,0,0,0,0,0,0,0,0,0,0,0,0,0,1,0,0,0,0,0,0,0,0,0,0,0,0,0,0,0,0,1,1,0,-1,-1,-1,1,1,1,0,0,0,0,1,0,0,1,1,0,0,0,0,1,0,0,0,0,0,0,0,0,0,0,0,0,0,0,0,0,0,0,0,0,0,0,0,0,0,0,0,0,0,1,1,0,1,0,1,1,0,1,0,1,1,0,1,0,0,1,0,0,0,0,0,0,0,0,0,0,0,0,0,0,0,0,0,0,0,0,0,0,0,0,0,0
0,1,1,300,228,8,8,228,114,25,1,0,0.0020000000949949026,4000.0,1.0,0.04500000178813934,25.0,48.0,8.0,291.70001220703125,1.7000000476837158,-3.179999907843012e-07,0.007360000163316727,0.008080000057816505,8.0,0.33000001311302185,0.0333000011742115,1.0,9.999999747378752e-06,21.0,9.999999747378752e-06,2775000064.0,9.000000136438757e-05,4.999999980020986e-13,5.0,40.0,3.0,-3.3499999046325684,3.3499999046325684,0.5,0.0004799999878741801,292.3927001953125,492.6077880859375,-0.0036125299520790577,0.002354159951210022,0.0008944629807956517,0.013157900422811508,0.800646185874939,0.02024419978260994,2650129920.0,0.006539999973028898,228,228,228,228,228,228,228,228,228,228,228,228,228,228,228,228,228,228,228,228,228,228,228,228,220,220,220,220,228,228,228,228,228,228,228,228,228,228,228,228,228,228,228,228,228,228,228,228,228,228,228,228,0,1,4,4,228,228,228,220,228,228,228,228,3,0,0.0004018255276605487,290.52056884765625,625.7520751953125,700.4082641601562,778.9422607421875,854.7063598632812,971.3345336914062,1001.28662109375,1012.1657104492188,999.58740234375,966.9446411132812,917.0280151367188,847.8785400390625,772.2867431640625,696.8241577148438,628.0623779296875,561.0430908203125,506.71221923828125,465.863525390625,438.3208312988281,421.8761291503906,415.54620361328125,416.8060302734375,422.5150146484375,429.5325622558594,434.7181396484375,0.009573914110660553,0.6794546246528625,0.7719419598579407,-0.0001423622597940266,0.755571186542511,0.9750034809112549,105424.8671875,3.253325849073008e-05,0.3120867908000946,0.6908026337623596,0.887563943862915,0.8880386352539062,0.02235310710966587,1.0,-1.6815581571897805e-44,-3.4015679359436035,0.0,99.28755187988281,2664.3359375,0.9437017440795898,688.5862426757812,228.0,72.0,29.629840850830078,0.6000000238418579,0.0,308.9393615722656,280638.71875,-0.5234591364860535,6.380472660064697,130.28829956054688,1.2785706520080566,7750000.0,8160000.0,86.12000274658203,119.0999984741211,0.5,9.999999747378752e-05,0.0,3.299999952316284,200.0,0.30000001192092896,309.20001220703125,2.439019908706541e-06,0,0,0,1,1,1,0,24,0,306.1973571777344,0.0,0.0,0.0,0.0,0.0,0.0,0.49301856756210327,0.8697654604911804,0.5181699395179749,-0.012575685977935791,-0.003454263787716627,-0.0037918880116194487,0.5125756859779358,0.513969898223877,0.5141232013702393,1.0,25.0,24.0,6197608.0,6197789.0,6197899.0,289.80389404296875,289.83538818359375,289.815673828125,322.5146179199219,322.7004089355469,322.5142517089844,4400000.0,306.15924072265625,306.26788330078125,306.16497802734375,32.710723876953125,32.865020751953125,32.698577880859375,322.3388366699219,4545.92822265625,4546.2021484375,4557.14453125,12.871794700622559,12.882346153259277,12.884928703308105,11.186370849609375,0.0,0.0,0.0020000000949949026,289.8183288574219,322.576416015625,-44.675331115722656,1.6662110090255737,1.6707302331924438,1.6712363958358765,-16.9332218170166,39.0,40.0,42.0,41.0,0.0,0.0,6195807.5,6144110.0,74.496337890625,5.0,0.014999999664723873,-180000.0,600.0,1000000.0,400000.0,0.17000000178813934,22000.0,786000.0,120000.0,0.0,40.0,30.0,36.810001373291016,0.5,18.399999618530273,50000.0,115692.3984375,15.113750457763672,0,0,1,0,0,0,0,13714698.0,0.0,0.0,0.0,0.0,0.0,-1677279.0,400000.0,1000000.0,1.0,1400000.0,0.0,0.46902647614479065,13722721.0,126869.6328125,13714698.0,340.32745361328125,40.007659912109375,4.685550212860107,-1677279.0,0.0,0.0,0.0,3.350492477416992,40.007659912109375,0.0,22230.939453125,1.2010046243667603,0.0,0.0,0.0,20.0,14.711517333984375,22.0,0.0,0.0,0.0,0.05000000074505806,0.02500000037252903,0.17000000178813934,15400000.0,0.5,6.25,0.0006667000125162303,2.0,2410000.0,4140000.0,4.734799861907959,0.15000000596046448,0.20000000298023224,0.2199999988079071,1.0,0.0,-1.0,0.0,5.0,20.0,30.0,50.0,74.0,80.0,86.0,9.800000190734863,500000.0,1.0499999802959792e-07,0.5,750.0,1000.0,600.0,1000.0,1150.0,32.0,32.0,37.400001525878906,10.0,10.0,0.007000000216066837,0.5049999952316284,82.0,189.26499938964844,0.0,1.5099999904632568,231.60000610351562,20.0,36.0,16.600000381469727,16.5,225.0,-0.1756729930639267,27.5,-0.1756729930639267,30.485509872436523,0.1561516970396042,11.10221004486084,-1.8332500457763672,-75.0,4.3520002365112305,9.800000190734863,189.26499938964844,93.30000305175781,2650000.0,0.8500000238418579,7.570000171661377,0,1,0,0,0,0,0,0,0,0,0,1,3,3,0,0,1,1,0,0,0,0,0,0,0,0,0,0,1,0,0,0,0,0,0,0,0,0,0,1,0,0,0,0,0,0,0,0,0,0,12.055344581604004,29057.564453125,2153.699951171875,0.0004148823209106922,0.0004361289902590215,0.0006248649442568421,1.0,1.0,0.0,0.0,0.0,0.5941253304481506,0.5841143131256104,1.0,0.0,0.0,0.0,1.0,0.0,0.0,1.0,1.0,0.0,1.0,1.0,0.007325172424316406,0.0,1.0,0.0,0.6288679838180542,0.633794367313385,0.0004148823209106922,0.0,0.0,0.0,99998.78125,99999.0,2773307.75,2410000.0,36.20000076293945,36.20000076293945,36.20000076293945,32.47786331176758,256.4932556152344,127.96260833740234,46.238224029541016,26.386335372924805,36.97148895263672,27.0,28.31204605102539,27.0,0.0,32.0,20.0,68.57752227783203,3446668.0,0.5432107448577881,3.7799999713897705,4.842428207397461,8.91978931427002,0.0,0.0,0.0,1.401298464324817e-45,5.2942938804626465,5.2942938804626465,0.5049998760223389,0.5049998760223389,0.5049998760223389,0.18937495350837708,0.18937495350837708,0.18937495350837708,0.0,0.0,0.0,0.0,0.0,0.0,5.294999599456787,0.0,0.0,0.0,0.0,0.0,0.0,100.0,74.03913879394531,0.516697883605957,0.0,20.0,0.0,5.255512237548828,5.781935214996338,0.0,0.0,0.0,0.007000000216066837,0.0,0.0,10.133747100830078,0.0,1.732987403869629,1.401298464324817e-45,5.789302825927734,0.0,0.0,0.0,0.0,0.0,0.0,20.0,0.0,0.0,13413612.0,0.0,0.0,0.0,0.0,0.0,0.0,0.0,0.351500004529953,18.93000030517578,23.030000686645508,7.69199959904654e-06,0.08500000089406967,0.009999999776482582,24.0,27.0,8.800000190734863,500000.0,0.05000000074505806,2.7000000013543968e-09,2.7000000013543968e-09,145100.0,120000.0,14650000.0,86400.0,17.0,34.5,48.70000076293945,321.8999938964844,83170.0,0.0,1.0,1.0,0.0010000000474974513,725.0,0.0,0.5,0.0,0.0,57.31999969482422,837142.875,9359.77734375,117376.1015625,2623.89794921875,83026.390625,725.0,1.0204100362898316e-05,740000000.0,1,0,1,0,1,0,1,0,0,0,0,8.799991607666016,27.0,3021.8916015625,0.0,0.0,0.0,0.0,1.2138460874557495,0.0004016418242827058,0.0,0.02324438840150833,38.474159240722656,1.0,25644.28125,5832.28125,3.018581628566608e-05,2508364288.0,4129685504.0,2752762880.0,4147705600.0,-73.82571411132812,41.0169677734375,-204733984.0,-18020448.0,5.789302825927734,1530.7423095703125,79.61502075195312,1489.725341796875,106381.3984375,3934.07861328125,145789.171875,161591.46875,123644.28125,37.800071716308594,38.474159240722656,38.474159240722656,1.0,3.018581628566608e-05,5832.28125,921373900800.0,0.19964691996574402,137600.0,137600.0,96306176.0,74.5538101196289,6258.2021484375,1.0,0.0,1700.0,250000.0,10000.0,1038.0,0.004999999888241291,400.0,5000.0,0,0,0,0,2960760.25,64.32698059082031,64.32698059082031,1220956.25,2784221.75,1.0,1.0,1216068.5,227.4876708984375,6145914.5,1.0,0.9896255135536194,1.0,1.0,1028.2032470703125,276.2831726074219,188.83908081054688,124.14828491210938,6045567.5,805743.75,188.83908081054688,1.0,1.0,1.0,133.63543701171875,1538.1754150390625,787.6615600585938,0.0,0.0,0.0,7680000.0,509.9771728515625,511.7805480957031,512.8822021484375,0.0,2784221.75,0.0,128.65396118164062,0.0,0.0,277.0679626464844,1.0,0.0,-7.5742998123168945,0.0,5.605193857299268e-45,9.999999974752427e-07,0.0,2.0,0.0003000000142492354,0.004999999888241291,0.0010000000474974513,2.0000000233721948e-07,2.0000000233721948e-07,0.0005555999814532697,993000000.0,1.0,0.05000000074505806,0.10000000149011612,0.0005000000237487257,0.0016700000269338489,0.009999999776482582,1.0,1.0,0.0010000000474974513,4.999999873689376e-05,0.00039999998989515007,0.019999999552965164,0.9891999959945679,0.9891999959945679,0.9950000047683716,0.9950000047683716,1,0,0,0,0,1,0,0,1,0,1,0,0,0,0.9783873558044434,971538624.0,62066.93359375,4771517.5,1141.3306884765625,2546090.0,1413.9835205078125,1.0,2331059.0,0.9739105105400085,1.0,60.0,180.0,1800.0,1800.0,1.0047005414962769,0.019808992743492126,1.0,1.0,-0.012236599810421467,0.0,0.0,0.0,0.0,-0.00018024444580078125,6.602997746085748e-05,0.0,0.0,6.602997746085748e-05,0.0,6.602997746085748e-05,6.602997746085748e-05,0.0,7.006492321624085e-44,1,1,0,1,1,1,0,1,1,0,1,0,1,1,1,1,1,1,1,1,0,1000,1000,0,1,5001,5001,220.0,3435.162109375,120.0,120.0,60.0,0.0,0.4000000059604645,0.10000000149011612,0.10000000149011612,2.0,500.0,200.0,0.9900000095367432,300000.0,5000.0,45000.0,20000.0,0.019999999552965164,2.0,0.05000000074505806,0.019999999552965164,6.0,0.05000000074505806,0.019999999552965164,0.019999999552965164,88.30000305175781,0.10000000149011612,0.800000011920929,0.05000000074505806,0.009999999776482582,50.0,50.0,340.0,340.0,1000000.0,1,1,1,1,1,1,1,1,1,1,0,0,0,1,1,0,1.0,0.0,0.0,0.0,0.0004359374870546162,0.0,0.0,0.0,0.9181035161018372,0.9181035161018372,0.9181035161018372,5000.39990234375,3904953.0,3909953.5,50.0,27.616146087646484,0.4000000059604645,0.0,0.0,0.10000000149011612,0.16004985570907593,1.0,45000.0,20.0,29.245084762573242,778988.25,33.33577346801758,4588.95458984375,721.2213745117188,0.778988242149353,0.9180815815925598,9.473669052124023,1.0,3221047.5,3304317.0,9.718579292297363,20.0,0.27478793263435364,27.47879409790039,0.0,636.4223022460938,411.447509765625,100000.0,50000.0,1115.300048828125,50000.0,700.0,2000.0,2800000.0,3500000.0,4000000.0,9.999999747378752e-05,4.999999873689376e-05,500.0,20000.0,100.0,500.0,60000.0,1200.0,1.0,120.0,150000.0,3000.0,300.0,1.0,300.0,0.019999999552965164,0.019999999552965164,0.009999999776482582,0.009999999776482582,0.009999999776482582,0.019999999552965164,1.100000023841858,0.019999999552965164,4.0,0.019999999552965164,88.0,1613.0,0.009999999776482582,0.20000000298023224,3.0,5.0,600.0,0.0010000000474974513,88.0,88.0,2000.0,2340.0,-0.11599799990653992,-0.03561130166053772,-0.04758000001311302,-0.01752999983727932,0,0,0,0,0,1,0,519.2886962890625,519.2886962890625,2.08551025390625,2.08551025390625,0.01679203473031521,31.427722930908203,164.2113037109375,1592.4849853515625,1043.720458984375,793.0574951171875,793.0574951171875,3.18499755859375,3.18499755859375,1593.5751953125,538.483154296875,0.0,0.0,2664684.25,20.00048065185547,20.00048065185547,156.1888885498047,156.1888885498047,65714.5234375,65714.5234375,1.0952420234680176,1.0952420234680176,113.74383544921875,113.74383544921875,24.998624801635742,24.998624801635742,104596.7578125,104596.7578125,25.008420944213867,155.3826141357422,158.3873748779297,2644999.0,20.00048065185547,20.00048065185547,226.27691650390625,226.27691650390625,155.85675048828125,155.85675048828125,652120.3125,652120.3125,0.0,114.2904281616211,114.2904281616211,228.59764099121094,160160.390625,160160.390625,1.0677359104156494,1.0677359104156494,225.62364196777344,155.85675048828125,272.6068420410156,136.3034210205078,136.3034210205078,203.20773315429688,203.20773315429688,406.41546630859375,0.0,0.0,0.0,136.2802734375,136.2802734375,203.20773315429688,203.20773315429688,0.026315800845623016,13.041479110717773,0.20000000298023224,0.82411789894104,0.870450496673584,0.8235098719596863,0.49301856756210327,0.40682658553123474,0.493744432926178,0.9599996209144592,1.0,1.0,1.0,0.9999998211860657,0.9999998211860657,0.9999998211860657,190841.953125,193242.0625,0.0,0.0,0.0,0.0,0.0,0.0,0.0,296.3810119628906,297.7510070800781,0.0,190769.296875,190769.296875,0.0,0.0,0.0,0.0,0.8595064282417297,0.8595064282417297,0.8595064282417297,0.8637951016426086,1186071.25,0.9959999918937683,0.9959999918937683,0.9959999918937683,0.9959999918937683,5648457.0,2752822.0,7343866.0,8401018.0,2606300.0,4009944.25,0.0039049529004842043,0.007819906808435917,1042.7484130859375,528.5611572265625,529.0245361328125,528.2633666992188,330.7149353027344,360.5245056152344,330.2552185058594,197.84622192382812,168.50003051757812,198.00814819335938,1592.5018310546875,1042.7601318359375,348.8109130859375,348.8109130859375,348.8109130859375,506.58673095703125,506.58673095703125,506.58673095703125,2.999924659729004,0.8146156668663025,0.8615298271179199,2.9999232292175293,5.0,0.0040000081062316895,0.0040000081062316895,0.0040000081062316895,0.0040000081062316895,0.0,-0.4368000030517578,0.0,599984.9375,164.2113037109375,164.2113037109375,0.0,20.0,2783868.25,7.25,12.0,10.25,224.82264709472656,224.82264709472656,224.82264709472656,0.0,0.0,0.7926306128501892,0.9211652278900146,10000.0,10000.0,0.011826000176370144,1038.5,0.027953999117016792,0.0,0.0,1.0878000259399414,1.0809999704360962,9.000000136438757e-05,103.0,33.220001220703125,1.8179999589920044,0.029999999329447746,49.0,8.329999923706055,4.159999847412109,58.0,302.0,4.5,0.699999988079071,0.4000000059604645,7.5,1.3799999952316284,2.492000102996826,7000.0,48.88999938964844,1.2000000476837158,45.0,62000.0,4590000.0,4250000.0,15900000.0,15100000.0,0.05000000074505806,0.17000000178813934,0.009999999776482582,15220000.0,1.6699999570846558,312.7799987792969,1.1100000143051147,4232.0,0.25,689000.0,4030000.0,9.829999923706055,8.550000190734863,12200000.0,231.10000610351562,88.3239974975586,633.0,1.1430000066757202,0.6858000159263611,-10.0,-3.7799999713897705,0.7799999713897705,295.5,4030000.0,12400000.0,0.9200000166893005,5.0,0,0,0,228,157,0,0,0,0,0,0,0,0,1,1,0,0,1,1,1,0,1,1,0,1,0,0,1,1,1,0,0,0,0,0,0,0,0,0,0,0,0,1,0,0.887563943862915,6197608.0,1.0877995491027832,0.9571352601051331,0.9994080066680908,306.22320556640625,32.76738357543945,-0.00238719186745584,1,1,1,0,0,0,1,1,0,0,0,0,0,338,0.20000000298023224,0.20000000298023224,0.20000000298023224,0.0,2,0,0,0,0,0,0,0,0,0,0,0,0,0,0,0,0,0,0,0,0,0,0,0,0,0,0,0,0,0,0,0,0,0,0,0,0,0,0,0,0,0,0,0,0,0,0,0,0,0,0,1,0,0,0,0,0,0,0,0,0,0,0,0,0,0,0,0,0,0,0,0,0,0,0,0,0,0,0,0,0,0,0,0,0,0,0,0,0,0,0,0,0,0,0,0,0,0,0,0,0,0,0,0,0,0,0,0,0,0,0,0,0,0,0,0,0,0,0,0,0,0,0,0,0,0,0,0,0,0,0,0,0,0,0,0,0,0,0,0,0,0,0,1,0,0,0,0,0,0,0,0,0,0,0,-1,0,0,0,0,0,0,1,1,0,0,88.75639343261719,-3.4015679359436035,0.0,-0.5234591364860535,-1.6815581571897805e-44,308.9393615722656,306.22320556640625,688.5862426757812,-0.0001423622597940266,99.28755187988281,2664.3359375,1.0877995491027832,0.9994080066680908,-1.0,2.716156005859375,6.827850029367255e-06,0.02324438840150833,100.0,27.0,0.0,7.799991607666016,3.765838384628296,1.0,1.0,38.474159240722656,0.2616768181324005,20.0,3.018581628566608e-05,0.0,74.03913879394531,1.732987403869629,1.8179994821548462,0.00036938843550160527,0.6817498207092285,0.5432107448577881,28.299110412597656,8.91978931427002,19.059457778930664,17.432741165161133,0.5941253304481506,46.238224029541016,44.898040771484375,256.4932556152344,127.96260833740234,0.9595550298690796,322.3697814941406,40.007659912109375,0.29459047317504883,289.83673095703125,289.85626220703125,289.82501220703125,322.5449523925781,322.7308654785156,322.5453186035156,100.0,4.767140865325928,51.6697883605957,140.02801513671875,306.19085693359375,306.2935791015625,306.1851806640625,340.32696533203125,46.90264892578125,33.52869415283203,140.02801513671875,0.0,0.9554071426391602,0.9602671265602112,0.95576012134552,89.59561157226562,89.57781982421875,89.5041732788086,63.24398422241211,63.242862701416016,63.24101257324219,51.41231918334961,51.39698791503906,51.257568359375,99.07537841796875,98.8384780883789,98.8314208984375,1901.748046875,1904.48828125,1902.820068359375,513.0079345703125,514.3511962890625,512.5501098632812,29.0,0.0,48.0,0.493744432926178,0.6588079333305359,0.40682658553123474,0.6963604092597961,0.49301856756210327,0.6592943072319031,41.0,78.36749267578125,62.71352767944336,225.62364196777344,96.25628662109375,9.999999974752427e-07,85.7248306274414,0.6330417990684509,155.3826141357422,0.9896255135536194,721.2213745117188,39.89755630493164,31.427722930908203,1.0,9.473669052124023,77.8988265991211,0.0,0.9718579053878784,20.0,0.0,60.0,120.0,22.0,120.0,3.435162305831909,0.0,0.0,971.5386352539062,18.088916778564453,89.19789123535156,2.0,200.0,0,0,228,228,228,228,220,228,228,228,157,0,99999,99999,11,402,1800,180,1800,998,20,971,88,23,0,0,0,806,1424,29,31,32,0,0,0,0,0,0,0,0,0,0,0,0,0,0,1,0,0,0,0,1,1,1,0,1,0,0,0,1,0,0,0,0,0,0,0,0,0,0,0,0,1,0,1,0,0,1,1,0,1,0,1,0,1,0,0,0,1,1,0,1,0,1,0,0,0,1,1,0,0,0,1,0,1,0,0,0,0,0,1,0,0,1,0,0,0,1,0,0,0,0,0,0,1,0,0,0,1,1,0,0,1,0,1,0,1,0,1,0,0,0,1,0,1,1,1,0,0,1,0,0,0,0,0,1,1,1,0,0,0,0,0,0,0,0,0,0,0,1,0,1,0,1,0,0,0,0,0,0,0,0,0,1,0,1,0,1,0,1,1,1,1,1,1,1,0,0,0,0,0,0,1,0,1,1,1,1,1,1,1,1,1,1,1,0,0,0,1,1,0,0,1,1,0,1,0,1,0,1,1,0,0,0,0,0,0,0,0,1,1,0,0,1,0,1,1,1,0,1,0,0,1,1,0,1,1,1,0,1,1,0,1,0,1,1,0,0,0,0,0,0,1,1,1,1,0,0,0,0,0,0,0,0,0,0,0,0,0,0,0,0,0,0,0,0,0,0,0,0,0,0,0,0,0,0,0,0,0,0,0,0,0,0,0,0,0,0,0,0,0,0,0,0,0,0,0,0,0,0,0,0,0,0,0,0,0,0,0,0,0,0,0,0,0,0,0,0,0,0,0,0,0,0,0,0,0,0,0,0,0,0,0,0,0,0,0,0,0,0,0,0,0,0,0,0,0,0,0,0,0,0,0,0,0,0,0,0,0,0,0,0,0,0,0,0,0,0,0,0,0,0,0,0,0,0,0,0,0,0,0,0,0,0,0,0,0,0,0,0,0,0,0,1,0,1,0,0,0,0,0,1,0,0,0,0,0,0,0,0,0,0,0,0,0,0,0,1,0,0,0,0,0,0,0,0,0,0,0,0,0,0,1,0,0,0,0,0,0,0,0,0,0,1,0,0,0,0,0,0,0,0,0,0,0,0,0,0,0,0,0,0,0,0,0,0,0,0,0,0,0,1,0,0,0,0,0,0,1,1,1,0,0,0,0,0,0,-1,0,0,0,0,0,0,0,0,-1,0,0,-1,0,0,0,0,0,0,0,0,0,0,0,0,0,0,0,0,0,0,1,0,0,0,0,0,0,0,0,0,0,0,0,0,0,0,0,1,1,0,-1,-1,-1,1,1,1,0,0,0,0,1,0,0,1,1,0,0,0,0,1,0,0,0,0,0,0,0,0,0,0,0,0,0,0,0,0,0,0,0,0,0,0,0,0,0,0,0,0,0,1,1,0,1,0,1,1,0,1,0,1,1,0,1,0,0,1,0,0,0,0,0,0,0,0,0,0,0,0,0,0,0,0,0,0,0,0,0,0,0,0,0,0
0,1,1,300,228,8,8,228,114,25,1,0,0.0020000000949949026,4000.0,1.0,0.04500000178813934,25.0,48.0,8.0,291.70001220703125,1.7000000476837158,-3.179999907843012e-07,0.007360000163316727,0.008080000057816505,8.0,0.33000001311302185,0.0333000011742115,1.0,9.999999747378752e-06,21.0,9.999999747378752e-06,2775000064.0,9.000000136438757e-05,4.999999980020986e-13,5.0,40.0,3.0,-3.3499999046325684,3.3499999046325684,0.5,0.0004799999878741801,292.3927001953125,492.6077880859375,-0.0036125299520790577,0.002354159951210022,0.0008944629807956517,0.013157900422811508,0.800646185874939,0.02024419978260994,2650129920.0,0.006539999973028898,228,228,228,228,228,228,228,228,228,228,228,228,228,228,228,228,228,228,228,228,228,228,228,228,220,220,220,220,228,228,228,228,228,228,228,228,228,228,228,228,228,228,228,228,228,228,228,228,228,228,228,228,0,1,4,4,228,228,228,220,228,228,228,228,3,0,0.0004018255276605487,290.45989990234375,625.0624389648438,699.50048828125,777.8042602539062,853.3468017578125,969.6407470703125,999.517578125,1010.3892211914062,997.87109375,965.3411254882812,915.5767822265625,846.624755859375,771.2369384765625,695.969482421875,627.3781127929688,560.5125732421875,506.3001708984375,465.5375061035156,438.0531311035156,421.6468811035156,415.33856201171875,416.607421875,422.3179931640625,429.3349609375,434.52301025390625,0.009829086251556873,0.6783742308616638,0.7719405293464661,-0.00014212221140041947,0.7555751800537109,0.9745584726333618,105256.4296875,3.247850690968335e-05,0.3117055892944336,0.6896807551383972,0.8861477971076965,0.8866191506385803,0.02235352247953415,1.0,-1.6815581571897805e-44,-3.4022626876831055,0.0,99.28733825683594,2664.352783203125,0.9437066912651062,687.6935424804688,228.0,72.0,30.434696197509766,0.20000000298023224,0.0,308.9295959472656,280639.28125,-0.5233882069587708,6.378758907318115,130.28829956054688,1.2792582511901855,7750000.0,8160000.0,86.12000274658203,119.0999984741211,0.5,9.999999747378752e-05,0.0,3.299999952316284,200.0,0.30000001192092896,309.20001220703125,2.439019908706541e-06,0,0,0,1,1,1,0,24,0,306.1195373535156,0.0,0.0,0.0,0.0,0.0,0.0,0.4923718571662903,0.8696262836456299,0.5181495547294617,-0.012888848781585693,-0.0035808279644697905,-0.003932181280106306,0.5128888487815857,0.5142718553543091,0.514432430267334,1.0,25.0,24.0,6192181.0,6192363.5,6192472.0,289.74005126953125,289.77203369140625,289.751953125,322.4219665527344,322.6093444824219,322.4218444824219,4400000.0,306.08099365234375,306.190673828125,306.0869140625,32.681915283203125,32.837310791015625,32.669891357421875,322.2453308105469,4545.5390625,4545.6611328125,4556.7216796875,12.874526023864746,12.8849515914917,12.887614250183105,11.143402099609375,0.0,0.0,0.0020000000949949026,289.7546691894531,322.484375,-44.74315643310547,1.6672316789627075,1.671713948249817,1.6722437143325806,-17.12885093688965,39.0,40.0,42.0,41.0,0.0,0.0,6190360.0,6138655.0,74.34259796142578,5.0,0.014999999664723873,-180000.0,600.0,1000000.0,400000.0,0.17000000178813934,22000.0,786000.0,120000.0,0.0,40.0,30.0,36.810001373291016,0.5,18.399999618530273,50000.0,115692.3984375,15.113750457763672,0,0,1,0,0,0,0,13690647.0,0.0,0.0,0.0,0.0,0.0,-1701346.0,400000.0,1000000.0,1.0,1400000.0,0.0,0.4676111340522766,13698654.0,126869.6328125,13690647.0,340.3287353515625,40.007659912109375,4.671389579772949,-1701346.0,0.0,0.0,0.0,3.343353271484375,40.007659912109375,0.0,22230.939453125,1.2010046243667603,0.0,0.0,0.0,20.0,14.711517333984375,22.0,0.0,0.0,0.0,0.05000000074505806,0.02500000037252903,0.17000000178813934,15400000.0,0.5,6.25,0.0006667000125162303,2.0,2410000.0,4140000.0,4.734799861907959,0.15000000596046448,0.20000000298023224,0.2199999988079071,1.0,0.0,-1.0,0.0,5.0,20.0,30.0,50.0,74.0,80.0,86.0,9.800000190734863,500000.0,1.0499999802959792e-07,0.5,750.0,1000.0,600.0,1000.0,1150.0,32.0,32.0,37.400001525878906,10.0,10.0,0.007000000216066837,0.5049999952316284,82.0,189.26499938964844,0.0,1.5099999904632568,231.60000610351562,20.0,36.0,16.600000381469727,16.5,225.0,-0.1756729930639267,27.5,-0.1756729930639267,30.485509872436523,0.1561516970396042,11.10221004486084,-1.8332500457763672,-75.0,4.3520002365112305,9.800000190734863,189.26499938964844,93.30000305175781,2650000.0,0.8500000238418579,7.570000171661377,0,1,0,0,0,0,0,0,0,0,0,1,3,3,0,0,1,1,0,0,0,0,0,0,0,0,0,0,1,0,0,0,0,0,0,0,0,0,0,1,0,0,0,0,0,0,0,0,0,0,12.055170059204102,29057.244140625,2153.699951171875,0.0004148809239268303,0.0004361289902590215,0.0006248649442568421,1.0,1.0,0.0,0.0,0.0,0.5952306985855103,0.5852556824684143,1.0,0.0,0.0,0.0,1.0,0.0,0.0,1.0,1.0,0.0,1.0,1.0,0.007092773914337158,0.0,1.0,0.0,0.6284419298171997,0.6334221959114075,0.0004148809239268303,0.0,0.0,0.0,99998.78125,99999.0,2771429.0,2410000.0,36.20000076293945,36.20000076293945,36.20000076293945,32.480472564697266,256.0675964355469,127.6393051147461,46.130897521972656,26.391252517700195,36.934425354003906,27.0,28.30150604248047,27.0,0.0,32.0,20.0,68.57752227783203,3446668.0,0.5432107448577881,3.7799999713897705,4.853431701660156,8.91978931427002,0.0,0.0,0.0,1.401298464324817e-45,5.288909435272217,5.288909435272217,0.5049998760223389,0.5049998760223389,0.5049998760223389,0.18937495350837708,0.18937495350837708,0.18937495350837708,0.0,0.0,0.0,0.0,0.0,0.0,5.294999599456787,0.0,0.0,0.0,0.0,0.0,0.0,100.0,74.03630828857422,0.5151112079620361,0.0,20.0,0.0,5.251396179199219,5.7929768562316895,0.0,0.0,0.0,0.007000000216066837,0.0,0.0,10.144769668579102,0.0,1.732959508895874,1.401298464324817e-45,5.80030632019043,0.0,0.0,0.0,0.0,0.0,0.0,20.0,0.0,0.0,13389571.0,0.0,0.0,0.0,0.0,0.0,0.0,0.0,0.351500004529953,18.93000030517578,23.030000686645508,7.69199959904654e-06,0.08500000089406967,0.009999999776482582,24.0,27.0,8.800000190734863,500000.0,0.05000000074505806,2.7000000013543968e-09,2.7000000013543968e-09,145100.0,120000.0,14650000.0,86400.0,17.0,34.5,48.70000076293945,321.8999938964844,83170.0,0.0,1.0,1.0,0.0010000000474974513,725.0,0.0,0.5,0.0,0.0,57.31999969482422,837142.875,9359.77734375,117376.1015625,2623.89794921875,83026.390625,725.0,1.0204100362898316e-05,740000000.0,1,0,1,0,1,0,1,0,0,0,0,8.799991607666016,27.0,3066.5927734375,0.0,0.0,0.0,0.0,1.2318083047866821,0.000401648081606254,0.0,0.023588230833411217,38.521488189697266,1.0,25657.96875,5914.1298828125,3.063248368562199e-05,2504595968.0,4125990144.0,2749606656.0,4144782080.0,-73.65147399902344,41.38037109375,-205423280.0,-18792352.0,5.80030632019043,1530.036376953125,79.4517822265625,1488.656005859375,106381.3984375,3943.554443359375,145824.40625,161790.25,123657.96875,38.40007400512695,38.521488189697266,38.521488189697266,1.0,3.063248368562199e-05,5914.1298828125,924020310016.0,0.1997026950120926,137600.0,137600.0,96085040.0,74.39991760253906,6271.78173828125,1.0,0.0,1700.0,250000.0,10000.0,1038.0,0.004999999888241291,400.0,5000.0,0,0,0,0,2960669.75,64.31333923339844,64.31333923339844,1220682.125,2784257.75,1.0,1.0,1215496.25,227.45068359375,6140477.0,1.0,0.9894139766693115,1.0,1.0,1027.92138671875,276.2273864746094,188.81732177734375,124.01602935791016,6040254.5,805644.375,188.81732177734375,1.0,1.0,1.0,133.52713012695312,1537.067626953125,787.41748046875,0.0,0.0,0.0,7680000.0,509.58148193359375,511.4078369140625,512.4921264648438,0.0,2784257.75,0.0,128.62667846679688,0.0,0.0,277.00958251953125,1.0,0.0,-7.5742998123168945,0.0,5.605193857299268e-45,9.999999974752427e-07,0.0,2.0,0.0003000000142492354,0.004999999888241291,0.0010000000474974513,2.0000000233721948e-07,2.0000000233721948e-07,0.0005555999814532697,993000000.0,1.0,0.05000000074505806,0.10000000149011612,0.0005000000237487257,0.0016700000269338489,0.009999999776482582,1.0,1.0,0.0010000000474974513,4.999999873689376e-05,0.00039999998989515007,0.019999999552965164,0.9891999959945679,0.9891999959945679,0.9950000047683716,0.9950000047683716,1,0,0,0,0,1,0,0,1,0,1,0,0,0,0.9778340458869934,970989184.0,62025.0703125,4768921.5,1140.493408203125,2546102.25,1413.00732421875,1.0,2331140.0,0.9741086363792419,1.0,60.0,180.0,1800.0,1800.0,1.0047005414962769,0.019808992743492126,1.0,1.0,-0.012236599810421467,0.0,0.0,0.0,0.0,-0.0001856088638305664,6.602997746085748e-05,0.0,0.0,6.602997746085748e-05,0.0,6.602997746085748e-05,6.602997746085748e-05,0.0,7.006492321624085e-44,1,1,0,1,1,1,0,1,1,0,1,0,1,1,1,1,1,1,1,1,0,1000,1000,0,1,5001,5001,220.0,3433.502197265625,120.0,120.0,60.0,0.0,0.4000000059604645,0.10000000149011612,0.10000000149011612,2.0,500.0,200.0,0.9900000095367432,300000.0,5000.0,45000.0,20000.0,0.019999999552965164,2.0,0.05000000074505806,0.019999999552965164,6.0,0.05000000074505806,0.019999999552965164,0.019999999552965164,88.30000305175781,0.10000000149011612,0.800000011920929,0.05000000074505806,0.009999999776482582,50.0,50.0,340.0,340.0,1000000.0,1,1,1,1,1,1,1,1,1,1,0,0,0,1,1,0,1.0,0.0,0.0,0.0,0.0004079999926034361,0.0,0.0,0.0,0.9181001782417297,0.9181001782417297,0.9181001782417297,5000.3994140625,3905176.5,3910177.0,50.0,27.616106033325195,0.4000000059604645,0.0,0.0,0.10000000149011612,0.1599082499742508,1.0,45000.0,20.0,29.242813110351562,778991.625,33.33245086669922,4588.94970703125,721.2213745117188,0.7789916396141052,0.9180740118026733,9.47362995147705,1.0,3221034.0,3304317.0,9.718579292297363,20.0,0.2748345136642456,27.48345184326172,0.0,636.4223022460938,411.4300842285156,100000.0,50000.0,1115.300048828125,50000.0,700.0,2000.0,2800000.0,3500000.0,4000000.0,9.999999747378752e-05,4.999999873689376e-05,500.0,20000.0,100.0,500.0,60000.0,1200.0,1.0,120.0,150000.0,3000.0,300.0,1.0,300.0,0.019999999552965164,0.019999999552965164,0.009999999776482582,0.009999999776482582,0.009999999776482582,0.019999999552965164,1.100000023841858,0.019999999552965164,4.0,0.019999999552965164,88.0,1613.0,0.009999999776482582,0.20000000298023224,3.0,5.0,600.0,0.0010000000474974513,88.0,88.0,2000.0,2340.0,-0.11599799990653992,-0.03561130166053772,-0.04758000001311302,-0.01752999983727932,0,0,0,0,0,1,0,519.1250610351562,519.1250610351562,2.0848388671875,2.0848388671875,0.0167832151055336,31.42770004272461,164.21104431152344,1592.06591796875,1043.425537109375,792.8488159179688,792.8488159179688,3.18414306640625,3.18414306640625,1593.20166015625,538.3270874023438,0.0,0.0,2664602.75,20.00048065185547,20.00048065185547,156.18472290039062,156.18472290039062,65714.1953125,65714.1953125,1.0952365398406982,1.0952365398406982,113.725341796875,113.725341796875,24.998640060424805,24.998640060424805,104596.8203125,104596.8203125,25.008432388305664,155.3787078857422,158.3846893310547,2645033.5,20.00048065185547,20.00048065185547,226.25738525390625,226.25738525390625,155.85414123535156,155.85414123535156,652109.375,652109.375,0.0,114.28384399414062,114.28384399414062,228.58447265625,160158.84375,160158.84375,1.067725658416748,1.067725658416748,225.6068572998047,155.85414123535156,272.467041015625,136.2335205078125,136.2335205078125,203.17697143554688,203.17697143554688,406.35394287109375,0.0,0.0,0.0,136.20989990234375,136.20989990234375,203.17697143554688,203.17697143554688,0.026315800845623016,13.040471076965332,0.20000000298023224,0.8228506445884705,0.8691988587379456,0.822232186794281,0.4923718571662903,0.40619999170303345,0.4931030869483948,0.9599996209144592,1.0,1.0,1.0,0.9999998211860657,0.9999998211860657,0.9999998211860657,190841.5625,193242.0625,0.0,0.0,0.0,0.0,0.0,0.0,0.0,296.3810119628906,297.7510070800781,0.0,190773.5625,190773.5625,0.0,0.0,0.0,0.0,0.8589837551116943,0.8589837551116943,0.8589837551116943,0.8640750646591187,1185677.125,0.9959999918937683,0.9959999918937683,0.9959999918937683,0.9959999918937683,5643255.0,2753623.5,7341293.5,8396608.0,2606300.0,4010389.75,0.003905176417902112,0.007820353843271732,1042.4197998046875,528.31201171875,528.7979736328125,528.0077514648438,330.53106689453125,360.3818359375,330.0641174316406,197.78094482421875,168.4161376953125,197.94363403320312,1592.0826416015625,1042.4315185546875,348.73333740234375,348.73333740234375,348.73333740234375,505.8118896484375,505.8118896484375,505.8118896484375,2.999929428100586,0.8128805160522461,0.8614855408668518,2.9999279975891113,5.0,0.0040000081062316895,0.0040000081062316895,0.0040000081062316895,0.0040000081062316895,0.0,-0.4368000030517578,0.0,599985.875,164.21104431152344,164.21104431152344,0.0,20.0,2783906.0,7.25,12.0,10.25,224.8088836669922,224.8088836669922,224.8088836669922,0.0,0.0,0.7926306128501892,0.9211652278900146,10000.0,10000.0,0.011826000176370144,1038.5,0.027953999117016792,0.0,0.0,1.0878000259399414,1.0809999704360962,9.000000136438757e-05,103.0,33.220001220703125,1.8179999589920044,0.029999999329447746,49.0,8.329999923706055,4.159999847412109,58.0,302.0,4.5,0.699999988079071,0.4000000059604645,7.5,1.3799999952316284,2.492000102996826,7000.0,48.88999938964844,1.2000000476837158,45.0,62000.0,4590000.0,4250000.0,15900000.0,15100000.0,0.05000000074505806,0.17000000178813934,0.009999999776482582,15220000.0,1.6699999570846558,312.7799987792969,1.1100000143051147,4232.0,0.25,689000.0,4030000.0,9.829999923706055,8.550000190734863,12200000.0,231.10000610351562,88.3239974975586,633.0,1.1430000066757202,0.6858000159263611,-10.0,-3.7799999713897705,0.7799999713897705,295.5,4030000.0,12400000.0,0.9200000166893005,5.0,0,0,0,228,157,0,0,0,0,0,0,0,0,1,1,0,0,1,1,1,0,1,1,0,1,0,0,1,1,1,0,0,0,0,0,0,0,0,0,0,0,0,1,0,0.8861477971076965,6192181.0,1.0877995491027832,0.9562985301017761,0.9991180300712585,306.1455383300781,32.738739013671875,-0.0023737563751637936,1,1,1,0,0,0,1,1,0,0,0,0,0,341,0.20000000298023224,0.20000000298023224,0.20000000298023224,0.0,2,0,0,0,0,0,0,0,0,0,0,0,0,0,0,0,0,0,0,0,0,0,0,0,0,0,0,0,0,0,0,0,0,0,0,0,0,0,0,0,0,0,0,0,0,0,0,0,0,0,0,1,0,0,0,0,0,0,0,0,0,0,0,0,0,0,0,0,0,0,0,0,0,0,0,0,0,0,0,0,0,0,0,0,0,0,0,0,0,0,0,0,0,0,0,0,0,0,0,0,0,0,0,0,0,0,0,0,0,0,0,0,0,0,0,0,0,0,0,0,0,0,0,0,0,0,0,0,0,0,0,0,0,0,0,0,0,0,0,0,0,0,0,1,0,0,0,0,0,0,0,0,0,0,0,-1,0,0,0,0,0,0,1,1,0,0,88.61477661132812,-3.4022626876831055,0.0,-0.5233882069587708,-1.6815581571897805e-44,308.9295959472656,306.1455383300781,687.6935424804688,-0.00014212221140041947,99.28733825683594,2664.352783203125,1.0877995491027832,0.9991180300712585,-1.0,2.7840576171875,6.827850029367255e-06,0.023588230833411217,100.0,27.0,0.0,7.799991607666016,3.771890878677368,1.0,1.0,38.521488189697266,0.26181650161743164,20.0,3.063248368562199e-05,0.0,74.03630828857422,1.732959508895874,1.8179994821548462,0.00036938843550160527,0.6817498207092285,0.5432107448577881,28.279939651489258,8.91978931427002,19.04007339477539,17.472352981567383,0.5952306985855103,46.130897521972656,44.898040771484375,256.0675964355469,127.6393051147461,0.9592976570129395,322.2767028808594,40.007659912109375,0.29459047317504883,289.77337646484375,289.793212890625,289.76141357421875,322.4526062011719,322.6397399902344,322.4528503417969,100.0,4.750007629394531,51.5111198425293,139.78244018554688,306.11297607421875,306.21649169921875,306.10711669921875,340.32830810546875,46.761112213134766,33.45733642578125,139.78244018554688,0.0,0.9545602798461914,0.9594470262527466,0.9549168348312378,89.6142349243164,89.59590911865234,89.52311706542969,63.18860626220703,63.1875,63.18563461303711,51.44324493408203,51.42718505859375,51.288883209228516,99.06645965576172,98.82666778564453,98.822998046875,1900.827880859375,1903.672607421875,1901.9232177734375,512.6292114257812,513.9846801757812,512.1663208007812,29.0,0.0,48.0,0.4931030869483948,0.6577857732772827,0.40619999170303345,0.6953591108322144,0.4923718571662903,0.6582805514335632,41.0,78.36749267578125,62.658042907714844,225.6068572998047,96.18695831298828,9.999999974752427e-07,85.6798324584961,0.6331706047058105,155.3787078857422,0.9894139766693115,721.2213745117188,39.899837493896484,31.42770004272461,1.0,9.47362995147705,77.89916229248047,0.0,0.9718579053878784,20.0,0.0,60.0,120.0,22.0,120.0,3.433502435684204,0.0,0.0,970.9891967773438,18.088916778564453,89.19789123535156,2.0,200.0,0,0,228,228,228,228,220,228,228,228,157,0,99999,99999,11,402,1800,180,1800,998,20,970,88,23,0,0,0,806,1424,29,31,32,0,0,0,0,0,0,0,0,0,0,0,0,0,0,1,0,0,0,0,1,1,1,0,1,0,0,0,1,0,0,0,0,0,0,0,0,0,0,0,0,1,0,1,0,0,1,1,0,1,0,1,0,1,0,0,0,1,1,0,1,0,1,0,0,0,1,1,1,0,0,1,0,1,0,0,0,0,1,1,0,0,1,0,0,0,1,0,0,0,0,0,0,1,0,0,0,1,1,0,0,1,0,1,0,1,0,1,0,0,0,1,0,1,1,1,0,0,1,0,0,0,0,0,1,1,1,0,0,0,0,0,0,0,0,0,0,0,1,0,1,0,1,0,0,0,0,0,0,0,0,0,1,0,1,0,1,0,1,1,1,1,1,1,1,0,0,0,0,0,0,1,0,1,1,1,1,1,1,1,1,1,1,1,1,0,0,1,1,0,0,1,1,0,1,0,1,0,1,1,0,0,0,0,0,0,0,0,1,1,0,0,1,0,1,1,1,0,1,0,0,1,1,0,1,1,1,0,1,1,0,1,0,1,1,0,0,0,0,0,0,1,1,1,1,0,0,0,0,0,0,0,0,1,0,0,0,0,0,0,0,0,0,0,0,0,0,0,0,0,0,0,0,0,0,0,0,0,0,0,0,0,0,0,0,0,0,0,0,0,0,0,0,0,0,0,0,0,0,0,0,0,0,0,0,0,0,0,1,0,0,0,1,1,0,0,0,0,0,0,0,0,0,0,0,0,0,1,0,0,0,0,0,0,0,0,0,0,0,0,0,0,0,0,0,0,0,0,0,0,0,0,0,0,0,0,0,0,0,0,0,0,0,0,0,0,0,0,0,0,0,0,0,0,0,0,0,0,0,0,0,0,0,0,0,0,0,0,0,0,0,0,1,0,1,0,0,0,0,0,1,0,0,0,0,0,0,0,0,0,0,0,0,0,0,0,1,0,0,0,0,0,0,0,0,0,0,0,0,0,0,1,0,0,0,0,0,0,0,0,0,0,1,0,0,0,0,0,0,0,0,0,0,0,0,0,0,0,0,0,0,0,0,0,0,0,0,0,0,0,1,0,0,0,0,0,0,1,1,1,0,0,0,0,0,0,-1,0,0,0,0,0,0,0,0,-1,0,0,-1,0,0,0,0,0,0,0,0,0,0,0,0,0,0,0,0,0,0,1,0,0,0,0,0,0,0,0,0,0,0,0,0,0,0,0,1,1,0,-1,-1,-1,1,1,1,0,0,0,0,1,0,0,1,1,0,0,0,0,1,0,0,0,0,0,0,0,0,0,0,0,0,0,0,0,0,0,0,0,0,0,0,0,0,0,0,0,0,0,1,1,0,1,0,1,1,0,1,0,1,1,0,1,0,0,1,0,0,0,0,0,0,0,0,0,0,0,0,0,0,0,0,0,0,0,0,0,0,0,0,0,0
0,1,1,300,228,8,8,228,114,25,1,0,0.0020000000949949026,4000.0,1.0,0.04500000178813934,25.0,48.0,8.0,291.70001220703125,1.7000000476837158,-3.179999907843012e-07,0.007360000163316727,0.008080000057816505,8.0,0.33000001311302185,0.0333000011742115,1.0,9.999999747378752e-06,21.0,9.999999747378752e-06,2775000064.0,9.000000136438757e-05,4.999999980020986e-13,5.0,40.0,3.0,-3.3499999046325684,3.3499999046325684,0.5,0.0004799999878741801,292.3927001953125,492.6077880859375,-0.0036125299520790577,0.002354159951210022,0.0008944629807956517,0.013157900422811508,0.800646185874939,0.02024419978260994,2650129920.0,0.006539999973028898,228,228,228,228,228,228,228,228,228,228,228,228,228,228,228,228,228,228,228,228,228,228,228,228,220,220,220,220,228,228,228,228,228,228,228,228,228,228,228,228,228,228,228,228,228,228,228,228,228,228,228,228,0,1,4,4,228,228,228,220,228,228,228,228,3,0,0.0004018255276605487,290.4189758300781,624.6067504882812,698.90087890625,777.0526123046875,852.448974609375,968.5223388671875,998.3492431640625,1009.2158203125,996.7372436523438,964.2814331054688,914.6176147460938,845.795654296875,770.5426025390625,695.4039306640625,626.9252319335938,560.1613159179688,506.02716064453125,465.3212890625,437.8753967285156,421.4944763183594,415.2004089355469,416.47503662109375,422.1866149902344,429.20306396484375,434.39263916015625,0.009999264031648636,0.6776714324951172,0.7719395756721497,-0.00014176448166836053,0.7555779218673706,0.9742604494094849,105145.625,3.2442407245980576e-05,0.3114505410194397,0.6889511346817017,0.8852134943008423,0.8856801390647888,0.02235438860952854,1.0,-1.6815581571897805e-44,-3.4027230739593506,0.0,99.28722381591797,2664.3642578125,0.9437101483345032,687.1024780273438,228.0,72.0,30.974836349487305,0.6000000238418579,0.0,308.9230041503906,280639.65625,-0.523335874080658,6.3776116371154785,130.28829956054688,1.279685139656067,7750000.0,8160000.0,86.12000274658203,119.0999984741211,0.5,9.999999747378752e-05,0.0,3.299999952316284,200.0,0.30000001192092896,309.20001220703125,2.439019908706541e-06,0,0,0,1,1,1,0,24,0,306.0673522949219,0.0,0.0,0.0,0.0,0.0,0.0,0.49193739891052246,0.8695316314697266,0.518135666847229,-0.013099133968353271,-0.003666934557259083,-0.004027377348393202,0.5130991339683533,0.5144743323326111,0.5146397948265076,1.0,25.0,24.0,6188532.0,6188717.0,6188824.0,289.6971435546875,289.729248046875,289.708984375,322.3603210449219,322.5481872558594,322.3600769042969,4400000.0,306.02874755859375,306.13873291015625,306.0345458984375,32.663177490234375,32.818939208984375,32.651092529296875,322.1828308105469,4545.2763671875,4545.3076171875,4556.4462890625,12.87635612487793,12.886697769165039,12.889411926269531,11.114990234375,0.0,0.0,0.0020000000949949026,289.7117919921875,322.4228515625,-44.76775360107422,1.6679166555404663,1.6723726987838745,1.6729189157485962,-17.2558650970459,39.0,40.0,42.0,41.0,0.0,0.0,6186699.5,6134987.0,74.24080657958984,5.0,0.014999999664723873,-180000.0,600.0,1000000.0,400000.0,0.17000000178813934,22000.0,786000.0,120000.0,0.0,40.0,30.0,36.810001373291016,0.5,18.399999618530273,50000.0,115692.3984375,15.113750457763672,0,0,1,0,0,0,0,13674657.0,0.0,0.0,0.0,0.0,0.0,-1717353.0,400000.0,1000000.0,1.0,1400000.0,0.0,0.46666669845581055,13682647.0,126869.6328125,13674657.0,340.32940673828125,40.007659912109375,4.661942958831787,-1717353.0,0.0,0.0,0.0,3.338590621948242,40.007659912109375,0.0,22230.939453125,1.2010046243667603,0.0,0.0,0.0,20.0,14.711517333984375,22.0,0.0,0.0,0.0,0.05000000074505806,0.02500000037252903,0.17000000178813934,15400000.0,0.5,6.25,0.0006667000125162303,2.0,2410000.0,4140000.0,4.734799861907959,0.15000000596046448,0.20000000298023224,0.2199999988079071,1.0,0.0,-1.0,0.0,5.0,20.0,30.0,50.0,74.0,80.0,86.0,9.800000190734863,500000.0,1.0499999802959792e-07,0.5,750.0,1000.0,600.0,1000.0,1150.0,32.0,32.0,37.400001525878906,10.0,10.0,0.007000000216066837,0.5049999952316284,82.0,189.26499938964844,0.0,1.5099999904632568,231.60000610351562,20.0,36.0,16.600000381469727,16.5,225.0,-0.1756729930639267,27.5,-0.1756729930639267,30.485509872436523,0.1561516970396042,11.10221004486084,-1.8332500457763672,-75.0,4.3520002365112305,9.800000190734863,189.26499938964844,93.30000305175781,2650000.0,0.8500000238418579,7.570000171661377,0,1,0,0,0,0,0,0,0,0,0,1,3,3,0,0,1,1,0,0,0,0,0,0,0,0,0,0,1,0,0,0,0,0,0,0,0,0,0,1,0,0,0,0,0,0,0,0,0,0,12.055051803588867,29057.025390625,2153.699951171875,0.00041487993439659476,0.0004361289902590215,0.0006248649442568421,1.0,1.0,0.0,0.0,0.0,0.5959641933441162,0.5860142111778259,1.0,0.0,0.0,0.0,1.0,0.0,0.0,1.0,1.0,0.0,1.0,1.0,0.006933808326721191,0.0,1.0,0.0,0.6281563639640808,0.6331718564033508,0.00041487993439659476,0.0,0.0,0.0,99998.78125,99999.0,2770169.5,2410000.0,36.20000076293945,36.20000076293945,36.20000076293945,32.48219299316406,255.78433227539062,127.4245376586914,46.05971145629883,26.394527435302734,36.90980529785156,27.0,28.294513702392578,27.0,0.0,32.0,20.0,68.57752227783203,3446668.0,0.5432107448577881,3.7799999713897705,4.860735893249512,8.91978931427002,0.0,0.0,0.0,1.401298464324817e-45,5.285328388214111,5.285328388214111,0.5049998760223389,0.5049998760223389,0.5049998760223389,0.18937495350837708,0.18937495350837708,0.18937495350837708,0.0,0.0,0.0,0.0,0.0,0.0,5.294999599456787,0.0,0.0,0.0,0.0,0.0,0.0,100.0,74.03437805175781,0.5140475630760193,0.0,20.0,0.0,5.24868106842041,5.8003058433532715,0.0,0.0,0.0,0.007000000216066837,0.0,0.0,10.15208625793457,0.0,1.7329403162002563,1.401298464324817e-45,5.807610511779785,0.0,0.0,0.0,0.0,0.0,0.0,20.0,0.0,0.0,13373595.0,0.0,0.0,0.0,0.0,0.0,0.0,0.0,0.351500004529953,18.93000030517578,23.030000686645508,7.69199959904654e-06,0.08500000089406967,0.009999999776482582,24.0,27.0,8.800000190734863,500000.0,0.05000000074505806,2.7000000013543968e-09,2.7000000013543968e-09,145100.0,120000.0,14650000.0,86400.0,17.0,34.5,48.70000076293945,321.8999938964844,83170.0,0.0,1.0,1.0,0.0010000000474974513,725.0,0.0,0.5,0.0,0.0,57.31999969482422,837142.875,9359.77734375,117376.1015625,2623.89794921875,83026.390625,725.0,1.0204100362898316e-05,740000000.0,1,0,1,0,1,0,1,0,0,0,0,8.799991607666016,27.0,3096.342529296875,0.0,0.0,0.0,0.0,1.243762493133545,0.00040165192331187427,0.0,0.023817066103219986,38.55283737182617,1.0,25667.046875,5968.58203125,3.0929757485864684e-05,2502168320.0,4123495424.0,2747504640.0,4142807296.0,-73.53604125976562,41.5989990234375,-205904064.0,-19312224.0,5.807610511779785,1529.5325927734375,79.3436508178711,1487.93359375,106381.3984375,3949.84130859375,145847.859375,161921.921875,123667.046875,38.80007553100586,38.55283737182617,38.55283737182617,1.0,3.0929757485864684e-05,5968.58203125,925698818048.0,0.19973978400230408,137600.0,137600.0,95938368.0,74.29801940917969,6280.80126953125,1.0,0.0,1700.0,250000.0,10000.0,1038.0,0.004999999888241291,400.0,5000.0,0,0,0,0,2960611.75,64.30406951904297,64.30406951904297,1220498.0,2784282.5,1.0,1.0,1215107.875,227.42564392089844,6136821.5,1.0,0.9892702698707581,1.0,1.0,1027.728271484375,276.18988037109375,188.80255126953125,123.92674255371094,6036682.5,805576.9375,188.80255126953125,1.0,1.0,1.0,133.4539794921875,1536.3192138671875,787.2499389648438,0.0,0.0,0.0,7680000.0,509.32452392578125,511.16217041015625,512.2400512695312,0.0,2784282.5,0.0,128.60813903808594,0.0,0.0,276.9703063964844,1.0,0.0,-7.5742998123168945,0.0,5.605193857299268e-45,9.999999974752427e-07,0.0,2.0,0.0003000000142492354,0.004999999888241291,0.0010000000474974513,2.0000000233721948e-07,2.0000000233721948e-07,0.0005555999814532697,993000000.0,1.0,0.05000000074505806,0.10000000149011612,0.0005000000237487257,0.0016700000269338489,0.009999999776482582,1.0,1.0,0.0010000000474974513,4.999999873689376e-05,0.00039999998989515007,0.019999999552965164,0.9891999959945679,0.9891999959945679,0.9950000047683716,0.9950000047683716,1,0,0,0,0,1,0,0,1,0,1,0,0,0,0.9774618744850159,970619648.0,61996.79296875,4767162.0,1139.9278564453125,2546110.0,1412.34765625,1.0,2331195.0,0.9742407202720642,1.0,60.0,180.0,1800.0,1800.0,1.0047005414962769,0.019808992743492126,1.0,1.0,-0.012236599810421467,0.0,0.0,0.0,0.0,-0.00018870830535888672,6.602997746085748e-05,0.0,0.0,6.602997746085748e-05,0.0,6.602997746085748e-05,6.602997746085748e-05,0.0,7.006492321624085e-44,1,1,0,1,1,1,0,1,1,0,1,0,1,1,1,1,1,1,1,1,0,1000,1000,0,1,5001,5001,220.0,3432.3857421875,120.0,120.0,60.0,0.0,0.4000000059604645,0.10000000149011612,0.10000000149011612,2.0,500.0,200.0,0.9900000095367432,300000.0,5000.0,45000.0,20000.0,0.019999999552965164,2.0,0.05000000074505806,0.019999999552965164,6.0,0.05000000074505806,0.019999999552965164,0.019999999552965164,88.30000305175781,0.10000000149011612,0.800000011920929,0.05000000074505806,0.009999999776482582,50.0,50.0,340.0,340.0,1000000.0,1,1,1,1,1,1,1,1,1,1,0,0,0,1,1,0,1.0,0.0,0.0,0.0,0.0003902812604792416,0.0,0.0,0.0,0.9180978536605835,0.9180978536605835,0.9180978536605835,5000.400390625,3905328.75,3910329.25,50.0,27.616079330444336,0.4000000059604645,0.0,0.0,0.10000000149011612,0.1598130613565445,1.0,45000.0,20.0,29.241243362426758,778993.875,33.33015823364258,4588.94677734375,721.2213745117188,0.7789939045906067,0.9180688261985779,9.473602294921875,1.0,3221025.0,3304317.0,9.718579292297363,20.0,0.27486446499824524,27.486446380615234,0.0,636.4223022460938,411.4690246582031,100000.0,50000.0,1115.300048828125,50000.0,700.0,2000.0,2800000.0,3500000.0,4000000.0,9.999999747378752e-05,4.999999873689376e-05,500.0,20000.0,100.0,500.0,60000.0,1200.0,1.0,120.0,150000.0,3000.0,300.0,1.0,300.0,0.019999999552965164,0.019999999552965164,0.009999999776482582,0.009999999776482582,0.009999999776482582,0.019999999552965164,1.100000023841858,0.019999999552965164,4.0,0.019999999552965164,88.0,1613.0,0.009999999776482582,0.20000000298023224,3.0,5.0,600.0,0.0010000000474974513,88.0,88.0,2000.0,2340.0,-0.11599799990653992,-0.03561130166053772,-0.04758000001311302,-0.01752999983727932,0,0,0,0,0,1,0,519.0126342773438,519.0126342773438,2.08441162109375,2.08441162109375,0.016777221113443375,31.427684783935547,164.2108612060547,1591.7752685546875,1043.2232666015625,792.7041015625,792.7041015625,3.18353271484375,3.18353271484375,1592.94384765625,538.2230834960938,0.0,0.0,2664550.5,20.00048065185547,20.00048065185547,156.18191528320312,156.18191528320312,65713.9765625,65713.9765625,1.0952329635620117,1.0952329635620117,113.71282196044922,113.71282196044922,24.9986515045166,24.9986515045166,104596.8671875,104596.8671875,25.008441925048828,155.37608337402344,158.38290405273438,2645056.5,20.00048065185547,20.00048065185547,226.24412536621094,226.24412536621094,155.85240173339844,155.85240173339844,652102.125,652102.125,0.0,114.27955627441406,114.27955627441406,228.57589721679688,160157.78125,160157.78125,1.067718505859375,1.067718505859375,225.5955047607422,155.85240173339844,272.37225341796875,136.18612670898438,136.18612670898438,203.155517578125,203.155517578125,406.31103515625,0.0,0.0,0.0,136.16220092773438,136.16220092773438,203.155517578125,203.155517578125,0.026315800845623016,13.039780616760254,0.20000000298023224,0.8219985961914062,0.8683581948280334,0.8213739395141602,0.49193739891052246,0.4057796597480774,0.49267280101776123,0.9599996209144592,1.0,1.0,1.0,0.9999998211860657,0.9999998211860657,0.9999998211860657,190841.296875,193242.0625,0.0,0.0,0.0,0.0,0.0,0.0,0.0,296.3810119628906,297.7510070800781,0.0,190776.25,190776.25,0.0,0.0,0.0,0.0,0.8586287498474121,0.8586287498474121,0.8586287498474121,0.8642499446868896,1185409.0,0.9959999918937683,0.9959999918937683,0.9959999918937683,0.9959999918937683,5639714.0,2754173.75,7339547.0,8393611.0,2606300.0,4010694.75,0.0039053286891430616,0.007820658385753632,1042.194091796875,528.1340942382812,528.6355590820312,527.8261108398438,330.4007873535156,360.2789306640625,329.9293518066406,197.73330688476562,168.35662841796875,197.89675903320312,1591.7919921875,1042.205810546875,348.680419921875,348.680419921875,348.680419921875,505.2879333496094,505.2879333496094,505.2879333496094,2.9999325275421143,0.8117061257362366,0.8614575862884521,2.9999308586120605,5.0,0.0040000081062316895,0.0040000081062316895,0.0040000081062316895,0.0040000081062316895,0.0,-0.4368000030517578,0.0,599986.5,164.2108612060547,164.2108612060547,0.0,20.0,2783931.5,7.25,12.0,10.25,224.7996063232422,224.7996063232422,224.7996063232422,0.0,0.0,0.7926306128501892,0.9211652278900146,10000.0,10000.0,0.011826000176370144,1038.5,0.027953999117016792,0.0,0.0,1.0878000259399414,1.0809999704360962,9.000000136438757e-05,103.0,33.220001220703125,1.8179999589920044,0.029999999329447746,49.0,8.329999923706055,4.159999847412109,58.0,302.0,4.5,0.699999988079071,0.4000000059604645,7.5,1.3799999952316284,2.492000102996826,7000.0,48.88999938964844,1.2000000476837158,45.0,62000.0,4590000.0,4250000.0,15900000.0,15100000.0,0.05000000074505806,0.17000000178813934,0.009999999776482582,15220000.0,1.6699999570846558,312.7799987792969,1.1100000143051147,4232.0,0.25,689000.0,4030000.0,9.829999923706055,8.550000190734863,12200000.0,231.10000610351562,88.3239974975586,633.0,1.1430000066757202,0.6858000159263611,-10.0,-3.7799999713897705,0.7799999713897705,295.5,4030000.0,12400000.0,0.9200000166893005,5.0,0,0,0,228,157,0,0,0,0,0,0,0,0,1,1,0,0,1,1,1,0,1,1,0,1,0,0,1,1,1,0,0,0,0,0,0,0,0,0,0,0,0,1,0,0.8852134943008423,6188532.0,1.0877995491027832,0.9557538628578186,0.9989354610443115,306.0934753417969,32.7200927734375,-0.0023599753621965647,1,1,1,0,0,0,1,1,0,0,0,0,0,343,0.20000000298023224,0.20000000298023224,0.20000000298023224,0.0,2,0,0,0,0,0,0,0,0,0,0,0,0,0,0,0,0,0,0,0,0,0,0,0,0,0,0,0,0,0,0,0,0,0,0,0,0,0,0,0,0,0,0,0,0,0,0,0,0,0,0,1,0,0,0,0,0,0,0,0,0,0,0,0,0,0,0,0,0,0,0,0,0,0,0,0,0,0,0,0,0,0,0,0,0,0,0,0,0,0,0,0,0,0,0,0,0,0,0,0,0,0,0,0,0,0,0,0,0,0,0,0,0,0,0,0,0,0,0,0,0,0,0,0,0,0,0,0,0,0,0,0,0,0,0,0,0,0,0,0,0,0,0,1,0,0,0,0,0,0,0,0,0,0,0,-1,0,0,0,0,0,0,1,1,0,0,88.52134704589844,-3.4027230739593506,0.0,-0.523335874080658,-1.6815581571897805e-44,308.9230041503906,306.0934753417969,687.1024780273438,-0.00014176448166836053,99.28722381591797,2664.3642578125,1.0877995491027832,0.9989354610443115,-1.0,2.82952880859375,6.827850029367255e-06,0.023817066103219986,100.0,27.0,0.0,7.799991607666016,3.7758712768554688,1.0,1.0,38.55283737182617,0.2619091272354126,20.0,3.0929757485864684e-05,0.0,74.03437805175781,1.7329403162002563,1.8179994821548462,0.00036938843550160527,0.6817498207092285,0.5432107448577881,28.267087936401367,8.91978931427002,19.02718162536621,17.49864959716797,0.5959641933441162,46.05971145629883,44.898040771484375,255.78433227539062,127.4245376586914,0.9591257572174072,322.2142333984375,40.007659912109375,0.29459047317504883,289.7305908203125,289.7506103515625,289.71856689453125,322.3909912109375,322.578857421875,322.39117431640625,100.0,4.738086700439453,51.404754638671875,139.61911010742188,306.060791015625,306.16473388671875,306.05487060546875,340.32916259765625,46.66667175292969,33.409725189208984,139.61911010742188,0.0,0.9540102481842041,0.9589130878448486,0.9543668627738953,89.626708984375,89.6080322265625,89.53580474853516,63.15138244628906,63.15028762817383,63.14840316772461,51.4639778137207,51.44743347167969,51.309913635253906,99.06023406982422,98.81881713867188,98.81717681884766,1900.1739501953125,1903.0880126953125,1901.28271484375,512.3718872070312,513.7388916015625,511.9013366699219,29.0,0.0,48.0,0.49267280101776123,0.657099187374115,0.4057796597480774,0.6946865916252136,0.49193739891052246,0.6575989127159119,41.0,78.36749267578125,62.62074279785156,225.5955047607422,96.14012908935547,9.999999974752427e-07,85.64924621582031,0.6332564353942871,155.37608337402344,0.9892702698707581,721.2213745117188,39.90139389038086,31.427684783935547,1.0,9.473602294921875,77.8993911743164,0.0,0.9718579053878784,20.0,0.0,60.0,120.0,22.0,120.0,3.4323859214782715,0.0,0.0,970.61962890625,18.088916778564453,89.19789123535156,2.0,200.0,0,0,228,228,228,228,220,228,228,228,157,0,99999,99999,11,402,1800,180,1800,998,20,970,88,23,0,0,0,806,1424,29,31,32,0,0,0,0,0,0,0,0,0,0,0,0,0,0,1,0,0,0,0,1,1,1,0,1,0,0,0,1,0,0,0,0,0,0,0,0,0,0,0,0,1,0,1,0,0,1,1,0,1,0,1,0,1,0,0,0,1,1,0,1,0,1,0,0,0,1,1,0,0,0,1,0,1,0,0,0,0,0,1,0,0,1,0,0,0,1,0,0,0,0,0,0,1,0,0,0,1,1,0,0,1,0,1,0,1,0,1,0,0,0,1,0,1,1,1,0,0,1,0,0,0,0,0,1,1,1,0,0,0,0,0,0,0,0,0,0,0,1,0,1,0,1,0,0,0,0,0,0,0,0,0,1,0,1,0,1,0,1,1,1,1,1,1,1,0,0,0,0,0,0,1,0,1,1,1,1,1,1,1,1,1,1,1,0,0,0,1,1,0,0,1,1,0,1,0,1,0,1,1,0,0,0,0,0,0,0,0,1,1,0,0,1,0,1,1,1,0,1,0,0,1,1,0,1,1,1,0,1,1,0,1,0,1,1,0,0,0,0,0,0,1,1,1,1,0,0,0,0,0,0,0,0,0,0,0,0,0,0,0,0,0,0,0,0,0,0,0,0,0,0,0,0,0,0,0,0,0,0,0,0,0,0,0,0,0,0,0,0,0,0,0,0,0,0,0,0,0,0,0,0,0,0,0,0,0,0,0,0,0,0,0,0,0,0,0,0,0,0,0,0,0,0,0,0,0,0,1,0,0,0,0,0,0,0,0,0,0,0,0,0,0,0,0,0,0,0,0,0,0,0,0,0,0,0,0,0,0,0,0,0,0,0,0,0,0,0,0,0,0,0,0,0,0,0,0,0,0,0,0,0,0,0,0,0,0,0,0,0,0,0,0,1,0,1,0,0,0,0,0,1,0,0,0,0,0,0,0,0,0,0,0,0,0,0,0,1,0,0,0,0,0,0,0,0,0,0,0,0,0,0,1,0,0,0,0,0,0,0,0,0,0,1,0,0,0,0,0,0,0,0,0,0,0,0,0,0,0,0,0,0,0,0,0,0,0,0,0,0,0,1,0,0,0,0,0,0,1,1,1,0,0,0,0,0,0,-1,0,0,0,0,0,0,0,0,-1,0,0,-1,0,0,0,0,0,0,0,0,0,0,0,0,0,0,0,0,0,0,1,0,0,0,0,0,0,0,0,0,0,0,0,0,0,0,0,1,1,0,-1,-1,-1,1,1,1,0,0,0,0,1,0,0,1,1,0,0,0,0,1,0,0,0,0,0,0,0,0,0,0,0,0,0,0,0,0,0,0,0,0,0,0,0,0,0,0,0,0,0,1,1,0,1,0,1,1,0,1,0,1,1,0,1,0,0,1,0,0,0,0,0,0,0,0,0,0,0,0,0,0,0,0,0,0,0,0,0,0,0,0,0,0
0,1,1,300,228,8,8,228,114,25,1,0,0.0020000000949949026,4000.0,1.0,0.04500000178813934,25.0,48.0,8.0,291.70001220703125,1.7000000476837158,-3.179999907843012e-07,0.007360000163316727,0.008080000057816505,8.0,0.33000001311302185,0.0333000011742115,1.0,9.999999747378752e-06,21.0,9.999999747378752e-06,2775000064.0,9.000000136438757e-05,4.999999980020986e-13,5.0,40.0,3.0,-3.3499999046325684,3.3499999046325684,0.5,0.0004799999878741801,292.3927001953125,492.6077880859375,-0.0036125299520790577,0.002354159951210022,0.0008944629807956517,0.013157900422811508,0.800646185874939,0.02024419978260994,2650129920.0,0.006539999973028898,228,228,228,228,228,228,228,228,228,228,228,228,228,228,228,228,228,228,228,228,228,228,228,228,220,220,220,220,228,228,228,228,228,228,228,228,228,228,228,228,228,228,228,228,228,228,228,228,228,228,228,228,0,1,4,4,228,228,228,220,228,228,228,228,3,0,0.00040182642987929285,290.35693359375,623.929443359375,698.009521484375,775.9353637695312,851.1142578125,966.859375,996.6121215820312,1007.4708251953125,995.0505981445312,962.704833984375,913.1900024414062,844.5616455078125,769.5087890625,694.5616455078125,626.2504272460938,559.6375732421875,505.61981201171875,464.9984130859375,437.60980224609375,421.2665710449219,414.9935607910156,416.27691650390625,421.9898376464844,429.00555419921875,434.1973571777344,0.010254326276481152,0.6766144037246704,0.771938145160675,-0.00014140954590402544,0.7555820345878601,0.9738115668296814,104981.6875,3.238897625124082e-05,0.3110666573047638,0.6878537535667419,0.8838249444961548,0.8842875361442566,0.022355038672685623,1.0,-1.6815581571897805e-44,-3.4034063816070557,0.0,99.28701782226562,2664.382080078125,0.9437152743339539,686.223876953125,228.0,72.0,31.790239334106445,0.20000000298023224,0.0,308.9128723144531,280640.21875,-0.523260235786438,6.375885009765625,130.28829956054688,1.2803441286087036,7750000.0,8160000.0,86.12000274658203,119.0999984741211,0.5,9.999999747378752e-05,0.0,3.299999952316284,200.0,0.30000001192092896,309.20001220703125,2.439019908706541e-06,0,0,0,1,1,1,0,24,0,305.988525390625,0.0,0.0,0.0,0.0,0.0,0.0,0.49128180742263794,0.8693867325782776,0.5181143879890442,-0.013416290283203125,-0.0037987069226801395,-0.004172682762145996,0.5134162902832031,0.5147790908813477,0.5149521827697754,1.0,25.0,24.0,6183014.0,6183201.0,6183307.0,289.632080078125,289.6644287109375,289.6441650390625,322.2672119140625,322.4564208984375,322.26678466796875,4400000.0,305.94964599609375,306.0604248046875,305.9554748535156,32.6351318359375,32.7919921875,32.62261962890625,322.0889892578125,4544.8837890625,4544.79052734375,4556.02734375,12.879114151000977,12.889325141906738,12.892117500305176,11.0733642578125,0.0,0.0,0.0020000000949949026,289.6468811035156,322.33013916015625,-44.83527374267578,1.6689499616622925,1.6733647584915161,1.6739357709884644,-17.439523696899414,39.0,40.0,42.0,41.0,0.0,0.0,6181164.0,6129442.0,74.08875274658203,5.0,0.014999999664723873,-180000.0,600.0,1000000.0,400000.0,0.17000000178813934,22000.0,786000.0,120000.0,0.0,40.0,30.0,36.810001373291016,0.5,18.399999618530273,50000.0,115692.3984375,15.113750457763672,0,0,1,0,0,0,0,13650715.0,0.0,0.0,0.0,0.0,0.0,-1741312.0,400000.0,1000000.0,1.0,1400000.0,0.0,0.4652487337589264,13658688.0,126869.6328125,13650715.0,340.3306884765625,40.007659912109375,4.647758483886719,-1741312.0,0.0,0.0,0.0,3.33143949508667,40.007659912109375,0.0,22230.939453125,1.2010046243667603,0.0,0.0,0.0,20.0,14.711517333984375,22.0,0.0,0.0,0.0,0.05000000074505806,0.02500000037252903,0.17000000178813934,15400000.0,0.5,6.25,0.0006667000125162303,2.0,2410000.0,4140000.0,4.734799861907959,0.15000000596046448,0.20000000298023224,0.2199999988079071,1.0,0.0,-1.0,0.0,5.0,20.0,30.0,50.0,74.0,80.0,86.0,9.800000190734863,500000.0,1.0499999802959792e-07,0.5,750.0,1000.0,600.0,1000.0,1150.0,32.0,32.0,37.400001525878906,10.0,10.0,0.007000000216066837,0.5049999952316284,82.0,189.26499938964844,0.0,1.5099999904632568,231.60000610351562,20.0,36.0,16.600000381469727,16.5,225.0,-0.1756729930639267,27.5,-0.1756729930639267,30.485509872436523,0.1561516970396042,11.10221004486084,-1.8332500457763672,-75.0,4.3520002365112305,9.800000190734863,189.26499938964844,93.30000305175781,2650000.0,0.8500000238418579,7.570000171661377,0,1,0,0,0,0,0,0,0,0,0,1,3,3,0,0,1,1,0,0,0,0,0,0,0,0,0,0,1,0,0,0,0,0,0,0,0,0,0,1,0,0,0,0,0,0,0,0,0,0,12.05487060546875,29056.6875,2153.699951171875,0.00041487853741273284,0.0004361289902590215,0.0006248649442568421,1.0,1.0,0.0,0.0,0.0,0.5970585942268372,0.5871483683586121,1.0,0.0,0.0,0.0,1.0,0.0,0.0,1.0,1.0,0.0,1.0,1.0,0.006690680980682373,0.0,1.0,0.0,0.6277258396148682,0.632793128490448,0.00041487853741273284,0.0,0.0,0.0,99998.78125,99999.0,2768271.0,2410000.0,36.20000076293945,36.20000076293945,36.20000076293945,32.484745025634766,255.36033630371094,127.10356903076172,45.95346450805664,26.399412155151367,36.87303161621094,27.0,28.284076690673828,27.0,0.0,32.0,20.0,68.57752227783203,3446668.0,0.5432119369506836,3.7799999713897705,4.871642112731934,8.919788360595703,0.0,0.0,0.0,1.401298464324817e-45,5.279970169067383,5.279970169067383,0.5049998760223389,0.5049998760223389,0.5049998760223389,0.18937495350837708,0.18937495350837708,0.18937495350837708,0.0,0.0,0.0,0.0,0.0,0.0,5.294999599456787,0.0,0.0,0.0,0.0,0.0,0.0,100.0,74.03141784667969,0.5124403238296509,0.0,20.0,0.0,5.244643688201904,5.811252117156982,0.0,0.0,0.0,0.007000000216066837,0.0,0.0,10.163012504577637,0.0,1.7329111099243164,1.401298464324817e-45,5.818516731262207,0.0,0.0,0.0,0.0,0.0,0.0,20.0,0.0,0.0,13349635.0,0.0,0.0,0.0,0.0,0.0,0.0,0.0,0.351500004529953,18.93000030517578,23.030000686645508,7.69199959904654e-06,0.08500000089406967,0.009999999776482582,24.0,27.0,8.800000190734863,500000.0,0.05000000074505806,2.7000000013543968e-09,2.7000000013543968e-09,145100.0,120000.0,14650000.0,86400.0,17.0,34.5,48.70000076293945,321.8999938964844,83170.0,0.0,1.0,1.0,0.0010000000474974513,725.0,0.0,0.5,0.0,0.0,57.31999969482422,837142.875,9359.77734375,117376.1015625,2623.89794921875,83026.390625,725.0,1.0204100362898316e-05,740000000.0,1,0,1,0,1,0,1,0,0,0,0,8.799991607666016,27.0,3140.890869140625,0.0,0.0,0.0,0.0,1.2616631984710693,0.0004016572202090174,0.0,0.024159731343388557,38.59954833984375,1.0,25680.625,6050.0908203125,3.137489693472162e-05,2498491648.0,4119704064.0,2744346880.0,4139806976.0,-73.36408996582031,41.89794921875,-206550576.0,-20102656.0,5.818516731262207,1528.7340087890625,79.18260955810547,1486.8360595703125,106381.3984375,3959.2255859375,145883.03125,162118.109375,123680.625,39.40007781982422,38.59954833984375,38.59954833984375,1.0,3.137489693472162e-05,6050.0908203125,928092061696.0,0.19979536533355713,137600.0,137600.0,95719704.0,74.14632415771484,6294.27880859375,1.0,0.0,1700.0,250000.0,10000.0,1038.0,0.004999999888241291,400.0,5000.0,0,0,0,0,2960522.0,64.28990173339844,64.28990173339844,1220219.5,2784319.5,1.0,1.0,1214515.0,227.38748168945312,6131296.0,1.0,0.9890506267547607,1.0,1.0,1027.4307861328125,276.1331787109375,188.77999877929688,123.79122161865234,6031285.5,805474.0,188.77999877929688,1.0,1.0,1.0,133.3428192138672,1535.18212890625,786.991455078125,0.0,0.0,0.0,7680000.0,508.92620849609375,510.7854919433594,511.847900390625,0.0,2784319.5,0.0,128.57980346679688,0.0,0.0,276.910888671875,1.0,0.0,-7.5742998123168945,0.0,5.605193857299268e-45,9.999999974752427e-07,0.0,2.0,0.0003000000142492354,0.004999999888241291,0.0010000000474974513,2.0000000233721948e-07,2.0000000233721948e-07,0.0005555999814532697,993000000.0,1.0,0.05000000074505806,0.10000000149011612,0.0005000000237487257,0.0016700000269338489,0.009999999776482582,1.0,1.0,0.0010000000474974513,4.999999873689376e-05,0.00039999998989515007,0.019999999552965164,0.9891999959945679,0.9891999959945679,0.9950000047683716,0.9950000047683716,1,0,0,0,0,1,0,0,1,0,1,0,0,0,0.9768928289413452,970054592.0,61953.859375,4764479.0,1139.0692138671875,2546122.5,1411.345458984375,1.0,2331278.0,0.9744388461112976,1.0,60.0,180.0,1800.0,1800.0,1.0047005414962769,0.019808992743492126,1.0,1.0,-0.012236599810421467,0.0,0.0,0.0,0.0,-0.00019025802612304688,6.602997746085748e-05,0.0,0.0,6.602997746085748e-05,0.0,6.602997746085748e-05,6.602997746085748e-05,0.0,7.006492321624085e-44,1,1,0,1,1,1,0,1,1,0,1,0,1,1,1,1,1,1,1,1,0,1000,1000,0,1,5001,5001,220.0,3430.678466796875,120.0,120.0,60.0,0.0,0.4000000059604645,0.10000000149011612,0.10000000149011612,2.0,500.0,200.0,0.9900000095367432,300000.0,5000.0,45000.0,20000.0,0.019999999552965164,2.0,0.05000000074505806,0.019999999552965164,6.0,0.05000000074505806,0.019999999552965164,0.019999999552965164,88.30000305175781,0.10000000149011612,0.800000011920929,0.05000000074505806,0.009999999776482582,50.0,50.0,340.0,340.0,1000000.0,1,1,1,1,1,1,1,1,1,1,0,0,0,1,1,0,1.0,0.0,0.0,0.0,0.00036515624378807843,0.0,0.0,0.0,0.9180942177772522,0.9180942177772522,0.9180942177772522,5000.39990234375,3905562.75,3910563.25,50.0,27.616039276123047,0.4000000059604645,0.0,0.0,0.10000000149011612,0.1596691608428955,1.0,45000.0,20.0,29.238815307617188,778997.25,33.32661437988281,4588.94189453125,721.2213745117188,0.7789972424507141,0.9180607199668884,9.473563194274902,1.0,3221011.5,3304317.0,9.718579292297363,20.0,0.2749110460281372,27.491104125976562,0.0,636.4223022460938,411.470458984375,100000.0,50000.0,1115.300048828125,50000.0,700.0,2000.0,2800000.0,3500000.0,4000000.0,9.999999747378752e-05,4.999999873689376e-05,500.0,20000.0,100.0,500.0,60000.0,1200.0,1.0,120.0,150000.0,3000.0,300.0,1.0,300.0,0.019999999552965164,0.019999999552965164,0.009999999776482582,0.009999999776482582,0.009999999776482582,0.019999999552965164,1.100000023841858,0.019999999552965164,4.0,0.019999999552965164,88.0,1613.0,0.009999999776482582,0.20000000298023224,3.0,5.0,600.0,0.0010000000474974513,88.0,88.0,2000.0,2340.0,-0.11599799990653992,-0.03561130166053772,-0.04758000001311302,-0.01752999983727932,0,0,0,0,0,1,0,518.8389892578125,518.8389892578125,2.08367919921875,2.08367919921875,0.016768058761954308,31.427661895751953,164.21058654785156,1591.3206787109375,1042.910888671875,792.4776611328125,792.4776611328125,3.18267822265625,3.18267822265625,1592.542724609375,538.0665283203125,0.0,0.0,2664469.75,20.00048065185547,20.00048065185547,156.17767333984375,156.17767333984375,65713.625,65713.625,1.0952271223068237,1.0952271223068237,113.69374084472656,113.69374084472656,24.998668670654297,24.998668670654297,104596.9375,104596.9375,25.008453369140625,155.3721160888672,158.3802032470703,2645092.0,20.00048065185547,20.00048065185547,226.223876953125,226.223876953125,155.84979248046875,155.84979248046875,652091.1875,652091.1875,0.0,114.27254486083984,114.27254486083984,228.56185913085938,160156.171875,160156.171875,1.0677077770233154,1.0677077770233154,225.57818603515625,155.84979248046875,272.2277526855469,136.11387634277344,136.11387634277344,203.1233367919922,203.1233367919922,406.2466735839844,0.0,0.0,0.0,136.0894775390625,136.0894775390625,203.1233367919922,203.1233367919922,0.026315800845623016,13.038719177246094,0.20000000298023224,0.8207119703292847,0.8670905232429504,0.8200791478157043,0.49128180742263794,0.40514665842056274,0.4920242428779602,0.9599996209144592,1.0,1.0,1.0,0.9999998211860657,0.9999998211860657,0.9999998211860657,190840.921875,193242.0625,0.0,0.0,0.0,0.0,0.0,0.0,0.0,296.3810119628906,297.7510070800781,0.0,190780.0625,190780.0625,0.0,0.0,0.0,0.0,0.8580862879753113,0.8580862879753113,0.8580862879753113,0.8644951581954956,1184998.125,0.9959999918937683,0.9959999918937683,0.9959999918937683,0.9959999918937683,5634292.0,2755024.25,7336879.5,8389030.0,2606300.0,4011163.5,0.0039055626839399338,0.007821125909686089,1041.8453369140625,527.8507690429688,528.3788452148438,527.5388793945312,330.1947326660156,360.115478515625,329.7176208496094,197.65603637695312,168.26336669921875,197.82125854492188,1591.33740234375,1041.8570556640625,348.598876953125,348.598876953125,348.598876953125,504.4910583496094,504.4910583496094,504.4910583496094,2.9999372959136963,0.8099185228347778,0.8614180088043213,2.9999356269836426,5.0,0.0040000081062316895,0.0040000081062316895,0.0040000081062316895,0.0040000081062316895,0.0,-0.4368000030517578,0.0,599987.4375,164.21058654785156,164.21058654785156,0.0,20.0,2783969.25,7.25,12.0,10.25,224.7855224609375,224.7855224609375,224.7855224609375,0.0,0.0,0.7926306128501892,0.9211652278900146,10000.0,10000.0,0.011826000176370144,1038.5,0.027953999117016792,0.0,0.0,1.0878000259399414,1.0809999704360962,9.000000136438757e-05,103.0,33.220001220703125,1.8179999589920044,0.029999999329447746,49.0,8.329999923706055,4.159999847412109,58.0,302.0,4.5,0.699999988079071,0.4000000059604645,7.5,1.3799999952316284,2.492000102996826,7000.0,48.88999938964844,1.2000000476837158,45.0,62000.0,4590000.0,4250000.0,15900000.0,15100000.0,0.05000000074505806,0.17000000178813934,0.009999999776482582,15220000.0,1.6699999570846558,312.7799987792969,1.1100000143051147,4232.0,0.25,689000.0,4030000.0,9.829999923706055,8.550000190734863,12200000.0,231.10000610351562,88.3239974975586,633.0,1.1430000066757202,0.6858000159263611,-10.0,-3.7799999713897705,0.7799999713897705,295.5,4030000.0,12400000.0,0.9200000166893005,5.0,0,0,0,228,157,0,0,0,0,0,0,0,0,1,1,0,0,1,1,1,0,1,1,0,1,0,0,1,1,1,0,0,0,0,0,0,0,0,0,0,0,0,1,0,0.8838249444961548,6183014.0,1.0877995491027832,0.9549391269683838,0.9986809492111206,306.0148010253906,32.69219970703125,-0.0023374983575195074,1,1,1,0,0,0,1,1,0,0,0,0,0,346,0.20000000298023224,0.20000000298023224,0.20000000298023224,0.0,2,0,0,0,0,0,0,0,0,0,0,0,0,0,0,0,0,0,0,0,0,0,0,0,0,0,0,0,0,0,0,0,0,0,0,0,0,0,0,0,0,0,0,0,0,0,0,0,0,0,0,1,0,0,0,0,0,0,0,0,0,0,0,0,0,0,0,0,0,0,0,0,0,0,0,0,0,0,0,0,0,0,0,0,0,0,0,0,0,0,0,0,0,0,0,0,0,0,0,0,0,0,0,0,0,0,0,0,0,0,0,0,0,0,0,0,0,0,0,0,0,0,0,0,0,0,0,0,0,0,0,0,0,0,0,0,0,0,0,0,0,0,0,1,0,0,0,0,0,0,0,0,0,0,0,-1,0,0,0,0,0,0,1,1,0,0,88.38249206542969,-3.4034063816070557,0.0,-0.523260235786438,-1.6815581571897805e-44,308.9128723144531,306.0148010253906,686.223876953125,-0.00014140954590402544,99.28701782226562,2664.382080078125,1.0877995491027832,0.9986809492111206,-1.0,2.8980712890625,6.827850029367255e-06,0.024159731343388557,100.0,27.0,0.0,7.799991607666016,3.781761884689331,1.0,1.0,38.59954833984375,0.262047678232193,20.0,3.137489693472162e-05,0.0,74.03141784667969,1.7329111099243164,1.8179994821548462,0.00036938843550160527,0.6817498207092285,0.5432119369506836,28.24771499633789,8.919788360595703,19.007892608642578,17.53791046142578,0.5970585942268372,45.95346450805664,44.898040771484375,255.36033630371094,127.10356903076172,0.9588651657104492,322.1202392578125,40.007659912109375,0.29459047317504883,289.66583251953125,289.68609619140625,289.65374755859375,322.29803466796875,322.48712158203125,322.298095703125,100.0,4.719159126281738,51.24403381347656,139.37461853027344,305.98193359375,306.08660888671875,305.9759216308594,340.33013916015625,46.524871826171875,33.33823776245117,139.37461853027344,0.0,0.9531866312026978,0.9581179022789001,0.9535413980484009,89.64550018310547,89.62627410888672,89.5549545288086,63.09508514404297,63.09400177001953,63.09209442138672,51.495216369628906,51.477909088134766,51.34162902832031,99.05121612548828,98.80770111083984,98.80879211425781,1899.139892578125,1902.163818359375,1900.2626953125,511.9767761230469,513.3522338867188,511.49981689453125,29.0,0.0,48.0,0.4920242428779602,0.6560633182525635,0.40514665842056274,0.6936724185943604,0.49128180742263794,0.6565696001052856,41.0,78.36749267578125,62.564361572265625,225.57818603515625,96.0689697265625,9.999999974752427e-07,85.60250091552734,0.6333852410316467,155.3721160888672,0.9890506267547607,721.2213745117188,39.903778076171875,31.427661895751953,1.0,9.473563194274902,77.89972686767578,0.0,0.9718579053878784,20.0,0.0,60.0,120.0,22.0,120.0,3.430678606033325,0.0,0.0,970.0545654296875,18.088956832885742,89.19788360595703,2.0,200.0,0,0,228,228,228,228,220,228,228,228,157,0,99999,99999,11,402,1800,180,1800,998,20,970,88,23,0,0,0,806,1424,29,31,32,0,0,0,0,0,0,0,0,0,0,0,0,0,0,1,0,0,0,0,1,1,1,0,1,0,0,0,1,0,0,0,0,0,0,0,0,0,0,0,0,1,0,1,0,0,1,1,0,1,0,1,0,1,0,0,0,1,1,0,1,0,1,0,0,0,1,1,0,0,0,1,0,1,0,0,0,0,0,1,0,0,1,0,0,0,1,0,0,0,0,0,0,1,0,0,0,1,1,0,0,1,0,1,0,1,0,1,0,0,0,1,0,1,1,1,0,0,1,0,0,0,0,0,1,1,1,0,0,0,0,0,0,0,0,0,0,0,1,0,1,0,1,0,0,0,0,0,0,0,0,0,1,0,1,0,1,0,1,1,1,1,1,1,1,0,0,0,0,0,0,1,0,1,1,1,1,1,1,1,1,1,1,1,0,0,0,1,1,0,0,1,1,0,1,0,1,0,1,1,0,0,0,0,0,0,0,0,1,1,0,0,1,0,1,1,1,0,1,0,0,1,1,0,1,1,1,0,1,1,0,1,0,1,1,0,0,0,0,0,0,1,1,1,1,0,0,0,0,0,0,0,0,0,0,0,0,0,0,0,0,0,0,0,0,0,0,0,0,0,0,0,0,0,0,0,0,0,0,0,0,0,0,0,0,0,0,0,0,0,0,0,0,0,0,0,0,0,0,0,0,0,0,0,0,0,0,0,0,0,0,0,0,0,0,0,0,0,0,0,0,0,0,0,0,0,0,0,0,0,0,0,0,0,0,0,0,0,0,0,0,0,0,0,0,0,0,0,0,0,0,0,0,0,0,0,0,0,0,0,0,0,0,0,0,0,0,0,0,0,0,0,0,0,0,0,0,0,0,0,0,0,0,0,0,0,0,0,0,0,0,0,1,0,1,0,0,0,0,0,1,0,0,0,0,0,0,0,0,0,0,0,0,0,0,0,1,0,0,0,0,0,0,0,0,0,0,0,0,0,0,1,0,0,0,0,0,0,0,0,0,0,1,0,0,0,0,0,0,0,0,0,0,0,0,0,0,0,0,0,0,0,0,0,0,0,0,0,0,0,1,0,0,0,0,0,0,1,1,1,0,0,0,0,0,0,-1,0,0,0,0,0,0,0,0,-1,0,0,-1,0,0,0,0,0,0,0,0,0,0,0,0,0,0,0,0,0,0,1,0,0,0,0,0,0,0,0,0,0,0,0,0,0,0,0,1,1,0,-1,-1,-1,1,1,1,0,0,0,0,1,0,0,1,1,0,0,0,0,1,0,0,0,0,0,0,0,0,0,0,0,0,0,0,0,0,0,0,0,0,0,0,0,0,0,0,0,0,0,1,1,0,1,0,1,1,0,1,0,1,1,0,1,0,0,1,0,0,0,0,0,0,0,0,0,0,0,0,0,0,0,0,0,0,0,0,0,0,0,0,0,0
0,1,1,300,228,8,8,228,114,25,1,0,0.0020000000949949026,4000.0,1.0,0.04500000178813934,25.0,48.0,8.0,291.70001220703125,1.7000000476837158,-3.179999907843012e-07,0.007360000163316727,0.008080000057816505,8.0,0.33000001311302185,0.0333000011742115,1.0,9.999999747378752e-06,21.0,9.999999747378752e-06,2775000064.0,9.000000136438757e-05,4.999999980020986e-13,5.0,40.0,3.0,-3.3499999046325684,3.3499999046325684,0.5,0.0004799999878741801,292.3927001953125,492.6077880859375,-0.0036125299520790577,0.002354159951210022,0.0008944629807956517,0.013157900422811508,0.800646185874939,0.02024419978260994,2650129920.0,0.006539999973028898,228,228,228,228,228,228,228,228,228,228,228,228,228,228,228,228,228,228,228,228,228,228,228,228,220,220,220,220,228,228,228,228,228,228,228,228,228,228,228,228,228,228,228,228,228,228,228,228,228,228,228,228,0,1,4,4,228,228,228,220,228,228,228,228,3,0,0.00040182642987929285,290.2942199707031,623.25927734375,697.127685546875,774.830322265625,849.7942504882812,965.2149658203125,994.8941650390625,1005.7448120117188,993.382080078125,961.14501953125,911.7774047851562,843.340087890625,768.485107421875,693.7274780273438,625.5818481445312,559.118408203125,505.2158203125,464.6780090332031,437.34600830078125,421.03997802734375,414.7878112792969,416.07965087890625,421.79388427734375,428.808837890625,434.00274658203125,0.010509515181183815,0.6755857467651367,0.7719367146492004,-0.00014077940431889147,0.7555861473083496,0.9733603596687317,104820.0078125,3.2336130971089005e-05,0.3106812834739685,0.6867862343788147,0.8824539184570312,0.8829090595245361,0.02235647663474083,1.0,-1.6815581571897805e-44,-3.4040839672088623,0.0,99.28682708740234,2664.39990234375,0.9437204003334045,685.3531494140625,228.0,72.0,32.61157989501953,0.800000011920929,0.0,308.9026184082031,280640.78125,-0.5231783986091614,6.374141693115234,130.28829956054688,1.2809576988220215,7750000.0,8160000.0,86.12000274658203,119.0999984741211,0.5,9.999999747378752e-05,0.0,3.299999952316284,200.0,0.30000001192092896,309.20001220703125,2.439019908706541e-06,0,0,0,1,1,1,0,24,0,305.9092102050781,0.0,0.0,0.0,0.0,0.0,0.0,0.4906213879585266,0.8692384362220764,0.5180925726890564,-0.013735592365264893,-0.003933634143322706,-0.004321015905588865,0.5137355923652649,0.5150853395462036,0.5152660608291626,1.0,25.0,24.0,6177448.0,6177636.5,6177741.0,289.5662841796875,289.59906005859375,289.578369140625,322.17376708984375,322.3642578125,322.17352294921875,4400000.0,305.8700256347656,305.9816589355469,305.8759460449219,32.60748291015625,32.76519775390625,32.59515380859375,321.99444580078125,4544.49609375,4544.291015625,4555.6123046875,12.881885528564453,12.891963005065918,12.8948335647583,11.03192138671875,0.0,0.0,0.0020000000949949026,289.58123779296875,322.2371826171875,-44.84555435180664,1.6699894666671753,1.6743615865707397,1.6749573945999146,-17.614635467529297,39.0,40.0,42.0,41.0,0.0,0.0,6175582.5,6123851.5,73.9380111694336,5.0,0.014999999664723873,-180000.0,600.0,1000000.0,400000.0,0.17000000178813934,22000.0,786000.0,120000.0,0.0,40.0,30.0,36.810001373291016,0.5,18.399999618530273,50000.0,115692.3984375,15.113750457763672,0,0,1,0,0,0,0,13626851.0,0.0,0.0,0.0,0.0,0.0,-1765210.0,400000.0,1000000.0,1.0,1400000.0,0.0,0.46382927894592285,13634790.0,126869.6328125,13626851.0,340.3319091796875,40.007659912109375,4.633559226989746,-1765210.0,0.0,0.0,0.0,3.3242807388305664,40.007659912109375,0.0,22230.939453125,1.2010046243667603,0.0,0.0,0.0,20.0,14.711517333984375,22.0,0.0,0.0,0.0,0.05000000074505806,0.02500000037252903,0.17000000178813934,15400000.0,0.5,6.25,0.0006667000125162303,2.0,2410000.0,4140000.0,4.734799861907959,0.15000000596046448,0.20000000298023224,0.2199999988079071,1.0,0.0,-1.0,0.0,5.0,20.0,30.0,50.0,74.0,80.0,86.0,9.800000190734863,500000.0,1.0499999802959792e-07,0.5,750.0,1000.0,600.0,1000.0,1150.0,32.0,32.0,37.400001525878906,10.0,10.0,0.007000000216066837,0.5049999952316284,82.0,189.26499938964844,0.0,1.5099999904632568,231.60000610351562,20.0,36.0,16.600000381469727,16.5,225.0,-0.1756729930639267,27.5,-0.1756729930639267,30.485509872436523,0.1561516970396042,11.10221004486084,-1.8332500457763672,-75.0,4.3520002365112305,9.800000190734863,189.26499938964844,93.30000305175781,2650000.0,0.8500000238418579,7.570000171661377,0,1,0,0,0,0,0,0,0,0,0,1,3,3,0,0,1,1,0,0,0,0,0,0,0,0,0,0,1,0,0,0,0,0,0,0,0,0,0,1,0,0,0,0,0,0,0,0,0,0,12.054685592651367,29056.33984375,2153.699951171875,0.0004148771404288709,0.0004361289902590215,0.0006248649442568421,1.0,1.0,0.0,0.0,0.0,0.5981467366218567,0.5882778167724609,1.0,0.0,0.0,0.0,1.0,0.0,0.0,1.0,1.0,0.0,1.0,1.0,0.006439924240112305,0.0,1.0,0.0,0.6272925138473511,0.63241046667099,0.0004148771404288709,0.0,0.0,0.0,99998.78125,99999.0,2766360.0,2410000.0,36.20000076293945,36.20000076293945,36.20000076293945,32.48726272583008,254.93748474121094,126.7840805053711,45.847869873046875,26.404251098632812,36.836448669433594,27.0,28.273706436157227,27.0,0.0,32.0,20.0,68.57752227783203,3446668.0,0.5432119369506836,3.7799999713897705,4.882487773895264,8.919788360595703,0.0,0.0,0.0,1.401298464324817e-45,5.274625301361084,5.274625301361084,0.5049998760223389,0.5049998760223389,0.5049998760223389,0.18937495350837708,0.18937495350837708,0.18937495350837708,0.0,0.0,0.0,0.0,0.0,0.0,5.294999599456787,0.0,0.0,0.0,0.0,0.0,0.0,100.0,74.02837371826172,0.5108243227005005,0.0,20.0,0.0,5.240657329559326,5.82213830947876,0.0,0.0,0.0,0.007000000216066837,0.0,0.0,10.17387866973877,0.0,1.7328808307647705,1.401298464324817e-45,5.829362392425537,0.0,0.0,0.0,0.0,0.0,0.0,20.0,0.0,0.0,13325821.0,0.0,0.0,0.0,0.0,0.0,0.0,0.0,0.351500004529953,18.93000030517578,23.030000686645508,7.69199959904654e-06,0.08500000089406967,0.009999999776482582,24.0,27.0,8.800000190734863,500000.0,0.05000000074505806,2.7000000013543968e-09,2.7000000013543968e-09,145100.0,120000.0,14650000.0,86400.0,17.0,34.5,48.70000076293945,321.8999938964844,83170.0,0.0,1.0,1.0,0.0010000000474974513,725.0,0.0,0.5,0.0,0.0,57.31999969482422,837142.875,9359.77734375,117376.1015625,2623.89794921875,83026.390625,725.0,1.0204100362898316e-05,740000000.0,1,0,1,0,1,0,1,0,0,0,0,8.799991607666016,27.0,3185.348388671875,0.0,0.0,0.0,0.0,1.2795274257659912,0.00040166202234104276,0.0,0.024501698091626167,38.645896911621094,1.0,25694.140625,6131.3984375,3.181913052685559e-05,2494940672.0,4115872000.0,2741207808.0,4136759552.0,-73.1929931640625,42.153564453125,-207183136.0,-20887392.0,5.829362392425537,1527.8758544921875,79.02235412597656,1485.7222900390625,106381.3984375,3968.555419921875,145918.140625,162312.765625,123694.140625,40.00008010864258,38.645896911621094,38.645896911621094,1.0,3.181913052685559e-05,6131.3984375,930340601856.0,0.19985079765319824,137600.0,137600.0,95501808.0,73.99540710449219,6307.6982421875,1.0,0.0,1700.0,250000.0,10000.0,1038.0,0.004999999888241291,400.0,5000.0,0,0,0,0,2960431.0,64.2754135131836,64.2754135131836,1219938.5,2784356.25,1.0,1.0,1213909.75,227.3485870361328,6125719.5,1.0,0.9888259768486023,1.0,1.0,1027.123779296875,276.075927734375,188.75698852539062,123.65375518798828,6025839.0,805368.875,188.75698852539062,1.0,1.0,1.0,133.22998046875,1534.0283203125,786.7241821289062,0.0,0.0,0.0,7680000.0,508.52496337890625,510.3977966308594,511.44476318359375,0.0,2784356.25,0.0,128.5508270263672,0.0,0.0,276.8509521484375,1.0,0.0,-7.5742998123168945,0.0,5.605193857299268e-45,9.999999974752427e-07,0.0,2.0,0.0003000000142492354,0.004999999888241291,0.0010000000474974513,2.0000000233721948e-07,2.0000000233721948e-07,0.0005555999814532697,993000000.0,1.0,0.05000000074505806,0.10000000149011612,0.0005000000237487257,0.0016700000269338489,0.009999999776482582,1.0,1.0,0.0010000000474974513,4.999999873689376e-05,0.00039999998989515007,0.019999999552965164,0.9891999959945679,0.9891999959945679,0.9950000047683716,0.9950000047683716,1,0,0,0,0,1,0,0,1,0,1,0,0,0,0.9763121008872986,969477888.0,61910.33203125,4761744.5,1138.1986083984375,2546133.25,1410.3284912109375,1.0,2331362.5,0.974636971950531,1.0,60.0,180.0,1800.0,1800.0,1.0047005414962769,0.019808992743492126,1.0,1.0,-0.012236599810421467,0.0,0.0,0.0,0.0,-0.00019556283950805664,6.602997746085748e-05,0.0,0.0,6.602997746085748e-05,0.0,6.602997746085748e-05,6.602997746085748e-05,0.0,7.006492321624085e-44,1,1,0,1,1,1,0,1,1,0,1,0,1,1,1,1,1,1,1,1,0,1000,1000,0,1,5001,5001,220.0,3428.936279296875,120.0,120.0,60.0,0.0,0.4000000059604645,0.10000000149011612,0.10000000149011612,2.0,500.0,200.0,0.9900000095367432,300000.0,5000.0,45000.0,20000.0,0.019999999552965164,2.0,0.05000000074505806,0.019999999552965164,6.0,0.05000000074505806,0.019999999552965164,0.019999999552965164,88.30000305175781,0.10000000149011612,0.800000011920929,0.05000000074505806,0.009999999776482582,50.0,50.0,340.0,340.0,1000000.0,1,1,1,1,1,1,1,1,1,1,0,0,0,1,1,0,1.0,0.0,0.0,0.0,0.000341343751642853,0.0,0.0,0.0,0.9180904030799866,0.9180904030799866,0.9180904030799866,5000.39892578125,3905804.0,3910804.5,50.0,27.615999221801758,0.4000000059604645,0.0,0.0,0.10000000149011612,0.15952394902706146,1.0,45000.0,20.0,29.236299514770508,779000.625,33.322940826416016,4588.9375,721.2213745117188,0.7790006399154663,0.9180522561073303,9.473523139953613,1.0,3220998.0,3304317.0,9.718579292297363,20.0,0.27495649456977844,27.495649337768555,0.0,636.4223022460938,411.4504699707031,100000.0,50000.0,1115.300048828125,50000.0,700.0,2000.0,2800000.0,3500000.0,4000000.0,9.999999747378752e-05,4.999999873689376e-05,500.0,20000.0,100.0,500.0,60000.0,1200.0,1.0,120.0,150000.0,3000.0,300.0,1.0,300.0,0.019999999552965164,0.019999999552965164,0.009999999776482582,0.009999999776482582,0.009999999776482582,0.019999999552965164,1.100000023841858,0.019999999552965164,4.0,0.019999999552965164,88.0,1613.0,0.009999999776482582,0.20000000298023224,3.0,5.0,600.0,0.0010000000474974513,88.0,88.0,2000.0,2340.0,-0.11599799990653992,-0.03561130166053772,-0.04758000001311302,-0.01752999983727932,0,0,0,0,0,1,0,518.658935546875,518.658935546875,2.08294677734375,2.08294677734375,0.016758687794208527,31.42763900756836,164.21031188964844,1590.8416748046875,1042.58740234375,792.2391357421875,792.2391357421875,3.18170166015625,3.18170166015625,1592.1224365234375,537.9086303710938,0.0,0.0,2664387.75,20.00048065185547,20.00048065185547,156.17340087890625,156.17340087890625,65713.2734375,65713.2734375,1.0952212810516357,1.0952212810516357,113.6742935180664,113.6742935180664,24.998685836791992,24.998685836791992,104597.0078125,104597.0078125,25.008464813232422,155.3681182861328,158.37750244140625,2645126.5,20.00048065185547,20.00048065185547,226.20318603515625,226.20318603515625,155.84719848632812,155.84719848632812,652080.3125,652080.3125,0.0,114.26553344726562,114.26553344726562,228.54782104492188,160154.53125,160154.53125,1.0676969289779663,1.0676969289779663,225.5605010986328,155.84719848632812,272.0804138183594,136.0402069091797,136.0402069091797,203.09078979492188,203.09078979492188,406.18157958984375,0.0,0.0,0.0,136.0153350830078,136.0153350830078,203.09078979492188,203.09078979492188,0.026315800845623016,13.037623405456543,0.20000000298023224,0.819414496421814,0.8658139705657959,0.8187753558158875,0.4906213879585266,0.4045102000236511,0.49137216806411743,0.9599996209144592,1.0,1.0,1.0,0.9999998211860657,0.9999998211860657,0.9999998211860657,190840.515625,193242.0625,0.0,0.0,0.0,0.0,0.0,0.0,0.0,296.3810119628906,297.7510070800781,0.0,190783.625,190783.625,0.0,0.0,0.0,0.0,0.8575318455696106,0.8575318455696106,0.8575318455696106,0.8647206425666809,1184577.0,0.9959999918937683,0.9959999918937683,0.9959999918937683,0.9959999918937683,5628737.0,2755905.5,7334155.0,8384345.0,2606300.0,4011644.25,0.003905803896486759,0.00782160833477974,1041.4837646484375,527.5448608398438,528.1024169921875,527.2321166992188,329.97406005859375,359.9383850097656,329.4931640625,197.57080078125,168.16403198242188,197.73895263671875,1590.8583984375,1041.4954833984375,348.5146179199219,348.5146179199219,348.5146179199219,503.68084716796875,503.68084716796875,503.68084716796875,2.999941825866699,0.8081000447273254,0.8613812923431396,2.9999403953552246,5.0,0.0040000081062316895,0.0040000081062316895,0.0040000081062316895,0.0040000081062316895,0.0,-0.4368000030517578,0.0,599988.375,164.21031188964844,164.21031188964844,0.0,20.0,2784007.5,7.25,12.0,10.25,224.77122497558594,224.77122497558594,224.77122497558594,0.0,0.0,0.7926306128501892,0.9211652278900146,10000.0,10000.0,0.011826000176370144,1038.5,0.027953999117016792,0.0,0.0,1.0878000259399414,1.0809999704360962,9.000000136438757e-05,103.0,33.220001220703125,1.8179999589920044,0.029999999329447746,49.0,8.329999923706055,4.159999847412109,58.0,302.0,4.5,0.699999988079071,0.4000000059604645,7.5,1.3799999952316284,2.492000102996826,7000.0,48.88999938964844,1.2000000476837158,45.0,62000.0,4590000.0,4250000.0,15900000.0,15100000.0,0.05000000074505806,0.17000000178813934,0.009999999776482582,15220000.0,1.6699999570846558,312.7799987792969,1.1100000143051147,4232.0,0.25,689000.0,4030000.0,9.829999923706055,8.550000190734863,12200000.0,231.10000610351562,88.3239974975586,633.0,1.1430000066757202,0.6858000159263611,-10.0,-3.7799999713897705,0.7799999713897705,295.5,4030000.0,12400000.0,0.9200000166893005,5.0,0,0,0,228,157,0,0,0,0,0,0,0,0,1,1,0,0,1,1,1,0,1,1,0,1,0,0,1,1,1,0,0,0,0,0,0,0,0,0,0,0,0,1,0,0.8824539184570312,6177448.0,1.0877995491027832,0.9541338682174683,0.9984430074691772,305.9356994628906,32.66463088989258,-0.0023113202769309282,1,1,1,0,0,0,1,1,0,0,0,0,0,349,0.20000000298023224,0.20000000298023224,0.20000000298023224,0.0,2,0,0,0,0,0,0,0,0,0,0,0,0,0,0,0,0,0,0,0,0,0,0,0,0,0,0,0,0,0,0,0,0,0,0,0,0,0,0,0,0,0,0,0,0,0,0,0,0,0,0,1,0,0,0,0,0,0,0,0,0,0,0,0,0,0,0,0,0,0,0,0,0,0,0,0,0,0,0,0,0,0,0,0,0,0,0,0,0,0,0,0,0,0,0,0,0,0,0,0,0,0,0,0,0,0,0,0,0,0,0,0,0,0,0,0,0,0,0,0,0,0,0,0,0,0,0,0,0,0,0,0,0,0,0,0,0,0,0,0,0,0,0,1,0,0,0,0,0,0,0,0,0,0,0,-1,0,0,0,0,0,0,1,1,0,0,88.24539184570312,-3.4040839672088623,0.0,-0.5231783986091614,-1.6815581571897805e-44,308.9026184082031,305.9356994628906,685.3531494140625,-0.00014077940431889147,99.28682708740234,2664.39990234375,1.0877995491027832,0.9984430074691772,-1.0,2.9669189453125,6.827850029367255e-06,0.024501698091626167,100.0,27.0,0.0,7.799991607666016,3.7875595092773438,1.0,1.0,38.645896911621094,0.26218560338020325,20.0,3.181913052685559e-05,0.0,74.02837371826172,1.7328808307647705,1.8179994821548462,0.00036938843550160527,0.6817498207092285,0.5432119369506836,28.228214263916016,8.919788360595703,18.988651275634766,17.576955795288086,0.5981467366218567,45.847869873046875,44.898040771484375,254.93748474121094,126.7840805053711,0.9586041569709778,322.02606201171875,40.007659912109375,0.29459047317504883,289.600341796875,289.6209716796875,289.58831787109375,322.20458984375,322.39508056640625,322.204833984375,100.0,4.699504375457764,51.08243179321289,139.13076782226562,305.9024658203125,306.0080261230469,305.8965759277344,340.3314208984375,46.38292694091797,33.26667022705078,139.13076782226562,0.0,0.9523700475692749,0.9573317170143127,0.9527283906936646,89.66437530517578,89.64459228515625,89.57420349121094,63.03828811645508,63.03722381591797,63.035301208496094,51.526607513427734,51.5085334777832,51.373558044433594,99.04220581054688,98.79672241210938,98.80036163330078,1898.0355224609375,1901.168701171875,1899.1614990234375,511.5838928222656,512.9724731445312,511.1011962890625,29.0,0.0,48.0,0.49137216806411743,0.6550202965736389,0.4045102000236511,0.6926512122154236,0.4906213879585266,0.6555315852165222,41.0,78.36749267578125,62.5074577331543,225.5605010986328,95.99676513671875,9.999999974752427e-07,85.55469512939453,0.6335139870643616,155.3681182861328,0.9888259768486023,721.2213745117188,39.90624237060547,31.42763900756836,1.0,9.473523139953613,77.90006256103516,0.0,0.9718579053878784,20.0,0.0,60.0,120.0,22.0,120.0,3.42893648147583,0.0,0.0,969.4779052734375,18.088956832885742,89.19788360595703,2.0,200.0,0,0,228,228,228,228,220,228,228,228,157,0,99999,99999,11,402,1800,180,1800,998,20,969,88,23,0,0,0,806,1424,29,31,32,0,0,0,0,0,0,0,0,0,0,0,0,0,0,1,0,0,0,0,1,1,1,0,1,0,0,0,1,0,0,0,0,0,0,0,0,0,0,0,0,1,0,1,0,0,1,1,0,1,0,1,0,1,0,0,0,1,1,0,1,0,1,0,0,0,1,1,1,0,0,1,0,1,0,0,0,0,1,1,0,0,1,0,0,0,1,0,0,0,0,0,0,1,0,0,0,1,1,0,0,1,0,1,0,1,0,1,0,0,0,1,0,1,1,1,0,0,1,0,0,0,0,0,1,1,1,0,0,0,0,0,0,0,0,0,0,0,1,0,1,0,1,0,0,0,0,0,0,0,0,0,1,0,1,0,1,0,1,1,1,1,1,1,1,0,0,0,0,0,0,1,0,1,1,1,1,1,1,1,1,1,1,1,1,0,0,1,1,0,0,1,1,0,1,0,1,0,1,1,0,0,0,0,0,0,0,0,1,1,0,0,1,0,1,1,1,0,1,0,0,1,1,0,1,1,1,0,1,1,0,1,0,1,1,0,0,0,0,0,0,1,1,1,1,0,0,0,0,0,0,0,0,1,0,0,0,0,0,0,0,0,0,0,0,0,0,0,0,0,0,0,0,0,0,0,0,0,0,0,0,0,0,0,0,0,0,0,0,0,0,0,0,0,0,0,0,0,0,0,0,0,0,0,0,0,0,0,1,0,0,0,1,1,0,0,0,0,0,0,0,0,0,0,0,0,0,1,0,0,0,0,0,0,0,0,0,0,0,0,0,0,0,0,0,0,0,0,0,0,0,0,0,0,0,0,0,0,0,0,0,0,0,0,0,0,0,0,0,0,0,0,0,0,0,0,0,0,0,0,0,0,0,0,0,0,0,0,0,0,0,0,1,0,1,0,0,0,0,0,1,0,0,0,0,0,0,0,0,0,0,0,0,0,0,0,1,0,0,0,0,0,0,0,0,0,0,0,0,0,0,1,0,0,0,0,0,0,0,0,0,0,1,0,0,0,0,0,0,0,0,0,0,0,0,0,0,0,0,0,0,0,0,0,0,0,0,0,0,0,1,0,0,0,0,0,0,1,1,1,0,0,0,0,0,0,-1,0,0,0,0,0,0,0,0,-1,0,0,-1,0,0,0,0,0,0,0,0,0,0,0,0,0,0,0,0,0,0,1,0,0,0,0,0,0,0,0,0,0,0,0,0,0,0,0,1,1,0,-1,-1,-1,1,1,1,0,0,0,0,1,0,0,1,1,0,0,0,0,1,0,0,0,0,0,0,0,0,0,0,0,0,0,0,0,0,0,0,0,0,0,0,0,0,0,0,0,0,0,1,1,0,1,0,1,1,0,1,0,1,1,0,1,0,0,1,0,0,0,0,0,0,0,0,0,0,0,0,0,0,0,0,0,0,0,0,0,0,0,0,0,0
0,1,1,300,228,8,8,228,114,25,1,0,0.0020000000949949026,4000.0,1.0,0.04500000178813934,25.0,48.0,8.0,291.70001220703125,1.7000000476837158,-3.179999907843012e-07,0.007360000163316727,0.008080000057816505,8.0,0.33000001311302185,0.0333000011742115,1.0,9.999999747378752e-06,21.0,9.999999747378752e-06,2775000064.0,9.000000136438757e-05,4.999999980020986e-13,5.0,40.0,3.0,-3.3499999046325684,3.3499999046325684,0.5,0.0004799999878741801,292.3927001953125,492.6077880859375,-0.0036125299520790577,0.002354159951210022,0.0008944629807956517,0.013157900422811508,0.800646185874939,0.02024419978260994,2650129920.0,0.006539999973028898,228,228,228,228,228,228,228,228,228,228,228,228,228,228,228,228,228,228,228,228,228,228,228,228,220,220,220,220,228,228,228,228,228,228,228,228,228,228,228,228,228,228,228,228,228,228,228,228,228,228,228,228,0,1,4,4,228,228,228,220,228,228,228,228,3,0,0.00040182642987929285,290.23046875,622.596923828125,696.25634765625,773.73828125,848.4898681640625,963.590087890625,993.196533203125,1004.0390014648438,991.73291015625,959.6029052734375,910.380615234375,842.1321411132812,767.472900390625,692.9024047851562,624.9204711914062,558.6046752929688,504.815673828125,464.3603515625,437.08416748046875,420.8149719238281,414.5833740234375,415.88372802734375,421.5993347167969,428.6135559082031,433.8096923828125,0.010765012353658676,0.6745637059211731,0.7719352841377258,-0.0001402477064402774,0.7555902600288391,0.9729071855545044,104661.4765625,3.2284246117342263e-05,0.31029465794563293,0.6857256889343262,0.8811028003692627,0.8815525770187378,0.022357478737831116,1.0,-1.6815581571897805e-44,-3.404751777648926,0.0,99.28662109375,2664.417724609375,0.9437255263328552,684.492431640625,228.0,72.0,33.438514709472656,0.4000000059604645,0.0,308.89208984375,280641.34375,-0.5230976343154907,6.372386932373047,130.28829956054688,1.2815717458724976,7750000.0,8160000.0,86.12000274658203,119.0999984741211,0.5,9.999999747378752e-05,0.0,3.299999952316284,200.0,0.30000001192092896,309.20001220703125,2.439019908706541e-06,0,0,0,1,1,1,0,24,0,305.8292541503906,0.0,0.0,0.0,0.0,0.0,0.0,0.4899575710296631,0.8690866827964783,0.5180702209472656,-0.01405632495880127,-0.004071732517331839,-0.004472388885915279,0.5140563249588013,0.5153928399085999,0.5155810117721558,1.0,25.0,24.0,6171833.0,6172023.5,6172128.0,289.49969482421875,289.5328369140625,289.511962890625,322.079833984375,322.27166748046875,322.07965087890625,4400000.0,305.7897644042969,305.9022521972656,305.7958068847656,32.58013916015625,32.73883056640625,32.56768798828125,321.89996337890625,4544.11376953125,4543.80908203125,4555.20361328125,12.884668350219727,12.894609451293945,12.897555351257324,10.9903564453125,0.0,0.0,0.0020000000949949026,289.51483154296875,322.1437072753906,-44.93195724487305,1.6710337400436401,1.675362229347229,1.675981879234314,-17.779930114746094,39.0,40.0,42.0,41.0,0.0,0.0,6169951.0,6118211.0,73.78765869140625,5.0,0.014999999664723873,-180000.0,600.0,1000000.0,400000.0,0.17000000178813934,22000.0,786000.0,120000.0,0.0,40.0,30.0,36.810001373291016,0.5,18.399999618530273,50000.0,115692.3984375,15.113750457763672,0,0,1,0,0,0,0,13603043.0,0.0,0.0,0.0,0.0,0.0,-1789025.0,400000.0,1000000.0,1.0,1400000.0,0.0,0.4624093174934387,13610975.0,126869.6328125,13603043.0,340.33306884765625,40.007659912109375,4.6193528175354,-1789025.0,0.0,0.0,0.0,3.3171184062957764,40.007659912109375,0.0,22230.939453125,1.2010046243667603,0.0,0.0,0.0,20.0,14.711517333984375,22.0,0.0,0.0,0.0,0.05000000074505806,0.02500000037252903,0.17000000178813934,15400000.0,0.5,6.25,0.0006667000125162303,2.0,2410000.0,4140000.0,4.734799861907959,0.15000000596046448,0.20000000298023224,0.2199999988079071,1.0,0.0,-1.0,0.0,5.0,20.0,30.0,50.0,74.0,80.0,86.0,9.800000190734863,500000.0,1.0499999802959792e-07,0.5,750.0,1000.0,600.0,1000.0,1150.0,32.0,32.0,37.400001525878906,10.0,10.0,0.007000000216066837,0.5049999952316284,82.0,189.26499938964844,0.0,1.5099999904632568,231.60000610351562,20.0,36.0,16.600000381469727,16.5,225.0,-0.1756729930639267,27.5,-0.1756729930639267,30.485509872436523,0.1561516970396042,11.10221004486084,-1.8332500457763672,-75.0,4.3520002365112305,9.800000190734863,189.26499938964844,93.30000305175781,2650000.0,0.8500000238418579,7.570000171661377,0,1,0,0,0,0,0,0,0,0,0,1,3,3,0,0,1,1,0,0,0,0,0,0,0,0,0,0,1,0,0,0,0,0,0,0,0,0,0,1,0,0,0,0,0,0,0,0,0,0,12.054497718811035,29055.984375,2153.699951171875,0.000414875743445009,0.0004361289902590215,0.0006248649442568421,1.0,1.0,0.0,0.0,0.0,0.5992274284362793,0.5894023776054382,1.0,0.0,0.0,0.0,1.0,0.0,0.0,1.0,1.0,0.0,1.0,1.0,0.006183445453643799,0.0,1.0,0.0,0.6268566846847534,0.6320241093635559,0.000414875743445009,0.0,0.0,0.0,99998.78125,99999.0,2764438.0,2410000.0,36.20000076293945,36.20000076293945,36.20000076293945,32.48974609375,254.51583862304688,126.46611022949219,45.74291229248047,26.40907096862793,36.800048828125,27.0,28.263397216796875,27.0,0.0,32.0,20.0,68.57752227783203,3446668.0,0.5432119369506836,3.7799999713897705,4.893270969390869,8.919788360595703,0.0,0.0,0.0,1.401298464324817e-45,5.269295692443848,5.269295692443848,0.5049998760223389,0.5049998760223389,0.5049998760223389,0.18937495350837708,0.18937495350837708,0.18937495350837708,0.0,0.0,0.0,0.0,0.0,0.0,5.294999599456787,0.0,0.0,0.0,0.0,0.0,0.0,100.0,74.02526092529297,0.5091952681541443,0.0,20.0,0.0,5.236713409423828,5.832963466644287,0.0,0.0,0.0,0.007000000216066837,0.0,0.0,10.184682846069336,0.0,1.7328500747680664,1.401298464324817e-45,5.840145587921143,0.0,0.0,0.0,0.0,0.0,0.0,20.0,0.0,0.0,13302014.0,0.0,0.0,0.0,0.0,0.0,0.0,0.0,0.351500004529953,18.93000030517578,23.030000686645508,7.69199959904654e-06,0.08500000089406967,0.009999999776482582,24.0,27.0,8.800000190734863,500000.0,0.05000000074505806,2.7000000013543968e-09,2.7000000013543968e-09,145100.0,120000.0,14650000.0,86400.0,17.0,34.5,48.70000076293945,321.8999938964844,83170.0,0.0,1.0,1.0,0.0010000000474974513,725.0,0.0,0.5,0.0,0.0,57.31999969482422,837142.875,9359.77734375,117376.1015625,2623.89794921875,83026.390625,725.0,1.0204100362898316e-05,740000000.0,1,0,1,0,1,0,1,0,0,0,0,8.799991607666016,27.0,3229.71533203125,0.0,0.0,0.0,0.0,1.2973551750183105,0.0004016664170194417,0.0,0.024842968210577965,38.69187927246094,1.0,25707.59375,6212.5078125,3.2262465538224205e-05,2491394048.0,4111998464.0,2738078720.0,4133670912.0,-73.02207946777344,42.3724365234375,-207769424.0,-21672640.0,5.840145587921143,1526.9654541015625,78.86222839355469,1484.593017578125,106381.3984375,3977.82958984375,145953.234375,162505.890625,123707.59375,40.60008239746094,38.69187927246094,38.69187927246094,1.0,3.2262465538224205e-05,6212.5078125,932449550336.0,0.19990617036819458,137600.0,137600.0,95283960.0,73.8446273803711,6321.05615234375,1.0,0.0,1700.0,250000.0,10000.0,1038.0,0.004999999888241291,400.0,5000.0,0,0,0,0,2960340.5,64.2605972290039,64.2605972290039,1219654.875,2784393.25,1.0,1.0,1213292.125,227.3089599609375,6120096.0,1.0,0.9885963201522827,1.0,1.0,1026.8072509765625,276.0181884765625,188.7334747314453,123.51443481445312,6020348.5,805261.5,188.7334747314453,1.0,1.0,1.0,133.11557006835938,1532.8583984375,786.4481201171875,0.0,0.0,0.0,7680000.0,508.1168212890625,510.0173034667969,511.04718017578125,0.0,2784393.25,0.0,128.5211944580078,0.0,0.0,276.7904357910156,1.0,0.0,-7.5742998123168945,0.0,5.605193857299268e-45,9.999999974752427e-07,0.0,2.0,0.0003000000142492354,0.004999999888241291,0.0010000000474974513,2.0000000233721948e-07,2.0000000233721948e-07,0.0005555999814532697,993000000.0,1.0,0.05000000074505806,0.10000000149011612,0.0005000000237487257,0.0016700000269338489,0.009999999776482582,1.0,1.0,0.0010000000474974513,4.999999873689376e-05,0.00039999998989515007,0.019999999552965164,0.9891999959945679,0.9891999959945679,0.9950000047683716,0.9950000047683716,1,0,0,0,0,1,0,0,1,0,1,0,0,0,0.9757230281829834,968892992.0,61866.2421875,4758958.5,1137.3167724609375,2546144.0,1409.29736328125,1.0,2331448.0,0.9748350977897644,1.0,60.0,180.0,1800.0,1800.0,1.0047005414962769,0.019808992743492126,1.0,1.0,-0.012236599810421467,0.0,0.0,0.0,0.0,-0.0001951456069946289,6.602997746085748e-05,0.0,0.0,6.602997746085748e-05,0.0,6.602997746085748e-05,6.602997746085748e-05,0.0,7.006492321624085e-44,1,1,0,1,1,1,0,1,1,0,1,0,1,1,1,1,1,1,1,1,0,1000,1000,0,1,5001,5001,220.0,3427.169189453125,120.0,120.0,60.0,0.0,0.4000000059604645,0.10000000149011612,0.10000000149011612,2.0,500.0,200.0,0.9900000095367432,300000.0,5000.0,45000.0,20000.0,0.019999999552965164,2.0,0.05000000074505806,0.019999999552965164,6.0,0.05000000074505806,0.019999999552965164,0.019999999552965164,88.30000305175781,0.10000000149011612,0.800000011920929,0.05000000074505806,0.009999999776482582,50.0,50.0,340.0,340.0,1000000.0,1,1,1,1,1,1,1,1,1,1,0,0,0,1,1,0,1.0,0.0,0.0,0.0,0.00031912498525343835,0.0,0.0,0.0,0.9180863499641418,0.9180863499641418,0.9180863499641418,5000.39892578125,3906052.25,3911052.75,50.0,27.61595916748047,0.4000000059604645,0.0,0.0,0.10000000149011612,0.15937750041484833,1.0,45000.0,20.0,29.233686447143555,779004.125,33.31912612915039,4588.9326171875,721.2213745117188,0.7790040969848633,0.9180434346199036,9.473483085632324,1.0,3220984.5,3304317.0,9.718579292297363,20.0,0.2750030755996704,27.500307083129883,0.0,636.4223022460938,411.434814453125,100000.0,50000.0,1115.300048828125,50000.0,700.0,2000.0,2800000.0,3500000.0,4000000.0,9.999999747378752e-05,4.999999873689376e-05,500.0,20000.0,100.0,500.0,60000.0,1200.0,1.0,120.0,150000.0,3000.0,300.0,1.0,300.0,0.019999999552965164,0.019999999552965164,0.009999999776482582,0.009999999776482582,0.009999999776482582,0.019999999552965164,1.100000023841858,0.019999999552965164,4.0,0.019999999552965164,88.0,1613.0,0.009999999776482582,0.20000000298023224,3.0,5.0,600.0,0.0010000000474974513,88.0,88.0,2000.0,2340.0,-0.11599799990653992,-0.03561130166053772,-0.04758000001311302,-0.01752999983727932,0,0,0,0,0,1,0,518.47216796875,518.47216796875,2.08221435546875,2.08221435546875,0.01674911379814148,31.427616119384766,164.2100372314453,1590.3365478515625,1042.2523193359375,791.9876098632812,791.9876098632812,3.1806640625,3.1806640625,1591.681396484375,537.74853515625,0.0,0.0,2664306.5,20.00048065185547,20.00048065185547,156.16909790039062,156.16909790039062,65712.921875,65712.921875,1.0952153205871582,1.0952153205871582,113.65447998046875,113.65447998046875,24.998708724975586,24.998708724975586,104597.109375,104597.109375,25.008481979370117,155.3640899658203,158.37481689453125,2645162.0,20.00048065185547,20.00048065185547,226.1820831298828,226.1820831298828,155.84463500976562,155.84463500976562,652069.625,652069.625,0.0,114.25838470458984,114.25838470458984,228.5335235595703,160152.84375,160152.84375,1.067685604095459,1.067685604095459,225.54244995117188,155.84463500976562,271.9302673339844,135.9651336669922,135.9651336669922,203.0568084716797,203.0568084716797,406.1136169433594,0.0,0.0,0.0,135.93978881835938,135.93978881835938,203.0568084716797,203.0568084716797,0.026315800845623016,13.036493301391602,0.20000000298023224,0.8181090354919434,0.864529550075531,0.8174644708633423,0.4899575710296631,0.40387073159217834,0.4907175302505493,0.9599996209144592,1.0,1.0,1.0,0.9999998211860657,0.9999998211860657,0.9999998211860657,190840.140625,193242.0625,0.0,0.0,0.0,0.0,0.0,0.0,0.0,296.3810119628906,297.7510070800781,0.0,190786.953125,190786.953125,0.0,0.0,0.0,0.0,0.8569654226303101,0.8569654226303101,0.8569654226303101,0.8649271130561829,1184145.625,0.9959999918937683,0.9959999918937683,0.9959999918937683,0.9959999918937683,5623047.5,2756818.25,7331374.5,8379558.0,2606300.0,4012136.25,0.003906052093952894,0.007822105661034584,1041.1087646484375,527.2208251953125,527.8078002929688,526.9075927734375,329.7417297363281,359.748779296875,329.2571105957031,197.47909545898438,168.05902099609375,197.65048217773438,1590.353271484375,1041.1204833984375,348.4273986816406,348.4273986816406,348.4273986816406,502.8578186035156,502.8578186035156,502.8578186035156,2.9999465942382812,0.8062511682510376,0.8613473773002625,2.9999451637268066,5.0,0.0040000081062316895,0.0040000081062316895,0.0040000081062316895,0.0040000081062316895,0.0,-0.4368000030517578,0.0,599989.3125,164.2100372314453,164.2100372314453,0.0,20.0,2784046.25,7.25,12.0,10.25,224.75672912597656,224.75672912597656,224.75672912597656,0.0,0.0,0.7926306128501892,0.9211652278900146,10000.0,10000.0,0.011826000176370144,1038.5,0.027953999117016792,0.0,0.0,1.0878000259399414,1.0809999704360962,9.000000136438757e-05,103.0,33.220001220703125,1.8179999589920044,0.029999999329447746,49.0,8.329999923706055,4.159999847412109,58.0,302.0,4.5,0.699999988079071,0.4000000059604645,7.5,1.3799999952316284,2.492000102996826,7000.0,48.88999938964844,1.2000000476837158,45.0,62000.0,4590000.0,4250000.0,15900000.0,15100000.0,0.05000000074505806,0.17000000178813934,0.009999999776482582,15220000.0,1.6699999570846558,312.7799987792969,1.1100000143051147,4232.0,0.25,689000.0,4030000.0,9.829999923706055,8.550000190734863,12200000.0,231.10000610351562,88.3239974975586,633.0,1.1430000066757202,0.6858000159263611,-10.0,-3.7799999713897705,0.7799999713897705,295.5,4030000.0,12400000.0,0.9200000166893005,5.0,0,0,0,228,157,0,0,0,0,0,0,0,0,1,1,0,0,1,1,1,0,1,1,0,1,0,0,1,1,1,0,0,0,0,0,0,0,0,0,0,0,0,1,0,0.8811028003692627,6171833.0,1.0877995491027832,0.9533417224884033,0.9982289671897888,305.85595703125,32.63751220703125,-0.002282090950757265,1,1,1,0,0,0,1,1,0,0,0,0,0,352,0.20000000298023224,0.20000000298023224,0.20000000298023224,0.0,2,0,0,0,0,0,0,0,0,0,0,0,0,0,0,0,0,0,0,0,0,0,0,0,0,0,0,0,0,0,0,0,0,0,0,0,0,0,0,0,0,0,0,0,0,0,0,0,0,0,0,1,0,0,0,0,0,0,0,0,0,0,0,0,0,0,0,0,0,0,0,0,0,0,0,0,0,0,0,0,0,0,0,0,0,0,0,0,0,0,0,0,0,0,0,0,0,0,0,0,0,0,0,0,0,0,0,0,0,0,0,0,0,0,0,0,0,0,0,0,0,0,0,0,0,0,0,0,0,0,0,0,0,0,0,0,0,0,0,0,0,0,0,1,0,0,0,0,0,0,0,0,0,0,0,-1,0,0,0,0,0,0,1,1,0,0,88.11028289794922,-3.404751777648926,0.0,-0.5230976343154907,-1.6815581571897805e-44,308.89208984375,305.85595703125,684.492431640625,-0.0001402477064402774,99.28662109375,2664.417724609375,1.0877995491027832,0.9982289671897888,-1.0,3.0361328125,6.827850029367255e-06,0.024842968210577965,100.0,27.0,0.0,7.799991607666016,3.793267011642456,1.0,1.0,38.69187927246094,0.26232287287712097,20.0,3.2262465538224205e-05,0.0,74.02526092529297,1.7328500747680664,1.8179994821548462,0.00036938843550160527,0.6817498207092285,0.5432119369506836,28.208602905273438,8.919788360595703,18.969463348388672,17.615774154663086,0.5992274284362793,45.74291229248047,44.898040771484375,254.51583862304688,126.46611022949219,0.9583421349525452,321.93145751953125,40.007659912109375,0.29459047317504883,289.53411865234375,289.55499267578125,289.52197265625,322.11090087890625,322.30255126953125,322.11114501953125,100.0,4.678595066070557,50.919525146484375,138.88775634765625,305.822509765625,305.92877197265625,305.8165588378906,340.3326416015625,46.24093246459961,33.1950798034668,138.88775634765625,0.0,0.9515677690505981,0.9565561413764954,0.9519296884536743,89.68330383300781,89.66297912597656,89.59352111816406,62.981014251708984,62.97994613647461,62.978004455566406,51.558101654052734,51.539283752441406,51.40563201904297,99.03302001953125,98.7857666015625,98.79188537597656,1896.8673095703125,1900.1080322265625,1897.994873046875,511.1864013671875,512.5816650390625,510.6933898925781,29.0,0.0,48.0,0.4907175302505493,0.6539716124534607,0.40387073159217834,0.6916236281394958,0.4899575710296631,0.6544872522354126,41.0,78.36749267578125,62.4500732421875,225.54244995117188,95.92355346679688,9.999999974752427e-07,85.50585174560547,0.6336427927017212,155.3640899658203,0.9885963201522827,721.2213745117188,39.908775329589844,31.427616119384766,1.0,9.473483085632324,77.90040588378906,0.0,0.9718579053878784,20.0,0.0,60.0,120.0,22.0,120.0,3.4271693229675293,0.0,0.0,968.8930053710938,18.088956832885742,89.19788360595703,2.0,200.0,0,0,228,228,228,228,220,228,228,228,157,0,99999,99999,11,402,1800,180,1800,998,20,968,88,23,0,0,0,806,1424,29,31,32,0,0,0,0,0,0,0,0,0,0,0,0,0,0,1,0,0,0,0,1,1,1,0,1,0,0,0,1,0,0,0,0,0,0,0,0,0,0,0,0,1,0,1,0,0,1,1,0,1,0,1,0,1,0,0,0,1,1,0,1,0,1,0,0,0,1,1,1,0,0,1,0,1,0,0,0,0,1,1,0,0,1,0,0,0,1,0,0,0,0,0,0,1,0,0,0,1,1,0,0,1,0,1,0,1,0,1,0,0,0,1,0,1,1,1,0,0,1,0,0,0,0,0,1,1,1,0,0,0,0,0,0,0,0,0,0,0,1,0,1,0,1,0,0,0,0,0,0,0,0,0,1,0,1,0,1,0,1,1,1,1,1,1,1,0,0,0,0,0,0,1,0,1,1,1,1,1,1,1,1,1,1,1,1,0,0,1,1,0,0,1,1,0,1,0,1,0,1,1,0,0,0,0,0,0,0,0,1,1,0,0,1,0,1,1,1,0,1,0,0,1,1,0,1,1,1,0,1,1,0,1,0,1,1,0,0,0,0,0,0,1,1,1,1,0,0,0,0,0,0,0,0,1,0,0,0,0,0,0,0,0,0,0,0,0,0,0,0,0,0,0,0,0,0,0,0,0,0,0,0,0,0,0,0,0,0,0,0,0,0,0,0,0,0,0,0,0,0,0,0,0,0,0,0,0,0,0,1,0,0,0,1,1,0,0,0,0,0,0,0,0,0,0,0,0,0,0,0,0,0,0,0,0,0,0,0,0,0,0,0,0,0,0,0,0,0,0,0,0,0,0,0,0,0,0,0,0,0,0,0,0,0,0,0,0,0,0,0,0,0,0,0,0,0,0,0,0,0,0,0,0,0,0,0,0,0,0,0,0,0,0,1,0,1,0,0,0,0,0,1,0,0,0,0,0,0,0,0,0,0,0,0,0,0,0,1,0,0,0,0,0,0,0,0,0,0,0,0,0,0,1,0,0,0,0,0,0,0,0,0,0,1,0,0,0,0,0,0,0,0,0,0,0,0,0,0,0,0,0,0,0,0,0,0,0,0,0,0,0,1,0,0,0,0,0,0,1,1,1,0,0,0,0,0,0,-1,0,0,0,0,0,0,0,0,-1,0,0,-1,0,0,0,0,0,0,0,0,0,0,0,0,0,0,0,0,0,0,1,0,0,0,0,0,0,0,0,0,0,0,0,0,0,0,0,1,1,0,-1,-1,-1,1,1,1,0,0,0,0,1,0,0,1,1,0,0,0,0,1,0,0,0,0,0,0,0,0,0,0,0,0,0,0,0,0,0,0,0,0,0,0,0,0,0,0,0,0,0,1,1,0,1,0,1,1,0,1,0,1,1,0,1,0,0,1,0,0,0,0,0,0,0,0,0,0,0,0,0,0,0,0,0,0,0,0,0,0,0,0,0,0
0,1,1,300,228,8,8,228,114,25,1,0,0.0020000000949949026,4000.0,1.0,0.04500000178813934,25.0,48.0,8.0,291.70001220703125,1.7000000476837158,-3.179999907843012e-07,0.007360000163316727,0.008080000057816505,8.0,0.33000001311302185,0.0333000011742115,1.0,9.999999747378752e-06,21.0,9.999999747378752e-06,2775000064.0,9.000000136438757e-05,4.999999980020986e-13,5.0,40.0,3.0,-3.3499999046325684,3.3499999046325684,0.5,0.0004799999878741801,292.3927001953125,492.6077880859375,-0.0036125299520790577,0.002354159951210022,0.0008944629807956517,0.013157900422811508,0.800646185874939,0.02024419978260994,2650129920.0,0.006539999973028898,228,228,228,228,228,228,228,228,228,228,228,228,228,228,228,228,228,228,228,228,228,228,228,228,220,220,220,220,228,228,228,228,228,228,228,228,228,228,228,228,228,228,228,228,228,228,228,228,228,228,228,228,0,1,4,4,228,228,228,220,228,228,228,228,3,0,0.000401827332098037,290.1661376953125,621.9423217773438,695.3951416015625,772.6591186523438,847.2008056640625,961.9839477539062,991.5184326171875,1002.3526611328125,990.102294921875,958.0780029296875,908.9991455078125,840.937255859375,766.47119140625,692.085693359375,624.2655029296875,558.0955810546875,504.41888427734375,464.04510498046875,436.82415771484375,420.5912780761719,414.38006591796875,415.6888427734375,421.40582275390625,428.41937255859375,433.61773681640625,0.011020591482520103,0.6735655069351196,0.7719338536262512,-0.00013953223242424428,0.7555944919586182,0.9724520444869995,104505.078125,3.223307794542052e-05,0.30990687012672424,0.6846900582313538,0.8797696232795715,0.880212128162384,0.022358959540724754,1.0,-1.6815581571897805e-44,-3.4054126739501953,0.0,99.28641510009766,2664.435546875,0.9437308311462402,683.6405639648438,228.0,72.0,34.27101135253906,0.0,0.0,308.88153076171875,280641.90625,-0.5230151414871216,6.370626926422119,130.28829956054688,1.2821476459503174,7750000.0,8160000.0,86.12000274658203,119.0999984741211,0.5,9.999999747378752e-05,0.0,3.299999952316284,200.0,0.30000001192092896,309.20001220703125,2.439019908706541e-06,0,0,0,1,1,1,0,24,0,305.7488708496094,0.0,0.0,0.0,0.0,0.0,0.0,0.48929131031036377,0.8689314126968384,0.5180473327636719,-0.014378011226654053,-0.004213013686239719,-0.004626813344657421,0.514378011226654,0.5157012939453125,0.5158966779708862,1.0,25.0,24.0,6166176.5,6166368.0,6166472.0,289.43255615234375,289.46600341796875,289.44482421875,321.9857482910156,322.1788635253906,321.9852600097656,4400000.0,305.70916748046875,305.82244873046875,305.71502685546875,32.553192138671875,32.712860107421875,32.540435791015625,321.8048400878906,4543.7177734375,4543.32666015625,4554.7861328125,12.887455940246582,12.897261619567871,12.900282859802246,10.94989013671875,0.0,0.0,0.0020000000949949026,289.4477844238281,322.0499572753906,-44.96512222290039,1.672080397605896,1.6763654947280884,1.6770082712173462,-17.93563461303711,39.0,40.0,42.0,41.0,0.0,0.0,6164279.5,6112529.0,73.63848114013672,5.0,0.014999999664723873,-180000.0,600.0,1000000.0,400000.0,0.17000000178813934,22000.0,786000.0,120000.0,0.0,40.0,30.0,36.810001373291016,0.5,18.399999618530273,50000.0,115692.3984375,15.113750457763672,0,0,1,0,0,0,0,13579312.0,0.0,0.0,0.0,0.0,0.0,-1812783.0,400000.0,1000000.0,1.0,1400000.0,0.0,0.46098729968070984,13587217.0,126869.6328125,13579312.0,340.33428955078125,40.007659912109375,4.605130672454834,-1812783.0,0.0,0.0,0.0,3.309948205947876,40.007659912109375,0.0,22230.939453125,1.2010046243667603,0.0,0.0,0.0,20.0,14.711517333984375,22.0,0.0,0.0,0.0,0.05000000074505806,0.02500000037252903,0.17000000178813934,15400000.0,0.5,6.25,0.0006667000125162303,2.0,2410000.0,4140000.0,4.734799861907959,0.15000000596046448,0.20000000298023224,0.2199999988079071,1.0,0.0,-1.0,0.0,5.0,20.0,30.0,50.0,74.0,80.0,86.0,9.800000190734863,500000.0,1.0499999802959792e-07,0.5,750.0,1000.0,600.0,1000.0,1150.0,32.0,32.0,37.400001525878906,10.0,10.0,0.007000000216066837,0.5049999952316284,82.0,189.26499938964844,0.0,1.5099999904632568,231.60000610351562,20.0,36.0,16.600000381469727,16.5,225.0,-0.1756729930639267,27.5,-0.1756729930639267,30.485509872436523,0.1561516970396042,11.10221004486084,-1.8332500457763672,-75.0,4.3520002365112305,9.800000190734863,189.26499938964844,93.30000305175781,2650000.0,0.8500000238418579,7.570000171661377,0,1,0,0,0,0,0,0,0,0,0,1,3,3,0,0,1,1,0,0,0,0,0,0,0,0,0,0,1,0,0,0,0,0,0,0,0,0,0,1,0,0,0,0,0,0,0,0,0,0,12.054306030273438,29055.619140625,2153.699951171875,0.00041487434646114707,0.0004361289902590215,0.0006248649442568421,1.0,1.0,0.0,0.0,0.0,0.6003010869026184,0.5905217528343201,1.0,0.0,0.0,0.0,1.0,0.0,0.0,1.0,1.0,0.0,1.0,1.0,0.005919992923736572,0.0,1.0,0.0,0.6264183521270752,0.6316341161727905,0.00041487434646114707,0.0,0.0,0.0,99998.78125,99999.0,2762505.0,2410000.0,36.20000076293945,36.20000076293945,36.20000076293945,32.49220275878906,254.0955047607422,126.14969635009766,45.63862991333008,26.413864135742188,36.76383972167969,27.0,28.253154754638672,27.0,0.0,32.0,20.0,68.57752227783203,3446668.0,0.5432119369506836,3.7799999713897705,4.903988838195801,8.919788360595703,0.0,0.0,0.0,1.401298464324817e-45,5.263979434967041,5.263979434967041,0.5049998760223389,0.5049998760223389,0.5049998760223389,0.18937495350837708,0.18937495350837708,0.18937495350837708,0.0,0.0,0.0,0.0,0.0,0.0,5.294999599456787,0.0,0.0,0.0,0.0,0.0,0.0,100.0,74.02205657958984,0.5075556039810181,0.0,20.0,0.0,5.232816696166992,5.843724727630615,0.0,0.0,0.0,0.007000000216066837,0.0,0.0,10.195423126220703,0.0,1.732818365097046,1.401298464324817e-45,5.850863456726074,0.0,0.0,0.0,0.0,0.0,0.0,20.0,0.0,0.0,13278295.0,0.0,0.0,0.0,0.0,0.0,0.0,0.0,0.351500004529953,18.93000030517578,23.030000686645508,7.69199959904654e-06,0.08500000089406967,0.009999999776482582,24.0,27.0,8.800000190734863,500000.0,0.05000000074505806,2.7000000013543968e-09,2.7000000013543968e-09,145100.0,120000.0,14650000.0,86400.0,17.0,34.5,48.70000076293945,321.8999938964844,83170.0,0.0,1.0,1.0,0.0010000000474974513,725.0,0.0,0.5,0.0,0.0,57.31999969482422,837142.875,9359.77734375,117376.1015625,2623.89794921875,83026.390625,725.0,1.0204100362898316e-05,740000000.0,1,0,1,0,1,0,1,0,0,0,0,8.799991607666016,27.0,3273.992431640625,0.0,0.0,0.0,0.0,1.3151469230651855,0.00040167043334804475,0.0,0.025183549150824547,38.737491607666016,1.0,25720.9921875,6293.42138671875,3.270489469286986e-05,2487941632.0,4108080640.0,2734962432.0,4130540800.0,-72.85295104980469,42.550048828125,-208356912.0,-22460576.0,5.850863456726074,1525.9991455078125,78.70381164550781,1483.4490966796875,106381.3984375,3987.04833984375,145988.296875,162697.46875,123720.9921875,41.2000846862793,38.737491607666016,38.737491607666016,1.0,3.270489469286986e-05,6293.42138671875,934423822336.0,0.19996143877506256,137600.0,137600.0,95068144.0,73.695556640625,6334.35107421875,1.0,0.0,1700.0,250000.0,10000.0,1038.0,0.004999999888241291,400.0,5000.0,0,0,0,0,2960249.25,64.24544525146484,64.24544525146484,1219369.125,2784430.75,1.0,1.0,1212662.125,227.2685546875,6114431.0,1.0,0.9883615374565125,1.0,1.0,1026.481201171875,275.9599609375,188.70948791503906,123.37335205078125,6014818.5,805152.0625,188.70948791503906,1.0,1.0,1.0,132.99960327148438,1531.67333984375,786.1633911132812,0.0,0.0,0.0,7680000.0,507.7098083496094,509.62261962890625,510.6438293457031,0.0,2784430.75,0.0,128.4908905029297,0.0,0.0,276.7294616699219,1.0,0.0,-7.5742998123168945,0.0,5.605193857299268e-45,9.999999974752427e-07,0.0,2.0,0.0003000000142492354,0.004999999888241291,0.0010000000474974513,2.0000000233721948e-07,2.0000000233721948e-07,0.0005555999814532697,993000000.0,1.0,0.05000000074505806,0.10000000149011612,0.0005000000237487257,0.0016700000269338489,0.009999999776482582,1.0,1.0,0.0010000000474974513,4.999999873689376e-05,0.00039999998989515007,0.019999999552965164,0.9891999959945679,0.9891999959945679,0.9950000047683716,0.9950000047683716,1,0,0,0,0,1,0,0,1,0,1,0,0,0,0.9751229286193848,968297088.0,61821.609375,4756122.0,1136.4241943359375,2546154.75,1408.2528076171875,1.0,2331534.5,0.9750332236289978,1.0,60.0,180.0,1800.0,1800.0,1.0047005414962769,0.019808992743492126,1.0,1.0,-0.012236599810421467,0.0,0.0,0.0,0.0,-0.00020259618759155273,6.602997746085748e-05,0.0,0.0,6.602997746085748e-05,0.0,6.602997746085748e-05,6.602997746085748e-05,0.0,7.006492321624085e-44,1,1,0,1,1,1,0,1,1,0,1,0,1,1,1,1,1,1,1,1,0,1000,1000,0,1,5001,5001,220.0,3425.368896484375,120.0,120.0,60.0,0.0,0.4000000059604645,0.10000000149011612,0.10000000149011612,2.0,500.0,200.0,0.9900000095367432,300000.0,5000.0,45000.0,20000.0,0.019999999552965164,2.0,0.05000000074505806,0.019999999552965164,6.0,0.05000000074505806,0.019999999552965164,0.019999999552965164,88.30000305175781,0.10000000149011612,0.800000011920929,0.05000000074505806,0.009999999776482582,50.0,50.0,340.0,340.0,1000000.0,1,1,1,1,1,1,1,1,1,1,0,0,0,1,1,0,1.0,0.0,0.0,0.0,0.0002981249999720603,0.0,0.0,0.0,0.9180821180343628,0.9180821180343628,0.9180821180343628,5000.3994140625,3906308.25,3911308.75,50.0,27.61591911315918,0.4000000059604645,0.0,0.0,0.10000000149011612,0.15922997891902924,1.0,45000.0,20.0,29.230981826782227,779007.6875,33.31517791748047,4588.927734375,721.2213745117188,0.7790076732635498,0.9180342555046082,9.473443984985352,1.0,3220971.0,3304317.0,9.718579292297363,20.0,0.2750496566295624,27.50496482849121,0.0,636.4223022460938,411.4492492675781,100000.0,50000.0,1115.300048828125,50000.0,700.0,2000.0,2800000.0,3500000.0,4000000.0,9.999999747378752e-05,4.999999873689376e-05,500.0,20000.0,100.0,500.0,60000.0,1200.0,1.0,120.0,150000.0,3000.0,300.0,1.0,300.0,0.019999999552965164,0.019999999552965164,0.009999999776482582,0.009999999776482582,0.009999999776482582,0.019999999552965164,1.100000023841858,0.019999999552965164,4.0,0.019999999552965164,88.0,1613.0,0.009999999776482582,0.20000000298023224,3.0,5.0,600.0,0.0010000000474974513,88.0,88.0,2000.0,2340.0,-0.11599799990653992,-0.03561130166053772,-0.04758000001311302,-0.01752999983727932,0,0,0,0,0,1,0,518.2785034179688,518.2785034179688,2.0814208984375,2.0814208984375,0.016739334911108017,31.427593231201172,164.2097625732422,1589.80322265625,1041.9051513671875,791.7219848632812,791.7219848632812,3.17962646484375,3.17962646484375,1591.2177734375,537.5853881835938,0.0,0.0,2664224.25,20.00048065185547,20.00048065185547,156.1647491455078,156.1647491455078,65712.5546875,65712.5546875,1.0952092409133911,1.0952092409133911,113.63427734375,113.63427734375,24.99873161315918,24.99873161315918,104597.203125,104597.203125,25.008499145507812,155.36001586914062,158.37210083007812,2645197.25,20.00048065185547,20.00048065185547,226.16050720214844,226.16050720214844,155.84207153320312,155.84207153320312,652058.875,652058.875,0.0,114.25109100341797,114.25109100341797,228.5189208984375,160151.125,160151.125,1.067674160003662,1.067674160003662,225.52401733398438,155.84207153320312,271.77728271484375,135.88864135742188,135.88864135742188,203.02247619628906,203.02247619628906,406.0449523925781,0.0,0.0,0.0,135.8628387451172,135.8628387451172,203.02247619628906,203.02247619628906,0.026315800845623016,13.035327911376953,0.20000000298023224,0.8167963624000549,0.8632379770278931,0.816146969795227,0.48929131031036377,0.40322887897491455,0.4900609850883484,0.9599996209144592,1.0,1.0,1.0,0.9999998211860657,0.9999998211860657,0.9999998211860657,190839.75,193242.0625,0.0,0.0,0.0,0.0,0.0,0.0,0.0,296.3810119628906,297.7510070800781,0.0,190790.0625,190790.0625,0.0,0.0,0.0,0.0,0.8563868999481201,0.8563868999481201,0.8563868999481201,0.8651160001754761,1183703.625,0.9959999918937683,0.9959999918937683,0.9959999918937683,0.9959999918937683,5617223.0,2757763.5,7328538.5,8374668.0,2606300.0,4012638.0,0.0039063082076609135,0.007822616957128048,1040.7198486328125,526.8767700195312,527.4937133789062,526.5646362304688,329.49627685546875,359.5456237792969,329.00897216796875,197.3804931640625,167.94808959960938,197.5556640625,1589.8199462890625,1040.7315673828125,348.3374328613281,348.3374328613281,348.3374328613281,502.021484375,502.021484375,502.021484375,2.999951124191284,0.8043724894523621,0.8613162636756897,2.9999496936798096,5.0,0.0040000081062316895,0.0040000081062316895,0.0040000081062316895,0.0040000081062316895,0.0,-0.4368000030517578,0.0,599990.25,164.2097625732422,164.2097625732422,0.0,20.0,2784084.5,7.25,12.0,10.25,224.74200439453125,224.74200439453125,224.74200439453125,0.0,0.0,0.7926306128501892,0.9211652278900146,10000.0,10000.0,0.011826000176370144,1038.5,0.027953999117016792,0.0,0.0,1.0878000259399414,1.0809999704360962,9.000000136438757e-05,103.0,33.220001220703125,1.8179999589920044,0.029999999329447746,49.0,8.329999923706055,4.159999847412109,58.0,302.0,4.5,0.699999988079071,0.4000000059604645,7.5,1.3799999952316284,2.492000102996826,7000.0,48.88999938964844,1.2000000476837158,45.0,62000.0,4590000.0,4250000.0,15900000.0,15100000.0,0.05000000074505806,0.17000000178813934,0.009999999776482582,15220000.0,1.6699999570846558,312.7799987792969,1.1100000143051147,4232.0,0.25,689000.0,4030000.0,9.829999923706055,8.550000190734863,12200000.0,231.10000610351562,88.3239974975586,633.0,1.1430000066757202,0.6858000159263611,-10.0,-3.7799999713897705,0.7799999713897705,295.5,4030000.0,12400000.0,0.9200000166893005,5.0,0,0,0,228,157,0,0,0,0,0,0,0,0,1,1,0,0,1,1,1,0,1,1,0,1,0,0,1,1,1,0,0,0,0,0,0,0,0,0,0,0,0,1,0,0.8797696232795715,6166176.5,1.0877995491027832,0.9525560140609741,0.9980331659317017,305.77569580078125,32.61061477661133,-0.002251995261758566,1,1,1,0,0,0,1,1,0,0,0,0,0,355,0.20000000298023224,0.20000000298023224,0.20000000298023224,0.0,2,0,0,0,0,0,0,0,0,0,0,0,0,0,0,0,0,0,0,0,0,0,0,0,0,0,0,0,0,0,0,0,0,0,0,0,0,0,0,0,0,0,0,0,0,0,0,0,0,0,0,1,0,0,0,0,0,0,0,0,0,0,0,0,0,0,0,0,0,0,0,0,0,0,0,0,0,0,0,0,0,0,0,0,0,0,0,0,0,0,0,0,0,0,0,0,0,0,0,0,0,0,0,0,0,0,0,0,0,0,0,0,0,0,0,0,0,0,0,0,0,0,0,0,0,0,0,0,0,0,0,0,0,0,0,0,0,0,0,0,0,0,0,1,0,0,0,0,0,0,0,0,0,0,0,-1,0,0,0,0,0,0,1,1,0,0,87.97695922851562,-3.4054126739501953,0.0,-0.5230151414871216,-1.6815581571897805e-44,308.88153076171875,305.77569580078125,683.6405639648438,-0.00013953223242424428,99.28641510009766,2664.435546875,1.0877995491027832,0.9980331659317017,-1.0,3.1058349609375,6.827850029367255e-06,0.025183549150824547,100.0,27.0,0.0,7.799991607666016,3.798886775970459,1.0,1.0,38.737491607666016,0.26245957612991333,20.0,3.270489469286986e-05,0.0,74.02205657958984,1.732818365097046,1.8179994821548462,0.00036938843550160527,0.6817498207092285,0.5432119369506836,28.188879013061523,8.919788360595703,18.95032501220703,17.654359817504883,0.6003010869026184,45.63862991333008,44.898040771484375,254.0955047607422,126.14969635009766,0.9580779671669006,321.83660888671875,40.007659912109375,0.29459047317504883,289.46728515625,289.4884033203125,289.45501708984375,322.0167236328125,322.209716796875,322.01708984375,100.0,4.656830310821533,50.75556182861328,138.64532470703125,305.74200439453125,305.84906005859375,305.7360534667969,340.333740234375,46.09872817993164,33.123390197753906,138.64532470703125,0.0,0.9507690668106079,0.9557895660400391,0.9511381387710571,89.70225524902344,89.68140411376953,89.61288452148438,62.92329788208008,62.922237396240234,62.920284271240234,51.58966827392578,51.57012939453125,51.437801361083984,99.02394104003906,98.77532958984375,98.7832260131836,1895.6326904296875,1898.977294921875,1896.75634765625,510.77618408203125,512.1812133789062,510.2762756347656,29.0,0.0,48.0,0.4900609850883484,0.6529175639152527,0.40322887897491455,0.6905903816223145,0.48929131031036377,0.653437077999115,41.0,78.36749267578125,62.392269134521484,225.52401733398438,95.84939575195312,9.999999974752427e-07,85.4559555053711,0.6337715983390808,155.36001586914062,0.9883615374565125,721.2213745117188,39.9113883972168,31.427593231201172,1.0,9.473443984985352,77.90076446533203,0.0,0.9718579053878784,20.0,0.0,60.0,120.0,22.0,120.0,3.4253690242767334,0.0,0.0,968.2970581054688,18.088956832885742,89.19788360595703,2.0,200.0,0,0,228,228,228,228,220,228,228,228,157,0,99999,99999,10,402,1800,180,1800,998,20,968,87,23,0,0,0,806,1424,29,31,32,0,0,0,0,0,0,0,0,0,0,0,0,0,0,1,0,0,0,0,1,1,1,0,1,0,0,0,1,0,0,0,0,0,0,0,0,0,0,0,0,1,0,1,0,0,1,1,0,1,0,1,0,1,0,0,0,1,1,0,1,0,1,0,0,0,1,1,0,0,0,1,0,1,0,0,0,0,0,1,0,0,1,0,0,0,1,0,0,0,0,0,0,1,0,0,0,1,1,0,0,1,0,1,0,1,0,1,0,0,0,1,0,1,1,1,0,0,1,0,0,0,0,0,1,1,1,0,0,0,0,0,0,0,0,0,0,0,1,0,1,0,1,0,0,0,0,0,0,0,0,0,1,0,1,0,1,0,1,1,1,1,1,1,1,0,0,0,0,0,0,1,0,1,1,1,1,1,1,1,1,1,1,1,0,0,0,1,1,0,0,1,1,0,1,0,1,0,1,1,0,0,0,0,0,0,0,0,1,1,0,0,1,0,1,1,1,0,1,0,0,1,1,0,1,1,1,0,1,1,0,1,0,1,1,0,0,0,0,0,0,1,1,1,1,0,0,0,0,0,0,0,0,0,0,0,0,0,0,0,0,0,0,0,0,0,0,0,0,0,0,0,0,0,0,0,0,0,0,0,0,0,0,0,0,0,0,0,0,0,0,0,0,0,0,0,0,0,0,0,0,0,0,0,0,0,0,0,0,0,0,0,0,0,0,0,0,0,0,0,0,0,0,0,0,0,0,0,0,0,0,0,0,0,0,0,0,0,0,0,0,0,0,0,0,0,0,0,0,0,0,0,0,0,0,0,0,0,0,0,0,0,0,0,0,0,0,0,0,0,0,0,0,0,0,0,0,0,0,0,0,0,0,0,0,0,0,0,0,0,0,0,1,0,1,0,0,0,0,0,1,0,0,0,0,0,0,0,0,0,0,0,0,0,0,0,1,0,0,0,0,0,0,0,0,0,0,0,0,0,0,1,0,0,0,0,0,0,0,0,0,0,1,0,0,0,0,0,0,0,0,0,0,0,0,0,0,0,0,0,0,0,0,0,0,0,0,0,0,0,1,0,0,0,0,0,0,1,1,1,0,0,0,0,0,0,-1,0,0,0,0,0,0,0,0,-1,0,0,-1,0,0,0,0,0,0,0,0,0,0,0,0,0,0,0,0,0,0,1,0,0,0,0,0,0,0,0,0,0,0,0,0,0,0,0,1,1,0,-1,-1,-1,1,1,1,0,0,0,0,1,0,0,1,1,0,0,0,0,1,0,0,0,0,0,0,0,0,0,0,0,0,0,0,0,0,0,0,0,0,0,0,0,0,0,0,0,0,0,1,1,0,1,0,1,1,0,1,0,1,1,0,1,0,0,1,0,0,0,0,0,0,0,0,0,0,0,0,0,0,0,0,0,0,0,0,0,0,0,0,0,0
0,1,1,300,228,8,8,228,114,25,1,0,0.0020000000949949026,4000.0,1.0,0.04500000178813934,25.0,48.0,8.0,291.70001220703125,1.7000000476837158,-3.179999907843012e-07,0.007360000163316727,0.008080000057816505,8.0,0.33000001311302185,0.0333000011742115,1.0,9.999999747378752e-06,21.0,9.999999747378752e-06,2775000064.0,9.000000136438757e-05,4.999999980020986e-13,5.0,40.0,3.0,-3.3499999046325684,3.3499999046325684,0.5,0.0004799999878741801,292.3927001953125,492.6077880859375,-0.0036125299520790577,0.002354159951210022,0.0008944629807956517,0.013157900422811508,0.800646185874939,0.02024419978260994,2650129920.0,0.006539999973028898,228,228,228,228,228,228,228,228,228,228,228,228,228,228,228,228,228,228,228,228,228,228,228,228,220,220,220,220,228,228,228,228,228,228,228,228,228,228,228,228,228,228,228,228,228,228,228,228,228,228,228,228,0,1,4,4,228,228,228,220,228,228,228,228,3,0,0.000401827332098037,290.122802734375,621.5091552734375,694.8253173828125,771.9450073242188,846.347900390625,960.9214477539062,990.408203125,1001.2366943359375,989.023193359375,957.0684814453125,908.08447265625,840.1458129882812,765.8074951171875,691.54443359375,623.8311767578125,557.7578125,504.15557861328125,463.83575439453125,436.65142822265625,420.4426574707031,414.2449645996094,415.5592956542969,421.2772216796875,428.2903137207031,433.4901428222656,0.011191023513674736,0.6728869080543518,0.7719327807426453,-0.00013927201507613063,0.7555973529815674,0.9721477031707764,104401.375,3.2199259294429794e-05,0.30964773893356323,0.6839858889579773,0.8788859248161316,0.8793267011642456,0.02235923334956169,1.0,-1.6815581571897805e-44,-3.4058496952056885,0.0,99.28630065917969,2664.447021484375,0.9437344074249268,683.0772094726562,228.0,72.0,34.82877731323242,0.4000000059604645,0.0,308.8742980957031,280642.28125,-0.5229619741439819,6.369442939758301,130.28829956054688,1.2825682163238525,7750000.0,8160000.0,86.12000274658203,119.0999984741211,0.5,9.999999747378752e-05,0.0,3.299999952316284,200.0,0.30000001192092896,309.20001220703125,2.439019908706541e-06,0,0,0,1,1,1,0,24,0,305.6950378417969,0.0,0.0,0.0,0.0,0.0,0.0,0.4888452887535095,0.8688259720802307,0.5180317759513855,-0.014593243598937988,-0.0043089743703603745,-0.004731461871415377,0.514593243598938,0.5159074664115906,0.5161074995994568,1.0,25.0,24.0,6162381.0,6162574.5,6162675.5,289.38751220703125,289.42108154296875,289.3997802734375,321.9226989746094,322.1167907714844,321.9224548339844,4400000.0,305.65509033203125,305.7689208984375,305.6611328125,32.535186767578125,32.695709228515625,32.522674560546875,321.7413024902344,4543.4609375,4543.00830078125,4554.51318359375,12.889314651489258,12.899033546447754,12.90210247039795,10.9232177734375,0.0,0.0,0.0020000000949949026,289.4028015136719,321.9873046875,-44.968265533447266,1.6727794408798218,1.677036166191101,1.6776937246322632,-18.033138275146484,39.0,40.0,42.0,41.0,0.0,0.0,6160476.5,6108721.5,73.5396499633789,5.0,0.014999999664723873,-180000.0,600.0,1000000.0,400000.0,0.17000000178813934,22000.0,786000.0,120000.0,0.0,40.0,30.0,36.810001373291016,0.5,18.399999618530273,50000.0,115692.3984375,15.113750457763672,0,0,1,0,0,0,0,13563533.0,0.0,0.0,0.0,0.0,0.0,-1828584.0,400000.0,1000000.0,1.0,1400000.0,0.0,0.46003881096839905,13571416.0,126869.6328125,13563533.0,340.33502197265625,40.007659912109375,4.595643043518066,-1828584.0,0.0,0.0,0.0,3.3051648139953613,40.007659912109375,0.0,22230.939453125,1.2010046243667603,0.0,0.0,0.0,20.0,14.711517333984375,22.0,0.0,0.0,0.0,0.05000000074505806,0.02500000037252903,0.17000000178813934,15400000.0,0.5,6.25,0.0006667000125162303,2.0,2410000.0,4140000.0,4.734799861907959,0.15000000596046448,0.20000000298023224,0.2199999988079071,1.0,0.0,-1.0,0.0,5.0,20.0,30.0,50.0,74.0,80.0,86.0,9.800000190734863,500000.0,1.0499999802959792e-07,0.5,750.0,1000.0,600.0,1000.0,1150.0,32.0,32.0,37.400001525878906,10.0,10.0,0.007000000216066837,0.5049999952316284,82.0,189.26499938964844,0.0,1.5099999904632568,231.60000610351562,20.0,36.0,16.600000381469727,16.5,225.0,-0.1756729930639267,27.5,-0.1756729930639267,30.485509872436523,0.1561516970396042,11.10221004486084,-1.8332500457763672,-75.0,4.3520002365112305,9.800000190734863,189.26499938964844,93.30000305175781,2650000.0,0.8500000238418579,7.570000171661377,0,1,0,0,0,0,0,0,0,0,0,1,3,3,0,0,1,1,0,0,0,0,0,0,0,0,0,0,1,0,0,0,0,0,0,0,0,0,0,1,0,0,0,0,0,0,0,0,0,0,12.054176330566406,29055.37109375,2153.699951171875,0.00041487341513857245,0.0004361289902590215,0.0006248649442568421,1.0,1.0,0.0,0.0,0.0,0.6010133624076843,0.5912650227546692,1.0,0.0,0.0,0.0,1.0,0.0,0.0,1.0,1.0,0.0,1.0,1.0,0.005740821361541748,0.0,1.0,0.0,0.6261247992515564,0.6313721537590027,0.00041487341513857245,0.0,0.0,0.0,99998.78125,99999.0,2761210.25,2410000.0,36.20000076293945,36.20000076293945,36.20000076293945,32.49382400512695,253.81605529785156,125.93965148925781,45.569461822509766,26.417034149169922,36.73981475830078,27.0,28.246360778808594,27.0,0.0,32.0,20.0,68.57752227783203,3446668.0,0.5432131290435791,3.7799999713897705,4.911098003387451,8.919787406921387,0.0,0.0,0.0,1.401298464324817e-45,5.260443210601807,5.260443210601807,0.5049998760223389,0.5049998760223389,0.5049998760223389,0.18937495350837708,0.18937495350837708,0.18937495350837708,0.0,0.0,0.0,0.0,0.0,0.0,5.294999599456787,0.0,0.0,0.0,0.0,0.0,0.0,100.0,74.01988220214844,0.5064595937728882,0.0,20.0,0.0,5.230244159698486,5.850862979888916,0.0,0.0,0.0,0.007000000216066837,0.0,0.0,10.202546119689941,0.0,1.7327969074249268,1.401298464324817e-45,5.857972621917725,0.0,0.0,0.0,0.0,0.0,0.0,20.0,0.0,0.0,13262549.0,0.0,0.0,0.0,0.0,0.0,0.0,0.0,0.351500004529953,18.93000030517578,23.030000686645508,7.69199959904654e-06,0.08500000089406967,0.009999999776482582,24.0,27.0,8.800000190734863,500000.0,0.05000000074505806,2.7000000013543968e-09,2.7000000013543968e-09,145100.0,120000.0,14650000.0,86400.0,17.0,34.5,48.70000076293945,321.8999938964844,83170.0,0.0,1.0,1.0,0.0010000000474974513,725.0,0.0,0.5,0.0,0.0,57.31999969482422,837142.875,9359.77734375,117376.1015625,2623.89794921875,83026.390625,725.0,1.0204100362898316e-05,740000000.0,1,0,1,0,1,0,1,0,0,0,0,8.799991607666016,27.0,3303.460693359375,0.0,0.0,0.0,0.0,1.3269881010055542,0.0004016729071736336,0.0,0.02541021816432476,38.7677001953125,1.0,25729.875,6347.25537109375,3.299935269751586e-05,2485577728.0,4105434368.0,2732881408.0,4128432128.0,-72.74065399169922,42.646240234375,-208720048.0,-22998144.0,5.857972621917725,1525.324951171875,78.59862518310547,1482.6787109375,106381.3984375,3993.16259765625,146011.65625,162824.34375,123729.875,41.6000862121582,38.7677001953125,38.7677001953125,1.0,3.299935269751586e-05,6347.25537109375,935667564544.0,0.19999822974205017,137600.0,137600.0,94924712.0,73.59658813476562,6343.18310546875,1.0,0.0,1700.0,250000.0,10000.0,1038.0,0.004999999888241291,400.0,5000.0,0,0,0,0,2960186.5,64.23516082763672,64.23516082763672,1219177.125,2784455.5,1.0,1.0,1212235.25,227.24118041992188,6110629.5,1.0,0.9882021546363831,1.0,1.0,1026.258544921875,275.9208984375,188.69320678710938,123.27828216552734,6011108.0,805077.6875,188.69320678710938,1.0,1.0,1.0,132.92144775390625,1530.8751220703125,785.96875,0.0,0.0,0.0,7680000.0,507.4276428222656,509.3542175292969,510.3653564453125,0.0,2784455.5,0.0,128.47032165527344,0.0,0.0,276.68853759765625,1.0,0.0,-7.5742998123168945,0.0,5.605193857299268e-45,9.999999974752427e-07,0.0,2.0,0.0003000000142492354,0.004999999888241291,0.0010000000474974513,2.0000000233721948e-07,2.0000000233721948e-07,0.0005555999814532697,993000000.0,1.0,0.05000000074505806,0.10000000149011612,0.0005000000237487257,0.0016700000269338489,0.009999999776482582,1.0,1.0,0.0010000000474974513,4.999999873689376e-05,0.00039999998989515007,0.019999999552965164,0.9891999959945679,0.9891999959945679,0.9950000047683716,0.9950000047683716,1,0,0,0,0,1,0,0,1,0,1,0,0,0,0.9747159481048584,967892928.0,61791.58203125,4754203.0,1135.8236083984375,2546161.0,1407.54931640625,1.0,2331593.0,0.9751653075218201,1.0,60.0,180.0,1800.0,1800.0,1.0047005414962769,0.019808992743492126,1.0,1.0,-0.012236599810421467,0.0,0.0,0.0,0.0,-0.00020515918731689453,6.602997746085748e-05,0.0,0.0,6.602997746085748e-05,0.0,6.602997746085748e-05,6.602997746085748e-05,0.0,7.006492321624085e-44,1,1,0,1,1,1,0,1,1,0,1,0,1,1,1,1,1,1,1,1,0,1000,1000,0,1,5001,5001,220.0,3424.14794921875,120.0,120.0,60.0,0.0,0.4000000059604645,0.10000000149011612,0.10000000149011612,2.0,500.0,200.0,0.9900000095367432,300000.0,5000.0,45000.0,20000.0,0.019999999552965164,2.0,0.05000000074505806,0.019999999552965164,6.0,0.05000000074505806,0.019999999552965164,0.019999999552965164,88.30000305175781,0.10000000149011612,0.800000011920929,0.05000000074505806,0.009999999776482582,50.0,50.0,340.0,340.0,1000000.0,1,1,1,1,1,1,1,1,1,1,0,0,0,1,1,0,1.0,0.0,0.0,0.0,0.00028500001644715667,0.0,0.0,0.0,0.918079137802124,0.918079137802124,0.918079137802124,5000.3994140625,3906483.25,3911483.75,50.0,27.61589241027832,0.4000000059604645,0.0,0.0,0.10000000149011612,0.1591309756040573,1.0,45000.0,20.0,29.229124069213867,779010.0625,33.312469482421875,4588.92529296875,721.2213745117188,0.7790100574493408,0.9180278778076172,9.473418235778809,1.0,3220962.0,3304317.0,9.718579292297363,20.0,0.27508071064949036,27.508071899414062,0.0,636.4223022460938,411.4987487792969,100000.0,50000.0,1115.300048828125,50000.0,700.0,2000.0,2800000.0,3500000.0,4000000.0,9.999999747378752e-05,4.999999873689376e-05,500.0,20000.0,100.0,500.0,60000.0,1200.0,1.0,120.0,150000.0,3000.0,300.0,1.0,300.0,0.019999999552965164,0.019999999552965164,0.009999999776482582,0.009999999776482582,0.009999999776482582,0.019999999552965164,1.100000023841858,0.019999999552965164,4.0,0.019999999552965164,88.0,1613.0,0.009999999776482582,0.20000000298023224,3.0,5.0,600.0,0.0010000000474974513,88.0,88.0,2000.0,2340.0,-0.11599799990653992,-0.03561130166053772,-0.04758000001311302,-0.01752999983727932,0,0,0,0,0,1,0,518.1453857421875,518.1453857421875,2.0809326171875,2.0809326171875,0.016732700169086456,31.42757797241211,164.20957946777344,1589.431396484375,1041.6666259765625,791.5368041992188,791.5368041992188,3.17889404296875,3.17889404296875,1590.895263671875,537.4745483398438,0.0,0.0,2664167.75,20.00048065185547,20.00048065185547,156.16184997558594,156.16184997558594,65712.3046875,65712.3046875,1.0952050685882568,1.0952050685882568,113.62059020996094,113.62059020996094,24.998746871948242,24.998746871948242,104597.265625,104597.265625,25.008512496948242,155.3572998046875,158.3702850341797,2645220.5,20.00048065185547,20.00048065185547,226.14588928222656,226.14588928222656,155.84036254882812,155.84036254882812,652051.75,652051.75,0.0,114.24607849121094,114.24607849121094,228.50889587402344,160149.96875,160149.96875,1.0676664113998413,1.0676664113998413,225.5115203857422,155.84036254882812,271.67376708984375,135.83688354492188,135.83688354492188,202.99923706054688,202.99923706054688,405.99847412109375,0.0,0.0,0.0,135.81076049804688,135.81076049804688,202.99923706054688,202.99923706054688,0.026315800845623016,13.034530639648438,0.20000000298023224,0.8159170150756836,0.8623733520507812,0.8152655363082886,0.4888452887535095,0.4027996063232422,0.48962223529815674,0.9599996209144592,1.0,1.0,1.0,0.9999998211860657,0.9999998211860657,0.9999998211860657,190839.515625,193242.0625,0.0,0.0,0.0,0.0,0.0,0.0,0.0,296.3810119628906,297.7510070800781,0.0,190792.015625,190792.015625,0.0,0.0,0.0,0.0,0.8559945225715637,0.8559945225715637,0.8559945225715637,0.8652328252792358,1183403.125,0.9959999918937683,0.9959999918937683,0.9959999918937683,0.9959999918937683,5613265.0,2758412.25,7326616.5,8371351.0,2606300.0,4012977.5,0.003906483296304941,0.007822967134416103,1040.45263671875,526.63623046875,527.2733764648438,526.3270263671875,329.3254699707031,359.40264892578125,328.8376770019531,197.31076049804688,167.8707275390625,197.48934936523438,1589.4481201171875,1040.46435546875,348.2757873535156,348.2757873535156,348.2757873535156,501.456787109375,501.456787109375,501.456787109375,2.9999544620513916,0.8031037449836731,0.861297070980072,2.999952793121338,5.0,0.0040000081062316895,0.0040000081062316895,0.0040000081062316895,0.0040000081062316895,0.0,-0.4368000030517578,0.0,599990.875,164.20957946777344,164.20957946777344,0.0,20.0,2784110.5,7.25,12.0,10.25,224.7320556640625,224.7320556640625,224.7320556640625,0.0,0.0,0.7926306128501892,0.9211652278900146,10000.0,10000.0,0.011826000176370144,1038.5,0.027953999117016792,0.0,0.0,1.0878000259399414,1.0809999704360962,9.000000136438757e-05,103.0,33.220001220703125,1.8179999589920044,0.029999999329447746,49.0,8.329999923706055,4.159999847412109,58.0,302.0,4.5,0.699999988079071,0.4000000059604645,7.5,1.3799999952316284,2.492000102996826,7000.0,48.88999938964844,1.2000000476837158,45.0,62000.0,4590000.0,4250000.0,15900000.0,15100000.0,0.05000000074505806,0.17000000178813934,0.009999999776482582,15220000.0,1.6699999570846558,312.7799987792969,1.1100000143051147,4232.0,0.25,689000.0,4030000.0,9.829999923706055,8.550000190734863,12200000.0,231.10000610351562,88.3239974975586,633.0,1.1430000066757202,0.6858000159263611,-10.0,-3.7799999713897705,0.7799999713897705,295.5,4030000.0,12400000.0,0.9200000166893005,5.0,0,0,0,228,156,0,0,0,0,0,0,0,0,1,1,0,0,1,1,1,0,1,1,0,1,0,0,1,1,1,0,0,0,0,0,0,0,0,0,0,0,0,1,0,0.8788859248161316,6162381.0,1.0877995491027832,0.9520414471626282,0.9979097843170166,305.7220458984375,32.59299850463867,-0.0022363909520208836,1,1,1,0,0,0,1,1,0,0,0,0,0,357,0.20000000298023224,0.20000000298023224,0.20000000298023224,0.0,2,0,0,0,0,0,0,0,0,0,0,0,0,0,0,0,0,0,0,0,0,0,0,0,0,0,0,0,0,0,0,0,0,0,0,0,0,0,0,0,0,0,0,0,0,0,0,0,0,0,0,1,0,0,0,0,0,0,0,0,0,0,0,0,0,0,0,0,0,0,0,0,0,0,0,0,0,0,0,0,0,0,0,0,0,0,0,0,0,0,0,0,0,0,0,0,0,0,0,0,0,0,0,0,0,0,0,0,0,0,0,0,0,0,0,0,0,0,0,0,0,0,0,0,0,0,0,0,0,0,0,0,0,0,0,0,0,0,0,0,0,0,0,1,0,0,0,0,0,0,0,0,0,0,0,-1,0,0,0,0,0,0,1,1,0,0,87.88859558105469,-3.4058496952056885,0.0,-0.5229619741439819,-1.6815581571897805e-44,308.8742980957031,305.7220458984375,683.0772094726562,-0.00013927201507613063,99.28630065917969,2664.447021484375,1.0877995491027832,0.9979097843170166,-1.0,3.152252197265625,6.827850029367255e-06,0.02541021816432476,100.0,27.0,0.0,7.799991607666016,3.802586078643799,1.0,1.0,38.7677001953125,0.2625502347946167,20.0,3.299935269751586e-05,0.0,74.01988220214844,1.7327969074249268,1.8179994821548462,0.00036938843550160527,0.6817498207092285,0.5432131290435791,28.17566680908203,8.919787406921387,18.93759536743164,17.67995262145996,0.6010133624076843,45.569461822509766,44.898040771484375,253.81605529785156,125.93965148925781,0.9579004645347595,321.7730712890625,40.007659912109375,0.29459047317504883,289.42242431640625,289.443603515625,289.41009521484375,321.9539794921875,322.1478271484375,321.95428466796875,100.0,4.642078399658203,50.645957946777344,138.4840850830078,305.6882019042969,305.79571533203125,305.68218994140625,340.33465576171875,46.00387954711914,33.07556915283203,138.4840850830078,0.0,0.9502466917037964,0.9552903771400452,0.9506157636642456,89.71489715576172,89.69371795654297,89.6258316040039,62.884559631347656,62.88352966308594,62.881553649902344,51.610748291015625,51.59074783325195,51.45932388305664,99.01799011230469,98.76830291748047,98.77770233154297,1894.7772216796875,1898.18408203125,1895.890380859375,510.4981384277344,511.92205810546875,510.0031433105469,29.0,0.0,48.0,0.48962223529815674,0.6522124409675598,0.4027996063232422,0.689898669719696,0.4888452887535095,0.6527336239814758,41.0,78.36749267578125,62.353477478027344,225.5115203857422,95.79944610595703,9.999999974752427e-07,85.42210388183594,0.6338574290275574,155.3572998046875,0.9882021546363831,721.2213745117188,39.91317367553711,31.42757797241211,1.0,9.473418235778809,77.90100860595703,0.0,0.9718579053878784,20.0,0.0,60.0,120.0,22.0,120.0,3.4241480827331543,0.0,0.0,967.8929443359375,18.08899688720703,89.1978759765625,2.0,200.0,0,0,228,228,228,228,220,228,228,228,156,0,99999,99999,10,402,1800,180,1800,998,20,967,87,23,0,0,0,806,1424,29,31,32,0,0,0,0,0,0,0,0,0,0,0,0,0,0,1,0,0,0,0,1,1,1,0,1,0,0,0,1,0,0,0,0,0,0,0,0,0,0,0,0,1,0,1,0,0,1,1,0,1,0,1,0,1,0,0,0,1,1,0,1,0,1,0,0,0,1,1,1,0,0,1,0,1,0,0,0,0,1,1,0,0,1,0,0,0,1,0,0,0,0,0,0,1,0,0,0,1,1,0,0,1,0,1,0,1,0,1,0,0,0,1,0,1,1,1,0,0,1,0,0,0,0,0,1,1,1,0,0,0,0,0,0,0,0,0,0,0,1,0,1,0,1,0,0,0,0,0,0,0,0,0,1,0,1,0,1,0,1,1,1,1,1,1,1,0,0,0,0,0,0,1,0,1,1,1,1,1,1,1,1,1,1,1,1,0,0,1,1,0,0,1,1,0,1,0,1,0,1,1,0,0,0,0,0,0,0,0,1,1,0,0,1,0,1,1,1,0,1,0,0,1,1,0,1,1,1,0,1,1,0,1,0,1,1,0,0,0,0,0,0,1,1,1,1,0,0,0,0,0,0,0,0,1,0,0,0,0,0,0,0,0,0,0,0,0,0,0,0,0,0,0,0,0,0,0,0,0,0,0,0,0,0,0,0,0,0,0,0,0,0,0,0,0,0,0,0,0,0,0,0,0,0,0,0,0,0,0,1,0,0,0,1,1,0,0,0,0,0,0,0,0,0,0,0,0,0,1,0,0,0,0,0,0,0,0,0,0,0,0,0,0,0,0,0,0,0,0,0,0,0,0,0,0,0,0,0,0,0,0,0,0,0,0,0,0,0,0,0,0,0,0,0,0,0,0,0,0,0,0,0,0,0,0,0,0,0,0,0,0,0,0,1,0,1,0,0,0,0,0,1,0,0,0,0,0,0,0,0,0,0,0,0,0,0,0,1,0,0,0,0,0,0,0,0,0,0,0,0,0,0,1,0,0,0,0,0,0,0,0,0,0,1,0,0,0,0,0,0,0,0,0,0,0,0,0,0,0,0,0,0,0,0,0,0,0,0,0,0,0,1,0,0,0,0,0,0,1,1,1,0,0,0,0,0,0,-1,0,0,0,0,0,0,0,0,-1,0,0,-1,0,0,0,0,0,0,0,0,0,0,0,0,0,0,0,0,0,0,1,0,0,0,0,0,0,0,0,0,0,0,0,0,0,0,0,1,1,0,-1,-1,-1,1,1,1,0,0,0,0,1,0,0,1,1,0,0,0,0,1,0,0,0,0,0,0,0,0,0,0,0,0,0,0,0,0,0,0,0,0,0,0,0,0,0,0,0,0,0,1,1,0,1,0,1,1,0,1,0,1,1,0,1,0,0,1,0,0,0,0,0,0,0,0,0,0,0,0,0,0,0,0,0,0,0,0,0,0,0,0,0,0
0,1,1,300,228,8,8,228,114,25,1,0,0.0020000000949949026,4000.0,1.0,0.04500000178813934,25.0,48.0,8.0,291.70001220703125,1.7000000476837158,-3.179999907843012e-07,0.007360000163316727,0.008080000057816505,8.0,0.33000001311302185,0.0333000011742115,1.0,9.999999747378752e-06,21.0,9.999999747378752e-06,2775000064.0,9.000000136438757e-05,4.999999980020986e-13,5.0,40.0,3.0,-3.3499999046325684,3.3499999046325684,0.5,0.0004799999878741801,292.3927001953125,492.6077880859375,-0.0036125299520790577,0.002354159951210022,0.0008944629807956517,0.013157900422811508,0.800646185874939,0.02024419978260994,2650129920.0,0.006539999973028898,228,228,228,228,228,228,228,228,228,228,228,228,228,228,228,228,228,228,228,228,228,228,228,228,220,220,220,220,228,228,228,228,228,228,228,228,228,228,228,228,228,228,228,228,228,228,228,228,228,228,228,228,0,1,4,4,228,228,228,220,228,228,228,228,3,0,0.000401827332098037,290.0572509765625,620.8650512695312,693.9783325195312,770.8839721679688,845.080810546875,959.3429565429688,988.7589111328125,999.5791015625,987.419921875,955.56884765625,906.7254028320312,838.9698486328125,764.8212890625,690.7398681640625,623.185546875,557.2554321289062,503.7635498046875,463.52386474609375,436.39385986328125,420.22088623046875,414.0433654785156,415.3660888671875,421.08551025390625,428.09808349609375,433.30023193359375,0.011446905322372913,0.6718974113464355,0.7719311714172363,-0.0001386404619552195,0.7556016445159912,0.9716898202896118,104247.6953125,3.2149033359019086e-05,0.30925828218460083,0.6829594969749451,0.8775757551193237,0.8780109882354736,0.022360337898135185,1.0,-1.6815581571897805e-44,-3.4064998626708984,0.0,99.28607177734375,2664.4658203125,0.9437397718429565,682.2390747070312,228.0,72.0,35.66948699951172,0.0,0.0,308.8633728027344,280642.84375,-0.5228793621063232,6.367656707763672,130.28829956054688,1.283146858215332,7750000.0,8160000.0,86.12000274658203,119.0999984741211,0.5,9.999999747378752e-05,0.0,3.299999952316284,200.0,0.30000001192092896,309.20001220703125,2.439019908706541e-06,0,0,0,1,1,1,0,24,0,305.6138610839844,0.0,0.0,0.0,0.0,0.0,0.0,0.48817557096481323,0.8686649203300476,0.5180080533027649,-0.01491624116897583,-0.00445557851344347,-0.0048909867182374,0.5149162411689758,0.5162167549133301,0.5164237022399902,1.0,25.0,24.0,6156656.0,6156852.0,6156953.0,289.3193359375,289.35321044921875,289.3316650390625,321.82806396484375,322.02313232421875,321.8277587890625,4400000.0,305.5736999511719,305.68817138671875,305.5797119140625,32.50872802734375,32.669921875,32.49609375,321.645751953125,4543.07763671875,4542.419921875,4554.10009765625,12.892108917236328,12.901689529418945,12.904831886291504,10.883758544921875,0.0,0.0,0.0020000000949949026,289.3347473144531,321.8929748535156,-44.980220794677734,1.6738299131393433,1.6780418157577515,1.678721308708191,-18.1704158782959,39.0,40.0,42.0,41.0,0.0,0.0,6154741.0,6102976.0,73.39198303222656,5.0,0.014999999664723873,-180000.0,600.0,1000000.0,400000.0,0.17000000178813934,22000.0,786000.0,120000.0,0.0,40.0,30.0,36.810001373291016,0.5,18.399999618530273,50000.0,115692.3984375,15.113750457763672,0,0,1,0,0,0,0,13539948.0,0.0,0.0,0.0,0.0,0.0,-1852201.0,400000.0,1000000.0,1.0,1400000.0,0.0,0.45861560106277466,13547799.0,126869.6328125,13539948.0,340.336181640625,40.007659912109375,4.581413269042969,-1852201.0,0.0,0.0,0.0,3.297990560531616,40.007659912109375,0.0,22230.939453125,1.2010046243667603,0.0,0.0,0.0,20.0,14.711517333984375,22.0,0.0,0.0,0.0,0.05000000074505806,0.02500000037252903,0.17000000178813934,15400000.0,0.5,6.25,0.0006667000125162303,2.0,2410000.0,4140000.0,4.734799861907959,0.15000000596046448,0.20000000298023224,0.2199999988079071,1.0,0.0,-1.0,0.0,5.0,20.0,30.0,50.0,74.0,80.0,86.0,9.800000190734863,500000.0,1.0499999802959792e-07,0.5,750.0,1000.0,600.0,1000.0,1150.0,32.0,32.0,37.400001525878906,10.0,10.0,0.007000000216066837,0.5049999952316284,82.0,189.26499938964844,0.0,1.5099999904632568,231.60000610351562,20.0,36.0,16.600000381469727,16.5,225.0,-0.1756729930639267,27.5,-0.1756729930639267,30.485509872436523,0.1561516970396042,11.10221004486084,-1.8332500457763672,-75.0,4.3520002365112305,9.800000190734863,189.26499938964844,93.30000305175781,2650000.0,0.8500000238418579,7.570000171661377,0,1,0,0,0,0,0,0,0,0,0,1,3,3,0,0,1,1,0,0,0,0,0,0,0,0,0,0,1,0,0,0,0,0,0,0,0,0,0,1,0,0,0,0,0,0,0,0,0,0,12.053977966308594,29054.9921875,2153.699951171875,0.00041487201815471053,0.0004361289902590215,0.0006248649442568421,1.0,1.0,0.0,0.0,0.0,0.6020750403404236,0.5923753976821899,1.0,0.0,0.0,0.0,1.0,0.0,0.0,1.0,1.0,0.0,1.0,1.0,0.005467236042022705,0.0,1.0,0.0,0.625682532787323,0.6309763193130493,0.00041487201815471053,0.0,0.0,0.0,99998.78125,99999.0,2759260.0,2410000.0,36.20000076293945,36.20000076293945,36.20000076293945,32.4962272644043,253.3981170654297,125.6259536743164,45.46628189086914,26.42176055908203,36.703941345214844,27.0,28.236228942871094,27.0,0.0,32.0,20.0,68.57752227783203,3446668.0,0.5432131290435791,3.7799999713897705,4.92170524597168,8.919787406921387,0.0,0.0,0.0,1.401298464324817e-45,5.255151748657227,5.255151748657227,0.5049998760223389,0.5049998760223389,0.5049998760223389,0.18937495350837708,0.18937495350837708,0.18937495350837708,0.0,0.0,0.0,0.0,0.0,0.0,5.294999599456787,0.0,0.0,0.0,0.0,0.0,0.0,100.0,74.01655578613281,0.5048043131828308,0.0,20.0,0.0,5.2264204025268555,5.861515522003174,0.0,0.0,0.0,0.007000000216066837,0.0,0.0,10.213176727294922,0.0,1.7327638864517212,1.401298464324817e-45,5.868579864501953,0.0,0.0,0.0,0.0,0.0,0.0,20.0,0.0,0.0,13238959.0,0.0,0.0,0.0,0.0,0.0,0.0,0.0,0.351500004529953,18.93000030517578,23.030000686645508,7.69199959904654e-06,0.08500000089406967,0.009999999776482582,24.0,27.0,8.800000190734863,500000.0,0.05000000074505806,2.7000000013543968e-09,2.7000000013543968e-09,145100.0,120000.0,14650000.0,86400.0,17.0,34.5,48.70000076293945,321.8999938964844,83170.0,0.0,1.0,1.0,0.0010000000474974513,725.0,0.0,0.5,0.0,0.0,57.31999969482422,837142.875,9359.77734375,117376.1015625,2623.89794921875,83026.390625,725.0,1.0204100362898316e-05,740000000.0,1,0,1,0,1,0,1,0,0,0,0,8.799991607666016,27.0,3347.5888671875,0.0,0.0,0.0,0.0,1.3447200059890747,0.0004016763996332884,0.0,0.025749651715159416,38.81270980834961,1.0,25743.1640625,6427.845703125,3.3440301194787025e-05,2482143744.0,4101421824.0,2729761024.0,4125240320.0,-72.5732192993164,42.758056640625,-209205376.0,-23818112.0,5.868579864501953,1524.270263671875,78.44180297851562,1481.51220703125,106381.3984375,4002.2890625,146046.65625,163013.375,123743.1640625,42.20008850097656,38.81270980834961,38.81270980834961,1.0,3.3440301194787025e-05,6427.845703125,937427992576.0,0.20005333423614502,137600.0,137600.0,94710672.0,73.44908905029297,6356.376953125,1.0,0.0,1700.0,250000.0,10000.0,1038.0,0.004999999888241291,400.0,5000.0,0,0,0,0,2960096.25,64.2194595336914,64.2194595336914,1218887.5,2784493.0,1.0,1.0,1211584.625,227.199462890625,6104895.5,1.0,0.9879587888717651,1.0,1.0,1025.91650390625,275.8619384765625,188.66844177246094,123.13426208496094,6005512.0,804964.625,188.66844177246094,1.0,1.0,1.0,132.80303955078125,1529.6666259765625,785.6693725585938,0.0,0.0,0.0,7680000.0,507.01409912109375,508.9565734863281,509.9495849609375,0.0,2784493.0,0.0,128.4389190673828,0.0,0.0,276.6268005371094,1.0,0.0,-7.5742998123168945,0.0,5.605193857299268e-45,9.999999974752427e-07,0.0,2.0,0.0003000000142492354,0.004999999888241291,0.0010000000474974513,2.0000000233721948e-07,2.0000000233721948e-07,0.0005555999814532697,993000000.0,1.0,0.05000000074505806,0.10000000149011612,0.0005000000237487257,0.0016700000269338489,0.009999999776482582,1.0,1.0,0.0010000000474974513,4.999999873689376e-05,0.00039999998989515007,0.019999999552965164,0.9891999959945679,0.9891999959945679,0.9950000047683716,0.9950000047683716,1,0,0,0,0,1,0,0,1,0,1,0,0,0,0.9741015434265137,967282816.0,61746.15625,4751283.5,1134.9151611328125,2546171.25,1406.484130859375,1.0,2331681.25,0.9753634333610535,1.0,60.0,180.0,1800.0,1800.0,1.0047005414962769,0.019808992743492126,1.0,1.0,-0.012236599810421467,0.0,0.0,0.0,0.0,-0.00020617246627807617,6.602997746085748e-05,0.0,0.0,6.602997746085748e-05,0.0,6.602997746085748e-05,6.602997746085748e-05,0.0,7.006492321624085e-44,1,1,0,1,1,1,0,1,1,0,1,0,1,1,1,1,1,1,1,1,0,1000,1000,0,1,5001,5001,220.0,3422.3046875,120.0,120.0,60.0,0.0,0.4000000059604645,0.10000000149011612,0.10000000149011612,2.0,500.0,200.0,0.9900000095367432,300000.0,5000.0,45000.0,20000.0,0.019999999552965164,2.0,0.05000000074505806,0.019999999552965164,6.0,0.05000000074505806,0.019999999552965164,0.019999999552965164,88.30000305175781,0.10000000149011612,0.800000011920929,0.05000000074505806,0.009999999776482582,50.0,50.0,340.0,340.0,1000000.0,1,1,1,1,1,1,1,1,1,1,0,0,0,1,1,0,1.0,0.0,0.0,0.0,0.00026578124379739165,0.0,0.0,0.0,0.9180745482444763,0.9180745482444763,0.9180745482444763,5000.39892578125,3906752.5,3911753.0,50.0,27.61585235595703,0.4000000059604645,0.0,0.0,0.10000000149011612,0.15898165106773376,1.0,45000.0,20.0,29.22626495361328,779013.625,33.30829620361328,4588.919921875,721.2213745117188,0.7790136337280273,0.9180180430412292,9.47337818145752,1.0,3220948.5,3304317.0,9.718579292297363,20.0,0.2751261591911316,27.512615203857422,0.0,636.4223022460938,411.4735412597656,100000.0,50000.0,1115.300048828125,50000.0,700.0,2000.0,2800000.0,3500000.0,4000000.0,9.999999747378752e-05,4.999999873689376e-05,500.0,20000.0,100.0,500.0,60000.0,1200.0,1.0,120.0,150000.0,3000.0,300.0,1.0,300.0,0.019999999552965164,0.019999999552965164,0.009999999776482582,0.009999999776482582,0.009999999776482582,0.019999999552965164,1.100000023841858,0.019999999552965164,4.0,0.019999999552965164,88.0,1613.0,0.009999999776482582,0.20000000298023224,3.0,5.0,600.0,0.0010000000474974513,88.0,88.0,2000.0,2340.0,-0.11599799990653992,-0.03561130166053772,-0.04758000001311302,-0.01752999983727932,0,0,0,0,0,1,0,517.939697265625,517.939697265625,2.080078125,2.080078125,0.016722582280635834,31.42755126953125,164.2093048095703,1588.847900390625,1041.2979736328125,791.2462768554688,791.2462768554688,3.17767333984375,3.17767333984375,1590.3900146484375,537.3045654296875,0.0,0.0,2664086.5,20.00048065185547,20.00048065185547,156.15748596191406,156.15748596191406,65711.9296875,65711.9296875,1.0951988697052002,1.0951988697052002,113.5997314453125,113.5997314453125,24.998775482177734,24.998775482177734,104597.3828125,104597.3828125,25.00853729248047,155.35317993164062,158.36753845214844,2645256.5,20.00048065185547,20.00048065185547,226.1235809326172,226.1235809326172,155.83779907226562,155.83779907226562,652041.0,652041.0,0.0,114.2386474609375,114.2386474609375,228.4940185546875,160148.1875,160148.1875,1.0676546096801758,1.0676546096801758,225.492431640625,155.83779907226562,271.51611328125,135.758056640625,135.758056640625,202.96383666992188,202.96383666992188,405.92767333984375,0.0,0.0,0.0,135.73147583007812,135.73147583007812,202.96383666992188,202.96383666992188,0.026315800845623016,13.033304214477539,0.20000000298023224,0.8145945072174072,0.8610731959342957,0.8139404058456421,0.48817557096481323,0.4021552503108978,0.4889637231826782,0.9599996209144592,1.0,1.0,1.0,0.9999998211860657,0.9999998211860657,0.9999998211860657,190839.09375,193242.0625,0.0,0.0,0.0,0.0,0.0,0.0,0.0,296.3810119628906,297.7510070800781,0.0,190794.796875,190794.796875,0.0,0.0,0.0,0.0,0.8553959131240845,0.8553959131240845,0.8553959131240845,0.8653955459594727,1182943.625,0.9959999918937683,0.9959999918937683,0.9959999918937683,0.9959999918937683,5607215.5,2759413.5,7323687.0,8366291.5,2606300.0,4013494.0,0.003906752448529005,0.007823505438864231,1040.03955078125,526.2607421875,526.9285888671875,525.9546508789062,329.0596618652344,359.1781921386719,328.5704040527344,197.20108032226562,167.75039672851562,197.38424682617188,1588.8646240234375,1040.05126953125,348.1807556152344,348.1807556152344,348.1807556152344,500.59881591796875,500.59881591796875,500.59881591796875,2.9999589920043945,0.8011766672134399,0.8612706661224365,2.99995756149292,5.0,0.0040000081062316895,0.0040000081062316895,0.0040000081062316895,0.0040000081062316895,0.0,-0.4368000030517578,0.0,599991.8125,164.2093048095703,164.2093048095703,0.0,20.0,2784149.5,7.25,12.0,10.25,224.71693420410156,224.71693420410156,224.71693420410156,0.0,0.0,0.7926306128501892,0.9211652278900146,10000.0,10000.0,0.011826000176370144,1038.5,0.027953999117016792,0.0,0.0,1.0878000259399414,1.0809999704360962,9.000000136438757e-05,103.0,33.220001220703125,1.8179999589920044,0.029999999329447746,49.0,8.329999923706055,4.159999847412109,58.0,302.0,4.5,0.699999988079071,0.4000000059604645,7.5,1.3799999952316284,2.492000102996826,7000.0,48.88999938964844,1.2000000476837158,45.0,62000.0,4590000.0,4250000.0,15900000.0,15100000.0,0.05000000074505806,0.17000000178813934,0.009999999776482582,15220000.0,1.6699999570846558,312.7799987792969,1.1100000143051147,4232.0,0.25,689000.0,4030000.0,9.829999923706055,8.550000190734863,12200000.0,231.10000610351562,88.3239974975586,633.0,1.1430000066757202,0.6858000159263611,-10.0,-3.7799999713897705,0.7799999713897705,295.5,4030000.0,12400000.0,0.9200000166893005,5.0,0,0,0,228,156,0,0,0,0,0,0,0,0,1,1,0,0,1,1,1,0,1,1,0,1,0,0,1,1,1,0,0,0,0,0,0,0,0,0,0,0,0,1,0,0.8775757551193237,6156656.0,1.0877995491027832,0.9512739777565002,0.997746467590332,305.6410217285156,32.56672286987305,-0.002210033591836691,1,1,1,0,0,0,1,1,0,0,0,0,0,360,0.20000000298023224,0.20000000298023224,0.20000000298023224,0.0,2,0,0,0,0,0,0,0,0,0,0,0,0,0,0,0,0,0,0,0,0,0,0,0,0,0,0,0,0,0,0,0,0,0,0,0,0,0,0,0,0,0,0,0,0,0,0,0,0,0,0,1,0,0,0,0,0,0,0,0,0,0,0,0,0,0,0,0,0,0,0,0,0,0,0,0,0,0,0,0,0,0,0,0,0,0,0,0,0,0,0,0,0,0,0,0,0,0,0,0,0,0,0,0,0,0,0,0,0,0,0,0,0,0,0,0,0,0,0,0,0,0,0,0,0,0,0,0,0,0,0,0,0,0,0,0,0,0,0,0,0,0,0,1,0,0,0,0,0,0,0,0,0,0,0,-1,0,0,0,0,0,0,1,1,0,0,87.75757598876953,-3.4064998626708984,0.0,-0.5228793621063232,-1.6815581571897805e-44,308.8633728027344,305.6410217285156,682.2390747070312,-0.0001386404619552195,99.28607177734375,2664.4658203125,1.0877995491027832,0.997746467590332,-1.0,3.22235107421875,6.827850029367255e-06,0.025749651715159416,100.0,27.0,0.0,7.799991607666016,3.808065414428711,1.0,1.0,38.81270980834961,0.2626858353614807,20.0,3.3440301194787025e-05,0.0,74.01655578613281,1.7327638864517212,1.8179994821548462,0.00036938843550160527,0.6817498207092285,0.5432131290435791,28.155765533447266,8.919787406921387,18.918546676635742,17.718137741088867,0.6020750403404236,45.46628189086914,44.898040771484375,253.3981170654297,125.6259536743164,0.9576324224472046,321.6776428222656,40.007659912109375,0.29459047317504883,289.35443115234375,289.37591552734375,289.3421630859375,321.8595275878906,322.0544738769531,321.8596496582031,100.0,4.618871212005615,50.480430603027344,138.24310302734375,305.60699462890625,305.7152099609375,305.60089111328125,340.33575439453125,45.8615608215332,33.003814697265625,138.24310302734375,0.0,0.9494738578796387,0.9545406699180603,0.9498357772827148,89.73387145996094,89.71218872070312,89.64525604248047,62.826168060302734,62.82513427734375,62.82313537597656,51.642372131347656,51.621673583984375,51.49162292480469,99.00907135009766,98.7568588256836,98.76925659179688,1893.4366455078125,1896.94287109375,1894.53857421875,510.0938415527344,511.52105712890625,509.5833435058594,29.0,0.0,48.0,0.4889637231826782,0.6511523127555847,0.4021552503108978,0.6888585686683655,0.48817557096481323,0.6516756415367126,41.0,78.36749267578125,62.29496765136719,225.492431640625,95.72381591796875,9.999999974752427e-07,85.37047576904297,0.633986234664917,155.35317993164062,0.9879587888717651,721.2213745117188,39.91592025756836,31.42755126953125,1.0,9.47337818145752,77.9013671875,0.0,0.9718579053878784,20.0,0.0,60.0,120.0,22.0,120.0,3.42230486869812,0.0,0.0,967.2828369140625,18.08899688720703,89.1978759765625,2.0,200.0,0,0,228,228,228,228,220,228,228,228,156,0,99999,99999,10,402,1800,180,1800,998,20,967,87,23,0,0,0,806,1424,29,31,32,0,0,0,0,0,0,0,0,0,0,0,0,0,0,1,0,0,0,0,1,1,1,0,1,0,0,0,1,0,0,0,0,0,0,0,0,0,0,0,0,1,0,1,0,0,1,1,0,1,0,1,0,1,0,0,0,1,1,0,1,0,1,0,0,0,1,1,1,0,0,1,0,1,0,0,0,0,1,1,0,0,1,0,0,0,1,0,0,0,0,0,0,1,0,0,0,1,1,0,0,1,0,1,0,1,0,1,0,0,0,1,0,1,1,1,0,0,1,0,0,0,0,0,1,1,1,0,0,0,0,0,0,0,0,0,0,0,1,0,1,0,1,0,0,0,0,0,0,0,0,0,1,0,1,0,1,0,1,1,1,1,1,1,1,0,0,0,0,0,0,1,0,1,1,1,1,1,1,1,1,1,1,1,1,0,0,1,1,0,0,1,1,0,1,0,1,0,1,1,0,0,0,0,0,0,0,0,1,1,0,0,1,0,1,1,1,0,1,0,0,1,1,0,1,1,1,0,1,1,0,1,0,1,1,0,0,0,0,0,0,1,1,1,1,0,0,0,0,0,0,0,0,1,0,0,0,0,0,0,0,0,0,0,0,0,0,0,0,0,0,0,0,0,0,0,0,0,0,0,0,0,0,0,0,0,0,0,0,0,0,0,0,0,0,0,0,0,0,0,0,0,0,0,0,0,0,0,1,0,0,0,1,1,0,0,0,0,0,0,0,0,0,0,0,0,0,0,0,0,0,0,0,0,0,0,0,0,0,0,0,0,0,0,0,0,0,0,0,0,0,0,0,0,0,0,0,0,0,0,0,0,0,0,0,0,0,0,0,0,0,0,0,0,0,0,0,0,0,0,0,0,0,0,0,0,0,0,0,0,0,0,1,0,1,0,0,0,0,0,1,0,0,0,0,0,0,0,0,0,0,0,0,0,0,0,1,0,0,0,0,0,0,0,0,0,0,0,0,0,0,1,0,0,0,0,0,0,0,0,0,0,1,0,0,0,0,0,0,0,0,0,0,0,0,0,0,0,0,0,0,0,0,0,0,0,0,0,0,0,1,0,0,0,0,0,0,1,1,1,0,0,0,0,0,0,-1,0,0,0,0,0,0,0,0,-1,0,0,-1,0,0,0,0,0,0,0,0,0,0,0,0,0,0,0,0,0,0,1,0,0,0,0,0,0,0,0,0,0,0,0,0,0,0,0,1,1,0,-1,-1,-1,1,1,1,0,0,0,0,1,0,0,1,1,0,0,0,0,1,0,0,0,0,0,0,0,0,0,0,0,0,0,0,0,0,0,0,0,0,0,0,0,0,0,0,0,0,0,1,1,0,1,0,1,1,0,1,0,1,1,0,1,0,0,1,0,0,0,0,0,0,0,0,0,0,0,0,0,0,0,0,0,0,0,0,0,0,0,0,0,0
0,1,1,300,228,8,8,228,114,25,1,0,0.0020000000949949026,4000.0,1.0,0.04500000178813934,25.0,48.0,8.0,291.70001220703125,1.7000000476837158,-3.179999907843012e-07,0.007360000163316727,0.008080000057816505,8.0,0.33000001311302185,0.0333000011742115,1.0,9.999999747378752e-06,21.0,9.999999747378752e-06,2775000064.0,9.000000136438757e-05,4.999999980020986e-13,5.0,40.0,3.0,-3.3499999046325684,3.3499999046325684,0.5,0.0004799999878741801,292.3927001953125,492.6077880859375,-0.0036125299520790577,0.002354159951210022,0.0008944629807956517,0.013157900422811508,0.800646185874939,0.02024419978260994,2650129920.0,0.006539999973028898,228,228,228,228,228,228,228,228,228,228,228,228,228,228,228,228,228,228,228,228,228,228,228,228,220,220,220,220,228,228,228,228,228,228,228,228,228,228,228,228,228,228,228,228,228,228,228,228,228,228,228,228,0,1,4,4,228,228,228,220,228,228,228,228,3,0,0.000401827332098037,289.990966796875,620.22705078125,693.1396484375,769.83349609375,843.8265380859375,957.7806396484375,987.1263427734375,997.9380493164062,985.83251953125,954.0836181640625,905.3793334960938,837.8047485351562,763.843994140625,689.9423828125,622.5452880859375,556.7570190429688,503.3743896484375,463.21405029296875,436.1378479003906,420.0003967285156,413.84283447265625,415.1739807128906,420.89501953125,427.9071960449219,433.1117248535156,0.011703457683324814,0.6709080934524536,0.7719295620918274,-0.0001381566107738763,0.755605936050415,0.9712303280830383,104095.6640625,3.20994331559632e-05,0.30886802077293396,0.6819333434104919,0.8762786388397217,0.8767107129096985,0.022360917180776596,1.0,-1.6815581571897805e-44,-3.4071435928344727,0.0,99.285888671875,2664.484130859375,0.9437451362609863,681.4093627929688,228.0,72.0,36.51493453979492,0.6000000238418579,0.0,308.85223388671875,280643.40625,-0.5227991938591003,6.365866184234619,130.28829956054688,1.2837361097335815,7750000.0,8160000.0,86.12000274658203,119.0999984741211,0.5,9.999999747378752e-05,0.0,3.299999952316284,200.0,0.30000001192092896,309.20001220703125,2.439019908706541e-06,0,0,0,1,1,1,0,24,0,305.5323486328125,0.0,0.0,0.0,0.0,0.0,0.0,0.4875047206878662,0.8685003519058228,0.5179839134216309,-0.015239596366882324,-0.004605383612215519,-0.005053575616329908,0.5152395963668823,0.5165262222290039,0.5167399644851685,1.0,25.0,24.0,6150895.5,6151094.0,6151193.0,289.250732421875,289.28485107421875,289.26312255859375,321.7330322265625,321.92950439453125,321.73291015625,4400000.0,305.49188232421875,305.607177734375,305.4980163574219,32.4822998046875,32.6446533203125,32.46978759765625,321.55035400390625,4542.697265625,4541.74951171875,4553.69189453125,12.894901275634766,12.904343605041504,12.907556533813477,10.84429931640625,0.0,0.0,0.0020000000949949026,289.2662353515625,321.7984924316406,-45.05567932128906,1.6748801469802856,1.6790469884872437,1.6797486543655396,-18.29607391357422,39.0,40.0,42.0,41.0,0.0,0.0,6148967.5,6097193.5,73.24484252929688,5.0,0.014999999664723873,-180000.0,600.0,1000000.0,400000.0,0.17000000178813934,22000.0,786000.0,120000.0,0.0,40.0,30.0,36.810001373291016,0.5,18.399999618530273,50000.0,115692.3984375,15.113750457763672,0,0,1,0,0,0,0,13516416.0,0.0,0.0,0.0,0.0,0.0,-1875750.0,400000.0,1000000.0,1.0,1400000.0,0.0,0.45719215273857117,13524250.0,126869.6328125,13516416.0,340.33746337890625,40.007659912109375,4.567173004150391,-1875750.0,0.0,0.0,0.0,3.29081130027771,40.007659912109375,0.0,22230.939453125,1.2010046243667603,0.0,0.0,0.0,20.0,14.711517333984375,22.0,0.0,0.0,0.0,0.05000000074505806,0.02500000037252903,0.17000000178813934,15400000.0,0.5,6.25,0.0006667000125162303,2.0,2410000.0,4140000.0,4.734799861907959,0.15000000596046448,0.20000000298023224,0.2199999988079071,1.0,0.0,-1.0,0.0,5.0,20.0,30.0,50.0,74.0,80.0,86.0,9.800000190734863,500000.0,1.0499999802959792e-07,0.5,750.0,1000.0,600.0,1000.0,1150.0,32.0,32.0,37.400001525878906,10.0,10.0,0.007000000216066837,0.5049999952316284,82.0,189.26499938964844,0.0,1.5099999904632568,231.60000610351562,20.0,36.0,16.600000381469727,16.5,225.0,-0.1756729930639267,27.5,-0.1756729930639267,30.485509872436523,0.1561516970396042,11.10221004486084,-1.8332500457763672,-75.0,4.3520002365112305,9.800000190734863,189.26499938964844,93.30000305175781,2650000.0,0.8500000238418579,7.570000171661377,0,1,0,0,0,0,0,0,0,0,0,1,3,3,0,0,1,1,0,0,0,0,0,0,0,0,0,0,1,0,0,0,0,0,0,0,0,0,0,1,0,0,0,0,0,0,0,0,0,0,12.053776741027832,29054.603515625,2153.699951171875,0.0004148706211708486,0.0004361289902590215,0.0006248649442568421,1.0,1.0,0.0,0.0,0.0,0.6031290888786316,0.593480110168457,1.0,0.0,0.0,0.0,1.0,0.0,0.0,1.0,1.0,0.0,1.0,1.0,0.0051860809326171875,0.0,1.0,0.0,0.6252380013465881,0.630577027797699,0.0004148706211708486,0.0,0.0,0.0,99998.78125,99999.0,2757299.5,2410000.0,36.20000076293945,36.20000076293945,36.20000076293945,32.49859619140625,252.98170471191406,125.31393432617188,45.36379623413086,26.42647361755371,36.66826629638672,27.0,28.22616195678711,27.0,0.0,32.0,20.0,68.57752227783203,3446668.0,0.5432131290435791,3.7799999713897705,4.932243824005127,8.919787406921387,0.0,0.0,0.0,1.401298464324817e-45,5.249877452850342,5.249877452850342,0.5049998760223389,0.5049998760223389,0.5049998760223389,0.18937495350837708,0.18937495350837708,0.18937495350837708,0.0,0.0,0.0,0.0,0.0,0.0,5.294999599456787,0.0,0.0,0.0,0.0,0.0,0.0,100.0,74.01314544677734,0.5031396746635437,0.0,20.0,0.0,5.22265100479126,5.872100353240967,0.0,0.0,0.0,0.007000000216066837,0.0,0.0,10.223737716674805,0.0,1.7327301502227783,1.401298464324817e-45,5.8791184425354,0.0,0.0,0.0,0.0,0.0,0.0,20.0,0.0,0.0,13215404.0,0.0,0.0,0.0,0.0,0.0,0.0,0.0,0.351500004529953,18.93000030517578,23.030000686645508,7.69199959904654e-06,0.08500000089406967,0.009999999776482582,24.0,27.0,8.800000190734863,500000.0,0.05000000074505806,2.7000000013543968e-09,2.7000000013543968e-09,145100.0,120000.0,14650000.0,86400.0,17.0,34.5,48.70000076293945,321.8999938964844,83170.0,0.0,1.0,1.0,0.0010000000474974513,725.0,0.0,0.5,0.0,0.0,57.31999969482422,837142.875,9359.77734375,117376.1015625,2623.89794921875,83026.390625,725.0,1.0204100362898316e-05,740000000.0,1,0,1,0,1,0,1,0,0,0,0,8.799991607666016,27.0,3391.628662109375,0.0,0.0,0.0,0.0,1.3624165058135986,0.0004016796301584691,0.0,0.026088405400514603,38.85736083984375,1.0,25756.3984375,6508.24609375,3.388036202522926e-05,2478687488.0,4097347584.0,2726630912.0,4122011392.0,-72.40620422363281,42.830078125,-209648608.0,-24663712.0,5.8791184425354,1523.162841796875,78.28532409667969,1480.332763671875,106381.3984375,4011.359619140625,146081.625,163200.921875,123756.3984375,42.80009078979492,38.85736083984375,38.85736083984375,1.0,3.388036202522926e-05,6508.24609375,939066261504.0,0.20010831952095032,137600.0,137600.0,94496944.0,73.30191802978516,6369.509765625,1.0,0.0,1700.0,250000.0,10000.0,1038.0,0.004999999888241291,400.0,5000.0,0,0,0,0,2960001.5,64.20341491699219,64.20341491699219,1218596.125,2784530.0,1.0,1.0,1210921.625,227.1569366455078,6099126.0,1.0,0.987710177898407,1.0,1.0,1025.56494140625,275.8025817871094,188.64315795898438,122.98860931396484,5999883.5,804849.125,188.64315795898438,1.0,1.0,1.0,132.6832733154297,1528.44482421875,785.3612670898438,0.0,0.0,0.0,7680000.0,506.5922546386719,508.5497131347656,509.5392761230469,0.0,2784530.0,0.0,128.40682983398438,0.0,0.0,276.5646057128906,1.0,0.0,-7.5742998123168945,0.0,5.605193857299268e-45,9.999999974752427e-07,0.0,2.0,0.0003000000142492354,0.004999999888241291,0.0010000000474974513,2.0000000233721948e-07,2.0000000233721948e-07,0.0005555999814532697,993000000.0,1.0,0.05000000074505806,0.10000000149011612,0.0005000000237487257,0.0016700000269338489,0.009999999776482582,1.0,1.0,0.0010000000474974513,4.999999873689376e-05,0.00039999998989515007,0.019999999552965164,0.9891999959945679,0.9891999959945679,0.9950000047683716,0.9950000047683716,1,0,0,0,0,1,0,0,1,0,1,0,0,0,0.9734746217727661,966660288.0,61700.30078125,4748315.0,1133.998046875,2546180.25,1405.407470703125,1.0,2331770.25,0.9755615592002869,1.0,60.0,180.0,1800.0,1800.0,1.0047005414962769,0.019808992743492126,1.0,1.0,-0.012236599810421467,0.0,0.0,0.0,0.0,-0.00020992755889892578,6.602997746085748e-05,0.0,0.0,6.602997746085748e-05,0.0,6.602997746085748e-05,6.602997746085748e-05,0.0,7.006492321624085e-44,1,1,0,1,1,1,0,1,1,0,1,0,1,1,1,1,1,1,1,1,0,1000,1000,0,1,5001,5001,220.0,3420.423828125,120.0,120.0,60.0,0.0,0.4000000059604645,0.10000000149011612,0.10000000149011612,2.0,500.0,200.0,0.9900000095367432,300000.0,5000.0,45000.0,20000.0,0.019999999552965164,2.0,0.05000000074505806,0.019999999552965164,6.0,0.05000000074505806,0.019999999552965164,0.019999999552965164,88.30000305175781,0.10000000149011612,0.800000011920929,0.05000000074505806,0.009999999776482582,50.0,50.0,340.0,340.0,1000000.0,1,1,1,1,1,1,1,1,1,1,0,0,0,1,1,0,1.0,0.0,0.0,0.0,0.00024796873913146555,0.0,0.0,0.0,0.9180696606636047,0.9180696606636047,0.9180696606636047,5000.39892578125,3907030.5,3912031.0,50.0,27.615812301635742,0.4000000059604645,0.0,0.0,0.10000000149011612,0.1588314026594162,1.0,45000.0,20.0,29.223304748535156,779017.1875,33.30398178100586,4588.9140625,721.2213745117188,0.7790172100067139,0.9180077910423279,9.47333812713623,1.0,3220935.0,3304317.0,9.718579292297363,20.0,0.27517274022102356,27.517274856567383,0.0,636.4223022460938,411.4765319824219,100000.0,50000.0,1115.300048828125,50000.0,700.0,2000.0,2800000.0,3500000.0,4000000.0,9.999999747378752e-05,4.999999873689376e-05,500.0,20000.0,100.0,500.0,60000.0,1200.0,1.0,120.0,150000.0,3000.0,300.0,1.0,300.0,0.019999999552965164,0.019999999552965164,0.009999999776482582,0.009999999776482582,0.009999999776482582,0.019999999552965164,1.100000023841858,0.019999999552965164,4.0,0.019999999552965164,88.0,1613.0,0.009999999776482582,0.20000000298023224,3.0,5.0,600.0,0.0010000000474974513,88.0,88.0,2000.0,2340.0,-0.11599799990653992,-0.03561130166053772,-0.04758000001311302,-0.01752999983727932,0,0,0,0,0,1,0,517.7264404296875,517.7264404296875,2.0792236328125,2.0792236328125,0.016712257638573647,31.427522659301758,164.20899963378906,1588.232177734375,1040.9158935546875,790.9396362304688,790.9396362304688,3.17645263671875,3.17645263671875,1589.8575439453125,537.12939453125,0.0,0.0,2664001.25,20.00048065185547,20.00048065185547,156.15309143066406,156.15309143066406,65711.546875,65711.546875,1.0951924324035645,1.0951924324035645,113.5784683227539,113.5784683227539,24.998804092407227,24.998804092407227,104597.5078125,104597.5078125,25.008560180664062,155.34902954101562,158.3647918701172,2645292.0,20.00048065185547,20.00048065185547,226.10084533691406,226.10084533691406,155.83523559570312,155.83523559570312,652030.25,652030.25,0.0,114.23091888427734,114.23091888427734,228.47854614257812,160146.375,160146.375,1.0676424503326416,1.0676424503326416,225.4729461669922,155.83523559570312,271.355712890625,135.6778564453125,135.6778564453125,202.92735290527344,202.92735290527344,405.8547058105469,0.0,0.0,0.0,135.6508331298828,135.6508331298828,202.92735290527344,202.92735290527344,0.026315800845623016,13.0320405960083,0.20000000298023224,0.8132674694061279,0.8597690463066101,0.81261146068573,0.4875047206878662,0.4015100300312042,0.4883045554161072,0.9599996209144592,1.0,1.0,1.0,0.9999998211860657,0.9999998211860657,0.9999998211860657,190838.71875,193242.0625,0.0,0.0,0.0,0.0,0.0,0.0,0.0,296.3810119628906,297.7510070800781,0.0,190797.390625,190797.390625,0.0,0.0,0.0,0.0,0.8547852039337158,0.8547852039337158,0.8547852039337158,0.8655447959899902,1182473.5,0.9959999918937683,0.9959999918937683,0.9959999918937683,0.9959999918937683,5601029.5,2760449.0,7320702.5,8361129.5,2606300.0,4014018.0,0.003907030448317528,0.007824061438441277,1039.611328125,525.8661499023438,526.5654296875,525.565185546875,328.781494140625,358.94091796875,328.2919921875,197.08465576171875,167.62451171875,197.273193359375,1588.2489013671875,1039.623046875,348.0821228027344,348.0821228027344,348.0821228027344,499.72845458984375,499.72845458984375,499.72845458984375,2.9999637603759766,0.7992213368415833,0.8612470626831055,2.999962329864502,5.0,0.0040000081062316895,0.0040000081062316895,0.0040000081062316895,0.0040000081062316895,0.0,-0.4368000030517578,0.0,599992.75,164.20899963378906,164.20899963378906,0.0,20.0,2784188.25,7.25,12.0,10.25,224.70155334472656,224.70155334472656,224.70155334472656,0.0,0.0,0.7926306128501892,0.9211652278900146,10000.0,10000.0,0.011826000176370144,1038.5,0.027953999117016792,0.0,0.0,1.0878000259399414,1.0809999704360962,9.000000136438757e-05,103.0,33.220001220703125,1.8179999589920044,0.029999999329447746,49.0,8.329999923706055,4.159999847412109,58.0,302.0,4.5,0.699999988079071,0.4000000059604645,7.5,1.3799999952316284,2.492000102996826,7000.0,48.88999938964844,1.2000000476837158,45.0,62000.0,4590000.0,4250000.0,15900000.0,15100000.0,0.05000000074505806,0.17000000178813934,0.009999999776482582,15220000.0,1.6699999570846558,312.7799987792969,1.1100000143051147,4232.0,0.25,689000.0,4030000.0,9.829999923706055,8.550000190734863,12200000.0,231.10000610351562,88.3239974975586,633.0,1.1430000066757202,0.6858000159263611,-10.0,-3.7799999713897705,0.7799999713897705,295.5,4030000.0,12400000.0,0.9200000166893005,5.0,0,0,0,228,156,0,0,0,0,0,0,0,0,1,1,0,0,1,1,1,0,1,1,0,1,0,0,1,1,1,0,0,0,0,0,0,0,0,0,0,0,0,1,0,0.8762786388397217,6150895.5,1.0877995491027832,0.950510561466217,0.9976010918617249,305.5595397949219,32.54058837890625,-0.002186379861086607,1,1,1,0,0,0,1,1,0,0,0,0,0,363,0.20000000298023224,0.20000000298023224,0.20000000298023224,0.0,2,0,0,0,0,0,0,0,0,0,0,0,0,0,0,0,0,0,0,0,0,0,0,0,0,0,0,0,0,0,0,0,0,0,0,0,0,0,0,0,0,0,0,0,0,0,0,0,0,0,0,1,0,0,0,0,0,0,0,0,0,0,0,0,0,0,0,0,0,0,0,0,0,0,0,0,0,0,0,0,0,0,0,0,0,0,0,0,0,0,0,0,0,0,0,0,0,0,0,0,0,0,0,0,0,0,0,0,0,0,0,0,0,0,0,0,0,0,0,0,0,0,0,0,0,0,0,0,0,0,0,0,0,0,0,0,0,0,0,0,0,0,0,1,0,0,0,0,0,0,0,0,0,0,0,-1,0,0,0,0,0,0,1,1,0,0,87.62786102294922,-3.4071435928344727,0.0,-0.5227991938591003,-1.6815581571897805e-44,308.85223388671875,305.5595397949219,681.4093627929688,-0.0001381566107738763,99.285888671875,2664.484130859375,1.0877995491027832,0.9976010918617249,-1.0,3.292694091796875,6.827850029367255e-06,0.026088405400514603,100.0,27.0,0.0,7.799991607666016,3.8134639263153076,1.0,1.0,38.85736083984375,0.26282086968421936,20.0,3.388036202522926e-05,0.0,74.01314544677734,1.7327301502227783,1.8179994821548462,0.00036938843550160527,0.6817498207092285,0.5432131290435791,28.135761260986328,8.919787406921387,18.899559020996094,17.75607681274414,0.6031290888786316,45.36379623413086,44.898040771484375,252.98170471191406,125.31393432617188,0.9573628902435303,321.58209228515625,40.007659912109375,0.29459047317504883,289.28594970703125,289.3077392578125,289.2735595703125,321.76458740234375,321.96075439453125,321.7646484375,100.0,4.594752311706543,50.313968658447266,138.0028076171875,305.5252685546875,305.6342468261719,305.51910400390625,340.33697509765625,45.719215393066406,32.93205261230469,138.0028076171875,0.0,0.9487009644508362,0.953794538974762,0.9490646719932556,89.75283813476562,89.73065948486328,89.66468048095703,62.767391204833984,62.766380310058594,62.76435470581055,51.67399597167969,51.65262222290039,51.52396011352539,99.00028991699219,98.74259948730469,98.76107788085938,1892.03466796875,1895.635498046875,1893.1180419921875,509.6734313964844,511.1204528808594,509.16033935546875,29.0,0.0,48.0,0.4883045554161072,0.6500892043113708,0.4015100300312042,0.687815248966217,0.4875047206878662,0.6506139636039734,41.0,78.36749267578125,62.2360954284668,225.4729461669922,95.6473617553711,9.999999974752427e-07,85.31780242919922,0.6341149806976318,155.34902954101562,0.987710177898407,721.2213745117188,39.918758392333984,31.427522659301758,1.0,9.47333812713623,77.90171813964844,0.0,0.9718579053878784,20.0,0.0,60.0,120.0,22.0,120.0,3.420423984527588,0.0,0.0,966.6602783203125,18.08899688720703,89.1978759765625,2.0,200.0,0,0,228,228,228,228,220,228,228,228,156,0,99999,99999,10,402,1800,180,1800,998,20,966,87,23,0,0,0,806,1424,29,31,32,0,0,0,0,0,0,0,0,0,0,0,0,0,0,1,0,0,0,0,1,1,1,0,1,0,0,0,1,0,0,0,0,0,0,0,0,0,0,0,0,1,0,1,0,0,1,1,0,1,0,1,0,1,0,0,0,1,1,0,1,0,1,0,0,0,1,1,0,0,0,1,0,1,0,0,0,0,0,1,0,0,1,0,0,0,1,0,0,0,0,0,0,1,0,0,0,1,1,0,0,1,0,1,0,1,0,1,0,0,0,1,0,1,1,1,0,0,1,0,0,0,0,0,1,1,1,0,0,0,0,0,0,0,0,0,0,0,1,0,1,0,1,0,0,0,0,0,0,0,0,0,1,0,1,0,1,0,1,1,1,1,1,1,1,0,0,0,0,0,0,1,0,1,1,1,1,1,1,1,1,1,1,1,0,0,0,1,1,0,0,1,1,0,1,0,1,0,1,1,0,0,0,0,0,0,0,0,1,1,0,0,1,0,1,1,1,0,1,0,0,1,1,0,1,1,1,0,1,1,0,1,0,1,1,0,0,0,0,0,0,1,1,1,1,0,0,0,0,0,0,0,0,0,0,0,0,0,0,0,0,0,0,0,0,0,0,0,0,0,0,0,0,0,0,0,0,0,0,0,0,0,0,0,0,0,0,0,0,0,0,0,0,0,0,0,0,0,0,0,0,0,0,0,0,0,0,0,0,0,0,0,0,0,0,0,0,0,0,0,0,0,0,0,0,0,0,0,0,0,0,0,0,0,0,0,0,0,0,0,0,0,0,0,0,0,0,0,0,0,0,0,0,0,0,0,0,0,0,0,0,0,0,0,0,0,0,0,0,0,0,0,0,0,0,0,0,0,0,0,0,0,0,0,0,0,0,0,0,0,0,0,1,0,1,0,0,0,0,0,1,0,0,0,0,0,0,0,0,0,0,0,0,0,0,0,1,0,0,0,0,0,0,0,0,0,0,0,0,0,0,1,0,0,0,0,0,0,0,0,0,0,1,0,0,0,0,0,0,0,0,0,0,0,0,0,0,0,0,0,0,0,0,0,0,0,0,0,0,0,1,0,0,0,0,0,0,1,1,1,0,0,0,0,0,0,-1,0,0,0,0,0,0,0,0,-1,0,0,-1,0,0,0,0,0,0,0,0,0,0,0,0,0,0,0,0,0,0,1,0,0,0,0,0,0,0,0,0,0,0,0,0,0,0,0,1,1,0,-1,-1,-1,1,1,1,0,0,0,0,1,0,0,1,1,0,0,0,0,1,0,0,0,0,0,0,0,0,0,0,0,0,0,0,0,0,0,0,0,0,0,0,0,0,0,0,0,0,0,1,1,0,1,0,1,1,0,1,0,1,1,0,1,0,0,1,0,0,0,0,0,0,0,0,0,0,0,0,0,0,0,0,0,0,0,0,0,0,0,0,0,0
0,1,1,300,228,8,8,228,114,25,1,0,0.0020000000949949026,4000.0,1.0,0.04500000178813934,25.0,48.0,8.0,291.70001220703125,1.7000000476837158,-3.179999907843012e-07,0.007360000163316727,0.008080000057816505,8.0,0.33000001311302185,0.0333000011742115,1.0,9.999999747378752e-06,21.0,9.999999747378752e-06,2775000064.0,9.000000136438757e-05,4.999999980020986e-13,5.0,40.0,3.0,-3.3499999046325684,3.3499999046325684,0.5,0.0004799999878741801,292.3927001953125,492.6077880859375,-0.0036125299520790577,0.002354159951210022,0.0008944629807956517,0.013157900422811508,0.800646185874939,0.02024419978260994,2650129920.0,0.006539999973028898,228,228,228,228,228,228,228,228,228,228,228,228,228,228,228,228,228,228,228,228,228,228,228,228,220,220,220,220,228,228,228,228,228,228,228,228,228,228,228,228,228,228,228,228,228,228,228,228,228,228,228,228,0,1,4,4,228,228,228,220,228,228,228,228,3,0,0.00040182823431678116,289.92413330078125,619.5944213867188,692.30810546875,768.7921752929688,842.5831298828125,956.2319946289062,985.508056640625,996.3111572265625,984.2586059570312,952.6106567382812,904.0439453125,836.6485595703125,762.8736572265625,689.1500244140625,621.9088134765625,556.2611694335938,502.9869384765625,462.90533447265625,435.882568359375,419.7803649902344,413.6427001953125,414.9821472167969,420.7047119140625,427.7164306640625,432.92333984375,0.011959814466536045,0.6699203252792358,0.7719279527664185,-0.00013769010547548532,0.7556102275848389,0.9707695245742798,103944.15625,3.205020402674563e-05,0.3084770143032074,0.6809087991714478,0.8749896883964539,0.8754189014434814,0.02236143685877323,1.0,-1.6815581571897805e-44,-3.4077839851379395,0.0,99.28565979003906,2664.503173828125,0.9437505006790161,680.5862426757812,228.0,72.0,37.36470413208008,0.20000000298023224,0.0,308.8409729003906,280643.96875,-0.5227180123329163,6.364056587219238,130.28829956054688,1.284331202507019,7750000.0,8160000.0,86.12000274658203,119.0999984741211,0.5,9.999999747378752e-05,0.0,3.299999952316284,200.0,0.30000001192092896,309.20001220703125,2.439019908706541e-06,0,0,0,1,1,1,0,24,0,305.4503479003906,0.0,0.0,0.0,0.0,0.0,0.0,0.4868338108062744,0.8683323264122009,0.5179592370986938,-0.015562713146209717,-0.004758387804031372,-0.005219224374741316,0.5155627131462097,0.51683509349823,0.5170560479164124,1.0,25.0,24.0,6145098.5,6145297.0,6145397.0,289.1815185546875,289.2158203125,289.1937255859375,321.6377868652344,321.8354187011719,321.6376647949219,4400000.0,305.40966796875,305.525634765625,305.41571044921875,32.456268310546875,32.619598388671875,32.443939208984375,321.4543151855469,4542.31787109375,4541.02783203125,4553.29248046875,12.897689819335938,12.90699291229248,12.910280227661133,10.805511474609375,0.0,0.0,0.0020000000949949026,289.197021484375,321.70361328125,-45.04414749145508,1.675930142402649,1.6800493001937866,1.6807764768600464,-18.409727096557617,39.0,40.0,42.0,41.0,0.0,0.0,6143159.0,6091377.5,73.0992660522461,5.0,0.014999999664723873,-180000.0,600.0,1000000.0,400000.0,0.17000000178813934,22000.0,786000.0,120000.0,0.0,40.0,30.0,36.810001373291016,0.5,18.399999618530273,50000.0,115692.3984375,15.113750457763672,0,0,1,0,0,0,0,13492974.0,0.0,0.0,0.0,0.0,0.0,-1899225.0,400000.0,1000000.0,1.0,1400000.0,0.0,0.45576706528663635,13500775.0,126869.6328125,13492974.0,340.338623046875,40.007659912109375,4.55292272567749,-1899225.0,0.0,0.0,0.0,3.2836270332336426,40.007659912109375,0.0,22230.939453125,1.2010046243667603,0.0,0.0,0.0,20.0,14.711517333984375,22.0,0.0,0.0,0.0,0.05000000074505806,0.02500000037252903,0.17000000178813934,15400000.0,0.5,6.25,0.0006667000125162303,2.0,2410000.0,4140000.0,4.734799861907959,0.15000000596046448,0.20000000298023224,0.2199999988079071,1.0,0.0,-1.0,0.0,5.0,20.0,30.0,50.0,74.0,80.0,86.0,9.800000190734863,500000.0,1.0499999802959792e-07,0.5,750.0,1000.0,600.0,1000.0,1150.0,32.0,32.0,37.400001525878906,10.0,10.0,0.007000000216066837,0.5049999952316284,82.0,189.26499938964844,0.0,1.5099999904632568,231.60000610351562,20.0,36.0,16.600000381469727,16.5,225.0,-0.1756729930639267,27.5,-0.1756729930639267,30.485509872436523,0.1561516970396042,11.10221004486084,-1.8332500457763672,-75.0,4.3520002365112305,9.800000190734863,189.26499938964844,93.30000305175781,2650000.0,0.8500000238418579,7.570000171661377,0,1,0,0,0,0,0,0,0,0,0,1,3,3,0,0,1,1,0,0,0,0,0,0,0,0,0,0,1,0,0,0,0,0,0,0,0,0,0,1,0,0,0,0,0,0,0,0,0,0,12.053571701049805,29054.208984375,2153.699951171875,0.0004148692241869867,0.0004361289902590215,0.0006248649442568421,1.0,1.0,0.0,0.0,0.0,0.604175865650177,0.5945789217948914,1.0,0.0,0.0,0.0,1.0,0.0,0.0,1.0,1.0,0.0,1.0,1.0,0.004899263381958008,0.0,1.0,0.0,0.6247910857200623,0.6301743388175964,0.0004148692241869867,0.0,0.0,0.0,99998.78125,99999.0,2755328.75,2410000.0,36.20000076293945,36.20000076293945,36.20000076293945,32.50093078613281,252.56692504882812,125.0036392211914,45.262001037597656,26.431148529052734,36.6328125,27.0,28.216163635253906,27.0,0.0,32.0,20.0,68.57752227783203,3446668.0,0.5432143807411194,3.7799999713897705,4.942712783813477,8.919785499572754,0.0,0.0,0.0,1.401298464324817e-45,5.244617462158203,5.244617462158203,0.5049998760223389,0.5049998760223389,0.5049998760223389,0.18937495350837708,0.18937495350837708,0.18937495350837708,0.0,0.0,0.0,0.0,0.0,0.0,5.294999599456787,0.0,0.0,0.0,0.0,0.0,0.0,100.0,74.0096664428711,0.5014669895172119,0.0,20.0,0.0,5.2189226150512695,5.882615566253662,0.0,0.0,0.0,0.007000000216066837,0.0,0.0,10.234230041503906,0.0,1.7326956987380981,1.401298464324817e-45,5.88958740234375,0.0,0.0,0.0,0.0,0.0,0.0,20.0,0.0,0.0,13192000.0,0.0,0.0,0.0,0.0,0.0,0.0,0.0,0.351500004529953,18.93000030517578,23.030000686645508,7.69199959904654e-06,0.08500000089406967,0.009999999776482582,24.0,27.0,8.800000190734863,500000.0,0.05000000074505806,2.7000000013543968e-09,2.7000000013543968e-09,145100.0,120000.0,14650000.0,86400.0,17.0,34.5,48.70000076293945,321.8999938964844,83170.0,0.0,1.0,1.0,0.0010000000474974513,725.0,0.0,0.5,0.0,0.0,57.31999969482422,837142.875,9359.77734375,117376.1015625,2623.89794921875,83026.390625,725.0,1.0204100362898316e-05,740000000.0,1,0,1,0,1,0,1,0,0,0,0,8.799991607666016,27.0,3435.58056640625,0.0,0.0,0.0,0.0,1.380077600479126,0.00040168268606066704,0.0,0.026426484808325768,38.90165328979492,1.0,25769.5625,6588.45654296875,3.431954246480018e-05,2475244800.0,4093236992.0,2723513344.0,4118750464.0,-72.24090576171875,42.8670654296875,-210119248.0,-25513152.0,5.88958740234375,1522.0086669921875,78.1304931640625,1479.1416015625,106381.3984375,4020.374755859375,146116.5625,163386.9375,123769.5625,43.40009307861328,38.90165328979492,38.90165328979492,1.0,3.431954246480018e-05,6588.45654296875,940586565632.0,0.20016323029994965,137600.0,137600.0,94285200.0,73.1563720703125,6382.58154296875,1.0,0.0,1700.0,250000.0,10000.0,1038.0,0.004999999888241291,400.0,5000.0,0,0,0,0,2959909.75,64.18702697753906,64.18702697753906,1218302.5,2784568.0,1.0,1.0,1210246.25,227.11358642578125,6093320.0,1.0,0.9874562621116638,1.0,1.0,1025.2037353515625,275.7427978515625,188.6173858642578,122.84129333496094,5994220.0,804731.5,188.6173858642578,1.0,1.0,1.0,132.56224060058594,1527.210693359375,785.04443359375,0.0,0.0,0.0,7680000.0,506.1610107421875,508.1272888183594,509.1124267578125,0.0,2784568.0,0.0,128.37405395507812,0.0,0.0,276.50201416015625,1.0,0.0,-7.5742998123168945,0.0,5.605193857299268e-45,9.999999974752427e-07,0.0,2.0,0.0003000000142492354,0.004999999888241291,0.0010000000474974513,2.0000000233721948e-07,2.0000000233721948e-07,0.0005555999814532697,993000000.0,1.0,0.05000000074505806,0.10000000149011612,0.0005000000237487257,0.0016700000269338489,0.009999999776482582,1.0,1.0,0.0010000000474974513,4.999999873689376e-05,0.00039999998989515007,0.019999999552965164,0.9891999959945679,0.9891999959945679,0.9950000047683716,0.9950000047683716,1,0,0,0,0,1,0,0,1,0,1,0,0,0,0.9728415012359619,966031616.0,61654.04296875,4745299.0,1133.0728759765625,2546189.0,1404.3201904296875,1.0,2331860.25,0.9757596850395203,1.0,60.0,180.0,1800.0,1800.0,1.0047005414962769,0.019808992743492126,1.0,1.0,-0.012236599810421467,0.0,0.0,0.0,0.0,-0.0002117156982421875,6.602997746085748e-05,0.0,0.0,6.602997746085748e-05,0.0,6.602997746085748e-05,6.602997746085748e-05,0.0,7.006492321624085e-44,1,1,0,1,1,1,0,1,1,0,1,0,1,1,1,1,1,1,1,1,0,1000,1000,0,1,5001,5001,220.0,3418.5244140625,120.0,120.0,60.0,0.0,0.4000000059604645,0.10000000149011612,0.10000000149011612,2.0,500.0,200.0,0.9900000095367432,300000.0,5000.0,45000.0,20000.0,0.019999999552965164,2.0,0.05000000074505806,0.019999999552965164,6.0,0.05000000074505806,0.019999999552965164,0.019999999552965164,88.30000305175781,0.10000000149011612,0.800000011920929,0.05000000074505806,0.009999999776482582,50.0,50.0,340.0,340.0,1000000.0,1,1,1,1,1,1,1,1,1,1,0,0,0,1,1,0,1.0,0.0,0.0,0.0,0.00023109375615604222,0.0,0.0,0.0,0.9180645942687988,0.9180645942687988,0.9180645942687988,5000.39892578125,3907317.0,3912317.5,50.0,27.615772247314453,0.4000000059604645,0.0,0.0,0.10000000149011612,0.15868021547794342,1.0,45000.0,20.0,29.220251083374023,779020.75,33.299530029296875,4588.908203125,721.2213745117188,0.7790207266807556,0.9179970622062683,9.473299026489258,1.0,3220921.5,3304317.0,9.718579292297363,20.0,0.2752193212509155,27.52193260192871,0.0,636.4223022460938,411.4805603027344,100000.0,50000.0,1115.300048828125,50000.0,700.0,2000.0,2800000.0,3500000.0,4000000.0,9.999999747378752e-05,4.999999873689376e-05,500.0,20000.0,100.0,500.0,60000.0,1200.0,1.0,120.0,150000.0,3000.0,300.0,1.0,300.0,0.019999999552965164,0.019999999552965164,0.009999999776482582,0.009999999776482582,0.009999999776482582,0.019999999552965164,1.100000023841858,0.019999999552965164,4.0,0.019999999552965164,88.0,1613.0,0.009999999776482582,0.20000000298023224,3.0,5.0,600.0,0.0010000000474974513,88.0,88.0,2000.0,2340.0,-0.11599799990653992,-0.03561130166053772,-0.04758000001311302,-0.01752999983727932,0,0,0,0,0,1,0,517.5053100585938,517.5053100585938,2.078369140625,2.078369140625,0.01670173369348049,31.427494049072266,164.20867919921875,1587.583251953125,1040.5196533203125,790.616455078125,790.616455078125,3.1751708984375,3.1751708984375,1589.29638671875,536.9482421875,0.0,0.0,2663918.75,20.00048065185547,20.00048065185547,156.14865112304688,156.14865112304688,65711.1484375,65711.1484375,1.0951857566833496,1.0951857566833496,113.55679321289062,113.55679321289062,24.99883460998535,24.99883460998535,104597.6328125,104597.6328125,25.00858497619629,155.34486389160156,158.3620147705078,2645327.75,20.00048065185547,20.00048065185547,226.07763671875,226.07763671875,155.83267211914062,155.83267211914062,652019.5625,652019.5625,0.0,114.22290802001953,114.22290802001953,228.4625244140625,160144.53125,160144.53125,1.0676301717758179,1.0676301717758179,225.4530792236328,155.83267211914062,271.1926574707031,135.59632873535156,135.59632873535156,202.89051818847656,202.89051818847656,405.7810363769531,0.0,0.0,0.0,135.56884765625,135.56884765625,202.89051818847656,202.89051818847656,0.026315800845623016,13.03073787689209,0.20000000298023224,0.8119377493858337,0.8584631681442261,0.8112795948982239,0.4868338108062744,0.4008655250072479,0.4876452088356018,0.9599996209144592,1.0,1.0,1.0,0.9999998211860657,0.9999998211860657,0.9999998211860657,190838.328125,193242.0625,0.0,0.0,0.0,0.0,0.0,0.0,0.0,296.3810119628906,297.7510070800781,0.0,190799.8125,190799.8125,0.0,0.0,0.0,0.0,0.8541624546051025,0.8541624546051025,0.8541624546051025,0.8656821250915527,1181992.5,0.9959999918937683,0.9959999918937683,0.9959999918937683,0.9959999918937683,5594708.5,2761519.75,7317661.5,8355867.5,2606300.0,4014548.75,0.003907316830009222,0.00782463513314724,1039.1673583984375,525.454833984375,526.187744140625,525.1583862304688,328.4924011230469,358.6933288574219,328.0022888183594,196.96243286132812,167.49441528320312,197.15609741210938,1587.5999755859375,1039.1790771484375,347.9803771972656,347.9803771972656,347.9803771972656,498.8451232910156,498.8451232910156,498.8451232910156,2.999967575073242,0.7972385287284851,0.861225962638855,2.9999661445617676,5.0,0.0040000081062316895,0.0040000081062316895,0.0040000081062316895,0.0040000081062316895,0.0,-0.4368000030517578,0.0,599993.5,164.20867919921875,164.20867919921875,0.0,20.0,2784227.5,7.25,12.0,10.25,224.6859588623047,224.6859588623047,224.6859588623047,0.0,0.0,0.7926306128501892,0.9211652278900146,10000.0,10000.0,0.011826000176370144,1038.5,0.027953999117016792,0.0,0.0,1.0878000259399414,1.0809999704360962,9.000000136438757e-05,103.0,33.220001220703125,1.8179999589920044,0.029999999329447746,49.0,8.329999923706055,4.159999847412109,58.0,302.0,4.5,0.699999988079071,0.4000000059604645,7.5,1.3799999952316284,2.492000102996826,7000.0,48.88999938964844,1.2000000476837158,45.0,62000.0,4590000.0,4250000.0,15900000.0,15100000.0,0.05000000074505806,0.17000000178813934,0.009999999776482582,15220000.0,1.6699999570846558,312.7799987792969,1.1100000143051147,4232.0,0.25,689000.0,4030000.0,9.829999923706055,8.550000190734863,12200000.0,231.10000610351562,88.3239974975586,633.0,1.1430000066757202,0.6858000159263611,-10.0,-3.7799999713897705,0.7799999713897705,295.5,4030000.0,12400000.0,0.9200000166893005,5.0,0,0,0,228,156,0,0,0,0,0,0,0,0,1,1,0,0,1,1,1,0,1,1,0,1,0,0,1,1,1,0,0,0,0,0,0,0,0,0,0,0,0,1,0,0.8749896883964539,6145098.5,1.0877995491027832,0.9497562050819397,0.9974726438522339,305.4776611328125,32.51476287841797,-0.002167612314224243,1,1,1,0,0,0,1,1,0,0,0,0,0,366,0.20000000298023224,0.20000000298023224,0.20000000298023224,0.0,2,0,0,0,0,0,0,0,0,0,0,0,0,0,0,0,0,0,0,0,0,0,0,0,0,0,0,0,0,0,0,0,0,0,0,0,0,0,0,0,0,0,0,0,0,0,0,0,0,0,0,1,0,0,0,0,0,0,0,0,0,0,0,0,0,0,0,0,0,0,0,0,0,0,0,0,0,0,0,0,0,0,0,0,0,0,0,0,0,0,0,0,0,0,0,0,0,0,0,0,0,0,0,0,0,0,0,0,0,0,0,0,0,0,0,0,0,0,0,0,0,0,0,0,0,0,0,0,0,0,0,0,0,0,0,0,0,0,0,0,0,0,0,1,0,0,0,0,0,0,0,0,0,0,0,-1,0,0,0,0,0,0,1,1,0,0,87.49897003173828,-3.4077839851379395,0.0,-0.5227180123329163,-1.6815581571897805e-44,308.8409729003906,305.4776611328125,680.5862426757812,-0.00013769010547548532,99.28565979003906,2664.503173828125,1.0877995491027832,0.9974726438522339,-1.0,3.363311767578125,6.827850029367255e-06,0.026426484808325768,100.0,27.0,0.0,7.799991607666016,3.818783760070801,1.0,1.0,38.90165328979492,0.2629551887512207,20.0,3.431954246480018e-05,0.0,74.0096664428711,1.7326956987380981,1.8179994821548462,0.00036938843550160527,0.6817498207092285,0.5432143807411194,28.115650177001953,8.919785499572754,18.88062286376953,17.793766021728516,0.604175865650177,45.262001037597656,44.898040771484375,252.56692504882812,125.0036392211914,0.9570909142494202,321.4862365722656,40.007659912109375,0.29459047317504883,289.2169189453125,289.2388916015625,289.20458984375,321.6693420410156,321.8668518066406,321.6694641113281,100.0,4.569992542266846,50.146697998046875,137.7632598876953,305.443115234375,305.5528564453125,305.43701171875,340.338134765625,45.57670593261719,32.860206604003906,137.7632598876953,0.0,0.9479352831840515,0.9530627131462097,0.9482989311218262,89.77177429199219,89.74910736083984,89.68406677246094,62.708248138427734,62.70722579956055,62.7052001953125,51.705604553222656,51.683509826660156,51.556270599365234,98.99176788330078,98.72748565673828,98.75299072265625,1890.5701904296875,1894.27587890625,1891.6373291015625,509.25799560546875,510.7012939453125,508.73651123046875,29.0,0.0,48.0,0.4876452088356018,0.649023711681366,0.4008655250072479,0.6867705583572388,0.4868338108062744,0.649550199508667,41.0,78.36749267578125,62.176849365234375,225.4530792236328,95.57012939453125,9.999999974752427e-07,85.26411437988281,0.6342437863349915,155.34486389160156,0.9874562621116638,721.2213745117188,39.92168045043945,31.427494049072266,1.0,9.473299026489258,77.90206909179688,0.0,0.9718579053878784,20.0,0.0,60.0,120.0,22.0,120.0,3.4185245037078857,0.0,0.0,966.0316162109375,18.089038848876953,89.1978530883789,2.0,200.0,0,0,228,228,228,228,220,228,228,228,156,0,99999,99999,10,402,1800,180,1800,998,20,966,87,23,0,0,0,806,1424,29,31,32,0,0,0,0,0,0,0,0,0,0,0,0,0,0,1,0,0,0,0,1,1,1,0,1,0,0,0,1,0,0,0,0,0,0,0,0,0,0,0,0,1,0,1,0,0,1,1,0,1,0,1,0,1,0,0,0,1,1,0,1,0,1,0,0,0,1,1,0,0,0,1,0,1,0,0,0,0,0,1,0,0,1,0,0,0,1,0,0,0,0,0,0,1,0,0,0,1,1,0,0,1,0,1,0,1,0,1,0,0,0,1,0,1,1,1,0,0,1,0,0,0,0,0,1,1,1,0,0,0,0,0,0,0,0,0,0,0,1,0,1,0,1,0,0,0,0,0,0,0,0,0,1,0,1,0,1,0,1,1,1,1,1,1,1,0,0,0,0,0,0,1,0,1,1,1,1,1,1,1,1,1,1,1,0,0,0,1,1,0,0,1,1,0,1,0,1,0,1,1,0,0,0,0,0,0,0,0,1,1,0,0,1,0,1,1,1,0,1,0,0,1,1,0,1,1,1,0,1,1,0,1,0,1,1,0,0,0,0,0,0,1,1,1,1,0,0,0,0,0,0,0,0,0,0,0,0,0,0,0,0,0,0,0,0,0,0,0,0,0,0,0,0,0,0,0,0,0,0,0,0,0,0,0,0,0,0,0,0,0,0,0,0,0,0,0,0,0,0,0,0,0,0,0,0,0,0,0,0,0,0,0,0,0,0,0,0,0,0,0,0,0,0,0,0,0,0,1,0,0,0,0,0,0,0,0,0,0,0,0,0,0,0,0,0,0,0,0,0,0,0,0,0,0,0,0,0,0,0,0,0,0,0,0,0,0,0,0,0,0,0,0,0,0,0,0,0,0,0,0,0,0,0,0,0,0,0,0,0,0,0,0,1,0,1,0,0,0,0,0,1,0,0,0,0,0,0,0,0,0,0,0,0,0,0,0,1,0,0,0,0,0,0,0,0,0,0,0,0,0,0,1,0,0,0,0,0,0,0,0,0,0,1,0,0,0,0,0,0,0,0,0,0,0,0,0,0,0,0,0,0,0,0,0,0,0,0,0,0,0,1,0,0,0,0,0,0,1,1,1,0,0,0,0,0,0,-1,0,0,0,0,0,0,0,0,-1,0,0,-1,0,0,0,0,0,0,0,0,0,0,0,0,0,0,0,0,0,0,1,0,0,0,0,0,0,0,0,0,0,0,0,0,0,0,0,1,1,0,-1,-1,-1,1,1,1,0,0,0,0,1,0,0,1,1,0,0,0,0,1,0,0,0,0,0,0,0,0,0,0,0,0,0,0,0,0,0,0,0,0,0,0,0,0,0,0,0,0,0,1,1,0,1,0,1,1,0,1,0,1,1,0,1,0,0,1,0,0,0,0,0,0,0,0,0,0,0,0,0,0,0,0,0,0,0,0,0,0,0,0,0,0
0,1,1,300,228,8,8,228,114,25,1,0,0.0020000000949949026,4000.0,1.0,0.04500000178813934,25.0,48.0,8.0,291.70001220703125,1.7000000476837158,-3.179999907843012e-07,0.007360000163316727,0.008080000057816505,8.0,0.33000001311302185,0.0333000011742115,1.0,9.999999747378752e-06,21.0,9.999999747378752e-06,2775000064.0,9.000000136438757e-05,4.999999980020986e-13,5.0,40.0,3.0,-3.3499999046325684,3.3499999046325684,0.5,0.0004799999878741801,292.3927001953125,492.6077880859375,-0.0036125299520790577,0.002354159951210022,0.0008944629807956517,0.013157900422811508,0.800646185874939,0.02024419978260994,2650129920.0,0.006539999973028898,228,228,228,228,228,228,228,228,228,228,228,228,228,228,228,228,228,228,228,228,228,228,228,228,220,220,220,220,228,228,228,228,228,228,228,228,228,228,228,228,228,228,228,228,228,228,228,228,228,228,228,228,0,1,4,4,228,228,228,220,228,228,228,228,3,0,0.00040182823431678116,289.8566589355469,618.9666748046875,691.4832763671875,767.7594604492188,841.3502197265625,954.6964111328125,983.9033203125,994.69775390625,982.6973876953125,951.1494750976562,902.7188720703125,835.5009155273438,761.9100341796875,688.3629150390625,621.276123046875,555.7679443359375,502.6012268066406,462.5978088378906,435.6281433105469,419.5610046386719,413.443115234375,414.79083251953125,420.5149841308594,427.52630615234375,432.73553466796875,0.012216407805681229,0.668947696685791,0.7719263434410095,-0.00013717482215724885,0.755614697933197,0.9703072309494019,103793.40625,3.200125502189621e-05,0.30808529257774353,0.6799001693725586,0.8737092018127441,0.8741349577903748,0.0223621167242527,1.0,-1.6815581571897805e-44,-3.408421516418457,0.0,99.28544616699219,2664.5224609375,0.9437560439109802,679.7689819335938,228.0,72.0,38.218544006347656,0.800000011920929,0.0,308.82958984375,280644.53125,-0.5226399302482605,6.362228870391846,130.28829956054688,1.2849116325378418,7750000.0,8160000.0,86.12000274658203,119.0999984741211,0.5,9.999999747378752e-05,0.0,3.299999952316284,200.0,0.30000001192092896,309.20001220703125,2.439019908706541e-06,0,0,0,1,1,1,0,24,0,305.3680419921875,0.0,0.0,0.0,0.0,0.0,0.0,0.48616284132003784,0.8681607842445374,0.5179340243339539,-0.015885591506958008,-0.0049145896919071674,-0.005387923214584589,0.515885591506958,0.517142653465271,0.5173720121383667,1.0,25.0,24.0,6139268.0,6139466.0,6139566.0,289.11175537109375,289.1463623046875,289.1241455078125,321.54254150390625,321.74127197265625,321.54217529296875,4400000.0,305.3271484375,305.4438171386719,305.3331604003906,32.4307861328125,32.59490966796875,32.41802978515625,321.35833740234375,4541.9541015625,4540.29296875,4552.90771484375,12.90047550201416,12.909632682800293,12.91299819946289,10.766937255859375,0.0,0.0,0.0020000000949949026,289.1274108886719,321.6086730957031,-45.03547286987305,1.676979899406433,1.681047797203064,1.6818023920059204,-18.510873794555664,39.0,40.0,42.0,41.0,0.0,0.0,6137315.0,6085524.5,72.95453643798828,5.0,0.014999999664723873,-180000.0,600.0,1000000.0,400000.0,0.17000000178813934,22000.0,786000.0,120000.0,0.0,40.0,30.0,36.810001373291016,0.5,18.399999618530273,50000.0,115692.3984375,15.113750457763672,0,0,1,0,0,0,0,13469644.0,0.0,0.0,0.0,0.0,0.0,-1922590.0,400000.0,1000000.0,1.0,1400000.0,0.0,0.4543425142765045,13477410.0,126869.6328125,13469644.0,340.3397216796875,40.007659912109375,4.538678169250488,-1922590.0,0.0,0.0,0.0,3.2764453887939453,40.007659912109375,0.0,22230.939453125,1.2010046243667603,0.0,0.0,0.0,20.0,14.711517333984375,22.0,0.0,0.0,0.0,0.05000000074505806,0.02500000037252903,0.17000000178813934,15400000.0,0.5,6.25,0.0006667000125162303,2.0,2410000.0,4140000.0,4.734799861907959,0.15000000596046448,0.20000000298023224,0.2199999988079071,1.0,0.0,-1.0,0.0,5.0,20.0,30.0,50.0,74.0,80.0,86.0,9.800000190734863,500000.0,1.0499999802959792e-07,0.5,750.0,1000.0,600.0,1000.0,1150.0,32.0,32.0,37.400001525878906,10.0,10.0,0.007000000216066837,0.5049999952316284,82.0,189.26499938964844,0.0,1.5099999904632568,231.60000610351562,20.0,36.0,16.600000381469727,16.5,225.0,-0.1756729930639267,27.5,-0.1756729930639267,30.485509872436523,0.1561516970396042,11.10221004486084,-1.8332500457763672,-75.0,4.3520002365112305,9.800000190734863,189.26499938964844,93.30000305175781,2650000.0,0.8500000238418579,7.570000171661377,0,1,0,0,0,0,0,0,0,0,0,1,3,3,0,0,1,1,0,0,0,0,0,0,0,0,0,0,1,0,0,0,0,0,0,0,0,0,0,1,0,0,0,0,0,0,0,0,0,0,12.053363800048828,29053.806640625,2153.699951171875,0.00041486782720312476,0.0004361289902590215,0.0006248649442568421,1.0,1.0,0.0,0.0,0.0,0.6052154302597046,0.5956717133522034,1.0,0.0,0.0,0.0,1.0,0.0,0.0,1.0,1.0,0.0,1.0,1.0,0.004606664180755615,0.0,1.0,0.0,0.624342143535614,0.629768431186676,0.00041486782720312476,0.0,0.0,0.0,99998.78125,99999.0,2753348.75,2410000.0,36.20000076293945,36.20000076293945,36.20000076293945,32.50324249267578,252.1538543701172,124.69509887695312,45.160888671875,26.43578338623047,36.597572326660156,27.0,28.206233978271484,27.0,0.0,32.0,20.0,68.57752227783203,3446668.0,0.5432143807411194,3.7799999713897705,4.9531121253967285,8.919785499572754,0.0,0.0,0.0,1.401298464324817e-45,5.239375114440918,5.239375114440918,0.5049998760223389,0.5049998760223389,0.5049998760223389,0.18937495350837708,0.18937495350837708,0.18937495350837708,0.0,0.0,0.0,0.0,0.0,0.0,5.294999599456787,0.0,0.0,0.0,0.0,0.0,0.0,100.0,74.00611877441406,0.49978864192962646,0.0,20.0,0.0,5.21523904800415,5.89306116104126,0.0,0.0,0.0,0.007000000216066837,0.0,0.0,10.24465274810791,0.0,1.7326605319976807,1.401298464324817e-45,5.899986743927002,0.0,0.0,0.0,0.0,0.0,0.0,20.0,0.0,0.0,13168675.0,0.0,0.0,0.0,0.0,0.0,0.0,0.0,0.351500004529953,18.93000030517578,23.030000686645508,7.69199959904654e-06,0.08500000089406967,0.009999999776482582,24.0,27.0,8.800000190734863,500000.0,0.05000000074505806,2.7000000013543968e-09,2.7000000013543968e-09,145100.0,120000.0,14650000.0,86400.0,17.0,34.5,48.70000076293945,321.8999938964844,83170.0,0.0,1.0,1.0,0.0010000000474974513,725.0,0.0,0.5,0.0,0.0,57.31999969482422,837142.875,9359.77734375,117376.1015625,2623.89794921875,83026.390625,725.0,1.0204100362898316e-05,740000000.0,1,0,1,0,1,0,1,0,0,0,0,8.799991607666016,27.0,3479.4453125,0.0,0.0,0.0,0.0,1.3977036476135254,0.00040168550913222134,0.0,0.02676389180123806,38.94559097290039,1.0,25782.6640625,6668.4814453125,3.47578534274362e-05,2471838720.0,4089069056.0,2720385536.0,4115456512.0,-72.07640075683594,42.869140625,-210504608.0,-26386880.0,5.899986743927002,1520.80810546875,77.97638702392578,1477.93896484375,106381.3984375,4029.333984375,146151.46875,163571.484375,123782.6640625,44.00009536743164,38.94559097290039,38.94559097290039,1.0,3.47578534274362e-05,6668.4814453125,941993426944.0,0.20021803677082062,137600.0,137600.0,94074256.0,73.01152801513672,6395.59326171875,1.0,0.0,1700.0,250000.0,10000.0,1038.0,0.004999999888241291,400.0,5000.0,0,0,0,0,2959815.5,64.17029571533203,64.17029571533203,1218007.25,2784605.25,1.0,1.0,1209558.75,227.06939697265625,6087479.5,1.0,0.9871969819068909,1.0,1.0,1024.832763671875,275.6826171875,188.59115600585938,122.69234466552734,5988524.5,804611.75,188.59115600585938,1.0,1.0,1.0,132.43997192382812,1525.96484375,784.7186889648438,0.0,0.0,0.0,7680000.0,505.7375183105469,507.7101745605469,508.6982727050781,0.0,2784605.25,0.0,128.34059143066406,0.0,0.0,276.43896484375,1.0,0.0,-7.5742998123168945,0.0,5.605193857299268e-45,9.999999974752427e-07,0.0,2.0,0.0003000000142492354,0.004999999888241291,0.0010000000474974513,2.0000000233721948e-07,2.0000000233721948e-07,0.0005555999814532697,993000000.0,1.0,0.05000000074505806,0.10000000149011612,0.0005000000237487257,0.0016700000269338489,0.009999999776482582,1.0,1.0,0.0010000000474974513,4.999999873689376e-05,0.00039999998989515007,0.019999999552965164,0.9891999959945679,0.9891999959945679,0.9950000047683716,0.9950000047683716,1,0,0,0,0,1,0,0,1,0,1,0,0,0,0.9721977114677429,965392320.0,61607.40625,4742236.5,1132.14013671875,2546196.5,1403.22265625,1.0,2331951.25,0.9759578108787537,1.0,60.0,180.0,1800.0,1800.0,1.0047005414962769,0.019808992743492126,1.0,1.0,-0.012236599810421467,0.0,0.0,0.0,0.0,-0.00021666288375854492,6.602997746085748e-05,0.0,0.0,6.602997746085748e-05,0.0,6.602997746085748e-05,6.602997746085748e-05,0.0,7.006492321624085e-44,1,1,0,1,1,1,0,1,1,0,1,0,1,1,1,1,1,1,1,1,0,1000,1000,0,1,5001,5001,220.0,3416.593017578125,120.0,120.0,60.0,0.0,0.4000000059604645,0.10000000149011612,0.10000000149011612,2.0,500.0,200.0,0.9900000095367432,300000.0,5000.0,45000.0,20000.0,0.019999999552965164,2.0,0.05000000074505806,0.019999999552965164,6.0,0.05000000074505806,0.019999999552965164,0.019999999552965164,88.30000305175781,0.10000000149011612,0.800000011920929,0.05000000074505806,0.009999999776482582,50.0,50.0,340.0,340.0,1000000.0,1,1,1,1,1,1,1,1,1,1,0,0,0,1,1,0,1.0,0.0,0.0,0.0,0.00021525000920519233,0.0,0.0,0.0,0.9180592894554138,0.9180592894554138,0.9180592894554138,5000.39892578125,3907613.25,3912613.75,50.0,27.615732192993164,0.4000000059604645,0.0,0.0,0.10000000149011612,0.15852811932563782,1.0,45000.0,20.0,29.21710205078125,779024.3125,33.29494094848633,4588.90185546875,721.2213745117188,0.7790243029594421,0.9179859757423401,9.473258972167969,1.0,3220908.0,3304317.0,9.718579292297363,20.0,0.27526476979255676,27.526477813720703,0.0,636.4223022460938,411.51129150390625,100000.0,50000.0,1115.300048828125,50000.0,700.0,2000.0,2800000.0,3500000.0,4000000.0,9.999999747378752e-05,4.999999873689376e-05,500.0,20000.0,100.0,500.0,60000.0,1200.0,1.0,120.0,150000.0,3000.0,300.0,1.0,300.0,0.019999999552965164,0.019999999552965164,0.009999999776482582,0.009999999776482582,0.009999999776482582,0.019999999552965164,1.100000023841858,0.019999999552965164,4.0,0.019999999552965164,88.0,1613.0,0.009999999776482582,0.20000000298023224,3.0,5.0,600.0,0.0010000000474974513,88.0,88.0,2000.0,2340.0,-0.11599799990653992,-0.03561130166053772,-0.04758000001311302,-0.01752999983727932,0,0,0,0,0,1,0,517.2762451171875,517.2762451171875,2.077392578125,2.077392578125,0.01669100672006607,31.427465438842773,164.20835876464844,1586.9002685546875,1040.1090087890625,790.2763061523438,790.2763061523438,3.173828125,3.173828125,1588.7049560546875,536.7604370117188,0.0,0.0,2663834.0,20.00048065185547,20.00048065185547,156.14418029785156,156.14418029785156,65710.75,65710.75,1.0951792001724243,1.0951792001724243,113.53469848632812,113.53469848632812,24.998868942260742,24.998868942260742,104597.78125,104597.78125,25.00861167907715,155.3406524658203,158.35923767089844,2645363.0,20.00048065185547,20.00048065185547,226.05398559570312,226.05398559570312,155.83010864257812,155.83010864257812,652008.8125,652008.8125,0.0,114.21504211425781,114.21504211425781,228.44677734375,160142.65625,160142.65625,1.067617654800415,1.067617654800415,225.43284606933594,155.83010864257812,271.02691650390625,135.51345825195312,135.51345825195312,202.85296630859375,202.85296630859375,405.7059326171875,0.0,0.0,0.0,135.48553466796875,135.48553466796875,202.85296630859375,202.85296630859375,0.026315800845623016,13.029397010803223,0.20000000298023224,0.8106054067611694,0.8571579456329346,0.8099446296691895,0.48616284132003784,0.40022313594818115,0.48698562383651733,0.9599996209144592,1.0,1.0,1.0,0.9999998211860657,0.9999998211860657,0.9999998211860657,190837.9375,193242.0625,0.0,0.0,0.0,0.0,0.0,0.0,0.0,296.3810119628906,297.7510070800781,0.0,190802.0625,190802.0625,0.0,0.0,0.0,0.0,0.8535276055335999,0.8535276055335999,0.8535276055335999,0.8658091425895691,1181500.75,0.9959999918937683,0.9959999918937683,0.9959999918937683,0.9959999918937683,5588251.0,2762626.0,7314565.0,8350504.0,2606300.0,4015085.75,0.00390761299058795,0.007825227454304695,1038.707275390625,525.0260009765625,525.7969970703125,524.7341918945312,328.1919860839844,358.43634033203125,327.70123291015625,196.83401489257812,167.36065673828125,197.032958984375,1586.9169921875,1038.718994140625,347.8750305175781,347.8750305175781,347.8750305175781,497.9495544433594,497.9495544433594,497.9495544433594,2.9999711513519287,0.795228898525238,0.8612071871757507,2.999969959259033,5.0,0.0040000081062316895,0.0040000081062316895,0.0040000081062316895,0.0040000081062316895,0.0,-0.4368000030517578,0.0,599994.25,164.20835876464844,164.20835876464844,0.0,20.0,2784266.25,7.25,12.0,10.25,224.6701202392578,224.6701202392578,224.6701202392578,0.0,0.0,0.7926306128501892,0.9211652278900146,10000.0,10000.0,0.011826000176370144,1038.5,0.027953999117016792,0.0,0.0,1.0878000259399414,1.0809999704360962,9.000000136438757e-05,103.0,33.220001220703125,1.8179999589920044,0.029999999329447746,49.0,8.329999923706055,4.159999847412109,58.0,302.0,4.5,0.699999988079071,0.4000000059604645,7.5,1.3799999952316284,2.492000102996826,7000.0,48.88999938964844,1.2000000476837158,45.0,62000.0,4590000.0,4250000.0,15900000.0,15100000.0,0.05000000074505806,0.17000000178813934,0.009999999776482582,15220000.0,1.6699999570846558,312.7799987792969,1.1100000143051147,4232.0,0.25,689000.0,4030000.0,9.829999923706055,8.550000190734863,12200000.0,231.10000610351562,88.3239974975586,633.0,1.1430000066757202,0.6858000159263611,-10.0,-3.7799999713897705,0.7799999713897705,295.5,4030000.0,12400000.0,0.9200000166893005,5.0,0,0,0,228,156,0,0,0,0,0,0,0,0,1,1,0,0,1,1,1,0,1,1,0,1,0,0,1,1,1,0,0,0,0,0,0,0,0,0,0,0,0,1,0,0.8737092018127441,6139268.0,1.0877995491027832,0.9490121006965637,0.9973612427711487,305.3955078125,32.489288330078125,-0.002151008229702711,1,1,1,0,0,0,1,1,0,0,0,0,0,369,0.20000000298023224,0.20000000298023224,0.20000000298023224,0.0,2,0,0,0,0,0,0,0,0,0,0,0,0,0,0,0,0,0,0,0,0,0,0,0,0,0,0,0,0,0,0,0,0,0,0,0,0,0,0,0,0,0,0,0,0,0,0,0,0,0,0,1,0,0,0,0,0,0,0,0,0,0,0,0,0,0,0,0,0,0,0,0,0,0,0,0,0,0,0,0,0,0,0,0,0,0,0,0,0,0,0,0,0,0,0,0,0,0,0,0,0,0,0,0,0,0,0,0,0,0,0,0,0,0,0,0,0,0,0,0,0,0,0,0,0,0,0,0,0,0,0,0,0,0,0,0,0,0,0,0,0,0,0,1,0,0,0,0,0,0,0,0,0,0,0,-1,0,0,0,0,0,0,1,1,0,0,87.37091827392578,-3.408421516418457,0.0,-0.5226399302482605,-1.6815581571897805e-44,308.82958984375,305.3955078125,679.7689819335938,-0.00013717482215724885,99.28544616699219,2664.5224609375,1.0877995491027832,0.9973612427711487,-1.0,3.43408203125,6.827850029367255e-06,0.02676389180123806,100.0,27.0,0.0,7.799991607666016,3.8240270614624023,1.0,1.0,38.94559097290039,0.2630888819694519,20.0,3.47578534274362e-05,0.0,74.00611877441406,1.7326605319976807,1.8179994821548462,0.00036938843550160527,0.6817498207092285,0.5432143807411194,28.095447540283203,8.919785499572754,18.86174964904785,17.83120346069336,0.6052154302597046,45.160888671875,44.898040771484375,252.1538543701172,124.69509887695312,0.9568173885345459,321.3902282714844,40.007659912109375,0.29459047317504883,289.1474609375,289.1695556640625,289.13507080078125,321.5740661621094,321.7726745605469,321.5741882324219,100.0,4.544612884521484,49.97886276245117,137.52484130859375,305.36077880859375,305.47113037109375,305.3546142578125,340.3392333984375,45.43424987792969,32.78838348388672,137.52484130859375,0.0,0.9471811056137085,0.9523370862007141,0.9475466012954712,89.79069519042969,89.76747131347656,89.70344543457031,62.648746490478516,62.647727966308594,62.64570617675781,51.73720169067383,51.714263916015625,51.588558197021484,98.98309326171875,98.71156311035156,98.74486541748047,1889.0430908203125,1892.869140625,1890.093505859375,508.8362121582031,510.2808837890625,508.31671142578125,29.0,0.0,48.0,0.48698562383651733,0.6479557156562805,0.40022313594818115,0.6857263445854187,0.48616284132003784,0.6484843492507935,41.0,78.36749267578125,62.117252349853516,225.43284606933594,95.4921646118164,9.999999974752427e-07,85.20938110351562,0.6343725323677063,155.3406524658203,0.9871969819068909,721.2213745117188,39.92470169067383,31.427465438842773,1.0,9.473258972167969,77.90242767333984,0.0,0.9718579053878784,20.0,0.0,60.0,120.0,22.0,120.0,3.416593074798584,0.0,0.0,965.392333984375,18.089038848876953,89.1978530883789,2.0,200.0,0,0,228,228,228,228,220,228,228,228,156,0,99999,99999,10,402,1800,180,1800,998,20,965,87,23,0,0,0,806,1424,29,31,32,0,0,0,0,0,0,0,0,0,0,0,0,0,0,1,0,0,0,0,1,1,1,0,1,0,0,0,1,0,0,0,0,0,0,0,0,0,0,0,0,1,0,1,0,0,1,1,0,1,0,1,0,1,0,0,0,1,1,0,1,0,1,0,0,0,1,1,1,0,0,1,0,1,0,0,0,0,1,1,0,0,1,0,0,0,1,0,0,0,0,0,0,1,0,0,0,1,1,0,0,1,0,1,0,1,0,1,0,0,0,1,0,1,1,1,0,0,1,0,0,0,0,0,1,1,1,0,0,0,0,0,0,0,0,0,0,0,1,0,1,0,1,0,0,0,0,0,0,0,0,0,1,0,1,0,1,0,1,1,1,1,1,1,1,0,0,0,0,0,0,1,0,1,1,1,1,1,1,1,1,1,1,1,1,0,0,1,1,0,0,1,1,0,1,0,1,0,1,1,0,0,0,0,0,0,0,0,1,1,0,0,1,0,1,1,1,0,1,0,0,1,1,0,1,1,1,0,1,1,0,1,0,1,1,0,0,0,0,0,0,1,1,1,1,0,0,0,0,0,0,0,0,1,0,0,0,0,0,0,0,0,0,0,0,0,0,0,0,0,0,0,0,0,0,0,0,0,0,0,0,0,0,0,0,0,0,0,0,0,0,0,0,0,0,0,0,0,0,0,0,0,0,0,0,0,0,0,1,0,0,0,1,1,0,0,0,0,0,0,0,0,0,0,0,0,0,0,0,0,0,0,0,0,0,0,0,0,0,0,0,0,0,0,0,0,0,0,0,0,0,0,0,0,0,0,0,0,0,0,0,0,0,0,0,0,0,0,0,0,0,0,0,0,0,0,0,0,0,0,0,0,0,0,0,0,0,0,0,0,0,0,1,0,1,0,0,0,0,0,1,0,0,0,0,0,0,0,0,0,0,0,0,0,0,0,1,0,0,0,0,0,0,0,0,0,0,0,0,0,0,1,0,0,0,0,0,0,0,0,0,0,1,0,0,0,0,0,0,0,0,0,0,0,0,0,0,0,0,0,0,0,0,0,0,0,0,0,0,0,1,0,0,0,0,0,0,1,1,1,0,0,0,0,0,0,-1,0,0,0,0,0,0,0,0,-1,0,0,-1,0,0,0,0,0,0,0,0,0,0,0,0,0,0,0,0,0,0,1,0,0,0,0,0,0,0,0,0,0,0,0,0,0,0,0,1,1,0,-1,-1,-1,1,1,1,0,0,0,0,1,0,0,1,1,0,0,0,0,1,0,0,0,0,0,0,0,0,0,0,0,0,0,0,0,0,0,0,0,0,0,0,0,0,0,0,0,0,0,1,1,0,1,0,1,1,0,1,0,1,1,0,1,0,0,1,0,0,0,0,0,0,0,0,0,0,0,0,0,0,0,0,0,0,0,0,0,0,0,0,0,0
0,1,1,300,228,8,8,228,114,25,1,0,0.0020000000949949026,4000.0,1.0,0.04500000178813934,25.0,48.0,8.0,291.70001220703125,1.7000000476837158,-3.179999907843012e-07,0.007360000163316727,0.008080000057816505,8.0,0.33000001311302185,0.0333000011742115,1.0,9.999999747378752e-06,21.0,9.999999747378752e-06,2775000064.0,9.000000136438757e-05,4.999999980020986e-13,5.0,40.0,3.0,-3.3499999046325684,3.3499999046325684,0.5,0.0004799999878741801,292.3927001953125,492.6077880859375,-0.0036125299520790577,0.002354159951210022,0.0008944629807956517,0.013157900422811508,0.800646185874939,0.02024419978260994,2650129920.0,0.006539999973028898,228,228,228,228,228,228,228,228,228,228,228,228,228,228,228,228,228,228,228,228,228,228,228,228,220,220,220,220,228,228,228,228,228,228,228,228,228,228,228,228,228,228,228,228,228,228,228,228,228,228,228,228,0,1,4,4,228,228,228,220,228,228,228,228,3,0,0.00040182823431678116,289.8114013671875,618.5510864257812,690.9373779296875,767.0760498046875,840.534423828125,953.6804809570312,982.8416137695312,993.630126953125,981.6641845703125,950.1821899414062,901.8416137695312,834.740966796875,761.2718505859375,687.8414916992188,620.8568725585938,555.44091796875,502.345458984375,462.39373779296875,435.45916748046875,419.41522216796875,413.3104248046875,414.6636962890625,420.388916015625,427.3999938964844,432.61083984375,0.012387674301862717,0.668303370475769,0.7719252705574036,-0.00013683912402484566,0.7556176781654358,0.9699983596801758,103693.734375,3.1968931580195203e-05,0.3078238070011139,0.6792319416999817,0.8728616237640381,0.8732852339744568,0.022362545132637024,1.0,-1.6815581571897805e-44,-3.408843755722046,0.0,99.2853012084961,2664.534912109375,0.9437597990036011,679.2281494140625,228.0,72.0,38.78984832763672,0.20000000298023224,0.0,308.82183837890625,280644.90625,-0.5225861668586731,6.3610076904296875,130.28829956054688,1.2852959632873535,7750000.0,8160000.0,86.12000274658203,119.0999984741211,0.5,9.999999747378752e-05,0.0,3.299999952316284,200.0,0.30000001192092896,309.20001220703125,2.439019908706541e-06,0,0,0,1,1,1,0,24,0,305.31298828125,0.0,0.0,0.0,0.0,0.0,0.0,0.48571527004241943,0.8680444955825806,0.5179169178009033,-0.016100823879241943,-0.005020500626415014,-0.00550207681953907,0.5161008238792419,0.5173470377922058,0.5175824761390686,1.0,25.0,24.0,6135360.0,6135558.5,6135658.0,289.06512451171875,289.09967041015625,289.0775146484375,321.4787292480469,321.6783142089844,321.4786071777344,4400000.0,305.27191162109375,305.38897705078125,305.278076171875,32.413604736328125,32.578643798828125,32.401092529296875,321.2941589355469,4541.64892578125,4539.80712890625,4552.62109375,12.902329444885254,12.911385536193848,12.91480541229248,10.74114990234375,0.0,0.0,0.0020000000949949026,289.0807800292969,321.5451965332031,-45.0719108581543,1.6776779890060425,1.6817113161087036,1.6824852228164673,-18.57152557373047,39.0,40.0,42.0,41.0,0.0,0.0,6133403.5,6081605.0,72.85846710205078,5.0,0.014999999664723873,-180000.0,600.0,1000000.0,400000.0,0.17000000178813934,22000.0,786000.0,120000.0,0.0,40.0,30.0,36.810001373291016,0.5,18.399999618530273,50000.0,115692.3984375,15.113750457763672,0,0,1,0,0,0,0,13454130.0,0.0,0.0,0.0,0.0,0.0,-1938117.0,400000.0,1000000.0,1.0,1400000.0,0.0,0.45339328050613403,13461883.0,126869.6328125,13454130.0,340.34039306640625,40.007659912109375,4.529183864593506,-1938117.0,0.0,0.0,0.0,3.2716586589813232,40.007659912109375,0.0,22230.939453125,1.2010046243667603,0.0,0.0,0.0,20.0,14.711517333984375,22.0,0.0,0.0,0.0,0.05000000074505806,0.02500000037252903,0.17000000178813934,15400000.0,0.5,6.25,0.0006667000125162303,2.0,2410000.0,4140000.0,4.734799861907959,0.15000000596046448,0.20000000298023224,0.2199999988079071,1.0,0.0,-1.0,0.0,5.0,20.0,30.0,50.0,74.0,80.0,86.0,9.800000190734863,500000.0,1.0499999802959792e-07,0.5,750.0,1000.0,600.0,1000.0,1150.0,32.0,32.0,37.400001525878906,10.0,10.0,0.007000000216066837,0.5049999952316284,82.0,189.26499938964844,0.0,1.5099999904632568,231.60000610351562,20.0,36.0,16.600000381469727,16.5,225.0,-0.1756729930639267,27.5,-0.1756729930639267,30.485509872436523,0.1561516970396042,11.10221004486084,-1.8332500457763672,-75.0,4.3520002365112305,9.800000190734863,189.26499938964844,93.30000305175781,2650000.0,0.8500000238418579,7.570000171661377,0,1,0,0,0,0,0,0,0,0,0,1,3,3,0,0,1,1,0,0,0,0,0,0,0,0,0,0,1,0,0,0,0,0,0,0,0,0,0,1,0,0,0,0,0,0,0,0,0,0,12.05322265625,29053.533203125,2153.699951171875,0.0004148668667767197,0.0004361289902590215,0.0006248649442568421,1.0,1.0,0.0,0.0,0.0,0.6059038043022156,0.5963967442512512,1.0,0.0,0.0,0.0,1.0,0.0,0.0,1.0,1.0,0.0,1.0,1.0,0.004407823085784912,0.0,1.0,0.0,0.624041736125946,0.6294960379600525,0.0004148668667767197,0.0,0.0,0.0,99998.78125,99999.0,2752024.0,2410000.0,36.20000076293945,36.20000076293945,36.20000076293945,32.504764556884766,251.87945556640625,124.49040985107422,45.093875885009766,26.438871383666992,36.574195861816406,27.0,28.199649810791016,27.0,0.0,32.0,20.0,68.57752227783203,3446668.0,0.5432143807411194,3.7799999713897705,4.960004806518555,8.919785499572754,0.0,0.0,0.0,1.401298464324817e-45,5.235891819000244,5.235891819000244,0.5049998760223389,0.5049998760223389,0.5049998760223389,0.18937495350837708,0.18937495350837708,0.18937495350837708,0.0,0.0,0.0,0.0,0.0,0.0,5.294999599456787,0.0,0.0,0.0,0.0,0.0,0.0,100.0,74.00370025634766,0.4986651837825775,0.0,20.0,0.0,5.212812900543213,5.899986743927002,0.0,0.0,0.0,0.007000000216066837,0.0,0.0,10.251562118530273,0.0,1.7326366901397705,1.401298464324817e-45,5.906879425048828,0.0,0.0,0.0,0.0,0.0,0.0,20.0,0.0,0.0,13153161.0,0.0,0.0,0.0,0.0,0.0,0.0,0.0,0.351500004529953,18.93000030517578,23.030000686645508,7.69199959904654e-06,0.08500000089406967,0.009999999776482582,24.0,27.0,8.800000190734863,500000.0,0.05000000074505806,2.7000000013543968e-09,2.7000000013543968e-09,145100.0,120000.0,14650000.0,86400.0,17.0,34.5,48.70000076293945,321.8999938964844,83170.0,0.0,1.0,1.0,0.0010000000474974513,725.0,0.0,0.5,0.0,0.0,57.31999969482422,837142.875,9359.77734375,117376.1015625,2623.89794921875,83026.390625,725.0,1.0204100362898316e-05,740000000.0,1,0,1,0,1,0,1,0,0,0,0,8.799991607666016,27.0,3508.640380859375,0.0,0.0,0.0,0.0,1.4094350337982178,0.0004016872844658792,0.0,0.02698845975100994,38.97468566894531,1.0,25791.390625,6721.728515625,3.504957930999808e-05,2469580288.0,4086279424.0,2718311936.0,4113244416.0,-71.9669189453125,42.85302734375,-210767680.0,-26965280.0,5.906879425048828,1519.984375,77.87379455566406,1477.13134765625,106381.3984375,4035.276123046875,146174.71875,163693.6875,123791.390625,44.40009689331055,38.97468566894531,38.97468566894531,1.0,3.504957930999808e-05,6721.728515625,942870364160.0,0.20025451481342316,137600.0,137600.0,93933752.0,72.91510009765625,6404.23291015625,1.0,0.0,1700.0,250000.0,10000.0,1038.0,0.004999999888241291,400.0,5000.0,0,0,0,0,2959753.0,64.15895080566406,64.15895080566406,1217809.25,2784630.5,1.0,1.0,1209093.625,227.03945922851562,6083565.0,1.0,0.9870212078094482,1.0,1.0,1024.5802001953125,275.642333984375,188.5734100341797,122.59213256835938,5984707.5,804530.75,188.5734100341797,1.0,1.0,1.0,132.3578338623047,1525.1280517578125,784.496826171875,0.0,0.0,0.0,7680000.0,505.4603576660156,507.4270935058594,508.42034912109375,0.0,2784630.5,0.0,128.31790161132812,0.0,0.0,276.396728515625,1.0,0.0,-7.5742998123168945,0.0,5.605193857299268e-45,9.999999974752427e-07,0.0,2.0,0.0003000000142492354,0.004999999888241291,0.0010000000474974513,2.0000000233721948e-07,2.0000000233721948e-07,0.0005555999814532697,993000000.0,1.0,0.05000000074505806,0.10000000149011612,0.0005000000237487257,0.0016700000269338489,0.009999999776482582,1.0,1.0,0.0010000000474974513,4.999999873689376e-05,0.00039999998989515007,0.019999999552965164,0.9891999959945679,0.9891999959945679,0.9950000047683716,0.9950000047683716,1,0,0,0,0,1,0,0,1,0,1,0,0,0,0.9717636704444885,964961344.0,61576.1328125,4740169.5,1131.5146484375,2546202.0,1402.4857177734375,1.0,2332012.0,0.9760898947715759,1.0,60.0,180.0,1800.0,1800.0,1.0047005414962769,0.019808992743492126,1.0,1.0,-0.012236599810421467,0.0,0.0,0.0,0.0,-0.00021725893020629883,6.602997746085748e-05,0.0,0.0,6.602997746085748e-05,0.0,6.602997746085748e-05,6.602997746085748e-05,0.0,7.006492321624085e-44,1,1,0,1,1,1,0,1,1,0,1,0,1,1,1,1,1,1,1,1,0,1000,1000,0,1,5001,5001,220.0,3415.291015625,120.0,120.0,60.0,0.0,0.4000000059604645,0.10000000149011612,0.10000000149011612,2.0,500.0,200.0,0.9900000095367432,300000.0,5000.0,45000.0,20000.0,0.019999999552965164,2.0,0.05000000074505806,0.019999999552965164,6.0,0.05000000074505806,0.019999999552965164,0.019999999552965164,88.30000305175781,0.10000000149011612,0.800000011920929,0.05000000074505806,0.009999999776482582,50.0,50.0,340.0,340.0,1000000.0,1,1,1,1,1,1,1,1,1,1,0,0,0,1,1,0,1.0,0.0,0.0,0.0,0.0002051250048680231,0.0,0.0,0.0,0.9180555939674377,0.9180555939674377,0.9180555939674377,5000.39794921875,3907815.75,3912816.25,50.0,27.615705490112305,0.4000000059604645,0.0,0.0,0.10000000149011612,0.1584261655807495,1.0,45000.0,20.0,29.214946746826172,779026.6875,33.29180145263672,4588.8984375,721.2213745117188,0.7790266871452332,0.9179782867431641,9.47323226928711,1.0,3220899.0,3304317.0,9.718579292297363,20.0,0.2752969264984131,27.529693603515625,0.0,636.4223022460938,411.48162841796875,100000.0,50000.0,1115.300048828125,50000.0,700.0,2000.0,2800000.0,3500000.0,4000000.0,9.999999747378752e-05,4.999999873689376e-05,500.0,20000.0,100.0,500.0,60000.0,1200.0,1.0,120.0,150000.0,3000.0,300.0,1.0,300.0,0.019999999552965164,0.019999999552965164,0.009999999776482582,0.009999999776482582,0.009999999776482582,0.019999999552965164,1.100000023841858,0.019999999552965164,4.0,0.019999999552965164,88.0,1613.0,0.009999999776482582,0.20000000298023224,3.0,5.0,600.0,0.0010000000474974513,88.0,88.0,2000.0,2340.0,-0.11599799990653992,-0.03561130166053772,-0.04758000001311302,-0.01752999983727932,0,0,0,0,0,1,0,517.118896484375,517.118896484375,2.0767822265625,2.0767822265625,0.01668374612927437,31.427446365356445,164.20814514160156,1586.4256591796875,1039.8270263671875,790.0399780273438,790.0399780273438,3.1728515625,3.1728515625,1588.29345703125,536.6311645507812,0.0,0.0,2663777.75,20.00048065185547,20.00048065185547,156.1411895751953,156.1411895751953,65710.4765625,65710.4765625,1.0951745510101318,1.0951745510101318,113.51972961425781,113.51972961425781,24.998891830444336,24.998891830444336,104597.875,104597.875,25.008630752563477,155.3378448486328,158.3573455810547,2645386.75,20.00048065185547,20.00048065185547,226.0379638671875,226.0379638671875,155.82839965820312,155.82839965820312,652001.6875,652001.6875,0.0,114.20945739746094,114.20945739746094,228.4355926513672,160141.375,160141.375,1.067609190940857,1.067609190940857,225.41912841796875,155.82839965820312,270.9149475097656,135.4574737548828,135.4574737548828,202.82757568359375,202.82757568359375,405.6551513671875,0.0,0.0,0.0,135.42926025390625,135.42926025390625,202.82757568359375,202.82757568359375,0.026315800845623016,13.028480529785156,0.20000000298023224,0.8097155690193176,0.8562881946563721,0.8090535402297974,0.48571527004241943,0.39979591965675354,0.48654603958129883,0.9599996209144592,1.0,1.0,1.0,0.9999998211860657,0.9999998211860657,0.9999998211860657,190837.671875,193242.0625,0.0,0.0,0.0,0.0,0.0,0.0,0.0,296.3810119628906,297.7510070800781,0.0,190803.484375,190803.484375,0.0,0.0,0.0,0.0,0.853097677230835,0.853097677230835,0.853097677230835,0.8658892512321472,1181166.875,0.9959999918937683,0.9959999918937683,0.9959999918937683,0.9959999918937683,5583871.0,2763383.5,7312469.5,8346874.0,2606300.0,4015447.0,0.003907815553247929,0.007825632579624653,1038.391357421875,524.7310791015625,525.5297241210938,524.4429321289062,327.9858093261719,358.26019287109375,327.4950256347656,196.74526977539062,167.26953125,196.94790649414062,1586.4423828125,1038.403076171875,347.8028564453125,347.8028564453125,347.8028564453125,497.34515380859375,497.34515380859375,497.34515380859375,2.999973773956299,0.7938746213912964,0.8611959218978882,2.9999725818634033,5.0,0.0040000081062316895,0.0040000081062316895,0.0040000081062316895,0.0040000081062316895,0.0,-0.4368000030517578,0.0,599994.75,164.20814514160156,164.20814514160156,0.0,20.0,2784292.5,7.25,12.0,10.25,224.65940856933594,224.65940856933594,224.65940856933594,0.0,0.0,0.7926306128501892,0.9211652278900146,10000.0,10000.0,0.011826000176370144,1038.5,0.027953999117016792,0.0,0.0,1.0878000259399414,1.0809999704360962,9.000000136438757e-05,103.0,33.220001220703125,1.8179999589920044,0.029999999329447746,49.0,8.329999923706055,4.159999847412109,58.0,302.0,4.5,0.699999988079071,0.4000000059604645,7.5,1.3799999952316284,2.492000102996826,7000.0,48.88999938964844,1.2000000476837158,45.0,62000.0,4590000.0,4250000.0,15900000.0,15100000.0,0.05000000074505806,0.17000000178813934,0.009999999776482582,15220000.0,1.6699999570846558,312.7799987792969,1.1100000143051147,4232.0,0.25,689000.0,4030000.0,9.829999923706055,8.550000190734863,12200000.0,231.10000610351562,88.3239974975586,633.0,1.1430000066757202,0.6858000159263611,-10.0,-3.7799999713897705,0.7799999713897705,295.5,4030000.0,12400000.0,0.9200000166893005,5.0,0,0,0,228,156,0,0,0,0,0,0,0,0,1,1,0,0,1,1,1,0,1,1,0,1,0,0,1,1,1,0,0,0,0,0,0,0,0,0,0,0,0,1,0,0.8728616237640381,6135360.0,1.0877995491027832,0.9485198259353638,0.9972972869873047,305.34051513671875,32.472434997558594,-0.002139429794624448,1,1,1,0,0,0,1,1,0,0,0,0,0,371,0.20000000298023224,0.20000000298023224,0.20000000298023224,0.0,2,0,0,0,0,0,0,0,0,0,0,0,0,0,0,0,0,0,0,0,0,0,0,0,0,0,0,0,0,0,0,0,0,0,0,0,0,0,0,0,0,0,0,0,0,0,0,0,0,0,0,1,0,0,0,0,0,0,0,0,0,0,0,0,0,0,0,0,0,0,0,0,0,0,0,0,0,0,0,0,0,0,0,0,0,0,0,0,0,0,0,0,0,0,0,0,0,0,0,0,0,0,0,0,0,0,0,0,0,0,0,0,0,0,0,0,0,0,0,0,0,0,0,0,0,0,0,0,0,0,0,0,0,0,0,0,0,0,0,0,0,0,0,1,0,0,0,0,0,0,0,0,0,0,0,-1,0,0,0,0,0,0,1,1,0,0,87.28616333007812,-3.408843755722046,0.0,-0.5225861668586731,-1.6815581571897805e-44,308.82183837890625,305.34051513671875,679.2281494140625,-0.00013683912402484566,99.2853012084961,2664.534912109375,1.0877995491027832,0.9972972869873047,-1.0,3.4813232421875,6.827850029367255e-06,0.02698845975100994,100.0,27.0,0.0,7.799991607666016,3.8274810314178467,1.0,1.0,38.97468566894531,0.26317793130874634,20.0,3.504957930999808e-05,0.0,74.00370025634766,1.7326366901397705,1.8179994821548462,0.00036938843550160527,0.6817498207092285,0.5432143807411194,28.081928253173828,8.919785499572754,18.849210739135742,17.856016159057617,0.6059038043022156,45.093875885009766,44.898040771484375,251.87945556640625,124.49040985107422,0.9566347599029541,321.3262939453125,40.007659912109375,0.29459047317504883,289.10089111328125,289.12310791015625,289.08843994140625,321.51031494140625,321.709716796875,321.51068115234375,100.0,4.527190208435059,49.866519927978516,137.3664093017578,305.30560302734375,305.4164123535156,305.299560546875,340.340087890625,45.33932876586914,32.74052810668945,137.3664093017578,0.0,0.9466792345046997,0.9518548250198364,0.9470536708831787,89.80328369140625,89.7796859741211,89.71633911132812,62.60887145996094,62.607852935791016,62.60582733154297,51.75824737548828,51.734703063964844,51.61008071899414,98.97705841064453,98.70063781738281,98.7389144897461,1887.9945068359375,1891.906982421875,1889.0318603515625,508.5542907714844,509.9971618652344,508.0283508300781,29.0,0.0,48.0,0.48654603958129883,0.6472428441047668,0.39979591965675354,0.6850305795669556,0.48571527004241943,0.647772490978241,41.0,78.36749267578125,62.077308654785156,225.41912841796875,95.43980407714844,9.999999974752427e-07,85.1723403930664,0.6344584226608276,155.3378448486328,0.9870212078094482,721.2213745117188,39.9267692565918,31.427446365356445,1.0,9.47323226928711,77.90267181396484,0.0,0.9718579053878784,20.0,0.0,60.0,120.0,22.0,120.0,3.4152910709381104,0.0,0.0,964.9613647460938,18.089038848876953,89.1978530883789,2.0,200.0,0,0,228,228,228,228,220,228,228,228,156,0,99999,99999,10,402,1800,180,1800,998,20,964,87,23,0,0,0,806,1424,29,31,32,0,0,0,0,0,0,0,0,0,0,0,0,0,0,1,0,0,0,0,1,1,1,0,1,0,0,0,1,0,0,0,0,0,0,0,0,0,0,0,0,1,0,1,0,0,1,1,0,1,0,1,0,1,0,0,0,1,1,0,1,0,1,0,0,0,1,1,0,0,0,1,0,1,0,0,0,0,0,1,0,0,1,0,0,0,1,0,0,0,0,0,0,1,0,0,0,1,1,0,0,1,0,1,0,1,0,1,0,0,0,1,0,1,1,1,0,0,1,0,0,0,0,0,1,1,1,0,0,0,0,0,0,0,0,0,0,0,1,0,1,0,1,0,0,0,0,0,0,0,0,0,1,0,1,0,1,0,1,1,1,1,1,1,1,0,0,0,0,0,0,1,0,1,1,1,1,1,1,1,1,1,1,1,0,0,0,1,1,0,0,1,1,0,1,0,1,0,1,1,0,0,0,0,0,0,0,0,1,1,0,0,1,0,1,1,1,0,1,0,0,1,1,0,1,1,1,0,1,1,0,1,0,1,1,0,0,0,0,0,0,1,1,1,1,0,0,0,0,0,0,0,0,0,0,0,0,0,0,0,0,0,0,0,0,0,0,0,0,0,0,0,0,0,0,0,0,0,0,0,0,0,0,0,0,0,0,0,0,0,0,0,0,0,0,0,0,0,0,0,0,0,0,0,0,0,0,0,0,0,0,0,0,0,0,0,0,0,0,0,0,0,0,0,0,0,0,0,0,0,0,0,0,0,0,0,0,0,0,0,0,0,0,0,0,0,0,0,0,0,0,0,0,0,0,0,0,0,0,0,0,0,0,0,0,0,0,0,0,0,0,0,0,0,0,0,0,0,0,0,0,0,0,0,0,0,0,0,0,0,0,0,1,0,1,0,0,0,0,0,1,0,0,0,0,0,0,0,0,0,0,0,0,0,0,0,1,0,0,0,0,0,0,0,0,0,0,0,0,0,0,1,0,0,0,0,0,0,0,0,0,0,1,0,0,0,0,0,0,0,0,0,0,0,0,0,0,0,0,0,0,0,0,0,0,0,0,0,0,0,1,0,0,0,0,0,0,1,1,1,0,0,0,0,0,0,-1,0,0,0,0,0,0,0,0,-1,0,0,-1,0,0,0,0,0,0,0,0,0,0,0,0,0,0,0,0,0,0,1,0,0,0,0,0,0,0,0,0,0,0,0,0,0,0,0,1,1,0,-1,-1,-1,1,1,1,0,0,0,0,1,0,0,1,1,0,0,0,0,1,0,0,0,0,0,0,0,0,0,0,0,0,0,0,0,0,0,0,0,0,0,0,0,0,0,0,0,0,0,1,1,0,1,0,1,1,0,1,0,1,1,0,1,0,0,1,0,0,0,0,0,0,0,0,0,0,0,0,0,0,0,0,0,0,0,0,0,0,0,0,0,0
0,1,1,300,228,8,8,228,114,25,1,0,0.0020000000949949026,4000.0,1.0,0.04500000178813934,25.0,48.0,8.0,291.70001220703125,1.7000000476837158,-3.179999907843012e-07,0.007360000163316727,0.008080000057816505,8.0,0.33000001311302185,0.0333000011742115,1.0,9.999999747378752e-06,21.0,9.999999747378752e-06,2775000064.0,9.000000136438757e-05,4.999999980020986e-13,5.0,40.0,3.0,-3.3499999046325684,3.3499999046325684,0.5,0.0004799999878741801,292.3927001953125,492.6077880859375,-0.0036125299520790577,0.002354159951210022,0.0008944629807956517,0.013157900422811508,0.800646185874939,0.02024419978260994,2650129920.0,0.006539999973028898,228,228,228,228,228,228,228,228,228,228,228,228,228,228,228,228,228,228,228,228,228,228,228,228,220,220,220,220,228,228,228,228,228,228,228,228,228,228,228,228,228,228,228,228,228,228,228,228,228,228,228,228,0,1,4,4,228,228,228,220,228,228,228,228,3,0,0.00040182823431678116,289.74285888671875,617.931640625,690.1239624023438,766.0579833984375,839.3193359375,952.1673583984375,981.2601928710938,992.03955078125,980.124755859375,948.7406616210938,900.5338134765625,833.607666015625,760.3197631835938,687.063232421875,620.2308349609375,554.952392578125,501.9630126953125,462.08856201171875,435.2064208984375,419.1971435546875,413.1118469238281,414.4732971191406,420.2001037597656,427.2107849121094,432.4239501953125,0.012644208036363125,0.6673424243927002,0.7719236612319946,-0.00013634495553560555,0.755622148513794,0.969534158706665,103544.890625,3.1920793844619766e-05,0.3074311912059784,0.6782355904579163,0.8715969324111938,0.8720174431800842,0.022363165393471718,1.0,-1.6815581571897805e-44,-3.4094748497009277,0.0,99.28509521484375,2664.554443359375,0.94376540184021,678.4212646484375,228.0,72.0,39.64978790283203,0.800000011920929,0.0,308.8102111816406,280645.46875,-0.5225080251693726,6.359169006347656,130.28829956054688,1.285865306854248,7750000.0,8160000.0,86.12000274658203,119.0999984741211,0.5,9.999999747378752e-05,0.0,3.299999952316284,200.0,0.30000001192092896,309.20001220703125,2.439019908706541e-06,0,0,0,1,1,1,0,24,0,305.2300720214844,0.0,0.0,0.0,0.0,0.0,0.0,0.48504507541656494,0.8678671717643738,0.5178908109664917,-0.01642286777496338,-0.00518202455714345,-0.0056758299469947815,0.5164228677749634,0.5176524519920349,0.5178970098495483,1.0,25.0,24.0,6129475.5,6129673.5,6129774.0,288.99456787109375,289.02935791015625,289.007080078125,321.3829040527344,321.5838317871094,321.3827819824219,4400000.0,305.188720703125,305.30657958984375,305.1949462890625,32.388336181640625,32.554473876953125,32.375701904296875,321.1979675292969,4541.11181640625,4539.0595703125,4552.0849609375,12.905102729797363,12.914009094238281,12.917510032653809,10.703582763671875,0.0,0.0,0.0020000000949949026,289.0103454589844,321.4498291015625,-45.08296203613281,1.678723931312561,1.682702660560608,1.6835070848464966,-18.65131378173828,39.0,40.0,42.0,41.0,0.0,0.0,6127506.5,6075701.0,72.71551513671875,5.0,0.014999999664723873,-180000.0,600.0,1000000.0,400000.0,0.17000000178813934,22000.0,786000.0,120000.0,0.0,40.0,30.0,36.810001373291016,0.5,18.399999618530273,50000.0,115692.3984375,15.113750457763672,0,0,1,0,0,0,0,13430927.0,0.0,0.0,0.0,0.0,0.0,-1961352.0,400000.0,1000000.0,1.0,1400000.0,0.0,0.4519681930541992,13438648.0,126869.6328125,13430927.0,340.341552734375,40.007659912109375,4.514932155609131,-1961352.0,0.0,0.0,0.0,3.2644734382629395,40.007659912109375,0.0,22230.939453125,1.2010046243667603,0.0,0.0,0.0,20.0,14.711517333984375,22.0,0.0,0.0,0.0,0.05000000074505806,0.02500000037252903,0.17000000178813934,15400000.0,0.5,6.25,0.0006667000125162303,2.0,2410000.0,4140000.0,4.734799861907959,0.15000000596046448,0.20000000298023224,0.2199999988079071,1.0,0.0,-1.0,0.0,5.0,20.0,30.0,50.0,74.0,80.0,86.0,9.800000190734863,500000.0,1.0499999802959792e-07,0.5,750.0,1000.0,600.0,1000.0,1150.0,32.0,32.0,37.400001525878906,10.0,10.0,0.007000000216066837,0.5049999952316284,82.0,189.26499938964844,0.0,1.5099999904632568,231.60000610351562,20.0,36.0,16.600000381469727,16.5,225.0,-0.1756729930639267,27.5,-0.1756729930639267,30.485509872436523,0.1561516970396042,11.10221004486084,-1.8332500457763672,-75.0,4.3520002365112305,9.800000190734863,189.26499938964844,93.30000305175781,2650000.0,0.8500000238418579,7.570000171661377,0,1,0,0,0,0,0,0,0,0,0,1,3,3,0,0,1,1,0,0,0,0,0,0,0,0,0,0,1,0,0,0,0,0,0,0,0,0,0,1,0,0,0,0,0,0,0,0,0,0,12.053009033203125,29053.115234375,2153.699951171875,0.0004148654406890273,0.0004361289902590215,0.0006248649442568421,1.0,1.0,0.0,0.0,0.0,0.6069304347038269,0.5974791049957275,1.0,0.0,0.0,0.0,1.0,0.0,0.0,1.0,1.0,0.0,1.0,1.0,0.004103899002075195,0.0,1.0,0.0,0.6235895156860352,0.6290849447250366,0.0004148654406890273,0.0,0.0,0.0,99998.78125,99999.0,2750029.75,2410000.0,36.20000076293945,36.20000076293945,36.20000076293945,32.50701904296875,251.4694061279297,124.18489837646484,44.993961334228516,26.443458557128906,36.53932189941406,27.0,28.189836502075195,27.0,0.0,32.0,20.0,68.57752227783203,3446668.0,0.5432143807411194,3.7799999713897705,4.970283031463623,8.919785499572754,0.0,0.0,0.0,1.401298464324817e-45,5.2306809425354,5.2306809425354,0.5049998760223389,0.5049998760223389,0.5049998760223389,0.18937495350837708,0.18937495350837708,0.18937495350837708,0.0,0.0,0.0,0.0,0.0,0.0,5.294999599456787,0.0,0.0,0.0,0.0,0.0,0.0,100.0,74.00001525878906,0.496974378824234,0.0,20.0,0.0,5.209214687347412,5.910313129425049,0.0,0.0,0.0,0.007000000216066837,0.0,0.0,10.26186466217041,0.0,1.732600212097168,1.401298464324817e-45,5.9171576499938965,0.0,0.0,0.0,0.0,0.0,0.0,20.0,0.0,0.0,13129993.0,0.0,0.0,0.0,0.0,0.0,0.0,0.0,0.351500004529953,18.93000030517578,23.030000686645508,7.69199959904654e-06,0.08500000089406967,0.009999999776482582,24.0,27.0,8.800000190734863,500000.0,0.05000000074505806,2.7000000013543968e-09,2.7000000013543968e-09,145100.0,120000.0,14650000.0,86400.0,17.0,34.5,48.70000076293945,321.8999938964844,83170.0,0.0,1.0,1.0,0.0010000000474974513,725.0,0.0,0.5,0.0,0.0,57.31999969482422,837142.875,9359.77734375,117376.1015625,2623.89794921875,83026.390625,725.0,1.0204100362898316e-05,740000000.0,1,0,1,0,1,0,1,0,0,0,0,8.799991607666016,27.0,3552.36083984375,0.0,0.0,0.0,0.0,1.4270031452178955,0.00040168981649912894,0.0,0.02732475847005844,39.018043518066406,1.0,25804.3984375,6801.44677734375,3.5486449633026496e-05,2466206720.0,4082038528.0,2715190528.0,4109902592.0,-71.80461120605469,42.79638671875,-211151920.0,-27863744.0,5.9171576499938965,1518.70751953125,77.72177124023438,1475.9111328125,106381.3984375,4044.1455078125,146209.578125,163875.78125,123804.3984375,45.000099182128906,39.018043518066406,39.018043518066406,1.0,3.5486449633026496e-05,6801.44677734375,944097067008.0,0.2003091722726822,137600.0,137600.0,93725304.0,72.77230072021484,6417.14501953125,1.0,0.0,1700.0,250000.0,10000.0,1038.0,0.004999999888241291,400.0,5000.0,0,0,0,0,2959660.25,64.14164733886719,64.14164733886719,1217510.875,2784668.0,1.0,1.0,1208386.125,226.99383544921875,6077669.5,1.0,0.986752986907959,1.0,1.0,1024.1932373046875,275.5815734863281,188.54638671875,122.44054412841797,5978959.5,804407.375,188.54638671875,1.0,1.0,1.0,132.23373413085938,1523.8638916015625,784.1565551757812,0.0,0.0,0.0,7680000.0,505.0235290527344,506.98883056640625,507.9883117675781,0.0,2784668.0,0.0,128.28329467773438,0.0,0.0,276.33306884765625,1.0,0.0,-7.5742998123168945,0.0,5.605193857299268e-45,9.999999974752427e-07,0.0,2.0,0.0003000000142492354,0.004999999888241291,0.0010000000474974513,2.0000000233721948e-07,2.0000000233721948e-07,0.0005555999814532697,993000000.0,1.0,0.05000000074505806,0.10000000149011612,0.0005000000237487257,0.0016700000269338489,0.009999999776482582,1.0,1.0,0.0010000000474974513,4.999999873689376e-05,0.00039999998989515007,0.019999999552965164,0.9891999959945679,0.9891999959945679,0.9950000047683716,0.9950000047683716,1,0,0,0,0,1,0,0,1,0,1,0,0,0,0.9711089134216309,964311168.0,61528.94140625,4737032.5,1130.57080078125,2546208.5,1401.37255859375,1.0,2332104.0,0.9762880206108093,1.0,60.0,180.0,1800.0,1800.0,1.0047005414962769,0.019808992743492126,1.0,1.0,-0.012236599810421467,0.0,0.0,0.0,0.0,-0.00022047758102416992,6.602997746085748e-05,0.0,0.0,6.602997746085748e-05,0.0,6.602997746085748e-05,6.602997746085748e-05,0.0,7.006492321624085e-44,1,1,0,1,1,1,0,1,1,0,1,0,1,1,1,1,1,1,1,1,0,1000,1000,0,1,5001,5001,220.0,3413.32666015625,120.0,120.0,60.0,0.0,0.4000000059604645,0.10000000149011612,0.10000000149011612,2.0,500.0,200.0,0.9900000095367432,300000.0,5000.0,45000.0,20000.0,0.019999999552965164,2.0,0.05000000074505806,0.019999999552965164,6.0,0.05000000074505806,0.019999999552965164,0.019999999552965164,88.30000305175781,0.10000000149011612,0.800000011920929,0.05000000074505806,0.009999999776482582,50.0,50.0,340.0,340.0,1000000.0,1,1,1,1,1,1,1,1,1,1,0,0,0,1,1,0,1.0,0.0,0.0,0.0,0.0001906875113490969,0.0,0.0,0.0,0.9180498123168945,0.9180498123168945,0.9180498123168945,5000.3984375,3908128.0,3913128.5,50.0,27.615665435791016,0.4000000059604645,0.0,0.0,0.10000000149011612,0.1582726389169693,1.0,45000.0,20.0,29.211639404296875,779030.25,33.286983489990234,4588.89208984375,721.2213745117188,0.7790302634239197,0.9179664254188538,9.47319221496582,1.0,3220885.5,3304317.0,9.718579292297363,20.0,0.27534130215644836,27.534130096435547,0.0,636.4223022460938,411.49365234375,100000.0,50000.0,1115.300048828125,50000.0,700.0,2000.0,2800000.0,3500000.0,4000000.0,9.999999747378752e-05,4.999999873689376e-05,500.0,20000.0,100.0,500.0,60000.0,1200.0,1.0,120.0,150000.0,3000.0,300.0,1.0,300.0,0.019999999552965164,0.019999999552965164,0.009999999776482582,0.009999999776482582,0.009999999776482582,0.019999999552965164,1.100000023841858,0.019999999552965164,4.0,0.019999999552965164,88.0,1613.0,0.009999999776482582,0.20000000298023224,3.0,5.0,600.0,0.0010000000474974513,88.0,88.0,2000.0,2340.0,-0.11599799990653992,-0.03561130166053772,-0.04758000001311302,-0.01752999983727932,0,0,0,0,0,1,0,516.8758544921875,516.8758544921875,2.0758056640625,2.0758056640625,0.016672687605023384,31.427417755126953,164.20782470703125,1585.6842041015625,1039.39111328125,789.6707153320312,789.6707153320312,3.17138671875,3.17138671875,1587.6492919921875,536.4306640625,0.0,0.0,2663694.25,20.00048065185547,20.00048065185547,156.13665771484375,156.13665771484375,65710.0546875,65710.0546875,1.095167636871338,1.095167636871338,113.49691772460938,113.49691772460938,24.998931884765625,24.998931884765625,104598.0390625,104598.0390625,25.008665084838867,155.33358764648438,158.35452270507812,2645422.75,20.00048065185547,20.00048065185547,226.0135498046875,226.0135498046875,155.82582092285156,155.82582092285156,651990.875,651990.875,0.0,114.20116424560547,114.20116424560547,228.41900634765625,160139.4375,160139.4375,1.067596197128296,1.067596197128296,225.39816284179688,155.82582092285156,270.7448425292969,135.37242126464844,135.37242126464844,202.78858947753906,202.78858947753906,405.5771789550781,0.0,0.0,0.0,135.34378051757812,135.34378051757812,202.78858947753906,202.78858947753906,0.026315800845623016,13.02707290649414,0.20000000298023224,0.8083804249763489,0.8549840450286865,0.8077175617218018,0.48504507541656494,0.39915701746940613,0.4858885407447815,0.9599996209144592,1.0,1.0,1.0,0.9999998211860657,0.9999998211860657,0.9999998211860657,190837.28125,193242.0625,0.0,0.0,0.0,0.0,0.0,0.0,0.0,296.3810119628906,297.7510070800781,0.0,190805.5,190805.5,0.0,0.0,0.0,0.0,0.8524428009986877,0.8524428009986877,0.8524428009986877,0.8660038709640503,1180657.125,0.9959999918937683,0.9959999918937683,0.9959999918937683,0.9959999918937683,5577187.5,2764550.25,7309278.5,8341345.0,2606300.0,4015993.25,0.003908128011971712,0.007826256565749645,1037.9033203125,524.2735595703125,525.1153564453125,523.9921264648438,327.66668701171875,357.9862365722656,327.1766052246094,196.60687255859375,167.12911987304688,196.81552124023438,1585.700927734375,1037.9150390625,347.69134521484375,347.69134521484375,347.69134521484375,496.4287414550781,496.4287414550781,496.4287414550781,2.9999775886535645,0.7918220162391663,0.8611809015274048,2.99997615814209,5.0,0.0040000081062316895,0.0040000081062316895,0.0040000081062316895,0.0040000081062316895,0.0,-0.4368000030517578,0.0,599995.5,164.20782470703125,164.20782470703125,0.0,20.0,2784331.5,7.25,12.0,10.25,224.6431121826172,224.6431121826172,224.6431121826172,0.0,0.0,0.7926306128501892,0.9211652278900146,10000.0,10000.0,0.011826000176370144,1038.5,0.027953999117016792,0.0,0.0,1.0878000259399414,1.0809999704360962,9.000000136438757e-05,103.0,33.220001220703125,1.8179999589920044,0.029999999329447746,49.0,8.329999923706055,4.159999847412109,58.0,302.0,4.5,0.699999988079071,0.4000000059604645,7.5,1.3799999952316284,2.492000102996826,7000.0,48.88999938964844,1.2000000476837158,45.0,62000.0,4590000.0,4250000.0,15900000.0,15100000.0,0.05000000074505806,0.17000000178813934,0.009999999776482582,15220000.0,1.6699999570846558,312.7799987792969,1.1100000143051147,4232.0,0.25,689000.0,4030000.0,9.829999923706055,8.550000190734863,12200000.0,231.10000610351562,88.3239974975586,633.0,1.1430000066757202,0.6858000159263611,-10.0,-3.7799999713897705,0.7799999713897705,295.5,4030000.0,12400000.0,0.9200000166893005,5.0,0,0,0,228,156,0,0,0,0,0,0,0,0,1,1,0,0,1,1,1,0,1,1,0,1,0,0,1,1,1,0,0,0,0,0,0,0,0,0,0,0,0,1,0,0.8715969324111938,6129475.5,1.0877995491027832,0.9477920532226562,0.9972134828567505,305.25775146484375,32.4475212097168,-0.0021235705353319645,1,1,1,0,0,0,1,1,0,0,0,0,0,374,0.20000000298023224,0.20000000298023224,0.20000000298023224,0.0,2,0,0,0,0,0,0,0,0,0,0,0,0,0,0,0,0,0,0,0,0,0,0,0,0,0,0,0,0,0,0,0,0,0,0,0,0,0,0,0,0,0,0,0,0,0,0,0,0,0,0,1,0,0,0,0,0,0,0,0,0,0,0,0,0,0,0,0,0,0,0,0,0,0,0,0,0,0,0,0,0,0,0,0,0,0,0,0,0,0,0,0,0,0,0,0,0,0,0,0,0,0,0,0,0,0,0,0,0,0,0,0,0,0,0,0,0,0,0,0,0,0,0,0,0,0,0,0,0,0,0,0,0,0,0,0,0,0,0,0,0,0,0,1,0,0,0,0,0,0,0,0,0,0,0,-1,0,0,0,0,0,0,1,1,0,0,87.1596908569336,-3.4094748497009277,0.0,-0.5225080251693726,-1.6815581571897805e-44,308.8102111816406,305.25775146484375,678.4212646484375,-0.00013634495553560555,99.28509521484375,2664.554443359375,1.0877995491027832,0.9972134828567505,-1.0,3.552459716796875,6.827850029367255e-06,0.02732475847005844,100.0,27.0,0.0,7.799991607666016,3.832601308822632,1.0,1.0,39.018043518066406,0.26331067085266113,20.0,3.5486449633026496e-05,0.0,74.00001525878906,1.732600212097168,1.8179994821548462,0.00036938843550160527,0.6817498207092285,0.5432143807411194,28.06157875061035,8.919785499572754,18.8304500579834,17.89301872253418,0.6069304347038269,44.993961334228516,44.898040771484375,251.4694061279297,124.18489837646484,0.9563580751419067,321.2300109863281,40.007659912109375,0.29459047317504883,289.030517578125,289.0528564453125,289.01812744140625,321.4147033691406,321.6153869628906,321.4149475097656,100.0,4.5006184577941895,49.69743728637695,137.1293182373047,305.22259521484375,305.3341064453125,305.216552734375,340.34124755859375,45.19681930541992,32.66868209838867,137.1293182373047,0.0,0.9459420442581177,0.9511514902114868,0.9463111162185669,89.82210540771484,89.79793548583984,89.73567199707031,62.548828125,62.54780197143555,62.54578399658203,51.78969955444336,51.76524353027344,51.64228820800781,98.96656799316406,98.68476104736328,98.72795867919922,1886.37158203125,1890.415283203125,1887.384765625,508.1365661621094,509.5692138671875,507.6063232421875,29.0,0.0,48.0,0.4858885407447815,0.6461740732192993,0.39915701746940613,0.6839872598648071,0.48504507541656494,0.646704375743866,41.0,78.36749267578125,62.01715087890625,225.39816284179688,95.3606948852539,9.999999974752427e-07,85.11592102050781,0.6345871686935425,155.33358764648438,0.986752986907959,721.2213745117188,39.929954528808594,31.427417755126953,1.0,9.47319221496582,77.90302276611328,0.0,0.9718579053878784,20.0,0.0,60.0,120.0,22.0,120.0,3.4133267402648926,0.0,0.0,964.3111572265625,18.089038848876953,89.1978530883789,2.0,200.0,0,0,228,228,228,228,220,228,228,228,156,0,99999,99999,10,402,1800,180,1800,998,20,964,87,23,0,0,0,806,1424,29,31,32,0,0,0,0,0,0,0,0,0,0,0,0,0,0,1,0,0,0,0,1,1,1,0,1,0,0,0,1,0,0,0,0,0,0,0,0,0,0,0,0,1,0,1,0,0,1,1,0,1,0,1,0,1,0,0,0,1,1,0,1,0,1,0,0,0,1,1,0,0,0,1,0,1,0,0,0,0,0,1,0,0,1,0,0,0,1,0,0,0,0,0,0,1,0,0,0,1,1,0,0,1,0,1,0,1,0,1,0,0,0,1,0,1,1,1,0,0,1,0,0,0,0,0,1,1,1,0,0,0,0,0,0,0,0,0,0,0,1,0,1,0,1,0,0,0,0,0,0,0,0,0,1,0,1,0,1,0,1,1,1,1,1,1,1,0,0,0,0,0,0,1,0,1,1,1,1,1,1,1,1,1,1,1,0,0,0,1,1,0,0,1,1,0,1,0,1,0,1,1,0,0,0,0,0,0,0,0,1,1,0,0,1,0,1,1,1,0,1,0,0,1,1,0,1,1,1,0,1,1,0,1,0,1,1,0,0,0,0,0,0,1,1,1,1,0,0,0,0,0,0,0,0,0,0,0,0,0,0,0,0,0,0,0,0,0,0,0,0,0,0,0,0,0,0,0,0,0,0,0,0,0,0,0,0,0,0,0,0,0,0,0,0,0,0,0,0,0,0,0,0,0,0,0,0,0,0,0,0,0,0,0,0,0,0,0,0,0,0,0,0,0,0,0,0,0,0,1,0,0,0,0,0,0,0,0,0,0,0,0,0,0,0,0,0,0,0,0,0,0,0,0,0,0,0,0,0,0,0,0,0,0,0,0,0,0,0,0,0,0,0,0,0,0,0,0,0,0,0,0,0,0,0,0,0,0,0,0,0,0,0,0,1,0,1,0,0,0,0,0,1,0,0,0,0,0,0,0,0,0,0,0,0,0,0,0,1,0,0,0,0,0,0,0,0,0,0,0,0,0,0,1,0,0,0,0,0,0,0,0,0,0,1,0,0,0,0,0,0,0,0,0,0,0,0,0,0,0,0,0,0,0,0,0,0,0,0,0,0,0,1,0,0,0,0,0,0,1,1,1,0,0,0,0,0,0,-1,0,0,0,0,0,0,0,0,-1,0,0,-1,0,0,0,0,0,0,0,0,0,0,0,0,0,0,0,0,0,0,1,0,0,0,0,0,0,0,0,0,0,0,0,0,0,0,0,1,1,0,-1,-1,-1,1,1,1,0,0,0,0,1,0,0,1,1,0,0,0,0,1,0,0,0,0,0,0,0,0,0,0,0,0,0,0,0,0,0,0,0,0,0,0,0,0,0,0,0,0,0,1,1,0,1,0,1,1,0,1,0,1,1,0,1,0,0,1,0,0,0,0,0,0,0,0,0,0,0,0,0,0,0,0,0,0,0,0,0,0,0,0,0,0
0,1,1,300,228,8,8,228,114,25,1,0,0.0020000000949949026,4000.0,1.0,0.04500000178813934,25.0,48.0,8.0,291.70001220703125,1.7000000476837158,-3.179999907843012e-07,0.007360000163316727,0.008080000057816505,8.0,0.33000001311302185,0.0333000011742115,1.0,9.999999747378752e-06,21.0,9.999999747378752e-06,2775000064.0,9.000000136438757e-05,4.999999980020986e-13,5.0,40.0,3.0,-3.3499999046325684,3.3499999046325684,0.5,0.0004799999878741801,292.3927001953125,492.6077880859375,-0.0036125299520790577,0.002354159951210022,0.0008944629807956517,0.013157900422811508,0.800646185874939,0.02024419978260994,2650129920.0,0.006539999973028898,228,228,228,228,228,228,228,228,228,228,228,228,228,228,228,228,228,228,228,228,228,228,228,228,220,220,220,220,228,228,228,228,228,228,228,228,228,228,228,228,228,228,228,228,228,228,228,228,228,228,228,228,0,1,4,4,228,228,228,220,228,228,228,228,3,0,0.0004018291365355253,289.6739501953125,617.3165893554688,689.3165893554688,765.047607421875,838.1135864257812,950.6659545898438,979.69091796875,990.461181640625,978.5965576171875,947.3092651367188,899.2349243164062,832.481689453125,759.37353515625,686.2893676757812,619.6080322265625,554.4661254882812,501.5821228027344,461.7843933105469,434.9544677734375,418.97955322265625,412.9136962890625,414.28326416015625,420.0115661621094,427.0218200683594,432.2373046875,0.012900752946734428,0.6663838028907776,0.7719220519065857,-0.00013592907635029405,0.7556266188621521,0.969068706035614,103396.78125,3.187303082086146e-05,0.3070380687713623,0.6772416830062866,0.870339035987854,0.870757520198822,0.022363558411598206,1.0,-1.6815581571897805e-44,-3.410102605819702,0.0,99.28486633300781,2664.57373046875,0.9437709450721741,677.6201782226562,228.0,72.0,40.51301574707031,0.4000000059604645,0.0,308.79833984375,280646.03125,-0.5224319696426392,6.357314109802246,130.28829956054688,1.2864435911178589,7750000.0,8160000.0,86.12000274658203,119.0999984741211,0.5,9.999999747378752e-05,0.0,3.299999952316284,200.0,0.30000001192092896,309.20001220703125,2.439019908706541e-06,0,0,0,1,1,1,0,24,0,305.1468505859375,0.0,0.0,0.0,0.0,0.0,0.0,0.48437684774398804,0.8676864504814148,0.5178641676902771,-0.01674365997314453,-0.005346728954464197,-0.005852598696947098,0.5167436599731445,0.5179566144943237,0.5182105302810669,1.0,25.0,24.0,6123556.5,6123756.0,6123857.5,288.92376708984375,288.95843505859375,288.93609619140625,321.287109375,321.48895263671875,321.286865234375,4400000.0,305.1054382324219,305.22369384765625,305.1114807128906,32.36334228515625,32.530517578125,32.35076904296875,321.10162353515625,4540.52294921875,4538.3330078125,4551.4921875,12.907861709594727,12.916621208190918,12.920199394226074,10.666412353515625,0.0,0.0,0.0020000000949949026,288.9394226074219,321.35430908203125,-45.06768798828125,1.6797655820846558,1.6836894750595093,1.6845241785049438,-18.718360900878906,39.0,40.0,42.0,41.0,0.0,0.0,6121577.5,6069761.5,72.57376861572266,5.0,0.014999999664723873,-180000.0,600.0,1000000.0,400000.0,0.17000000178813934,22000.0,786000.0,120000.0,0.0,40.0,30.0,36.810001373291016,0.5,18.399999618530273,50000.0,115692.3984375,15.113750457763672,0,0,1,0,0,0,0,13407844.0,0.0,0.0,0.0,0.0,0.0,-1984469.0,400000.0,1000000.0,1.0,1400000.0,0.0,0.45054346323013306,13415531.0,126869.6328125,13407844.0,340.3427734375,40.007659912109375,4.500689506530762,-1984469.0,0.0,0.0,0.0,3.2572929859161377,40.007659912109375,0.0,22230.939453125,1.2010046243667603,0.0,0.0,0.0,20.0,14.711517333984375,22.0,0.0,0.0,0.0,0.05000000074505806,0.02500000037252903,0.17000000178813934,15400000.0,0.5,6.25,0.0006667000125162303,2.0,2410000.0,4140000.0,4.734799861907959,0.15000000596046448,0.20000000298023224,0.2199999988079071,1.0,0.0,-1.0,0.0,5.0,20.0,30.0,50.0,74.0,80.0,86.0,9.800000190734863,500000.0,1.0499999802959792e-07,0.5,750.0,1000.0,600.0,1000.0,1150.0,32.0,32.0,37.400001525878906,10.0,10.0,0.007000000216066837,0.5049999952316284,82.0,189.26499938964844,0.0,1.5099999904632568,231.60000610351562,20.0,36.0,16.600000381469727,16.5,225.0,-0.1756729930639267,27.5,-0.1756729930639267,30.485509872436523,0.1561516970396042,11.10221004486084,-1.8332500457763672,-75.0,4.3520002365112305,9.800000190734863,189.26499938964844,93.30000305175781,2650000.0,0.8500000238418579,7.570000171661377,0,1,0,0,0,0,0,0,0,0,0,1,3,3,0,0,1,0,0,0,0,0,0,1,0,0,0,0,1,0,0,0,0,0,0,0,0,0,0,1,0,0,0,0,0,0,0,0,0,0,12.052794456481934,29052.697265625,2153.699951171875,0.0004148640437051654,0.0004361289902590215,0.0006248649442568421,1.0,1.0,0.0,0.0,0.0,0.6079489588737488,0.5985548496246338,1.0,0.0,0.0,0.0,1.0,0.0,0.0,1.0,1.0,0.0,1.0,1.0,0.0,0.0,1.0,0.0,0.6231353282928467,0.6286707520484924,0.0004148640437051654,0.0,0.0,0.0,99998.78125,99999.0,2748026.75,2410000.0,36.20000076293945,36.20000076293945,36.20000076293945,32.509246826171875,251.0612335205078,123.8812484741211,44.89476776123047,26.448009490966797,36.504669189453125,27.0,28.18009376525879,27.0,0.0,32.0,20.0,68.57752227783203,3446668.0,0.5432155728340149,3.7799999713897705,4.98048734664917,8.919784545898438,0.0,0.0,0.0,1.401298464324817e-45,5.225488662719727,5.225488662719727,0.5049998760223389,0.5049998760223389,0.5049998760223389,0.18937495350837708,0.18937495350837708,0.18937495350837708,0.0,0.0,0.0,0.0,0.0,0.0,5.294999599456787,0.0,0.0,0.0,0.0,0.0,0.0,100.0,73.996337890625,0.4952773451805115,0.0,20.0,0.0,5.225488662719727,5.920567035675049,0.0,0.0,0.0,0.007000000216066837,0.0,0.0,10.272093772888184,0.0,1.7325637340545654,1.401298464324817e-45,5.927361965179443,0.0,0.0,0.0,0.0,0.0,0.0,20.0,0.0,0.0,13106920.0,0.0,0.0,0.0,0.0,0.0,0.0,0.0,0.351500004529953,18.93000030517578,23.030000686645508,7.69199959904654e-06,0.08500000089406967,0.009999999776482582,24.0,27.0,8.800000190734863,500000.0,0.05000000074505806,2.7000000013543968e-09,2.7000000013543968e-09,145100.0,120000.0,14650000.0,86400.0,17.0,34.5,48.70000076293945,321.8999938964844,83170.0,0.0,1.0,1.0,0.0010000000474974513,725.0,0.0,0.5,0.0,0.0,57.31999969482422,837142.875,9359.77734375,117376.1015625,2623.89794921875,83026.390625,725.0,1.0204100362898316e-05,740000000.0,1,0,1,0,1,0,1,0,0,0,0,8.799991607666016,27.0,3595.995849609375,0.0,0.0,0.0,0.0,1.4445369243621826,0.0004016922030132264,0.0,0.027660397812724113,39.0610466003418,1.0,25817.34375,6880.98486328125,3.5922465031035244e-05,2462825984.0,4077733632.0,2712045056.0,4106531584.0,-71.64360046386719,42.7110595703125,-211479504.0,-28797952.0,5.927361965179443,1517.391845703125,77.57096099853516,1474.6807861328125,106381.3984375,4052.958251953125,146244.390625,164056.390625,123817.34375,45.600101470947266,39.0610466003418,39.0610466003418,1.0,3.5922465031035244e-05,6880.98486328125,945221140480.0,0.20036371052265167,137600.0,137600.0,93518272.0,72.63068389892578,6429.9931640625,1.0,0.0,1700.0,250000.0,10000.0,1038.0,0.004999999888241291,400.0,5000.0,0,0,0,0,2959565.25,64.12397766113281,64.12397766113281,1217210.75,2784706.0,1.0,1.0,1207666.75,226.9473419189453,6071743.5,1.0,0.9864794015884399,1.0,1.0,1023.7967529296875,275.52044677734375,188.51889038085938,122.28741455078125,5973183.5,804281.875,188.51889038085938,1.0,1.0,1.0,132.108642578125,1522.58935546875,783.8076782226562,0.0,0.0,0.0,7680000.0,504.5939636230469,506.5591125488281,507.5671081542969,0.0,2784706.0,0.0,128.24795532226562,0.0,0.0,276.26898193359375,1.0,0.0,-7.5742998123168945,0.0,5.605193857299268e-45,9.999999974752427e-07,0.0,2.0,0.0003000000142492354,0.004999999888241291,0.0010000000474974513,2.0000000233721948e-07,2.0000000233721948e-07,0.0005555999814532697,993000000.0,1.0,0.05000000074505806,0.10000000149011612,0.0005000000237487257,0.0016700000269338489,0.009999999776482582,1.0,1.0,0.0010000000474974513,4.999999873689376e-05,0.00039999998989515007,0.019999999552965164,0.9891999959945679,0.9891999959945679,0.9950000047683716,0.9950000047683716,1,0,0,0,0,1,0,0,1,0,1,0,0,0,0.9704425930976868,963649472.0,61481.4375,4733852.0,1129.6207275390625,2546215.25,1400.250732421875,1.0,2332196.5,0.9764861464500427,1.0,60.0,180.0,1800.0,1800.0,1.0047005414962769,0.019808992743492126,1.0,1.0,-0.012236599810421467,0.0,0.0,0.0,0.0,-0.00022161006927490234,6.602997746085748e-05,0.0,0.0,6.602997746085748e-05,0.0,6.602997746085748e-05,6.602997746085748e-05,0.0,7.006492321624085e-44,1,1,0,1,1,1,0,1,1,0,1,0,1,1,1,1,1,1,1,1,0,1000,1000,0,1,5001,5001,220.0,3411.327880859375,120.0,120.0,60.0,0.0,0.4000000059604645,0.10000000149011612,0.10000000149011612,2.0,500.0,200.0,0.9900000095367432,300000.0,5000.0,45000.0,20000.0,0.019999999552965164,2.0,0.05000000074505806,0.019999999552965164,6.0,0.05000000074505806,0.019999999552965164,0.019999999552965164,88.30000305175781,0.10000000149011612,0.800000011920929,0.05000000074505806,0.009999999776482582,50.0,50.0,340.0,340.0,1000000.0,1,1,1,1,1,1,1,1,1,1,0,0,0,1,1,0,1.0,0.0,0.0,0.0,0.00017709375242702663,0.0,0.0,0.0,0.9180437922477722,0.9180437922477722,0.9180437922477722,5000.39892578125,3908450.5,3913451.0,50.0,27.615625381469727,0.4000000059604645,0.0,0.0,0.10000000149011612,0.1581183224916458,1.0,45000.0,20.0,29.208232879638672,779033.8125,33.282020568847656,4588.88720703125,721.2213745117188,0.7790338397026062,0.9179540872573853,9.473153114318848,1.0,3220872.0,3304317.0,9.718579292297363,20.0,0.27538788318634033,27.538787841796875,0.0,636.4223022460938,411.530517578125,100000.0,50000.0,1115.300048828125,50000.0,700.0,2000.0,2800000.0,3500000.0,4000000.0,9.999999747378752e-05,4.999999873689376e-05,500.0,20000.0,100.0,500.0,60000.0,1200.0,1.0,120.0,150000.0,3000.0,300.0,1.0,300.0,0.019999999552965164,0.019999999552965164,0.009999999776482582,0.009999999776482582,0.009999999776482582,0.019999999552965164,1.100000023841858,0.019999999552965164,4.0,0.019999999552965164,88.0,1613.0,0.009999999776482582,0.20000000298023224,3.0,5.0,600.0,0.0010000000474974513,88.0,88.0,2000.0,2340.0,-0.11599799990653992,-0.03561130166053772,-0.04758000001311302,-0.01752999983727932,0,0,0,0,0,1,0,516.6241455078125,516.6241455078125,2.0748291015625,2.0748291015625,0.01666143164038658,31.42738914489746,164.20750427246094,1584.906982421875,1038.939453125,789.28369140625,789.28369140625,3.1697998046875,3.1697998046875,1586.9720458984375,536.2217407226562,0.0,0.0,2663608.75,20.00048065185547,20.00048065185547,156.13209533691406,156.13209533691406,65709.6328125,65709.6328125,1.0951606035232544,1.0951606035232544,113.47367095947266,113.47367095947266,24.998971939086914,24.998971939086914,104598.2109375,104598.2109375,25.008697509765625,155.3292999267578,158.3516845703125,2645458.25,20.00048065185547,20.00048065185547,225.98870849609375,225.98870849609375,155.8232421875,155.8232421875,651980.0625,651980.0625,0.0,114.1927261352539,114.1927261352539,228.40211486816406,160137.453125,160137.453125,1.0675829648971558,1.0675829648971558,225.3767852783203,155.8232421875,270.5721740722656,135.2860870361328,135.2860870361328,202.7489013671875,202.7489013671875,405.497802734375,0.0,0.0,0.0,135.2570343017578,135.2570343017578,202.7489013671875,202.7489013671875,0.026315800845623016,13.02562427520752,0.20000000298023224,0.8070464730262756,0.8536809086799622,0.8063819408416748,0.48437684774398804,0.3985201120376587,0.48523253202438354,0.9599996209144592,1.0,1.0,1.0,0.9999998211860657,0.9999998211860657,0.9999998211860657,190836.890625,193242.0625,0.0,0.0,0.0,0.0,0.0,0.0,0.0,296.3810119628906,297.7510070800781,0.0,190807.375,190807.375,0.0,0.0,0.0,0.0,0.8517759442329407,0.8517759442329407,0.8517759442329407,0.8661139607429504,1180136.5,0.9959999918937683,0.9959999918937683,0.9959999918937683,0.9959999918937683,5570368.5,2765753.75,7306031.0,8335717.0,2606300.0,4016545.0,0.003908450249582529,0.007826901972293854,1037.39794921875,523.8036499023438,524.6873779296875,523.5269775390625,327.3395080566406,357.7026062011719,326.84881591796875,196.46414184570312,166.98477172851562,196.67816162109375,1584.923583984375,1037.40966796875,347.57586669921875,347.57586669921875,347.57586669921875,495.5003967285156,495.5003967285156,495.5003967285156,2.99998140335083,0.7897445559501648,0.8611682057380676,2.9999799728393555,5.0,0.0040000081062316895,0.0040000081062316895,0.0040000081062316895,0.0040000081062316895,0.0,-0.4368000030517578,0.0,599996.25,164.20750427246094,164.20750427246094,0.0,20.0,2784370.5,7.25,12.0,10.25,224.62649536132812,224.62649536132812,224.62649536132812,0.0,0.0,0.7926306128501892,0.9211652278900146,10000.0,10000.0,0.011826000176370144,1038.5,0.027953999117016792,0.0,0.0,1.0878000259399414,1.0809999704360962,9.000000136438757e-05,103.0,33.220001220703125,1.8179999589920044,0.029999999329447746,49.0,8.329999923706055,4.159999847412109,58.0,302.0,4.5,0.699999988079071,0.4000000059604645,7.5,1.3799999952316284,2.492000102996826,7000.0,48.88999938964844,1.2000000476837158,45.0,62000.0,4590000.0,4250000.0,15900000.0,15100000.0,0.05000000074505806,0.17000000178813934,0.009999999776482582,15220000.0,1.6699999570846558,312.7799987792969,1.1100000143051147,4232.0,0.25,689000.0,4030000.0,9.829999923706055,8.550000190734863,12200000.0,231.10000610351562,88.3239974975586,633.0,1.1430000066757202,0.6858000159263611,-10.0,-3.7799999713897705,0.7799999713897705,295.5,4030000.0,12400000.0,0.9200000166893005,5.0,0,0,0,228,155,0,0,0,0,0,0,0,0,1,1,0,0,1,1,1,0,1,1,0,1,0,0,1,1,1,0,0,0,0,0,0,0,0,0,0,0,0,1,0,0.870339035987854,6123556.5,1.0877995491027832,0.9470676779747009,0.9971483945846558,305.1746826171875,32.42272186279297,-0.002110162517055869,1,1,1,0,0,0,1,1,0,0,0,0,0,377,0.20000000298023224,0.20000000298023224,0.20000000298023224,0.0,2,0,0,0,0,0,0,0,0,0,0,0,0,0,0,0,0,0,0,0,0,0,0,0,0,0,0,0,0,0,0,0,0,0,0,0,0,0,0,0,0,0,0,0,0,0,0,0,0,0,0,1,0,0,0,0,0,0,0,0,0,0,0,0,0,0,0,0,0,0,0,0,0,0,0,0,0,0,0,0,0,0,0,0,0,0,0,0,0,0,0,0,0,0,0,0,0,0,0,0,0,0,0,0,0,0,0,0,0,0,0,0,0,0,0,0,0,0,0,0,0,0,0,0,0,0,0,0,0,0,0,0,0,0,0,0,0,0,0,0,0,0,0,1,0,0,0,0,0,0,0,0,0,0,0,-1,0,0,0,0,0,0,1,1,0,0,87.03390502929688,-3.410102605819702,0.0,-0.5224319696426392,-1.6815581571897805e-44,308.79833984375,305.1746826171875,677.6201782226562,-0.00013592907635029405,99.28486633300781,2664.57373046875,1.0877995491027832,0.9971483945846558,-1.0,3.6236572265625,6.827850029367255e-06,0.027660397812724113,100.0,27.0,0.0,7.799991607666016,3.8376505374908447,1.0,1.0,39.0610466003418,0.2634427547454834,20.0,3.5922465031035244e-05,0.0,73.996337890625,1.7325637340545654,1.8179994821548462,0.00036938843550160527,0.6817498207092285,0.5432155728340149,28.041141510009766,8.919784545898438,18.811758041381836,17.92975425720215,0.6079489588737488,44.89476776123047,44.898040771484375,251.0612335205078,123.8812484741211,0.9560793042182922,321.1336364746094,40.007659912109375,0.29459047317504883,288.9598388671875,288.98223876953125,288.9473876953125,321.3188171386719,321.5207214355469,321.3190612792969,100.0,4.473388195037842,49.527732849121094,136.89341735839844,305.13934326171875,305.25146484375,305.13323974609375,340.34246826171875,45.05434799194336,32.59685134887695,136.89341735839844,0.0,0.9452057480812073,0.9504490494728088,0.945576548576355,89.84085083007812,89.81613159179688,89.7548828125,62.48845672607422,62.48741912841797,62.48538589477539,51.82105255126953,51.79566192626953,51.67436599731445,98.95396423339844,98.66870880126953,98.71546173095703,1884.697021484375,1888.87451171875,1885.693115234375,507.7088928222656,509.13165283203125,507.1667175292969,29.0,0.0,48.0,0.48523253202438354,0.6451055407524109,0.3985201120376587,0.6829447150230408,0.48437684774398804,0.6456372141838074,41.0,78.36749267578125,61.95668029785156,225.3767852783203,95.28092956542969,9.999999974752427e-07,85.0584945678711,0.6347159743309021,155.3292999267578,0.9864794015884399,721.2213745117188,39.93324661254883,31.42738914489746,1.0,9.473153114318848,77.90338134765625,0.0,0.9718579053878784,20.0,0.0,60.0,120.0,22.0,120.0,3.411328077316284,0.0,0.0,963.6494750976562,18.089078903198242,89.19784545898438,2.0,200.0,0,0,228,228,228,228,220,228,228,228,155,0,99999,99999,10,402,1800,180,1800,998,20,963,87,23,0,0,0,806,1424,29,31,32,0,0,0,0,0,0,0,0,0,0,0,0,0,0,1,0,0,0,0,1,1,1,0,1,0,0,0,1,0,0,0,0,0,0,0,0,0,0,0,0,1,0,1,0,0,1,1,0,1,0,1,0,1,0,0,0,1,1,0,1,0,1,0,0,0,1,1,0,0,0,1,0,1,0,0,0,0,1,1,0,0,1,0,0,0,1,0,0,0,0,0,0,1,0,0,0,1,1,0,0,1,0,1,0,1,0,1,0,0,0,1,0,1,1,1,0,0,1,0,0,0,0,0,1,1,1,0,0,0,0,0,0,0,0,0,0,0,1,0,1,0,1,0,0,0,0,0,0,0,0,0,1,0,1,0,1,0,1,1,1,1,1,1,1,0,0,0,0,0,0,1,0,1,1,1,1,1,1,1,1,1,1,1,1,0,0,1,1,0,0,1,1,0,1,0,1,0,1,1,0,0,0,0,0,0,0,0,1,1,0,0,1,0,1,1,1,0,1,0,0,1,1,0,1,1,1,0,1,1,0,1,0,1,1,0,0,0,0,0,0,1,1,1,1,0,0,0,0,0,0,0,0,1,0,0,0,0,0,0,0,0,0,0,0,0,0,0,0,0,0,0,0,0,0,0,0,0,0,0,0,0,0,0,0,0,0,0,0,0,0,0,0,0,0,0,0,0,0,0,0,0,0,0,0,0,0,0,1,0,0,0,1,1,0,0,0,0,0,0,0,0,0,0,0,0,0,0,0,0,0,0,0,0,0,0,0,0,0,0,0,0,0,0,0,0,0,0,0,0,0,0,0,0,0,0,0,0,0,0,0,0,0,0,0,0,0,0,0,0,0,0,0,0,0,0,0,0,0,0,0,0,0,0,0,0,0,0,0,0,0,0,1,0,1,0,0,0,0,0,1,0,0,0,0,0,0,0,0,0,0,0,0,0,0,0,1,0,0,0,0,0,0,0,0,0,0,0,0,0,0,1,0,0,0,0,0,0,0,0,0,0,1,0,0,0,0,0,0,0,0,0,0,0,0,0,0,0,0,0,0,0,0,0,0,0,0,0,0,0,1,0,0,0,0,0,0,1,1,1,0,0,0,0,0,0,-1,0,0,0,0,0,0,0,0,-1,0,0,-1,0,0,0,0,0,0,0,0,0,0,0,0,0,0,0,0,0,0,1,0,0,0,0,0,0,0,0,0,0,0,0,0,0,0,0,1,1,0,-1,-1,-1,1,1,1,0,0,0,0,1,0,0,1,1,0,0,0,0,1,0,0,0,0,0,0,0,0,0,0,0,0,0,0,0,0,0,0,0,0,0,0,0,0,0,0,0,0,0,1,1,0,1,0,1,1,0,1,0,1,1,0,1,0,0,1,0,0,0,0,0,0,0,0,0,0,0,0,0,0,0,0,0,0,0,0,0,0,0,0,0,0
0,1,1,300,228,8,8,228,114,25,1,0,0.0020000000949949026,4000.0,1.0,0.04500000178813934,25.0,48.0,8.0,291.70001220703125,1.7000000476837158,-3.179999907843012e-07,0.007360000163316727,0.008080000057816505,8.0,0.33000001311302185,0.0333000011742115,1.0,9.999999747378752e-06,21.0,9.999999747378752e-06,2775000064.0,9.000000136438757e-05,4.999999980020986e-13,5.0,40.0,3.0,-3.3499999046325684,3.3499999046325684,0.5,0.0004799999878741801,292.3927001953125,492.6077880859375,-0.0036125299520790577,0.002354159951210022,0.0008944629807956517,0.013157900422811508,0.800646185874939,0.02024419978260994,2650129920.0,0.006539999973028898,228,228,228,228,228,228,228,228,228,228,228,228,228,228,228,228,228,228,228,228,228,228,228,228,220,220,220,220,228,228,228,228,228,228,228,228,228,228,228,228,228,228,228,228,228,228,228,228,228,228,228,228,0,1,4,4,228,228,228,220,228,228,228,228,3,0,0.0004018291365355253,289.60455322265625,616.7061157226562,688.5150756835938,764.0446166992188,836.9165649414062,949.17529296875,978.132568359375,988.893310546875,977.0780029296875,945.8865356445312,897.9432983398438,831.3614501953125,758.4315185546875,685.5184936523438,618.9872436523438,553.9810791015625,501.2020263671875,461.48065185546875,434.70263671875,418.76202392578125,412.7154541015625,414.09307861328125,419.82281494140625,426.8326110839844,432.05035400390625,0.013156697154045105,0.6654324531555176,0.7719204425811768,-0.0001355746207991615,0.755631148815155,0.968602180480957,103248.9296875,3.182558066328056e-05,0.3066444993019104,0.6762554049491882,0.8690853714942932,0.8695024847984314,0.0223638117313385,1.0,-1.6815581571897805e-44,-3.410729169845581,0.0,99.2846450805664,2664.59326171875,0.9437766075134277,676.8238525390625,228.0,72.0,41.3794059753418,0.0,0.0,308.78643798828125,280646.59375,-0.5223631858825684,6.355443954467773,130.28829956054688,1.2870248556137085,7750000.0,8160000.0,86.12000274658203,119.0999984741211,0.5,9.999999747378752e-05,0.0,3.299999952316284,200.0,0.30000001192092896,309.20001220703125,2.439019908706541e-06,0,0,0,1,1,1,0,24,0,305.0634765625,0.0,0.0,0.0,0.0,0.0,0.0,0.4837108254432678,0.8675022125244141,0.5178369879722595,-0.01706308126449585,-0.005514601245522499,-0.006032369565218687,0.5170630812644958,0.5182595252990723,0.5185222029685974,1.0,25.0,24.0,6117608.5,6117807.5,6117910.0,288.852294921875,288.88714599609375,288.864990234375,321.1913146972656,321.3941955566406,321.1909484863281,4400000.0,305.02178955078125,305.14068603515625,305.0279541015625,32.339019775390625,32.507049560546875,32.325958251953125,321.0051574707031,4539.91845703125,4537.623046875,4550.8779296875,12.910606384277344,12.919222831726074,12.922874450683594,10.62921142578125,0.0,0.0,0.0020000000949949026,288.8681335449219,321.2588195800781,-45.0477409362793,1.680801272392273,1.6846727132797241,1.6855355501174927,-18.773008346557617,39.0,40.0,42.0,41.0,0.0,0.0,6115618.5,6063793.5,72.43359375,5.0,0.014999999664723873,-180000.0,600.0,1000000.0,400000.0,0.17000000178813934,22000.0,786000.0,120000.0,0.0,40.0,30.0,36.810001373291016,0.5,18.399999618530273,50000.0,115692.3984375,15.113750457763672,0,0,1,0,0,0,0,13384847.0,0.0,0.0,0.0,0.0,0.0,-2007503.0,400000.0,1000000.0,1.0,1400000.0,0.0,0.4491191804409027,13392497.0,126869.6328125,13384847.0,340.3438720703125,40.007659912109375,4.48644495010376,-2007503.0,0.0,0.0,0.0,3.2501113414764404,40.007659912109375,0.0,22230.939453125,1.2010046243667603,0.0,0.0,0.0,20.0,14.711517333984375,22.0,0.0,0.0,0.0,0.05000000074505806,0.02500000037252903,0.17000000178813934,15400000.0,0.5,6.25,0.0006667000125162303,2.0,2410000.0,4140000.0,4.734799861907959,0.15000000596046448,0.20000000298023224,0.2199999988079071,1.0,0.0,-1.0,0.0,5.0,20.0,30.0,50.0,74.0,80.0,86.0,9.800000190734863,500000.0,1.0499999802959792e-07,0.5,750.0,1000.0,600.0,1000.0,1150.0,32.0,32.0,37.400001525878906,10.0,10.0,0.007000000216066837,0.5049999952316284,82.0,189.26499938964844,0.0,1.5099999904632568,231.60000610351562,20.0,36.0,16.600000381469727,16.5,225.0,-0.1756729930639267,27.5,-0.1756729930639267,30.485509872436523,0.1561516970396042,11.10221004486084,-1.8332500457763672,-75.0,4.3520002365112305,9.800000190734863,189.26499938964844,93.30000305175781,2650000.0,0.8500000238418579,7.570000171661377,0,1,0,0,0,0,0,0,0,0,0,1,3,3,0,0,1,0,0,0,0,0,0,1,0,0,0,0,1,0,0,0,0,0,0,0,0,0,0,1,0,0,0,0,0,0,0,0,0,0,12.05257797241211,29052.2734375,2153.699951171875,0.00041486264672130346,0.0004361289902590215,0.0006248649442568421,1.0,1.0,0.0,0.0,0.0,0.6089594960212708,0.59962397813797,1.0,0.0,0.0,0.0,1.0,0.0,0.0,1.0,1.0,0.0,1.0,1.0,0.0,0.0,1.0,0.0,0.6226793527603149,0.6282536387443542,0.00041486264672130346,0.0,0.0,0.0,99998.78125,99999.0,2746016.0,2410000.0,36.20000076293945,36.20000076293945,36.20000076293945,32.511444091796875,250.655029296875,123.57949829101562,44.79631805419922,26.452526092529297,36.470245361328125,27.0,28.170425415039062,27.0,0.0,32.0,20.0,68.57752227783203,3446668.0,0.5432155728340149,3.7799999713897705,4.9906158447265625,8.919784545898438,0.0,0.0,0.0,1.401298464324817e-45,5.220317840576172,5.220317840576172,0.5049998760223389,0.5049998760223389,0.5049998760223389,0.18937495350837708,0.18937495350837708,0.18937495350837708,0.0,0.0,0.0,0.0,0.0,0.0,5.294999599456787,0.0,0.0,0.0,0.0,0.0,0.0,100.0,73.99260711669922,0.4935740828514099,0.0,20.0,0.0,5.220317840576172,5.930745601654053,0.0,0.0,0.0,0.007000000216066837,0.0,0.0,10.282247543334961,0.0,1.7325267791748047,1.401298464324817e-45,5.937490463256836,0.0,0.0,0.0,0.0,0.0,0.0,20.0,0.0,0.0,13084021.0,0.0,0.0,0.0,0.0,0.0,0.0,0.0,0.351500004529953,18.93000030517578,23.030000686645508,7.69199959904654e-06,0.08500000089406967,0.009999999776482582,24.0,27.0,8.800000190734863,500000.0,0.05000000074505806,2.7000000013543968e-09,2.7000000013543968e-09,145100.0,120000.0,14650000.0,86400.0,17.0,34.5,48.70000076293945,321.8999938964844,83170.0,0.0,1.0,1.0,0.0010000000474974513,725.0,0.0,0.5,0.0,0.0,57.31999969482422,837142.875,9359.77734375,117376.1015625,2623.89794921875,83026.390625,725.0,1.0204100362898316e-05,740000000.0,1,0,1,0,1,0,1,0,0,0,0,8.799991607666016,27.0,3639.5458984375,0.0,0.0,0.0,0.0,1.4620366096496582,0.00040169444400817156,0.0,0.027995385229587555,39.10370635986328,1.0,25830.234375,6960.34423828125,3.635763277998194e-05,2459440896.0,4073393152.0,2708908800.0,4103134720.0,-71.48372650146484,42.5924072265625,-211786432.0,-29741152.0,5.937490463256836,1516.033447265625,77.42121887207031,1473.4410400390625,106381.3984375,4061.717041015625,146279.171875,164235.5625,123830.234375,46.200103759765625,39.10370635986328,39.10370635986328,1.0,3.635763277998194e-05,6960.34423828125,946246385664.0,0.200418159365654,137600.0,137600.0,93312520.0,72.4901123046875,6442.783203125,1.0,0.0,1700.0,250000.0,10000.0,1038.0,0.004999999888241291,400.0,5000.0,0,0,0,0,2959471.0,64.10596466064453,64.10596466064453,1216909.0,2784743.5,1.0,1.0,1206935.625,226.8999481201172,6065785.5,1.0,0.9862003922462463,1.0,1.0,1023.3907470703125,275.4590148925781,188.490966796875,122.13275146484375,5967378.0,804154.375,188.490966796875,1.0,1.0,1.0,131.98263549804688,1521.304931640625,783.4502563476562,0.0,0.0,0.0,7680000.0,504.1574401855469,506.1244201660156,507.126220703125,0.0,2784743.5,0.0,128.21192932128906,0.0,0.0,276.20452880859375,1.0,0.0,-7.5742998123168945,0.0,5.605193857299268e-45,9.999999974752427e-07,0.0,2.0,0.0003000000142492354,0.004999999888241291,0.0010000000474974513,2.0000000233721948e-07,2.0000000233721948e-07,0.0005555999814532697,993000000.0,1.0,0.05000000074505806,0.10000000149011612,0.0005000000237487257,0.0016700000269338489,0.009999999776482582,1.0,1.0,0.0010000000474974513,4.999999873689376e-05,0.00039999998989515007,0.019999999552965164,0.9891999959945679,0.9891999959945679,0.9950000047683716,0.9950000047683716,1,0,0,0,0,1,0,0,1,0,1,0,0,0,0.9697699546813965,962981568.0,61433.640625,4730629.0,1128.664794921875,2546221.0,1399.1204833984375,1.0,2332289.75,0.9766842722892761,1.0,60.0,180.0,1800.0,1800.0,1.0047005414962769,0.019808992743492126,1.0,1.0,-0.012236599810421467,0.0,0.0,0.0,0.0,-0.0002269148826599121,6.602997746085748e-05,0.0,0.0,6.602997746085748e-05,0.0,6.602997746085748e-05,6.602997746085748e-05,0.0,7.006492321624085e-44,1,1,0,1,1,1,0,1,1,0,1,0,1,1,1,1,1,1,1,1,0,1000,1000,0,1,5001,5001,220.0,3409.309814453125,120.0,120.0,60.0,0.0,0.4000000059604645,0.10000000149011612,0.10000000149011612,2.0,500.0,200.0,0.9900000095367432,300000.0,5000.0,45000.0,20000.0,0.019999999552965164,2.0,0.05000000074505806,0.019999999552965164,6.0,0.05000000074505806,0.019999999552965164,0.019999999552965164,88.30000305175781,0.10000000149011612,0.800000011920929,0.05000000074505806,0.009999999776482582,50.0,50.0,340.0,340.0,1000000.0,1,1,1,1,1,1,1,1,1,1,0,0,0,1,1,0,1.0,0.0,0.0,0.0,0.0001644375006435439,0.0,0.0,0.0,0.918037474155426,0.918037474155426,0.918037474155426,5000.3984375,3908783.5,3913784.0,50.0,27.615585327148438,0.4000000059604645,0.0,0.0,0.10000000149011612,0.15796315670013428,1.0,45000.0,20.0,29.204729080200195,779037.375,33.276920318603516,4588.88134765625,721.2213745117188,0.779037356376648,0.9179412126541138,9.473113059997559,1.0,3220858.5,3304317.0,9.718579292297363,20.0,0.27543333172798157,27.543333053588867,0.0,636.4223022460938,411.5386657714844,100000.0,50000.0,1115.300048828125,50000.0,700.0,2000.0,2800000.0,3500000.0,4000000.0,9.999999747378752e-05,4.999999873689376e-05,500.0,20000.0,100.0,500.0,60000.0,1200.0,1.0,120.0,150000.0,3000.0,300.0,1.0,300.0,0.019999999552965164,0.019999999552965164,0.009999999776482582,0.009999999776482582,0.009999999776482582,0.019999999552965164,1.100000023841858,0.019999999552965164,4.0,0.019999999552965164,88.0,1613.0,0.009999999776482582,0.20000000298023224,3.0,5.0,600.0,0.0010000000474974513,88.0,88.0,2000.0,2340.0,-0.11599799990653992,-0.03561130166053772,-0.04758000001311302,-0.01752999983727932,0,0,0,0,0,1,0,516.36376953125,516.36376953125,2.07373046875,2.07373046875,0.01664998009800911,31.42736053466797,164.20718383789062,1584.0936279296875,1038.471435546875,788.8786010742188,788.8786010742188,3.168212890625,3.168212890625,1586.2608642578125,536.003662109375,0.0,0.0,2663523.75,20.00048065185547,20.00048065185547,156.1275177001953,156.1275177001953,65709.1953125,65709.1953125,1.0951532125473022,1.0951532125473022,113.4499740600586,113.4499740600586,24.9990177154541,24.9990177154541,104598.3984375,104598.3984375,25.00874137878418,155.32498168945312,158.3488311767578,2645494.25,20.00048065185547,20.00048065185547,225.9634246826172,225.9634246826172,155.82064819335938,155.82064819335938,651969.25,651969.25,0.0,114.18385314941406,114.18385314941406,228.3843536376953,160135.4375,160135.4375,1.067569613456726,1.067569613456726,225.35499572753906,155.82064819335938,270.39703369140625,135.19851684570312,135.19851684570312,202.70884704589844,202.70884704589844,405.4176940917969,0.0,0.0,0.0,135.16905212402344,135.16905212402344,202.70884704589844,202.70884704589844,0.026315800845623016,13.024133682250977,0.20000000298023224,0.8057133555412292,0.8523781299591064,0.8050487041473389,0.4837108254432678,0.3978852331638336,0.4845796823501587,0.9599996209144592,1.0,1.0,1.0,0.9999998211860657,0.9999998211860657,0.9999998211860657,190836.515625,193242.0625,0.0,0.0,0.0,0.0,0.0,0.0,0.0,296.3810119628906,297.7510070800781,0.0,190809.109375,190809.109375,0.0,0.0,0.0,0.0,0.8510971069335938,0.8510971069335938,0.8510971069335938,0.8662217855453491,1179605.0,0.9959999918937683,0.9959999918937683,0.9959999918937683,0.9959999918937683,5563414.5,2766994.5,7302725.0,8329991.0,2606300.0,4017101.75,0.003908783197402954,0.007827567867934704,1036.875,523.3179321289062,524.2437744140625,523.0489501953125,327.0019836425781,357.4078674316406,326.5125732421875,196.31594848632812,166.83590698242188,196.536376953125,1584.1102294921875,1036.88671875,347.4564514160156,347.4564514160156,347.4564514160156,494.5596923828125,494.5596923828125,494.5596923828125,2.9999849796295166,0.7876429557800293,0.8611577749252319,2.999983787536621,5.0,0.0040000081062316895,0.0040000081062316895,0.0040000081062316895,0.0040000081062316895,0.0,-0.4368000030517578,0.0,599997.0,164.20718383789062,164.20718383789062,0.0,20.0,2784409.5,7.25,12.0,10.25,224.60960388183594,224.60960388183594,224.60960388183594,0.0,0.0,0.7926306128501892,0.9211652278900146,10000.0,10000.0,0.011826000176370144,1038.5,0.027953999117016792,0.0,0.0,1.0878000259399414,1.0809999704360962,9.000000136438757e-05,103.0,33.220001220703125,1.8179999589920044,0.029999999329447746,49.0,8.329999923706055,4.159999847412109,58.0,302.0,4.5,0.699999988079071,0.4000000059604645,7.5,1.3799999952316284,2.492000102996826,7000.0,48.88999938964844,1.2000000476837158,45.0,62000.0,4590000.0,4250000.0,15900000.0,15100000.0,0.05000000074505806,0.17000000178813934,0.009999999776482582,15220000.0,1.6699999570846558,312.7799987792969,1.1100000143051147,4232.0,0.25,689000.0,4030000.0,9.829999923706055,8.550000190734863,12200000.0,231.10000610351562,88.3239974975586,633.0,1.1430000066757202,0.6858000159263611,-10.0,-3.7799999713897705,0.7799999713897705,295.5,4030000.0,12400000.0,0.9200000166893005,5.0,1,0,0,228,155,0,0,0,0,0,0,0,0,1,1,0,0,1,1,1,0,1,1,0,1,0,0,1,1,1,0,0,0,0,0,0,0,0,0,8,0,0,1,0,0.8690853714942932,6117608.5,1.0877995491027832,0.9463554620742798,0.9970988035202026,305.09130859375,32.398338317871094,-0.0020998476538807154,1,1,1,0,0,0,1,1,0,0,0,0,0,380,0.20000000298023224,0.20000000298023224,0.20000000298023224,0.0,2,0,0,0,0,0,0,0,0,0,0,0,0,0,0,0,0,0,0,0,0,0,0,0,0,0,0,0,0,0,0,0,0,0,0,0,0,0,0,0,0,0,0,0,0,0,0,0,0,0,0,1,0,0,0,0,0,0,0,0,0,0,0,0,0,0,0,0,0,0,0,0,0,0,0,0,0,0,0,0,0,0,0,0,0,0,0,0,0,0,0,0,0,0,0,0,0,0,0,0,0,0,0,0,0,0,0,0,0,0,0,0,0,0,0,0,0,0,0,0,0,0,0,0,0,0,0,0,0,0,0,0,0,0,0,0,0,0,0,0,0,0,0,1,0,0,0,0,0,0,0,0,0,0,0,-1,0,0,0,0,0,0,1,1,0,0,86.90853881835938,-3.410729169845581,0.0,-0.5223631858825684,-1.6815581571897805e-44,308.78643798828125,305.09130859375,676.8238525390625,-0.0001355746207991615,99.2846450805664,2664.59326171875,1.0877995491027832,0.9970988035202026,-1.0,3.69512939453125,6.827850029367255e-06,0.027995385229587555,100.0,27.0,0.0,7.799991607666016,3.842630624771118,1.0,1.0,39.10370635986328,0.2635743021965027,20.0,3.635763277998194e-05,0.0,73.99260711669922,1.7325267791748047,1.8179994821548462,0.00036938843550160527,0.6817498207092285,0.5432155728340149,28.02062225341797,8.919784545898438,18.79314422607422,17.966217041015625,0.6089594960212708,44.79631805419922,44.898040771484375,250.655029296875,123.57949829101562,0.9557989239692688,321.03729248046875,40.007659912109375,0.29459047317504883,288.88873291015625,288.91094970703125,288.876220703125,321.222900390625,321.42584228515625,321.22314453125,100.0,4.44549036026001,49.35740661621094,136.65838623046875,305.0558166503906,305.16839599609375,305.0496826171875,340.34344482421875,44.91191864013672,32.525047302246094,136.65838623046875,0.0,0.9444810152053833,0.9497600197792053,0.9448536038398743,89.85948944091797,89.83423614501953,89.77400970458984,62.42776870727539,62.42672348022461,62.42469024658203,51.85221862792969,51.825950622558594,51.70630645751953,98.9406967163086,98.65332794189453,98.70256805419922,1882.9761962890625,1887.277587890625,1883.9444580078125,507.2792663574219,508.6965026855469,506.7308349609375,29.0,0.0,48.0,0.4845796823501587,0.6440389752388,0.3978852331638336,0.6819025278091431,0.4837108254432678,0.6445707082748413,41.0,78.36749267578125,61.8958854675293,225.35499572753906,95.20055389404297,9.999999974752427e-07,85.00006103515625,0.6348447799682617,155.32498168945312,0.9862003922462463,721.2213745117188,39.9366455078125,31.42736053466797,1.0,9.473113059997559,77.90373229980469,0.0,0.9718579053878784,20.0,0.0,60.0,120.0,22.0,120.0,3.4093098640441895,0.0,0.0,962.9815673828125,18.089078903198242,89.19784545898438,2.0,200.0,0,0,228,228,228,228,220,228,228,228,155,0,99999,99999,10,402,1800,180,1800,998,20,962,86,23,0,0,0,806,1424,29,31,32,0,0,0,0,0,0,0,0,1,0,0,0,0,0,1,0,0,0,0,1,1,1,0,1,0,0,0,1,0,0,0,0,0,0,0,0,0,0,0,0,1,0,1,0,0,1,1,0,1,0,1,0,1,0,0,0,1,1,0,1,0,1,0,0,0,1,1,0,0,0,1,0,1,0,0,0,0,1,1,0,0,1,0,0,0,1,0,0,0,0,0,0,1,0,0,0,1,1,0,0,1,0,1,0,1,0,1,0,0,0,1,0,1,1,1,0,0,1,0,0,0,0,0,1,1,1,0,0,0,0,0,0,0,0,0,0,0,1,0,1,0,1,0,0,0,0,0,0,0,0,0,1,0,1,0,1,0,1,1,1,1,1,1,1,0,0,0,0,0,0,1,0,1,1,1,1,1,1,1,1,1,1,1,1,0,0,1,1,0,0,1,1,0,1,0,1,0,1,1,0,0,0,0,0,0,0,0,1,1,0,0,1,0,1,1,1,0,1,0,0,1,1,0,1,1,1,0,1,1,0,1,0,1,1,0,0,0,0,0,0,1,1,1,1,0,0,0,0,0,0,0,0,1,0,0,0,0,0,0,0,0,0,0,0,0,0,0,0,0,0,0,0,0,0,0,0,0,0,0,0,0,1,0,0,0,0,0,0,0,0,0,0,0,0,0,0,0,0,0,0,0,0,0,0,0,0,0,1,0,0,0,1,1,0,0,0,0,0,0,0,0,0,0,0,0,0,1,0,0,0,0,0,0,0,0,0,0,0,0,0,0,0,0,0,0,0,0,0,0,0,0,0,0,0,0,0,0,0,0,0,0,0,0,0,0,0,0,0,0,0,0,0,0,0,0,0,0,0,0,0,0,0,0,0,0,0,0,0,0,0,0,1,0,1,0,0,0,0,0,1,0,0,0,0,0,0,0,0,0,0,0,0,0,0,0,1,0,0,0,0,0,0,0,0,0,0,0,0,0,0,1,0,0,0,0,0,0,0,0,0,0,1,0,0,0,0,0,0,0,0,0,0,0,0,0,0,0,0,0,0,0,0,0,0,0,0,0,0,0,1,0,0,0,0,0,0,1,1,1,0,0,0,0,0,0,-1,0,0,0,0,0,0,0,0,-1,0,0,-1,0,0,0,0,0,0,0,0,0,0,0,0,0,0,0,0,0,0,1,0,0,0,0,0,0,0,0,0,0,0,0,0,0,0,0,1,1,0,-1,-1,-1,1,1,1,0,0,0,0,1,0,0,1,1,0,0,0,0,1,0,0,0,0,0,0,0,0,0,0,0,0,0,0,0,0,0,0,0,0,0,0,0,0,0,0,0,0,0,1,1,0,1,0,1,1,0,1,0,1,1,0,1,0,0,1,0,0,0,0,0,0,0,0,0,0,0,0,0,0,0,0,0,0,0,0,0,0,0,0,0,0
0,1,1,300,228,8,8,228,114,25,1,0,0.0020000000949949026,4000.0,1.0,0.04500000178813934,25.0,48.0,8.0,291.70001220703125,1.7000000476837158,-3.179999907843012e-07,0.007360000163316727,0.008080000057816505,8.0,0.33000001311302185,0.0333000011742115,1.0,9.999999747378752e-06,21.0,9.999999747378752e-06,2775000064.0,9.000000136438757e-05,4.999999980020986e-13,5.0,40.0,3.0,-3.3499999046325684,3.3499999046325684,0.5,0.0004799999878741801,292.3927001953125,492.6077880859375,-0.0036125299520790577,0.002354159951210022,0.0008944629807956517,0.013157900422811508,0.800646185874939,0.02024419978260994,2650129920.0,0.006539999973028898,183,183,183,183,183,183,183,183,183,183,183,183,183,183,183,183,183,183,183,183,183,183,183,183,175,175,175,175,183,183,183,183,183,183,183,183,183,183,183,183,183,183,183,183,183,183,183,183,183,183,183,183,0,1,4,4,183,183,183,175,183,183,183,183,3,0,0.0004018291365355253,289.534423828125,615.7359619140625,687.2622680664062,762.4994506835938,835.0859375,946.8624267578125,975.6530151367188,986.3018798828125,974.4300537109375,943.224853515625,895.3123168945312,828.917724609375,756.1279296875,683.245849609375,616.5746459960938,551.57421875,498.5325927734375,458.17510986328125,430.316650390625,412.8688049316406,404.90338134765625,404.05316162109375,407.3739013671875,411.92138671875,414.75140380859375,0.013396085239946842,0.6597080826759338,0.7719186544418335,-0.0005521493731066585,0.7556359171867371,0.9681178331375122,101099.9375,3.173016739310697e-05,0.3062352240085602,0.6702715158462524,0.8550231456756592,0.8606030941009521,0.021213185042142868,1.0,-1.6815581571897805e-44,-3.4151968955993652,0.0,99.28433990478516,2664.618408203125,0.9437825679779053,673.8096923828125,183.0,-72.0,33.76814651489258,0.6000000238418579,0.0,298.1111755371094,280647.15625,-0.6203158497810364,6.353752136230469,130.28829956054688,1.3003793954849243,7750000.0,8160000.0,86.12000274658203,119.0999984741211,0.5,9.999999747378752e-05,0.0,3.299999952316284,200.0,0.30000001192092896,309.20001220703125,2.439019908706541e-06,0,0,0,1,1,1,0,24,0,304.9766845703125,0.0,0.0,0.0,0.0,0.0,0.0,0.5041258335113525,0.867377519607544,0.5178163051605225,-0.006845235824584961,-0.00564244668930769,-0.0061719296500086784,0.506845235824585,0.5080240368843079,0.5082973837852478,1.0,25.0,24.0,6229920.0,6230127.5,6230261.0,288.78277587890625,288.817626953125,288.79559326171875,321.0872802734375,321.28985595703125,321.08697509765625,4400000.0,304.9350280761719,305.0537414550781,304.9412841796875,32.30450439453125,32.47222900390625,32.2913818359375,320.8731689453125,4539.80419921875,4537.4384765625,4550.73974609375,12.769591331481934,12.778158187866211,12.781854629516602,10.65716552734375,0.0,0.0,0.0020000000949949026,288.7986755371094,321.1546936035156,-42.2585563659668,1.6167207956314087,1.620569109916687,1.6214321851730347,7.2494049072265625,39.0,40.0,42.0,41.0,0.0,0.0,6348293.0,6344668.5,72.32676696777344,5.0,0.014999999664723873,-180000.0,600.0,1000000.0,400000.0,0.17000000178813934,22000.0,786000.0,120000.0,0.0,40.0,30.0,36.810001373291016,0.5,18.399999618530273,50000.0,115692.3984375,15.113750457763672,0,0,1,0,0,0,0,13362559.0,0.0,0.0,0.0,0.0,0.0,-2030580.0,400000.0,1000000.0,1.0,1400000.0,0.0,0.4476955533027649,13369420.0,126869.6328125,13362559.0,340.34503173828125,40.007659912109375,4.472146511077881,-2030580.0,0.0,0.0,0.0,3.2429027557373047,40.007659912109375,0.0,22230.939453125,1.2010046243667603,0.0,0.0,0.0,20.0,14.711517333984375,22.0,0.0,0.0,0.0,0.05000000074505806,0.02500000037252903,0.17000000178813934,15400000.0,0.5,6.25,0.0006667000125162303,2.0,2410000.0,4140000.0,4.734799861907959,0.15000000596046448,0.20000000298023224,0.2199999988079071,1.0,0.0,-1.0,0.0,5.0,20.0,30.0,50.0,74.0,80.0,86.0,9.800000190734863,500000.0,1.0499999802959792e-07,0.5,750.0,1000.0,600.0,1000.0,1150.0,32.0,32.0,37.400001525878906,10.0,10.0,0.007000000216066837,0.5049999952316284,82.0,189.26499938964844,0.0,1.5099999904632568,231.60000610351562,20.0,36.0,16.600000381469727,16.5,225.0,-0.1756729930639267,27.5,-0.1756729930639267,30.485509872436523,0.1561516970396042,11.10221004486084,-1.8332500457763672,-75.0,4.3520002365112305,9.800000190734863,189.26499938964844,93.30000305175781,2650000.0,0.8500000238418579,7.570000171661377,0,1,0,0,0,0,0,0,0,0,0,1,3,3,0,0,1,0,0,0,0,0,0,1,0,0,0,0,1,0,0,0,0,0,0,0,0,0,0,1,0,0,0,0,0,0,0,0,0,0,12.05235767364502,29051.841796875,2153.699951171875,0.00041486124973744154,0.0004361289902590215,0.0006248649442568421,1.0,1.0,0.0,0.0,0.0,0.6099564433097839,0.6006860733032227,1.0,0.0,0.0,0.0,1.0,0.0,0.0,1.0,1.0,0.0,1.0,1.0,0.0,0.0,1.0,0.0,0.6222214698791504,0.6278336644172668,0.00041486124973744154,0.0,0.0,0.0,99998.78125,99999.0,2743996.75,2410000.0,36.20000076293945,36.20000076293945,36.20000076293945,32.513607025146484,250.25082397460938,123.2796630859375,44.698612213134766,26.457019805908203,36.43604278564453,27.0,28.16082763671875,27.0,0.0,32.0,20.0,68.57752227783203,3446668.0,0.5432155728340149,3.7799999713897705,5.000662803649902,8.919784545898438,0.0,0.0,0.0,1.401298464324817e-45,5.215159893035889,5.215159893035889,0.5049998760223389,0.5049998760223389,0.5049998760223389,0.18937495350837708,0.18937495350837708,0.18937495350837708,0.0,0.0,0.0,0.0,0.0,0.0,5.294999599456787,0.0,0.0,0.0,0.0,0.0,0.0,100.0,73.98880004882812,0.49184027314186096,0.0,20.0,0.0,5.215159893035889,5.940849781036377,0.0,0.0,0.0,0.007000000216066837,0.0,0.0,10.292325019836426,0.0,1.7324891090393066,1.401298464324817e-45,5.947537422180176,0.0,0.0,0.0,0.0,0.0,0.0,20.0,0.0,0.0,13067278.0,0.0,0.0,0.0,0.0,0.0,0.0,0.0,0.351500004529953,18.93000030517578,23.030000686645508,7.69199959904654e-06,0.08500000089406967,0.009999999776482582,24.0,27.0,8.800000190734863,500000.0,0.05000000074505806,2.7000000013543968e-09,2.7000000013543968e-09,145100.0,120000.0,14650000.0,86400.0,17.0,34.5,48.70000076293945,321.8999938964844,83170.0,0.0,1.0,1.0,0.0010000000474974513,725.0,0.0,0.5,0.0,0.0,57.31999969482422,837142.875,9359.77734375,117376.1015625,2623.89794921875,83026.390625,725.0,1.0204100362898316e-05,740000000.0,1,0,1,0,1,0,1,0,0,0,0,8.799991607666016,27.0,3683.011962890625,0.0,0.0,0.0,0.0,1.479502558708191,0.00040169659769162536,0.0,0.028329726308584213,39.146018981933594,1.0,25843.0234375,7039.52783203125,3.67919601558242e-05,2297739008.0,2521587712.0,2621093376.0,324349632.0,-71.31713104248047,-116.21967315673828,-131294640.0,2197238016.0,5.947537422180176,0.0,77.2646713256836,116.21967315673828,106381.3984375,4070.420654296875,146313.9375,164413.28125,123843.0234375,46.800106048583984,39.146018981933594,39.146018981933594,1.0,3.67919601558242e-05,7039.52783203125,947176669184.0,0.20047253370285034,137600.0,137600.0,93098064.0,72.3427505493164,6455.51025390625,1.0,0.0,1700.0,250000.0,10000.0,1038.0,0.004999999888241291,400.0,5000.0,0,0,0,0,2959622.5,64.08078002929688,64.08078002929688,1216415.25,2793723.25,0.0,0.0,1162104.25,225.60328674316406,6253168.5,0.0,0.0,1.0,1.0,904.1466064453125,275.3855285644531,186.75128173828125,0.0,5957889.0,796217.875,186.75128173828125,1.0,1.0,1.0,0.0,115.22357940673828,664.6143798828125,0.0,0.08000000566244125,0.0,7680000.0,85.51993560791016,87.53058624267578,88.8308334350586,0.0,2793723.25,0.0,128.16156005859375,0.08000000566244125,0.0,279.18817138671875,1.0,0.0,-7.5742998123168945,0.0,0.0,9.999999974752427e-07,0.0,2.0,0.0003000000142492354,0.004999999888241291,0.0010000000474974513,2.0000000233721948e-07,2.0000000233721948e-07,0.0005555999814532697,993000000.0,1.0,0.05000000074505806,0.10000000149011612,0.0005000000237487257,0.0016700000269338489,0.009999999776482582,1.0,1.0,0.0010000000474974513,4.999999873689376e-05,0.00039999998989515007,0.019999999552965164,0.9891999959945679,0.9891999959945679,0.9950000047683716,0.9950000047683716,1,0,0,0,1,1,0,0,0,0,0,0,0,0,-0.007569755427539349,-7516767.0,5000.3310546875,1162104.25,0.0,2546223.0,0.0,1.0,2569281.25,0.0,0.0,60.0,180.0,1800.0,1800.0,0.0,0.0,0.0,0.0,-0.012236599810421467,0.0,0.0,0.0,0.0,-0.37602877616882324,0.0,0.0,0.0,0.0,0.0,0.0,6.602997746085748e-05,0.0,7.006492321624085e-44,1,1,0,1,1,1,0,1,1,0,1,0,1,0,1,1,1,1,0,1,0,1000,1000,0,1,5001,5001,0.0,0.0,120.0,120.0,0.0,0.0,0.4000000059604645,0.10000000149011612,0.10000000149011612,2.0,500.0,200.0,0.9900000095367432,300000.0,5000.0,45000.0,20000.0,0.019999999552965164,2.0,0.05000000074505806,0.019999999552965164,6.0,0.05000000074505806,0.019999999552965164,0.019999999552965164,88.30000305175781,0.10000000149011612,0.800000011920929,0.05000000074505806,0.009999999776482582,50.0,50.0,340.0,340.0,1000000.0,1,1,1,1,1,1,1,1,1,1,0,0,0,1,1,0,1.0,0.0,0.0,0.0,0.00015243749658111483,0.0,0.0,0.0,0.9180309176445007,0.9180309176445007,0.9180309176445007,5000.32421875,3909128.5,3914128.75,50.0,27.61554527282715,0.4000000059604645,0.0,0.0,0.10000000149011612,0.16284292936325073,0.4924302399158478,39080.65625,20.0,29.202341079711914,779021.1875,30.991252899169922,4501.4765625,721.221923828125,0.7790212035179138,0.9179278016090393,9.47307300567627,1.0,3220845.0,3304317.0,9.718579292297363,20.0,0.27547991275787354,27.547990798950195,0.0,636.4223022460938,402.1866760253906,100000.0,50000.0,1115.300048828125,50000.0,700.0,2000.0,2800000.0,3500000.0,4000000.0,9.999999747378752e-05,4.999999873689376e-05,500.0,20000.0,100.0,500.0,60000.0,1200.0,1.0,120.0,150000.0,3000.0,300.0,1.0,300.0,0.019999999552965164,0.019999999552965164,0.009999999776482582,0.009999999776482582,0.009999999776482582,0.019999999552965164,1.100000023841858,0.019999999552965164,4.0,0.019999999552965164,88.0,1613.0,0.009999999776482582,0.20000000298023224,3.0,5.0,600.0,0.0010000000474974513,88.0,88.0,2000.0,2340.0,-0.11599799990653992,-0.03561130166053772,-0.04758000001311302,-0.01752999983727932,0,0,0,0,0,1,0,516.0656127929688,516.0656127929688,2.07257080078125,2.07257080078125,0.016519742086529732,30.991252899169922,164.2057342529297,1490.936279296875,1037.982177734375,742.4862670898438,742.4862670898438,2.98187255859375,2.98187255859375,1568.1458740234375,535.7216796875,0.0,0.0,2663660.25,20.00048065185547,20.00048065185547,156.12217712402344,156.12217712402344,65708.7109375,65708.7109375,1.0951452255249023,1.0951452255249023,112.80164337158203,112.80164337158203,24.998144149780273,24.998144149780273,104594.7421875,104594.7421875,25.007795333862305,155.32052612304688,158.34564208984375,2651415.25,20.00048065185547,20.00048065185547,221.5110626220703,221.5110626220703,155.87521362304688,155.87521362304688,652197.5625,652197.5625,0.0,114.17427062988281,114.17427062988281,228.3650665283203,160106.34375,160106.34375,1.067375659942627,1.067375659942627,225.07009887695312,155.87521362304688,0.0,0.0,0.0,202.12698364257812,202.12698364257812,404.25396728515625,0.0,0.0,0.0,0.0,0.0,202.12698364257812,202.12698364257812,0.026315800845623016,12.76240062713623,0.20000000298023224,0.8572424054145813,0.9065330028533936,0.8597798347473145,0.5041258335113525,0.41833361983299255,0.5050063133239746,0.9599996209144592,1.0,1.0,1.0,0.9999998211860657,0.9999998211860657,0.9999998211860657,190836.109375,193242.0625,0.0,0.0,0.0,0.0,0.0,0.0,0.0,296.3810119628906,297.7510070800781,0.0,190810.703125,190810.703125,0.0,0.0,0.0,0.0,0.8485118746757507,0.8485118746757507,0.8485118746757507,0.852272629737854,1177926.5,0.9959999918937683,0.9959999918937683,0.9959999918937683,0.9959999918937683,5495948.0,2769668.25,7294908.0,8264872.0,2606300.0,4017649.5,0.003909128252416849,0.00782825704663992,1036.2763671875,0.0,0.0,0.0,0.0,0.0,0.0,0.0,0.0,0.0,1490.9527587890625,1036.2880859375,347.3325500488281,347.3325500488281,347.3325500488281,507.126708984375,507.126708984375,507.126708984375,2.9998483657836914,0.7724863886833191,0.8611481189727783,2.9999799728393555,5.0,0.0040000081062316895,0.0040000081062316895,0.0040000081062316895,0.0040000081062316895,0.0,-0.4368000030517578,0.0,599969.6875,164.2057342529297,164.2057342529297,0.0,20.0,2791138.5,7.25,12.0,10.25,211.34193420410156,211.34193420410156,211.34193420410156,0.0,0.0,0.7926306128501892,0.9211652278900146,10000.0,10000.0,0.011826000176370144,1038.5,0.027953999117016792,0.0,0.0,1.0878000259399414,1.0809999704360962,9.000000136438757e-05,103.0,33.220001220703125,1.8179999589920044,0.029999999329447746,49.0,8.329999923706055,4.159999847412109,58.0,302.0,4.5,0.699999988079071,0.4000000059604645,7.5,1.3799999952316284,2.492000102996826,7000.0,48.88999938964844,1.2000000476837158,45.0,62000.0,4590000.0,4250000.0,15900000.0,15100000.0,0.05000000074505806,0.17000000178813934,0.009999999776482582,15220000.0,1.6699999570846558,312.7799987792969,1.1100000143051147,4232.0,0.25,689000.0,4030000.0,9.829999923706055,8.550000190734863,12200000.0,231.10000610351562,88.3239974975586,633.0,1.1430000066757202,0.6858000159263611,-10.0,-3.7799999713897705,0.7799999713897705,295.5,4030000.0,12400000.0,0.9200000166893005,5.0,1,0,1,228,155,0,0,0,0,0,1,1,1,1,0,0,1,1,1,1,0,1,1,0,0,0,0,1,1,1,0,0,0,0,0,0,0,0,0,8,0,0,0,0,0.8550231456756592,6229920.0,1.0877995491027832,0.9455686807632446,0.9970828294754028,305.0064392089844,32.371402740478516,-0.012866799719631672,1,1,1,0,0,0,1,1,0,0,0,0,0,383,0.20000000298023224,0.20000000298023224,0.20000000298023224,0.0,2,0,0,0,0,0,0,0,0,0,0,0,0,0,0,0,0,0,0,0,0,0,0,0,0,0,0,0,0,0,0,0,0,0,0,0,0,0,0,0,0,0,0,0,0,0,0,0,0,0,0,1,0,0,0,0,0,0,0,0,0,0,0,0,0,0,0,0,0,0,0,0,0,0,0,0,0,0,0,0,0,0,0,0,0,0,0,0,0,0,0,0,0,0,0,0,0,0,0,0,0,0,0,0,0,0,0,0,0,0,0,0,0,0,0,0,0,0,0,0,0,0,0,0,0,0,0,0,0,0,0,0,0,0,0,0,0,0,0,0,0,0,0,1,0,0,0,0,0,0,0,0,0,0,0,-1,0,0,0,0,0,0,1,1,0,0,85.50231170654297,-3.4151968955993652,0.0,-0.6203158497810364,-1.6815581571897805e-44,298.1111755371094,305.0064392089844,673.8096923828125,-0.0005521493731066585,99.28433990478516,2664.618408203125,1.0877995491027832,0.9970828294754028,-1.0,-6.895263671875,6.827850029367255e-06,0.028329726308584213,100.0,27.0,0.0,7.799991607666016,3.847543478012085,1.0,1.0,39.146018981933594,0.2637048065662384,20.0,3.67919601558242e-05,0.0,73.98880004882812,1.7324891090393066,1.8179994821548462,0.00036938843550160527,0.6817498207092285,0.5432155728340149,28.000019073486328,8.919784545898438,18.774574279785156,18.00238609313965,0.6099564433097839,44.698612213134766,44.898040771484375,250.25082397460938,123.2796630859375,0.9555211067199707,320.92584228515625,40.007659912109375,0.29459047317504883,288.8173828125,288.839599609375,288.8048095703125,321.1241455078125,321.3284912109375,321.12432861328125,100.0,4.4144721031188965,49.18402862548828,136.4228973388672,304.97076416015625,305.08404541015625,304.9645690917969,340.34454345703125,44.769554138183594,32.45327377319336,136.4228973388672,0.0,0.9436805248260498,0.9490004777908325,0.9440531134605408,89.32960510253906,89.30362701416016,89.244384765625,63.5742073059082,63.572845458984375,63.57072830200195,50.82973861694336,50.80240249633789,50.68452453613281,98.92505645751953,98.63587951660156,98.6871109008789,0.0,0.0,0.0,137.05606079101562,135.84652709960938,133.82359313964844,29.0,0.0,48.0,0.5050063133239746,0.6878238916397095,0.41833361983299255,0.7252264022827148,0.5041258335113525,0.685793936252594,41.0,78.36749267578125,63.807960510253906,225.07009887695312,7.210487365722656,9.999999974752427e-07,84.33558654785156,0.0,155.32052612304688,0.0,721.221923828125,39.940162658691406,30.991252899169922,0.0,9.47307300567627,77.9021224975586,0.08000000566244125,0.9718579053878784,20.0,0.0,60.0,120.0,0.0,120.0,0.0,0.0,0.0,0.0,18.089078903198242,89.19784545898438,2.0,200.0,0,0,183,183,183,183,175,183,183,183,155,0,99999,99999,10,402,1800,180,1800,0,0,-7,85,23,0,0,0,806,1424,29,31,32,0,0,0,0,0,0,0,0,1,0,0,0,0,0,1,0,0,0,0,1,1,1,0,1,0,0,0,1,0,0,0,0,0,0,0,0,0,0,0,0,1,0,1,0,0,1,1,0,1,0,1,0,1,0,0,0,1,1,0,1,0,1,0,0,0,1,0,0,0,0,1,0,1,0,0,0,0,0,1,0,0,1,0,0,0,1,0,0,0,0,0,0,1,0,0,0,1,1,0,0,1,0,1,0,1,0,1,0,0,0,1,0,1,1,1,0,0,1,0,0,0,0,0,1,1,1,0,0,0,0,0,0,0,0,0,0,0,1,0,1,0,1,0,0,0,0,0,0,0,0,1,1,1,1,0,1,0,1,1,1,1,1,1,1,0,0,0,0,0,0,1,0,1,1,1,1,1,1,1,1,1,1,1,0,0,0,1,1,0,0,1,1,0,1,1,0,0,1,1,0,0,0,0,0,0,1,1,1,0,0,1,1,0,1,1,1,0,0,1,0,1,1,0,1,1,1,0,1,1,0,1,0,1,0,0,0,0,0,0,0,1,1,1,1,0,0,1,0,0,0,0,0,1,0,0,0,0,0,0,0,0,0,0,0,0,0,0,0,0,0,0,0,0,0,0,0,0,0,0,0,0,0,0,0,0,0,0,0,0,0,0,0,0,0,0,0,0,0,0,0,0,0,0,0,0,0,0,0,0,0,0,0,0,0,0,0,0,0,0,0,0,0,0,0,0,0,1,0,0,0,0,0,0,0,0,0,0,0,0,0,0,0,0,0,0,0,0,0,0,0,0,0,0,0,0,0,0,0,0,0,0,0,0,0,0,0,0,0,0,0,0,0,0,0,0,0,0,0,0,0,0,0,0,0,0,0,0,0,0,0,0,1,0,1,0,0,0,0,0,1,0,0,0,0,0,0,0,0,0,0,0,0,0,0,0,1,0,0,0,0,0,0,0,0,0,0,0,0,0,0,1,0,0,0,0,0,0,0,0,0,0,1,0,0,0,0,0,0,0,0,0,0,0,0,0,0,0,0,0,0,0,0,0,0,0,0,0,0,0,1,0,0,0,0,0,0,1,1,1,0,0,0,0,0,0,-1,0,0,0,0,0,0,0,0,-1,0,0,-1,0,0,0,0,0,0,0,0,0,0,0,0,0,0,0,0,0,0,1,0,0,0,0,0,0,0,0,0,0,0,0,0,0,0,0,1,1,0,-1,-1,-1,1,1,1,0,0,0,0,1,0,0,1,1,0,0,0,0,1,0,0,0,0,0,0,0,0,0,0,0,0,0,0,0,0,0,0,0,0,0,0,0,0,0,0,0,0,0,1,1,0,1,0,1,1,0,1,0,1,1,0,1,0,0,1,0,0,0,0,0,0,0,0,0,0,0,0,0,0,0,0,0,0,0,0,0,0,0,0,0,0
0,1,1,300,228,8,8,228,114,25,1,0,0.0020000000949949026,4000.0,1.0,0.04500000178813934,25.0,48.0,8.0,291.70001220703125,1.7000000476837158,-3.179999907843012e-07,0.007360000163316727,0.008080000057816505,8.0,0.33000001311302185,0.0333000011742115,1.0,9.999999747378752e-06,21.0,9.999999747378752e-06,2775000064.0,9.000000136438757e-05,4.999999980020986e-13,5.0,40.0,3.0,-3.3499999046325684,3.3499999046325684,0.5,0.0004799999878741801,292.3927001953125,492.6077880859375,-0.0036125299520790577,0.002354159951210022,0.0008944629807956517,0.013157900422811508,0.800646185874939,0.02024419978260994,2650129920.0,0.006539999973028898,153,153,153,153,153,153,153,153,153,153,153,153,153,153,153,153,153,153,153,153,153,153,153,153,144,144,144,144,153,153,153,153,153,153,153,153,153,153,153,153,153,153,153,153,153,153,153,153,153,153,153,153,0,1,4,4,153,153,153,144,153,153,153,153,3,0,0.00040183006785809994,289.4879150390625,614.71923828125,685.9548950195312,760.8955078125,833.1897583007812,944.43310546875,973.0022583007812,983.4656982421875,971.437744140625,940.0966796875,892.0734252929688,825.7158203125,752.9005126953125,679.8705444335938,612.8690185546875,547.3199462890625,493.5495910644531,452.355224609375,423.6243896484375,405.3274841308594,396.55548095703125,394.9306640625,397.49560546875,401.29278564453125,403.36480712890625,0.0134490467607975,0.6520043015480042,0.7719174027442932,-0.0008116821409203112,0.7556393146514893,0.9677430391311646,98772.984375,3.161703352816403e-05,0.30591556429862976,0.6622126698493958,0.8404372334480286,0.8485093712806702,0.020620301365852356,1.0,-1.6815581571897805e-44,-3.4213433265686035,0.0,99.28407287597656,2664.63916015625,0.9437867999076843,669.9095458984375,153.0,-72.0,9.138238906860352,0.0,0.0,291.70001220703125,280647.53125,-0.6677547097206116,6.354265213012695,130.28829956054688,1.322121024131775,7750000.0,8160000.0,86.12000274658203,119.0999984741211,0.5,9.999999747378752e-05,0.0,3.299999952316284,200.0,0.30000001192092896,309.20001220703125,2.439019908706541e-06,0,0,0,1,1,1,0,24,0,304.9112548828125,0.0,0.0,0.0,0.0,0.0,0.0,0.5433545112609863,0.8673772215843201,0.5178244709968567,0.01276502013206482,-0.005591913592070341,-0.006129239685833454,0.4872349798679352,0.48842743039131165,0.488682359457016,1.0,25.0,24.0,6458668.5,6458851.0,6458977.5,288.75286865234375,288.78778076171875,288.76580810546875,320.99847412109375,321.1644287109375,320.99810791015625,4400000.0,304.87567138671875,304.9761047363281,304.8819580078125,32.24560546875,32.37664794921875,32.2322998046875,320.7279052734375,4540.5830078125,4537.90576171875,4551.51025390625,12.63095474243164,12.639693260192871,12.643258094787598,10.94012451171875,0.0,0.0,0.0020000000949949026,288.7688293457031,321.0536804199219,-4.756808757781982,1.5498515367507935,1.5537632703781128,1.5545488595962524,12.051107406616211,39.0,40.0,42.0,41.0,0.0,0.0,6553473.5,6547349.0,72.45936584472656,5.0,0.014999999664723873,-180000.0,600.0,1000000.0,400000.0,0.17000000178813934,22000.0,786000.0,120000.0,0.0,40.0,30.0,36.810001373291016,0.5,18.399999618530273,50000.0,115692.3984375,15.113750457763672,0,0,1,0,0,0,0,13359765.0,0.0,0.0,0.0,0.0,0.0,-2041212.0,400000.0,1000000.0,1.0,1400000.0,0.0,0.44677162170410156,13358788.0,126869.6328125,13359765.0,340.345703125,40.007659912109375,4.464622497558594,-2041212.0,0.0,0.0,0.0,3.2391092777252197,40.007659912109375,0.0,22230.939453125,1.2010046243667603,0.0,0.0,0.0,20.0,14.711517333984375,22.0,0.0,0.0,0.0,0.05000000074505806,0.02500000037252903,0.17000000178813934,15400000.0,0.5,6.25,0.0006667000125162303,2.0,2410000.0,4140000.0,4.734799861907959,0.15000000596046448,0.20000000298023224,0.2199999988079071,1.0,0.0,-1.0,0.0,5.0,20.0,30.0,50.0,74.0,80.0,86.0,9.800000190734863,500000.0,1.0499999802959792e-07,0.5,750.0,1000.0,600.0,1000.0,1150.0,32.0,32.0,37.400001525878906,10.0,10.0,0.007000000216066837,0.5049999952316284,82.0,189.26499938964844,0.0,1.5099999904632568,231.60000610351562,20.0,36.0,16.600000381469727,16.5,225.0,-0.1756729930639267,27.5,-0.1756729930639267,30.485509872436523,0.1561516970396042,11.10221004486084,-1.8332500457763672,-75.0,4.3520002365112305,9.800000190734863,189.26499938964844,93.30000305175781,2650000.0,0.8500000238418579,7.570000171661377,0,1,0,0,0,0,0,0,0,0,0,1,3,3,0,0,1,0,0,0,0,0,0,1,0,0,0,0,1,0,0,0,0,0,0,0,0,0,0,1,0,0,0,0,0,0,0,0,0,0,12.05220890045166,29051.548828125,2153.699951171875,0.0004148603184148669,0.0004361289902590215,0.0006248649442568421,1.0,1.0,0.0,0.0,0.0,0.6105902791023254,0.6013887524604797,1.0,0.0,0.0,0.0,1.0,0.0,0.0,1.0,1.0,0.0,1.0,1.0,0.0,0.0,1.0,0.0,0.6219231486320496,0.627552330493927,0.0004148603184148669,0.0,0.0,0.0,99998.78125,99999.0,2742681.0,2410000.0,36.20000076293945,36.20000076293945,36.20000076293945,32.515037536621094,249.98377990722656,123.0819091796875,44.63435363769531,26.459957122802734,36.4136962890625,27.0,28.154518127441406,27.0,0.0,32.0,20.0,68.57752227783203,3446668.0,0.5432155728340149,3.7799999713897705,5.007277965545654,8.919784545898438,0.0,0.0,0.0,1.401298464324817e-45,5.211982250213623,5.211982250213623,0.5049998760223389,0.5049998760223389,0.5049998760223389,0.18937495350837708,0.18937495350837708,0.18937495350837708,0.0,0.0,0.0,0.0,0.0,0.0,5.294999599456787,0.0,0.0,0.0,0.0,0.0,0.0,100.0,73.98621368408203,0.49058836698532104,0.0,20.0,0.0,5.211982250213623,5.947536945343018,0.0,0.0,0.0,0.007000000216066837,0.0,0.0,10.29898452758789,0.0,1.7324635982513428,1.401298464324817e-45,5.954152584075928,0.0,0.0,0.0,0.0,0.0,0.0,20.0,0.0,0.0,13089572.0,0.0,0.0,0.0,0.0,0.0,0.0,0.0,0.351500004529953,18.93000030517578,23.030000686645508,7.69199959904654e-06,0.08500000089406967,0.009999999776482582,24.0,27.0,8.800000190734863,500000.0,0.05000000074505806,2.7000000013543968e-09,2.7000000013543968e-09,145100.0,120000.0,14650000.0,86400.0,17.0,34.5,48.70000076293945,321.8999938964844,83170.0,0.0,1.0,1.0,0.0010000000474974513,725.0,0.0,0.5,0.0,0.0,57.31999969482422,837142.875,9359.77734375,117376.1015625,2623.89794921875,83026.390625,725.0,1.0204100362898316e-05,740000000.0,1,0,1,0,1,0,1,0,0,0,0,8.799991607666016,27.0,3711.948974609375,0.0,0.0,0.0,0.0,1.4911302328109741,0.0004016979655716568,0.0,0.028552310541272163,39.17404556274414,1.0,25851.5703125,7092.23193359375,3.708110671141185e-05,2196653824.0,2264250624.0,2363821056.0,132227896.0,-71.3697280883789,-47.27881622314453,106169312.0,2132022784.0,5.954152584075928,0.0,77.32388305664062,47.27881622314453,106381.3984375,4076.193359375,146337.109375,164530.984375,123851.5703125,47.20010757446289,39.17404556274414,39.17404556274414,1.0,3.708110671141185e-05,7092.23193359375,947750305792.0,0.2005087435245514,137600.0,137600.0,93166920.0,72.40694427490234,6463.9658203125,1.0,0.0,1700.0,250000.0,10000.0,1038.0,0.004999999888241291,400.0,5000.0,0,0,0,0,2959622.5,63.824710845947266,63.824710845947266,1216415.25,2799734.0,0.0,0.0,1078678.5,223.80206298828125,6456810.5,0.0,0.0,1.0,1.0,798.9039306640625,275.3855285644531,183.3676300048828,0.0,5957889.0,780812.4375,183.3676300048828,1.0,1.0,1.0,0.0,43.80085372924805,561.6959228515625,87.36825561523438,0.23052799701690674,0.0,7680000.0,57.128780364990234,59.08934020996094,60.36750411987305,0.0,2799734.0,0.0,127.64942169189453,0.23052799701690674,0.0,281.2807922363281,1.0,0.0,-7.5742998123168945,0.0,0.0,9.999999974752427e-07,0.0,2.0,0.0003000000142492354,0.004999999888241291,0.0010000000474974513,2.0000000233721948e-07,2.0000000233721948e-07,0.0005555999814532697,993000000.0,1.0,0.05000000074505806,0.10000000149011612,0.0005000000237487257,0.0016700000269338489,0.009999999776482582,1.0,1.0,0.0010000000474974513,4.999999873689376e-05,0.00039999998989515007,0.019999999552965164,0.9891999959945679,0.9891999959945679,0.9950000047683716,0.9950000047683716,1,0,0,0,1,1,0,0,0,0,0,0,0,0,-0.007456980179995298,-7404781.5,5000.31787109375,1078678.5,0.0,2546223.0,0.0,1.0,2569281.25,0.0,0.0,60.0,180.0,1800.0,1800.0,0.0,0.0,0.0,0.0,-0.012236599810421467,0.0,0.0,0.0,0.0,-3.3527612686157227e-08,0.0,0.0,0.0,0.0,0.0,0.0,6.602997746085748e-05,0.0,7.006492321624085e-44,1,1,0,1,1,1,0,1,1,0,1,0,1,0,1,1,1,1,0,1,0,1000,1000,0,1,5001,5001,0.0,0.0,120.0,120.0,0.0,0.0,0.4000000059604645,0.10000000149011612,0.10000000149011612,2.0,500.0,200.0,0.9900000095367432,300000.0,5000.0,45000.0,20000.0,0.019999999552965164,2.0,0.05000000074505806,0.019999999552965164,6.0,0.05000000074505806,0.019999999552965164,0.019999999552965164,88.30000305175781,0.10000000149011612,0.800000011920929,0.05000000074505806,0.009999999776482582,50.0,50.0,340.0,340.0,1000000.0,1,1,1,1,1,1,1,1,1,1,0,0,0,1,1,0,1.0,0.0,0.0,0.0,0.00014493749768007547,0.0,0.0,0.0,0.9180263876914978,0.9180263876914978,0.9180263876914978,5000.3115234375,3909367.5,3914367.75,50.0,27.61551856994629,0.4000000059604645,0.0,0.0,0.10000000149011612,0.16814610362052917,0.4925430119037628,22164.4375,20.0,29.202341079711914,778983.9375,30.530563354492188,4410.56591796875,721.2220458984375,0.7789839506149292,0.9179185628890991,9.473047256469727,1.0,3220836.0,3304317.0,9.718579292297363,20.0,0.2755109667778015,27.551095962524414,0.0,636.4223022460938,387.99053955078125,100000.0,50000.0,1115.300048828125,50000.0,700.0,2000.0,2800000.0,3500000.0,4000000.0,9.999999747378752e-05,4.999999873689376e-05,500.0,20000.0,100.0,500.0,60000.0,1200.0,1.0,120.0,150000.0,3000.0,300.0,1.0,300.0,0.019999999552965164,0.019999999552965164,0.009999999776482582,0.009999999776482582,0.009999999776482582,0.019999999552965164,1.100000023841858,0.019999999552965164,4.0,0.019999999552965164,88.0,1613.0,0.009999999776482582,0.20000000298023224,3.0,5.0,600.0,0.0010000000474974513,88.0,88.0,2000.0,2340.0,-0.11599799990653992,-0.03561130166053772,-0.04758000001311302,-0.01752999983727932,0,0,0,0,0,1,0,515.8327026367188,515.8327026367188,2.07159423828125,2.07159423828125,0.016588468104600906,30.530563354492188,164.2034149169922,1431.8951416015625,1037.635986328125,713.0838012695312,713.0838012695312,2.86376953125,2.86376953125,1544.88818359375,535.45654296875,0.0,0.0,2663660.25,20.00048065185547,20.00048065185547,156.0994873046875,156.0994873046875,65708.0703125,65708.0703125,1.0951344966888428,1.0951344966888428,111.90103149414062,111.90103149414062,24.99484634399414,24.99484634399414,104580.9453125,104580.9453125,25.004535675048828,155.31626892089844,158.34170532226562,2657234.5,20.00048065185547,20.00048065185547,217.4078369140625,217.4078369140625,155.92648315429688,155.92648315429688,652412.0625,652412.0625,0.0,114.16139221191406,114.16139221191406,228.33937072753906,160051.15625,160051.15625,1.0670076608657837,1.0670076608657837,224.4875946044922,155.92648315429688,0.0,0.0,0.0,201.02297973632812,201.02297973632812,402.04595947265625,0.0,0.0,0.0,0.0,0.0,201.02297973632812,201.02297973632812,0.026315800845623016,12.257009506225586,0.20000000298023224,0.8670958280563354,0.918002188205719,0.8716369271278381,0.5433545112609863,0.45753371715545654,0.5442429780960083,0.9599996209144592,1.0,1.0,1.0,0.9999998211860657,0.9999998211860657,0.9999998211860657,190835.859375,193242.0625,0.0,0.0,0.0,0.0,0.0,0.0,0.0,296.3810119628906,297.7510070800781,0.0,190811.703125,190811.703125,0.0,0.0,0.0,0.0,0.8461586833000183,0.8461586833000183,0.8461586833000183,0.826213538646698,1172965.125,0.9959999918937683,0.9959999918937683,0.9959999918937683,0.9959999918937683,5528377.0,2772576.25,7298489.5,8299234.5,2606300.0,4017254.25,0.003909367602318525,0.007828734815120697,1035.80859375,0.0,0.0,0.0,0.0,0.0,0.0,0.0,0.0,0.0,1431.9117431640625,1035.8203125,347.2469482421875,347.2469482421875,347.2469482421875,487.04486083984375,487.04486083984375,487.04486083984375,2.999582529067993,0.7583978176116943,0.8610609769821167,2.99971604347229,5.0,0.0040000081062316895,0.0040000081062316895,0.0040000081062316895,0.0040000081062316895,0.0,-0.4368000030517578,0.0,599916.5,164.2034149169922,164.2034149169922,0.0,20.0,2796435.25,7.25,12.0,10.25,202.93533325195312,202.93533325195312,202.93533325195312,0.0,0.0,0.7926306128501892,0.9211652278900146,10000.0,10000.0,0.011826000176370144,1038.5,0.027953999117016792,0.0,0.0,1.0878000259399414,1.0809999704360962,9.000000136438757e-05,103.0,33.220001220703125,1.8179999589920044,0.029999999329447746,49.0,8.329999923706055,4.159999847412109,58.0,302.0,4.5,0.699999988079071,0.4000000059604645,7.5,1.3799999952316284,2.492000102996826,7000.0,48.88999938964844,1.2000000476837158,45.0,62000.0,4590000.0,4250000.0,15900000.0,15100000.0,0.05000000074505806,0.17000000178813934,0.009999999776482582,15220000.0,1.6699999570846558,312.7799987792969,1.1100000143051147,4232.0,0.25,689000.0,4030000.0,9.829999923706055,8.550000190734863,12200000.0,231.10000610351562,88.3239974975586,633.0,1.1430000066757202,0.6858000159263611,-10.0,-3.7799999713897705,0.7799999713897705,295.5,4030000.0,12400000.0,0.9200000166893005,5.0,1,0,1,228,155,0,0,0,0,0,1,1,1,1,0,0,1,1,1,1,0,1,1,0,0,0,0,1,1,1,0,0,0,0,0,0,0,0,0,8,0,0,0,0,0.8404372334480286,6458668.5,1.0877995491027832,0.9443349242210388,0.9976342916488647,304.9451599121094,32.329166412353516,-0.021517908200621605,1,1,1,0,0,0,1,1,0,0,0,0,0,385,0.20000000298023224,0.20000000298023224,0.20000000298023224,0.0,2,0,0,0,0,0,0,0,0,0,0,0,0,0,0,0,0,0,0,0,0,0,0,0,0,0,0,0,0,0,0,0,0,0,0,0,0,0,0,0,0,0,0,0,0,0,0,0,0,0,0,1,0,0,0,0,0,0,0,0,0,0,0,0,0,0,0,0,0,0,0,0,0,0,0,0,0,0,0,0,0,0,0,0,0,0,0,0,0,0,0,0,0,0,0,0,0,0,0,0,0,0,0,0,0,0,0,0,0,0,0,0,0,0,0,0,0,0,0,0,0,0,0,0,0,0,0,0,0,0,0,0,0,0,0,0,0,0,0,0,0,0,0,1,0,0,0,0,0,0,0,0,0,0,0,-1,0,0,0,0,0,0,1,1,0,0,84.0437240600586,-3.4213433265686035,0.0,-0.6677547097206116,-1.6815581571897805e-44,291.70001220703125,304.9451599121094,669.9095458984375,-0.0008116821409203112,99.28407287597656,2664.63916015625,1.0877995491027832,0.9976342916488647,-1.0,-13.245147705078125,6.827850029367255e-06,0.028552310541272163,100.0,27.0,0.0,7.799991607666016,3.850782871246338,1.0,1.0,39.17404556274414,0.2637920081615448,20.0,3.708110671141185e-05,0.0,73.98621368408203,1.7324635982513428,1.8179994821548462,0.00036938843550160527,0.6817498207092285,0.5432155728340149,27.986591339111328,8.919784545898438,18.76313591003418,18.026199340820312,0.6105902791023254,44.63435363769531,44.898040771484375,249.98377990722656,123.0819091796875,0.9554431438446045,320.80682373046875,40.007659912109375,0.29459047317504883,288.77728271484375,288.79937744140625,288.76458740234375,321.04541015625,321.23846435546875,321.04583740234375,100.0,4.381674766540527,49.058837890625,136.3144073486328,304.9113464355469,305.0189208984375,304.90521240234375,340.345458984375,44.677162170410156,32.40669250488281,136.3144073486328,0.0,0.9425519704818726,0.9475457072257996,0.9429352879524231,88.4057388305664,88.38044738769531,88.3203353881836,65.9080581665039,65.9067611694336,65.90489959716797,48.86823654174805,48.842742919921875,48.7234992980957,98.94646453857422,98.65599822998047,98.70877075195312,0.0,0.0,0.0,55.4436149597168,54.10600662231445,52.13361740112305,29.0,0.0,48.0,0.5442429780960083,0.6973095536231995,0.45753371715545654,0.7344017624855042,0.5433545112609863,0.6936766505241394,41.0,78.36749267578125,65.88594055175781,224.4875946044922,2.7409796714782715,9.999999974752427e-07,84.68621826171875,0.0,155.31626892089844,0.0,721.2220458984375,39.94260025024414,30.530563354492188,0.0,9.473047256469727,77.89839172363281,0.23052799701690674,0.9718579053878784,20.0,0.0,60.0,120.0,0.0,120.0,0.0,0.0,0.0,0.0,18.089078903198242,89.19784545898438,2.0,200.0,0,0,153,153,153,153,144,153,153,153,155,0,99999,99999,10,402,1800,180,1800,0,0,-7,84,23,0,0,0,806,1424,29,31,32,0,0,0,0,0,0,0,0,1,0,0,0,0,0,1,0,0,0,0,1,1,1,0,1,0,0,0,1,0,0,0,0,0,0,0,0,0,0,0,0,1,0,1,0,0,1,1,0,1,0,1,0,1,0,0,0,1,1,0,1,0,1,0,0,0,1,1,0,0,0,1,0,1,0,0,0,0,1,1,0,0,1,0,0,0,1,0,0,0,0,0,0,1,0,0,0,1,1,0,0,1,0,1,0,1,0,1,0,0,0,1,0,1,1,1,0,0,1,0,0,0,0,0,1,1,1,0,0,0,0,0,0,0,0,0,0,0,1,0,1,0,1,0,0,0,0,0,0,0,0,1,1,1,1,0,1,0,1,1,1,1,1,1,1,0,0,0,0,0,0,1,0,1,1,1,1,1,1,1,1,1,1,1,1,0,0,1,1,0,0,1,1,0,1,1,0,0,1,1,0,0,0,0,0,0,1,1,1,0,0,1,1,0,1,1,1,0,0,1,0,1,1,0,1,1,1,0,1,1,0,1,0,1,0,0,0,0,0,0,0,1,1,1,1,0,0,1,0,0,0,0,0,0,1,0,0,0,0,0,0,0,0,0,0,0,0,0,0,0,0,0,0,0,0,0,0,0,0,0,0,0,1,0,0,0,0,0,0,0,0,1,0,0,0,0,0,0,0,0,0,1,0,0,0,0,0,0,1,0,0,0,1,1,0,0,0,0,0,0,1,0,0,0,0,0,0,0,0,0,0,0,0,0,0,0,0,1,0,0,0,0,0,0,0,0,0,0,0,0,0,0,0,0,0,0,0,0,0,0,0,0,0,0,0,0,0,0,0,0,0,0,0,0,0,0,0,0,0,0,0,0,0,0,0,0,0,0,0,0,0,0,1,0,1,0,0,0,0,0,1,0,0,0,0,0,0,0,0,0,0,0,0,0,0,0,1,0,0,0,0,0,0,0,0,0,0,0,0,0,0,1,0,0,0,0,0,0,0,0,0,0,1,0,0,0,0,0,0,0,0,0,0,0,0,0,0,0,0,0,0,0,0,0,0,0,0,0,0,0,1,0,0,0,0,0,0,1,1,1,0,0,0,0,0,0,-1,0,0,0,0,0,0,0,0,-1,0,0,-1,0,0,0,0,0,0,0,0,0,0,0,0,0,0,0,0,0,0,1,0,0,0,0,0,0,0,0,0,0,0,0,0,0,0,0,1,1,0,-1,-1,-1,1,1,1,0,0,0,0,1,0,0,1,1,0,0,0,0,1,0,0,0,0,0,0,0,0,0,0,0,0,0,0,0,0,0,0,0,0,0,0,0,0,0,0,0,0,0,1,1,0,1,0,1,1,0,1,0,1,1,0,1,0,0,1,0,0,0,0,0,0,0,0,0,0,0,0,0,0,0,0,0,0,0,0,0,0,0,0,0,0
0,1,1,300,228,8,8,228,114,25,1,0,0.0020000000949949026,4000.0,1.0,0.04500000178813934,25.0,48.0,8.0,291.70001220703125,1.7000000476837158,-3.179999907843012e-07,0.007360000163316727,0.008080000057816505,8.0,0.33000001311302185,0.0333000011742115,1.0,9.999999747378752e-06,21.0,9.999999747378752e-06,2775000064.0,9.000000136438757e-05,4.999999980020986e-13,5.0,40.0,3.0,-3.3499999046325684,3.3499999046325684,0.5,0.0004799999878741801,292.3927001953125,492.6077880859375,-0.0036125299520790577,0.002354159951210022,0.0008944629807956517,0.013157900422811508,0.800646185874939,0.02024419978260994,2650129920.0,0.006539999973028898,108,108,108,108,108,108,108,108,108,108,108,108,108,108,108,108,108,108,108,108,108,108,108,108,99,99,99,99,108,108,108,108,108,108,108,108,108,108,108,108,108,108,108,108,108,108,108,108,108,108,108,108,0,1,4,4,108,108,108,99,108,108,108,108,3,0,0.00040183006785809994,289.4161682128906,607.173828125,676.427978515625,749.387939453125,819.7008056640625,926.974609375,953.4466552734375,961.53564453125,947.3134765625,914.1068725585938,864.6090087890625,796.45947265625,722.6536865234375,649.6085205078125,583.7406616210938,521.3433227539062,471.48297119140625,434.1719055175781,408.5860290527344,392.2888488769531,384.26043701171875,382.4351806640625,384.2462158203125,387.12677001953125,388.5100402832031,0.013539391569793224,0.5470952987670898,0.7719144821166992,-0.003960391040891409,0.7556468844413757,0.9670287370681763,89448.2265625,3.080330498050898e-05,0.3052983582019806,0.5523754954338074,0.7792567610740662,0.8084949254989624,0.015026058070361614,1.0,-1.6815581571897805e-44,-3.4423224925994873,0.0,99.28343963623047,2664.694091796875,0.9437962770462036,657.3526000976562,108.0,-72.0,-21.980897903442383,0.6000000238418579,0.0,291.70001220703125,280648.09375,-0.8205356597900391,6.357577800750732,130.28829956054688,1.6835087537765503,7750000.0,8160000.0,86.12000274658203,119.0999984741211,0.5,9.999999747378752e-05,0.0,3.299999952316284,200.0,0.30000001192092896,309.20001220703125,2.439019908706541e-06,0,0,0,1,1,1,0,24,0,304.8236389160156,0.0,0.0,0.0,0.0,0.0,0.0,0.6046041250228882,0.8673748970031738,0.5178777575492859,0.04336318373680115,-0.005262420978397131,-0.005811793729662895,0.45663681626319885,0.4578671157360077,0.45807838439941406,1.0,25.0,24.0,6705696.5,6705875.5,6705979.5,288.789306640625,288.8245849609375,288.80242919921875,320.8091125488281,320.9075012207031,320.8089904785156,4400000.0,304.7991943359375,304.86602783203125,304.80572509765625,32.019805908203125,32.082916259765625,32.006561279296875,320.3974914550781,4538.90380859375,4534.31005859375,4549.81982421875,12.428576469421387,12.437644004821777,12.44094467163086,11.577972412109375,0.0,0.0,0.0020000000949949026,288.8054504394531,320.8418884277344,53.54873275756836,1.4525798559188843,1.4566172361373901,1.4572583436965942,18.4215087890625,39.0,40.0,42.0,41.0,0.0,0.0,6767799.5,6758618.5,72.48272705078125,5.0,0.014999999664723873,-180000.0,600.0,1000000.0,400000.0,0.17000000178813934,22000.0,786000.0,120000.0,0.0,40.0,30.0,36.810001373291016,0.5,18.399999618530273,50000.0,115692.3984375,15.113750457763672,0,0,1,0,0,0,0,13387084.0,0.0,0.0,0.0,0.0,0.0,-2024192.0,400000.0,1000000.0,1.0,1400000.0,0.0,0.44667139649391174,13375808.0,126869.6328125,13387084.0,340.31683349609375,40.007659912109375,4.471498012542725,-2024192.0,0.0,0.0,0.0,3.2425756454467773,40.007659912109375,0.0,22230.939453125,1.2010046243667603,0.0,0.0,0.0,20.0,14.711517333984375,22.0,0.0,0.0,0.0,0.05000000074505806,0.02500000037252903,0.17000000178813934,15400000.0,0.5,6.25,0.0006667000125162303,2.0,2410000.0,4140000.0,4.734799861907959,0.15000000596046448,0.20000000298023224,0.2199999988079071,1.0,0.0,-1.0,0.0,5.0,20.0,30.0,50.0,74.0,80.0,86.0,9.800000190734863,500000.0,1.0499999802959792e-07,0.5,750.0,1000.0,600.0,1000.0,1150.0,32.0,32.0,37.400001525878906,10.0,10.0,0.007000000216066837,0.5049999952316284,82.0,189.26499938964844,0.0,1.5099999904632568,231.60000610351562,20.0,36.0,16.600000381469727,16.5,225.0,-0.1756729930639267,27.5,-0.1756729930639267,30.485509872436523,0.1561516970396042,11.10221004486084,-1.8332500457763672,-75.0,4.3520002365112305,9.800000190734863,189.26499938964844,93.30000305175781,2650000.0,0.8500000238418579,7.570000171661377,0,1,0,0,0,0,0,0,0,0,0,1,3,3,0,0,1,0,0,0,0,0,0,1,0,0,0,0,1,0,0,0,0,0,0,0,0,0,0,1,0,0,0,0,0,0,0,0,0,0,12.051982879638672,29051.103515625,2153.699951171875,0.00041485889232717454,0.0004361289902590215,0.0006248649442568421,1.0,1.0,0.0,0.0,0.0,0.6112269759178162,0.6024144887924194,1.0,0.0,0.0,0.0,1.0,0.0,0.0,1.0,1.0,0.0,1.0,1.0,0.0,0.0,1.0,0.0,0.6215623021125793,0.6271323561668396,0.00041485889232717454,0.0,0.0,0.0,99998.78125,99999.0,2741089.75,2410000.0,36.20000076293945,36.20000076293945,36.20000076293945,32.517154693603516,249.60360717773438,122.80533599853516,44.54804992675781,26.463916778564453,36.38494110107422,27.0,28.146041870117188,27.0,0.0,32.0,20.0,68.57752227783203,3446668.0,0.5432168841362,3.7799999713897705,5.016567707061768,8.919783592224121,0.0,0.0,0.0,1.401298464324817e-45,5.210355281829834,5.210355281829834,0.5049998760223389,0.5049998760223389,0.5049998760223389,0.18937495350837708,0.18937495350837708,0.18937495350837708,0.0,0.0,0.0,0.0,0.0,0.0,5.294999599456787,0.0,0.0,0.0,0.0,0.0,0.0,100.0,73.9822769165039,0.48863571882247925,0.0,20.0,0.0,5.210355281829834,5.957376956939697,0.0,0.0,0.0,0.007000000216066837,0.0,0.0,10.308613777160645,0.0,1.7324244976043701,1.401298464324817e-45,5.963442325592041,0.0,0.0,0.0,0.0,0.0,0.0,20.0,0.0,0.0,13100797.0,0.0,0.0,0.0,0.0,0.0,0.0,0.0,0.351500004529953,18.93000030517578,23.030000686645508,7.69199959904654e-06,0.08500000089406967,0.009999999776482582,24.0,27.0,8.800000190734863,500000.0,0.05000000074505806,2.7000000013543968e-09,2.7000000013543968e-09,145100.0,120000.0,14650000.0,86400.0,17.0,34.5,48.70000076293945,321.8999938964844,83170.0,0.0,1.0,1.0,0.0010000000474974513,725.0,0.0,0.5,0.0,0.0,57.31999969482422,837142.875,9359.77734375,117376.1015625,2623.89794921875,83026.390625,725.0,1.0204100362898316e-05,740000000.0,1,0,1,0,1,0,1,0,0,0,0,8.799991607666016,27.0,3755.431396484375,0.0,0.0,0.0,0.0,1.5086027383804321,0.0004016999446321279,0.0,0.02888677641749382,39.216068267822266,1.0,25864.3828125,7171.4365234375,3.7515597796300426e-05,1525236992.0,2042860288.0,2142572416.0,480397024.0,-71.46106719970703,-171.33653259277344,281550656.0,1562463360.0,5.963442325592041,0.0,77.42450714111328,171.33653259277344,106381.3984375,4084.862548828125,146371.921875,164707.484375,123864.3828125,47.80010986328125,39.216068267822266,39.216068267822266,1.0,3.7515597796300426e-05,7171.4365234375,948643758080.0,0.20056314766407013,137600.0,137600.0,93302888.0,72.5115737915039,6476.67626953125,1.0,0.0,1700.0,250000.0,10000.0,1038.0,0.004999999888241291,400.0,5000.0,0,0,0,0,2959622.5,63.44252395629883,63.44252395629883,1216415.25,2805571.0,0.0,0.0,965641.5625,221.12716674804688,6697381.5,0.0,0.0,1.0,1.0,663.5568237304688,275.3855285644531,178.43634033203125,0.0,5957889.0,758433.6875,178.43634033203125,1.0,1.0,1.0,0.0,172.32464599609375,429.76995849609375,213.41876220703125,0.43448442220687866,0.0,7680000.0,86.89728546142578,88.84984588623047,90.02545928955078,0.0,2805571.0,0.0,126.88504791259766,0.43448442220687866,0.0,283.41119384765625,1.0,0.0,-7.5742998123168945,0.0,0.0,9.999999974752427e-07,0.0,2.0,0.0003000000142492354,0.004999999888241291,0.0010000000474974513,2.0000000233721948e-07,2.0000000233721948e-07,0.0005555999814532697,993000000.0,1.0,0.05000000074505806,0.10000000149011612,0.0005000000237487257,0.0016700000269338489,0.009999999776482582,1.0,1.0,0.0010000000474974513,4.999999873689376e-05,0.00039999998989515007,0.019999999552965164,0.9891999959945679,0.9891999959945679,0.9950000047683716,0.9950000047683716,1,0,0,0,1,1,0,0,0,0,0,0,0,0,-0.007456979714334011,-7404781.0,5000.298828125,965641.5625,0.0,2546223.0,0.0,1.0,2569281.25,0.0,0.0,60.0,180.0,1800.0,1800.0,0.0,0.0,0.0,0.0,-0.012236599810421467,0.0,0.0,0.0,0.0,0.0,0.0,0.0,0.0,0.0,0.0,0.0,6.602997746085748e-05,0.0,7.006492321624085e-44,1,1,0,1,1,1,0,1,1,0,1,0,1,0,1,1,1,1,0,1,0,1000,1000,0,1,5001,5001,0.0,0.0,120.0,120.0,0.0,0.0,0.4000000059604645,0.10000000149011612,0.10000000149011612,2.0,500.0,200.0,0.9900000095367432,300000.0,5000.0,45000.0,20000.0,0.019999999552965164,2.0,0.05000000074505806,0.019999999552965164,6.0,0.05000000074505806,0.019999999552965164,0.019999999552965164,88.30000305175781,0.10000000149011612,0.800000011920929,0.05000000074505806,0.009999999776482582,50.0,50.0,340.0,340.0,1000000.0,1,1,1,1,1,1,1,1,1,1,0,0,0,1,1,0,1.0,0.0,0.0,0.0,0.00013415624562185258,0.0,0.0,0.0,0.9180192947387695,0.9180192947387695,0.9180192947387695,5000.29296875,3909746.75,3914747.0,50.0,27.615478515625,0.4000000059604645,0.0,0.0,0.10000000149011612,0.17441098392009735,0.4925430119037628,22164.435546875,20.0,29.202341079711914,778923.1875,29.878053665161133,4284.1728515625,721.22216796875,0.7789232134819031,0.917904257774353,9.473008155822754,1.0,3220822.5,3304317.0,9.718579292297363,20.0,0.2755575478076935,27.555755615234375,0.0,636.4223022460938,369.2959899902344,100000.0,50000.0,1115.300048828125,50000.0,700.0,2000.0,2800000.0,3500000.0,4000000.0,9.999999747378752e-05,4.999999873689376e-05,500.0,20000.0,100.0,500.0,60000.0,1200.0,1.0,120.0,150000.0,3000.0,300.0,1.0,300.0,0.019999999552965164,0.019999999552965164,0.009999999776482582,0.009999999776482582,0.009999999776482582,0.019999999552965164,1.100000023841858,0.019999999552965164,4.0,0.019999999552965164,88.0,1613.0,0.009999999776482582,0.20000000298023224,3.0,5.0,600.0,0.0010000000474974513,88.0,88.0,2000.0,2340.0,-0.11599799990653992,-0.03561130166053772,-0.04758000001311302,-0.01752999983727932,0,0,0,0,0,1,0,515.3638305664062,515.3638305664062,2.06976318359375,2.06976318359375,0.016698678955435753,29.878053665161133,164.19998168945312,1347.688232421875,1037.056884765625,671.1487426757812,671.1487426757812,2.69537353515625,2.69537353515625,1498.42333984375,534.7459716796875,0.0,0.0,2663660.25,20.00048065185547,20.00048065185547,156.02371215820312,156.02371215820312,65706.453125,65706.453125,1.0951075553894043,1.0951075553894043,110.56358337402344,110.56358337402344,24.986356735229492,24.986356735229492,104545.421875,104545.421875,24.99611473083496,155.30397033691406,158.3308868408203,2663742.75,20.00048065185547,20.00048065185547,211.8299102783203,211.8299102783203,155.99661254882812,155.99661254882812,652705.5,652705.5,0.0,114.12906646728516,114.12906646728516,228.2748260498047,159969.015625,159969.015625,1.066460132598877,1.066460132598877,223.1472930908203,155.99661254882812,0.0,0.0,0.0,199.38040161132812,199.38040161132812,398.76080322265625,0.0,0.0,0.0,0.0,0.0,199.38040161132812,199.38040161132812,0.026315800845623016,11.536199569702148,0.20000000298023224,0.8663333058357239,0.9172407388687134,0.8708744645118713,0.6046041250228882,0.5187056064605713,0.6055018901824951,0.9599996209144592,1.0,1.0,1.0,0.9999998211860657,0.9999998211860657,0.9999998211860657,190835.46875,193242.0625,0.0,0.0,0.0,0.0,0.0,0.0,0.0,296.3810119628906,297.7510070800781,0.0,190813.109375,190813.109375,0.0,0.0,0.0,0.0,0.8431510329246521,0.8431510329246521,0.8431510329246521,0.7881785035133362,1160336.75,0.9959999918937683,0.9959999918937683,0.9959999918937683,0.9959999918937683,5577213.0,2779778.5,7319579.5,8354340.5,2606300.0,4014903.0,0.003909746650606394,0.007829493843019009,1034.8671875,0.0,0.0,0.0,0.0,0.0,0.0,0.0,0.0,0.0,1347.7049560546875,1034.87890625,347.11126708984375,347.11126708984375,347.11126708984375,458.403076171875,458.403076171875,458.403076171875,2.9991767406463623,0.7414403557777405,0.8607296943664551,2.9993128776550293,5.0,0.0040000081062316895,0.0040000081062316895,0.0040000081062316895,0.0040000081062316895,0.0,-0.4368000030517578,0.0,599835.375,164.19998168945312,164.19998168945312,0.0,20.0,2801117.25,7.25,12.0,10.25,190.9485321044922,190.9485321044922,190.9485321044922,0.0,0.0,0.7926306128501892,0.9211652278900146,10000.0,10000.0,0.011826000176370144,1038.5,0.027953999117016792,0.0,0.0,1.0878000259399414,1.0809999704360962,9.000000136438757e-05,103.0,33.220001220703125,1.8179999589920044,0.029999999329447746,49.0,8.329999923706055,4.159999847412109,58.0,302.0,4.5,0.699999988079071,0.4000000059604645,7.5,1.3799999952316284,2.492000102996826,7000.0,48.88999938964844,1.2000000476837158,45.0,62000.0,4590000.0,4250000.0,15900000.0,15100000.0,0.05000000074505806,0.17000000178813934,0.009999999776482582,15220000.0,1.6699999570846558,312.7799987792969,1.1100000143051147,4232.0,0.25,689000.0,4030000.0,9.829999923706055,8.550000190734863,12200000.0,231.10000610351562,88.3239974975586,633.0,1.1430000066757202,0.6858000159263611,-10.0,-3.7799999713897705,0.7799999713897705,295.5,4030000.0,12400000.0,0.9200000166893005,5.0,1,0,1,228,154,0,0,0,0,0,1,1,1,1,0,0,1,1,1,1,0,1,1,0,0,0,0,1,1,1,0,0,0,0,0,0,0,0,0,8,1,0,0,0,0.7792567610740662,6705696.5,1.0877995491027832,0.9388738870620728,1.0016320943832397,304.8495788574219,32.142208099365234,-0.06391958147287369,1,1,1,0,0,0,1,1,0,0,0,0,0,388,0.20000000298023224,0.20000000298023224,0.20000000298023224,0.0,2,0,0,0,0,0,0,0,0,0,0,0,0,0,0,0,0,0,0,0,0,0,0,0,0,0,0,0,0,0,0,0,0,0,0,0,0,0,0,0,0,0,0,0,0,0,0,0,0,0,0,1,0,0,0,0,0,0,0,0,0,0,0,0,0,0,0,0,0,0,0,0,0,0,0,0,0,0,0,0,0,0,0,0,0,0,0,0,0,0,0,0,0,0,0,0,0,0,0,0,0,0,0,0,0,0,0,0,0,0,0,0,0,0,0,0,0,0,0,0,0,0,0,0,0,0,0,0,0,0,0,0,0,0,0,0,0,0,0,0,0,0,0,1,0,0,0,0,0,0,0,0,0,0,0,-1,0,0,0,0,0,0,1,1,0,0,77.92567443847656,-3.4423224925994873,0.0,-0.8205356597900391,-1.6815581571897805e-44,291.70001220703125,304.8495788574219,657.3526000976562,-0.003960391040891409,99.28343963623047,2664.694091796875,1.0877995491027832,1.0016320943832397,-1.0,-13.149566650390625,6.827850029367255e-06,0.02888677641749382,100.0,27.0,0.0,7.799991607666016,3.8556060791015625,1.0,1.0,39.216068267822266,0.2639227509498596,20.0,3.7515597796300426e-05,0.0,73.9822769165039,1.7324244976043701,1.8179994821548462,0.00036938843550160527,0.6817498207092285,0.5432168841362,27.970354080200195,8.919783592224121,18.757278442382812,18.059642791748047,0.6112269759178162,44.54804992675781,44.898040771484375,249.60360717773438,122.80533599853516,0.9558529853820801,320.5252380371094,40.007659912109375,0.29459047317504883,288.7752685546875,288.79742431640625,288.76220703125,320.8814392089844,320.9992370605469,320.8818054199219,100.0,4.196432113647461,48.86357116699219,136.4880828857422,304.828369140625,304.8983154296875,304.822021484375,340.32940673828125,44.66714096069336,32.40163803100586,136.4880828857422,0.0,0.9378212094306946,0.9406149387359619,0.9382134675979614,86.97161865234375,86.94806671142578,86.8857650756836,68.4284896850586,68.42742919921875,68.42559814453125,45.807838439941406,45.786712646484375,45.66368103027344,98.93205261230469,98.6116943359375,98.69452667236328,0.0,0.0,0.0,80.05876159667969,78.85150146484375,76.89323425292969,29.0,0.0,48.0,0.6055018901824951,0.6966995596885681,0.5187056064605713,0.7337926030158997,0.6046041250228882,0.6930666565895081,41.0,78.36749267578125,68.34075164794922,223.1472930908203,10.783769607543945,9.999999974752427e-07,85.24852752685547,0.0,155.30397033691406,0.0,721.22216796875,39.94647216796875,29.878053665161133,0.0,9.473008155822754,77.89231872558594,0.43448442220687866,0.9718579053878784,20.0,0.0,60.0,120.0,0.0,120.0,0.0,0.0,0.0,0.0,18.089122772216797,89.19783782958984,2.0,200.0,0,0,108,108,108,108,99,108,108,108,154,0,99999,99999,11,402,1800,180,1800,0,0,-7,77,23,0,0,0,806,1424,29,31,32,0,0,0,0,0,0,0,0,1,0,0,0,0,0,1,0,0,0,0,1,1,1,0,1,0,0,0,1,0,0,0,0,0,0,0,0,0,0,0,0,1,0,1,0,0,1,1,0,1,0,1,0,1,0,0,0,1,1,0,1,0,1,0,0,0,1,1,0,0,0,1,0,1,0,0,0,0,1,1,0,0,1,0,0,0,1,0,0,0,0,0,0,1,0,0,0,1,1,0,0,1,0,1,0,1,0,1,0,0,0,1,0,1,1,1,0,0,1,0,0,0,0,0,1,1,1,0,0,0,0,0,0,0,0,0,0,0,1,0,1,0,1,0,0,0,0,0,0,0,0,1,1,1,1,0,1,0,1,1,1,1,1,1,1,0,0,0,0,0,0,1,0,1,1,1,1,1,1,1,1,1,1,1,1,0,0,1,1,0,0,1,1,0,1,1,0,0,1,1,0,0,0,0,0,0,1,1,1,0,0,1,1,0,1,1,1,0,0,1,0,1,1,0,1,1,1,0,1,1,0,1,0,1,0,0,0,0,0,0,0,1,1,1,1,0,0,1,0,0,0,0,0,1,1,0,1,0,0,0,0,0,0,0,0,0,0,0,0,0,0,0,0,0,0,0,0,0,0,0,0,0,1,0,0,0,0,0,0,0,0,1,0,0,0,0,0,0,0,0,0,1,0,0,0,0,0,0,1,0,0,0,1,1,0,0,0,0,0,0,1,0,0,0,0,0,0,1,0,0,0,0,0,0,0,0,0,1,0,0,0,0,0,0,0,0,0,0,0,0,0,0,0,0,0,0,0,0,0,0,0,0,0,0,0,0,0,0,0,0,0,0,0,0,0,0,0,0,0,0,0,0,0,0,0,0,0,0,0,0,0,0,1,0,1,0,0,0,0,0,1,0,0,0,0,0,0,0,0,0,0,0,0,0,0,0,1,0,0,0,0,0,0,0,0,0,0,0,0,0,0,1,0,0,0,0,0,0,0,0,0,0,1,0,0,0,0,0,0,0,0,0,0,0,0,0,0,0,0,0,0,0,0,0,0,0,0,0,0,0,1,0,0,0,0,0,0,1,1,1,0,0,0,0,0,0,-1,0,0,0,0,0,0,0,0,-1,0,0,-1,0,0,0,0,0,0,0,0,0,0,0,0,0,0,0,0,0,0,1,0,0,0,0,0,0,0,0,0,0,0,0,0,0,0,0,1,1,0,-1,-1,-1,1,1,1,0,0,0,0,1,0,0,1,1,0,0,0,0,1,0,0,0,0,0,0,0,0,0,0,0,0,0,0,0,0,0,0,0,0,0,0,0,0,0,0,0,0,0,1,1,0,1,0,1,1,0,1,0,1,1,0,1,0,0,1,0,0,0,0,0,0,0,0,0,0,0,0,0,0,0,0,0,0,0,0,0,0,0,0,0,0
0,1,1,300,228,8,8,228,114,25,1,0,0.0020000000949949026,4000.0,1.0,0.04500000178813934,25.0,48.0,8.0,291.70001220703125,1.7000000476837158,-3.179999907843012e-07,0.007360000163316727,0.008080000057816505,8.0,0.33000001311302185,0.0333000011742115,1.0,9.999999747378752e-06,21.0,9.999999747378752e-06,2775000064.0,9.000000136438757e-05,4.999999980020986e-13,5.0,40.0,3.0,-3.3499999046325684,3.3499999046325684,0.5,0.0004799999878741801,292.3927001953125,492.6077880859375,-0.0036125299520790577,0.002354159951210022,0.0008944629807956517,0.013157900422811508,0.800646185874939,0.02024419978260994,2650129920.0,0.006539999973028898,63,63,63,63,63,63,63,63,63,63,63,63,63,63,63,63,62,62,62,62,62,62,62,62,54,54,54,54,63,63,63,63,63,63,63,63,63,63,63,63,63,63,63,63,63,63,63,63,63,63,63,63,0,1,4,4,63,63,62,54,63,63,63,63,4,0,0.00040183006785809994,289.3405456542969,583.2906494140625,645.4913330078125,711.261962890625,774.482666015625,868.7955322265625,889.1234741210938,890.048583984375,870.6260375976562,834.9766845703125,786.60400390625,723.65234375,657.85888671875,594.2882080078125,538.0046997070312,485.7649841308594,444.65948486328125,414.3310546875,393.7379150390625,380.594970703125,373.97320556640625,372.24261474609375,373.3793029785156,375.3592834472656,376.1586608886719,0.013743484392762184,0.33826279640197754,0.771908164024353,-0.015476192347705364,0.7556623220443726,0.965791642665863,67840.359375,2.6924673875328153e-05,0.30420708656311035,0.33372893929481506,0.6508064270019531,0.6981117129325867,0.007879886776208878,1.0,-1.6815581571897805e-44,-3.506074905395508,0.0,99.28227996826172,2664.79931640625,0.9438155293464661,622.77294921875,63.0,-72.0,-47.285194396972656,0.20000000298023224,0.0,291.70001220703125,280648.65625,-0.8109740614891052,6.358096122741699,130.28829956054688,3.591914653778076,7750000.0,8160000.0,86.12000274658203,119.0999984741211,0.5,9.999999747378752e-05,0.0,3.299999952316284,200.0,0.30000001192092896,309.20001220703125,2.439019908706541e-06,0,0,0,1,1,1,0,24,0,304.76080322265625,0.0,0.0,0.0,0.0,0.0,0.0,0.6605285406112671,0.8673703670501709,0.5179773569107056,0.07127559185028076,-0.004646313842386007,-0.0052080643363296986,0.42872440814971924,0.4299814999103546,0.4301610291004181,1.0,25.0,24.0,6870437.0,6870590.0,6870708.5,288.9853515625,289.021240234375,288.99951171875,320.50042724609375,320.55828857421875,320.5,4400000.0,304.7428894042969,304.7897644042969,304.749755859375,31.51507568359375,31.53704833984375,31.50048828125,319.81732177734375,4534.9013671875,4528.7509765625,4545.77978515625,12.245504379272461,12.254759788513184,12.257939338684082,12.472686767578125,0.0,0.0,0.0020000000949949026,289.0020446777344,320.5195617675781,13.910279273986816,1.3658475875854492,1.3699368238449097,1.3705123662948608,27.52486801147461,39.0,40.0,42.0,41.0,0.0,0.0,6912748.0,6900964.0,72.2151107788086,5.0,0.014999999664723873,-180000.0,600.0,1000000.0,400000.0,0.17000000178813934,22000.0,786000.0,120000.0,0.0,40.0,30.0,36.810001373291016,0.5,18.399999618530273,50000.0,115692.3984375,15.113750457763672,0,0,1,0,0,0,0,13408545.0,0.0,0.0,0.0,0.0,0.0,-1995369.0,400000.0,1000000.0,1.0,1400000.0,0.0,0.4481982886791229,13404631.0,126869.6328125,13408545.0,340.29425048828125,40.007659912109375,4.4854278564453125,-1995369.0,0.0,0.0,0.0,3.249598503112793,40.007659912109375,0.0,22230.939453125,1.2010046243667603,0.0,0.0,0.0,20.0,14.711517333984375,22.0,0.0,0.0,0.0,0.05000000074505806,0.02500000037252903,0.17000000178813934,15400000.0,0.5,6.25,0.0006667000125162303,2.0,2410000.0,4140000.0,4.734799861907959,0.15000000596046448,0.20000000298023224,0.2199999988079071,1.0,0.0,-1.0,0.0,5.0,20.0,30.0,50.0,74.0,80.0,86.0,9.800000190734863,500000.0,1.0499999802959792e-07,0.5,750.0,1000.0,600.0,1000.0,1150.0,32.0,32.0,37.400001525878906,10.0,10.0,0.007000000216066837,0.5049999952316284,82.0,189.26499938964844,0.0,1.5099999904632568,231.60000610351562,20.0,36.0,16.600000381469727,16.5,225.0,-0.1756729930639267,27.5,-0.1756729930639267,30.485509872436523,0.1561516970396042,11.10221004486084,-1.8332500457763672,-75.0,4.3520002365112305,9.800000190734863,189.26499938964844,93.30000305175781,2650000.0,0.8500000238418579,7.570000171661377,0,1,0,0,0,0,0,0,0,0,0,1,3,3,0,0,1,0,0,0,0,0,0,1,0,0,0,0,1,0,0,0,0,0,0,0,0,0,0,1,0,0,0,0,0,0,0,0,0,0,12.05175495147705,29050.65234375,2153.699951171875,0.00041485746623948216,0.0004361289902590215,0.0006248649442568421,1.0,1.0,0.0,0.0,0.0,0.6115696430206299,0.6033738851547241,1.0,0.0,0.0,0.0,1.0,0.0,0.0,1.0,1.0,0.0,1.0,1.0,0.0,0.0,1.0,0.0,0.6213172674179077,0.6267225742340088,0.00041485746623948216,0.0,0.0,0.0,99998.78125,99999.0,2740009.25,2410000.0,36.20000076293945,36.20000076293945,36.20000076293945,32.51925277709961,249.2901611328125,122.58969116210938,44.489261627197266,26.466625213623047,36.36613464355469,27.0,28.14026641845703,27.0,0.0,32.0,20.0,68.57752227783203,3446668.0,0.5432168841362,3.7799999713897705,5.02439546585083,8.919783592224121,0.0,0.0,0.0,1.401298464324817e-45,5.213185787200928,5.213185787200928,0.5049998760223389,0.5049998760223389,0.5049998760223389,0.18937495350837708,0.18937495350837708,0.18937495350837708,0.0,0.0,0.0,0.0,0.0,0.0,5.294999599456787,0.0,0.0,0.0,0.0,0.0,0.0,100.0,73.97830200195312,0.4872254729270935,0.0,20.0,0.0,5.213185787200928,5.966213703155518,0.0,0.0,0.0,0.007000000216066837,0.0,0.0,10.316937446594238,0.0,1.7323851585388184,1.401298464324817e-45,5.9712700843811035,0.0,0.0,0.0,0.0,0.0,0.0,20.0,0.0,0.0,13094918.0,0.0,0.0,0.0,0.0,0.0,0.0,0.0,0.351500004529953,18.93000030517578,23.030000686645508,7.69199959904654e-06,0.08500000089406967,0.009999999776482582,24.0,27.0,8.800000190734863,500000.0,0.05000000074505806,2.7000000013543968e-09,2.7000000013543968e-09,145100.0,120000.0,14650000.0,86400.0,17.0,34.5,48.70000076293945,321.8999938964844,83170.0,0.0,1.0,1.0,0.0010000000474974513,725.0,0.0,0.5,0.0,0.0,57.31999969482422,837142.875,9359.77734375,117376.1015625,2623.89794921875,83026.390625,725.0,1.0204100362898316e-05,740000000.0,1,0,1,0,1,0,1,0,0,0,0,8.799991607666016,27.0,3798.891845703125,0.0,0.0,0.0,0.0,1.526066541671753,0.00040170183638110757,0.0,0.029221074655652046,39.257896423339844,1.0,25877.171875,7250.58984375,3.794987060246058e-05,749112640.0,1956897792.0,2056334592.0,806153536.0,-71.18084716796875,-287.0920715332031,261848096.0,1150744320.0,5.9712700843811035,0.0,77.15211486816406,287.0920715332031,106381.3984375,4093.50732421875,146406.734375,164883.171875,123877.171875,48.40011215209961,39.257896423339844,39.257896423339844,1.0,3.794987060246058e-05,7250.58984375,949491793920.0,0.20061750710010529,137600.0,137600.0,93009880.0,72.2397232055664,6489.37158203125,1.0,0.0,1700.0,250000.0,10000.0,1038.0,0.004999999888241291,400.0,5000.0,0,0,0,0,2959622.5,63.06262969970703,63.06262969970703,1216415.25,2809030.75,0.0,0.0,865633.6875,218.4842529296875,6859506.0,0.0,0.0,1.0,1.0,551.1396484375,275.3855285644531,173.67723083496094,0.0,5957889.0,736918.1875,173.67723083496094,1.0,1.0,1.0,0.0,292.24737548828125,320.6985778808594,329.85992431640625,0.6149320602416992,0.0,7680000.0,117.5926742553711,119.2855453491211,120.6490478515625,0.0,2809030.75,0.0,126.12525939941406,0.6149320602416992,0.0,284.8184814453125,1.0,0.0,-7.5742998123168945,0.0,0.0,9.999999974752427e-07,0.0,2.0,0.0003000000142492354,0.004999999888241291,0.0010000000474974513,2.0000000233721948e-07,2.0000000233721948e-07,0.0005555999814532697,993000000.0,1.0,0.05000000074505806,0.10000000149011612,0.0005000000237487257,0.0016700000269338489,0.009999999776482582,1.0,1.0,0.0010000000474974513,4.999999873689376e-05,0.00039999998989515007,0.019999999552965164,0.9891999959945679,0.9891999959945679,0.9950000047683716,0.9950000047683716,1,0,0,0,1,1,0,0,0,0,0,0,0,0,-0.007456979714334011,-7404781.0,5000.28125,865633.6875,0.0,2546223.0,0.0,1.0,2569281.25,0.0,0.0,60.0,180.0,1800.0,1800.0,0.0,0.0,0.0,0.0,-0.012236599810421467,0.0,0.0,0.0,0.0,0.0,0.0,0.0,0.0,0.0,0.0,0.0,6.602997746085748e-05,0.0,7.006492321624085e-44,1,1,0,1,1,1,0,1,1,0,1,0,1,0,1,1,1,1,0,1,0,1000,1000,0,1,5001,5001,0.0,0.0,120.0,120.0,0.0,0.0,0.4000000059604645,0.10000000149011612,0.10000000149011612,2.0,500.0,200.0,0.9900000095367432,300000.0,5000.0,45000.0,20000.0,0.019999999552965164,2.0,0.05000000074505806,0.019999999552965164,6.0,0.05000000074505806,0.019999999552965164,0.019999999552965164,88.30000305175781,0.10000000149011612,0.800000011920929,0.05000000074505806,0.009999999776482582,50.0,50.0,340.0,340.0,1000000.0,1,1,1,1,1,1,1,1,1,1,0,0,0,1,1,0,1.0,0.0,0.0,0.0,0.00012412499927449971,0.0,0.0,0.0,0.9180119037628174,0.9180119037628174,0.9180119037628174,5000.275390625,3910168.25,3915168.5,50.0,27.61543846130371,0.4000000059604645,0.0,0.0,0.10000000149011612,0.1786329746246338,0.4925430119037628,22164.435546875,20.0,29.202341079711914,778864.625,29.269887924194336,4168.7333984375,721.2223510742188,0.7788646221160889,0.917889416217804,9.472968101501465,1.0,3220809.0,3304317.0,9.718579292297363,20.0,0.27560409903526306,27.560409545898438,0.0,636.4223022460938,353.55194091796875,100000.0,50000.0,1115.300048828125,50000.0,700.0,2000.0,2800000.0,3500000.0,4000000.0,9.999999747378752e-05,4.999999873689376e-05,500.0,20000.0,100.0,500.0,60000.0,1200.0,1.0,120.0,150000.0,3000.0,300.0,1.0,300.0,0.019999999552965164,0.019999999552965164,0.009999999776482582,0.009999999776482582,0.009999999776482582,0.019999999552965164,1.100000023841858,0.019999999552965164,4.0,0.019999999552965164,88.0,1613.0,0.009999999776482582,0.20000000298023224,3.0,5.0,600.0,0.0010000000474974513,88.0,88.0,2000.0,2340.0,-0.11599799990653992,-0.03561130166053772,-0.04758000001311302,-0.01752999983727932,0,0,0,0,0,1,0,514.7145385742188,514.7145385742188,2.067138671875,2.067138671875,0.01681629940867424,29.269887924194336,164.1966094970703,1268.4334716796875,1036.345458984375,631.6798706054688,631.6798706054688,2.536865234375,2.536865234375,1442.6622314453125,533.5250244140625,0.0,0.0,2663660.25,20.00048065185547,20.00048065185547,155.90292358398438,155.90292358398438,65704.0625,65704.0625,1.0950677394866943,1.0950677394866943,109.24212646484375,109.24212646484375,24.973892211914062,24.973892211914062,104493.2734375,104493.2734375,24.983720779418945,155.28054809570312,158.3110809326172,2667683.75,20.00048065185547,20.00048065185547,206.87249755859375,206.87249755859375,156.0585174560547,156.0585174560547,652964.5,652964.5,0.0,114.08128356933594,114.08128356933594,228.17938232421875,159887.625,159887.625,1.0659174919128418,1.0659174919128418,221.37033081054688,156.0585174560547,0.0,0.0,0.0,197.75247192382812,197.75247192382812,395.50494384765625,0.0,0.0,0.0,0.0,0.0,197.75247192382812,197.75247192382812,0.026315800845623016,10.857778549194336,0.20000000298023224,0.8656305074691772,0.9165387153625488,0.8701717257499695,0.6605285406112671,0.5745744705200195,0.6614338755607605,0.9599996209144592,1.0,1.0,1.0,0.9999998211860657,0.9999998211860657,0.9999998211860657,190835.09375,193242.0625,0.0,0.0,0.0,0.0,0.0,0.0,0.0,296.3810119628906,297.7510070800781,0.0,190814.40625,190814.40625,0.0,0.0,0.0,0.0,0.8406056761741638,0.8406056761741638,0.8406056761741638,0.7514584064483643,1142495.375,0.9959999918937683,0.9959999918937683,0.9959999918937683,0.9959999918937683,5627641.5,2788489.5,7351377.5,8413150.0,2606300.0,4010597.0,0.003910168074071407,0.007830336689949036,1033.5633544921875,0.0,0.0,0.0,0.0,0.0,0.0,0.0,0.0,0.0,1268.4503173828125,1033.5750732421875,346.9616394042969,346.9616394042969,346.9616394042969,431.44549560546875,431.44549560546875,431.44549560546875,2.9987645149230957,0.7282114028930664,0.8601536154747009,2.9989025592803955,5.0,0.0040000081062316895,0.0040000081062316895,0.0040000081062316895,0.0040000081062316895,0.0,-0.4368000030517578,0.0,599752.875,164.1966094970703,164.1966094970703,0.0,20.0,2803337.25,7.25,12.0,10.25,179.67010498046875,179.67010498046875,179.67010498046875,0.0,0.0,0.7926306128501892,0.9211652278900146,10000.0,10000.0,0.011826000176370144,1038.5,0.027953999117016792,0.0,0.0,1.0878000259399414,1.0809999704360962,9.000000136438757e-05,103.0,33.220001220703125,1.8179999589920044,0.029999999329447746,49.0,8.329999923706055,4.159999847412109,58.0,302.0,4.5,0.699999988079071,0.4000000059604645,7.5,1.3799999952316284,2.492000102996826,7000.0,48.88999938964844,1.2000000476837158,45.0,62000.0,4590000.0,4250000.0,15900000.0,15100000.0,0.05000000074505806,0.17000000178813934,0.009999999776482582,15220000.0,1.6699999570846558,312.7799987792969,1.1100000143051147,4232.0,0.25,689000.0,4030000.0,9.829999923706055,8.550000190734863,12200000.0,231.10000610351562,88.3239974975586,633.0,1.1430000066757202,0.6858000159263611,-10.0,-3.7799999713897705,0.7799999713897705,295.5,4030000.0,12400000.0,0.9200000166893005,5.0,1,0,1,228,153,0,0,0,0,0,1,1,1,1,0,0,1,1,1,1,0,1,1,0,0,0,0,1,1,1,0,0,0,0,0,0,0,0,0,8,4,0,0,0,0.6508064270019531,6870437.0,1.0877995491027832,0.9267940521240234,1.0060628652572632,304.7805480957031,31.728656768798828,-0.13896384835243225,1,1,1,0,0,0,1,1,0,0,0,0,0,391,0.20000000298023224,0.20000000298023224,0.20000000298023224,0.0,2,0,0,0,0,0,0,0,0,0,0,0,0,0,0,0,0,0,0,0,0,0,0,0,0,0,0,0,0,0,0,0,0,0,0,0,0,0,0,0,0,0,0,0,0,0,0,0,0,0,0,1,0,0,0,0,0,0,0,0,0,0,0,0,0,0,0,0,0,0,0,0,0,0,0,0,0,0,0,0,0,0,0,0,0,0,0,0,0,0,0,0,0,0,0,0,0,0,0,0,0,0,0,0,0,0,0,0,0,0,0,0,0,0,0,0,0,0,0,0,0,0,0,0,0,0,0,0,0,0,0,0,0,0,0,0,0,0,0,0,0,0,0,1,0,0,0,0,0,0,0,0,0,0,0,-1,0,0,0,0,0,0,1,1,0,0,65.08064270019531,-3.506074905395508,0.0,-0.8109740614891052,-1.6815581571897805e-44,291.70001220703125,304.7805480957031,622.77294921875,-0.015476192347705364,99.28227996826172,2664.79931640625,1.0877995491027832,1.0060628652572632,-1.0,-13.080535888671875,6.827850029367255e-06,0.029221074655652046,100.0,27.0,0.0,7.799991607666016,3.8603732585906982,1.0,1.0,39.257896423339844,0.26405325531959534,20.0,3.794987060246058e-05,0.0,73.97830200195312,1.7323851585388184,1.8179994821548462,0.00036938843550160527,0.6817498207092285,0.5432168841362,27.95932960510254,8.919783592224121,18.767467498779297,18.08782386779785,0.6115696430206299,44.489261627197266,44.898040771484375,249.2901611328125,122.58969116210938,0.9561344981193542,320.0511779785156,40.007659912109375,0.29459047317504883,288.913330078125,288.93536376953125,288.8995361328125,320.6217346191406,320.6910705566406,320.6223449707031,100.0,3.9027185440063477,48.7225456237793,136.78219604492188,304.76751708984375,304.813232421875,304.76092529296875,340.29730224609375,44.819828033447266,32.478614807128906,136.78219604492188,0.0,0.9262024760246277,0.927584171295166,0.9266232252120972,85.64773559570312,85.62553405761719,85.56140899658203,70.1093978881836,70.10819244384766,70.10662841796875,43.0161018371582,42.99814987182617,42.872440338134766,98.86558532714844,98.5016098022461,98.62882232666016,0.0,0.0,0.0,110.43646240234375,109.15585327148438,107.3429946899414,29.0,0.0,48.0,0.6614338755607605,0.6961373686790466,0.5745744705200195,0.7332310080528259,0.6605285406112671,0.6925044059753418,41.0,78.36749267578125,69.99508666992188,221.37033081054688,18.28832244873047,9.999999974752427e-07,85.84862518310547,0.0,155.28054809570312,0.0,721.2223510742188,39.95077133178711,29.269887924194336,0.0,9.472968101501465,77.88645935058594,0.6149320602416992,0.9718579053878784,20.0,0.0,60.0,120.0,0.0,120.0,0.0,0.0,0.0,0.0,18.089122772216797,89.19783782958984,2.0,200.0,0,0,63,63,63,63,54,62,63,63,153,0,99999,99999,12,402,1800,180,1800,0,0,-7,65,23,0,0,0,806,1424,29,31,32,0,0,0,0,0,0,0,0,1,0,0,0,0,0,1,0,0,0,0,1,1,1,0,1,0,0,0,1,0,0,0,0,0,0,0,0,0,0,0,0,1,0,1,0,0,1,1,0,1,0,1,0,1,0,0,0,1,1,0,1,0,1,0,0,0,1,0,0,0,0,1,0,1,0,0,0,0,0,1,0,0,1,0,0,0,1,0,0,0,0,0,0,1,0,0,0,1,1,0,0,1,0,1,0,1,0,1,0,0,0,1,0,1,1,1,0,0,1,0,0,0,0,0,1,1,1,0,0,0,0,0,0,0,0,0,0,0,1,0,1,0,1,0,0,0,0,0,0,0,0,1,1,1,1,0,1,0,1,1,1,1,1,1,1,0,0,0,0,0,0,1,0,1,1,1,1,1,1,1,1,1,1,1,0,0,0,1,1,0,0,1,1,0,1,1,0,0,1,1,0,0,0,0,0,0,1,1,1,0,0,1,1,0,1,1,1,0,0,1,0,1,1,0,1,1,1,0,1,1,0,1,0,1,0,0,0,0,0,0,0,1,1,1,1,0,0,1,0,0,0,0,0,1,0,0,0,0,0,0,0,0,0,0,0,0,0,0,0,0,0,0,0,0,0,0,0,0,0,0,0,0,1,0,0,0,0,0,0,0,0,0,0,0,0,0,0,0,0,0,0,0,0,0,0,0,0,0,0,0,0,0,0,0,0,0,0,0,0,0,0,0,0,0,0,0,0,1,0,0,0,0,0,0,0,0,0,0,0,0,0,0,0,0,0,0,0,0,0,0,0,0,0,0,0,0,0,0,0,0,0,0,0,0,0,0,0,0,0,0,0,0,0,0,0,0,0,0,0,0,0,0,0,0,0,0,0,0,0,0,0,0,1,0,1,0,0,0,0,0,1,0,0,0,0,0,0,0,0,0,0,0,0,0,0,0,1,0,0,0,0,0,0,0,0,0,0,0,0,0,0,1,0,0,0,0,0,0,0,0,0,0,1,0,0,0,0,0,0,0,0,0,0,0,0,0,0,0,0,0,0,0,0,0,0,0,0,0,0,0,1,0,0,0,0,0,0,1,1,1,0,0,0,0,0,0,-1,0,0,0,0,0,0,0,0,-1,0,0,-1,0,0,0,0,0,0,0,0,0,0,0,0,0,0,0,0,0,0,1,0,0,0,0,0,0,0,0,0,0,0,0,0,0,0,0,1,1,0,-1,-1,-1,1,1,1,0,0,0,0,1,0,0,1,1,0,0,0,0,1,0,0,0,0,0,0,0,0,0,0,0,0,0,0,0,0,0,0,0,0,0,0,0,0,0,0,0,0,0,1,1,0,1,0,1,1,0,1,0,1,1,0,1,0,0,1,0,0,0,0,0,0,0,0,0,0,0,0,0,0,0,0,0,0,0,0,0,0,0,0,0,0
0,1,1,300,228,8,8,228,114,25,1,0,0.0020000000949949026,4000.0,1.0,0.04500000178813934,25.0,48.0,8.0,291.70001220703125,1.7000000476837158,-3.179999907843012e-07,0.007360000163316727,0.008080000057816505,8.0,0.33000001311302185,0.0333000011742115,1.0,9.999999747378752e-06,21.0,9.999999747378752e-06,2775000064.0,9.000000136438757e-05,4.999999980020986e-13,5.0,40.0,3.0,-3.3499999046325684,3.3499999046325684,0.5,0.0004799999878741801,292.3927001953125,492.6077880859375,-0.0036125299520790577,0.002354159951210022,0.0008944629807956517,0.013157900422811508,0.800646185874939,0.02024419978260994,2650129920.0,0.006539999973028898,18,18,18,18,18,18,18,18,18,18,18,18,18,18,18,18,17,17,17,17,17,17,17,17,9,9,9,9,18,18,18,18,18,18,18,18,18,18,18,18,18,18,18,18,18,18,18,18,18,18,18,18,0,1,4,4,18,18,17,9,18,18,18,18,4,0,0.00040183006785809994,289.28607177734375,540.937255859375,592.7277221679688,647.5364379882812,700.1892700195312,778.3316040039062,794.6174926757812,794.23486328125,776.8284912109375,746.0257568359375,704.9196166992188,651.9022827148438,596.9428100585938,544.1964111328125,497.818359375,455.27410888671875,422.108642578125,397.8416442871094,381.44464111328125,370.93402099609375,365.51568603515625,363.9162902832031,364.55560302734375,365.8533935546875,366.2293395996094,0.013980981893837452,0.134995236992836,0.7718979716300964,-0.04144503176212311,0.7556869387626648,0.9636280536651611,44726.02734375,1.9970022549387068e-05,0.3022756278514862,0.12092916667461395,0.5075146555900574,0.5535275936126709,0.004199248738586903,1.0,-1.6815581571897805e-44,-3.606860637664795,0.0,99.28076171875,2664.93310546875,0.9438462853431702,574.8497924804688,18.0,-72.0,-67.86474609375,0.800000011920929,0.0,291.70001220703125,280649.21875,-0.6182326674461365,6.356412887573242,130.28829956054688,9.578533172607422,7750000.0,8160000.0,86.12000274658203,119.0999984741211,0.5,9.999999747378752e-05,0.0,3.299999952316284,200.0,0.30000001192092896,309.20001220703125,2.439019908706541e-06,0,0,0,1,1,1,0,24,0,304.6921691894531,0.0,0.0,0.0,0.0,0.0,0.0,0.7087000608444214,0.8673639297485352,0.5181174874305725,0.09529128670692444,-0.0037791451904922724,-0.0043533011339604855,0.40470871329307556,0.40595510601997375,0.4061416983604431,1.0,25.0,24.0,6982720.5,6982834.0,6982985.5,289.36669921875,289.4024658203125,289.3822021484375,319.96978759765625,320.06317138671875,319.96881103515625,4400000.0,304.6682434082031,304.7328186035156,304.6755065917969,30.60308837890625,30.66070556640625,30.58660888671875,318.8067626953125,4526.46044921875,4520.81103515625,4537.29248046875,12.087401390075684,12.096579551696777,12.099902153015137,14.062652587890625,0.0,0.0,0.0020000000949949026,289.3837890625,320.0005798339844,-44.47976303100586,1.292294979095459,1.296306848526001,1.296949863433838,39.095947265625,39.0,40.0,42.0,41.0,0.0,0.0,7011413.5,6997205.0,71.6903305053711,5.0,0.014999999664723873,-180000.0,600.0,1000000.0,400000.0,0.17000000178813934,22000.0,786000.0,120000.0,0.0,40.0,30.0,36.810001373291016,0.5,18.399999618530273,50000.0,115692.3984375,15.113750457763672,0,0,1,0,0,0,0,13397331.0,0.0,0.0,0.0,0.0,0.0,-1995127.0,400000.0,1000000.0,1.0,1400000.0,0.0,0.4486082196235657,13404873.0,126869.6328125,13397331.0,340.29534912109375,40.007659912109375,4.483141899108887,-1995127.0,0.0,0.0,0.0,3.248445987701416,40.007659912109375,0.0,22230.939453125,1.2010046243667603,0.0,0.0,0.0,20.0,14.711517333984375,22.0,0.0,0.0,0.0,0.05000000074505806,0.02500000037252903,0.17000000178813934,15400000.0,0.5,6.25,0.0006667000125162303,2.0,2410000.0,4140000.0,4.734799861907959,0.15000000596046448,0.20000000298023224,0.2199999988079071,1.0,0.0,-1.0,0.0,5.0,20.0,30.0,50.0,74.0,80.0,86.0,9.800000190734863,500000.0,1.0499999802959792e-07,0.5,750.0,1000.0,600.0,1000.0,1150.0,32.0,32.0,37.400001525878906,10.0,10.0,0.007000000216066837,0.5049999952316284,82.0,189.26499938964844,0.0,1.5099999904632568,231.60000610351562,20.0,36.0,16.600000381469727,16.5,225.0,-0.1756729930639267,27.5,-0.1756729930639267,30.485509872436523,0.1561516970396042,11.10221004486084,-1.8332500457763672,-75.0,4.3520002365112305,9.800000190734863,189.26499938964844,93.30000305175781,2650000.0,0.8500000238418579,7.570000171661377,0,1,0,0,0,0,0,0,0,0,0,1,3,3,0,0,1,0,0,0,0,0,0,1,0,0,0,0,1,0,0,0,0,0,0,0,0,0,0,1,0,0,0,0,0,0,0,0,0,0,12.051526069641113,29050.19921875,2153.699951171875,0.00041485606925562024,0.0004361289902590215,0.0006248649442568421,1.0,1.0,0.0,0.0,0.0,0.6121255159378052,0.6042807698249817,1.0,0.0,0.0,0.0,1.0,0.0,0.0,1.0,1.0,0.0,1.0,1.0,0.0,0.0,1.0,0.0,0.6210694313049316,0.6263250708580017,0.00041485606925562024,0.0,0.0,0.0,99998.78125,99999.0,2738916.25,2410000.0,36.20000076293945,36.20000076293945,36.20000076293945,32.52133560180664,249.08203125,122.45365142822266,44.45658493041992,26.468116760253906,36.355072021484375,27.0,28.13705825805664,27.0,0.0,32.0,20.0,68.57752227783203,3446668.0,0.5432168841362,3.7799999713897705,5.031345367431641,8.919783592224121,0.0,0.0,0.0,1.401298464324817e-45,5.215890407562256,5.215890407562256,0.5049998760223389,0.5049998760223389,0.5049998760223389,0.18937495350837708,0.18937495350837708,0.18937495350837708,0.0,0.0,0.0,0.0,0.0,0.0,5.294999599456787,0.0,0.0,0.0,0.0,0.0,0.0,100.0,73.97430419921875,0.48596423864364624,0.0,20.0,0.0,5.215890407562256,5.97362756729126,0.0,0.0,0.0,0.007000000216066837,0.0,0.0,10.324054718017578,0.0,1.7323455810546875,1.401298464324817e-45,5.978219985961914,0.0,0.0,0.0,0.0,0.0,0.0,20.0,0.0,0.0,13078860.0,0.0,0.0,0.0,0.0,0.0,0.0,0.0,0.351500004529953,18.93000030517578,23.030000686645508,7.69199959904654e-06,0.08500000089406967,0.009999999776482582,24.0,27.0,8.800000190734863,500000.0,0.05000000074505806,2.7000000013543968e-09,2.7000000013543968e-09,145100.0,120000.0,14650000.0,86400.0,17.0,34.5,48.70000076293945,321.8999938964844,83170.0,0.0,1.0,1.0,0.0010000000474974513,725.0,0.0,0.5,0.0,0.0,57.31999969482422,837142.875,9359.77734375,117376.1015625,2623.89794921875,83026.390625,725.0,1.0204100362898316e-05,740000000.0,1,0,1,0,1,0,1,0,0,0,0,8.799991607666016,27.0,3842.151611328125,0.0,0.0,0.0,0.0,1.5434496402740479,0.0004017036408185959,0.0,0.02955382876098156,39.29927062988281,1.0,25889.8671875,7329.3349609375,3.8382135244319215e-05,392672032.0,1918660864.0,2017620224.0,1102712832.0,-70.68595123291016,-392.3825378417969,114208120.0,815948224.0,5.978219985961914,0.0,76.66416931152344,392.3825378417969,106381.3984375,4102.07421875,146441.421875,165056.9375,123889.8671875,49.00011444091797,39.29927062988281,39.29927062988281,1.0,3.8382135244319215e-05,7329.3349609375,950164783104.0,0.20067164301872253,137600.0,137600.0,92509456.0,71.75208282470703,6501.97119140625,1.0,0.0,1700.0,250000.0,10000.0,1038.0,0.004999999888241291,400.0,5000.0,0,0,0,0,2959622.5,62.68500900268555,62.68500900268555,1216415.25,2810823.75,0.0,0.0,777153.125,215.8729248046875,6969298.0,0.0,0.0,1.0,1.0,457.7677917480469,275.3855285644531,169.08950805664062,0.0,5957889.0,716253.8125,169.08950805664062,1.0,1.0,1.0,0.0,401.32830810546875,230.60009765625,435.165771484375,0.7745804786682129,0.0,7680000.0,147.3563690185547,148.65975952148438,150.37289428710938,0.0,2810823.75,0.0,125.3700180053711,0.7745804786682129,0.0,285.7575378417969,1.0,0.0,-7.5742998123168945,0.0,0.0,9.999999974752427e-07,0.0,2.0,0.0003000000142492354,0.004999999888241291,0.0010000000474974513,2.0000000233721948e-07,2.0000000233721948e-07,0.0005555999814532697,993000000.0,1.0,0.05000000074505806,0.10000000149011612,0.0005000000237487257,0.0016700000269338489,0.009999999776482582,1.0,1.0,0.0010000000474974513,4.999999873689376e-05,0.00039999998989515007,0.019999999552965164,0.9891999959945679,0.9891999959945679,0.9950000047683716,0.9950000047683716,1,0,0,0,1,1,0,0,0,0,0,0,0,0,-0.007456979714334011,-7404781.0,5000.2646484375,777153.125,0.0,2546223.0,0.0,1.0,2569281.25,0.0,0.0,60.0,180.0,1800.0,1800.0,0.0,0.0,0.0,0.0,-0.012236599810421467,0.0,0.0,0.0,0.0,0.0,0.0,0.0,0.0,0.0,0.0,0.0,6.602997746085748e-05,0.0,7.006492321624085e-44,1,1,0,1,1,1,0,1,1,0,1,0,1,0,1,1,1,1,0,1,0,1000,1000,0,1,5001,5001,0.0,0.0,120.0,120.0,0.0,0.0,0.4000000059604645,0.10000000149011612,0.10000000149011612,2.0,500.0,200.0,0.9900000095367432,300000.0,5000.0,45000.0,20000.0,0.019999999552965164,2.0,0.05000000074505806,0.019999999552965164,6.0,0.05000000074505806,0.019999999552965164,0.019999999552965164,88.30000305175781,0.10000000149011612,0.800000011920929,0.05000000074505806,0.009999999776482582,50.0,50.0,340.0,340.0,1000000.0,1,1,1,1,1,1,1,1,1,1,0,0,0,1,1,0,1.0,0.0,0.0,0.0,0.00011446874850662425,0.0,0.0,0.0,0.9180041551589966,0.9180041551589966,0.9180041551589966,5000.25927734375,3910653.25,3915653.5,50.0,27.615398406982422,0.4000000059604645,0.0,0.0,0.10000000149011612,0.1814921349287033,0.4925430119037628,22164.435546875,20.0,29.202341079711914,778814.1875,28.703615188598633,4063.181884765625,721.2224731445312,0.7788141965866089,0.9178739190101624,9.472928047180176,1.0,3220795.5,3304317.0,9.718579292297363,20.0,0.2756495773792267,27.564958572387695,0.0,636.4223022460938,340.5891418457031,100000.0,50000.0,1115.300048828125,50000.0,700.0,2000.0,2800000.0,3500000.0,4000000.0,9.999999747378752e-05,4.999999873689376e-05,500.0,20000.0,100.0,500.0,60000.0,1200.0,1.0,120.0,150000.0,3000.0,300.0,1.0,300.0,0.019999999552965164,0.019999999552965164,0.009999999776482582,0.009999999776482582,0.009999999776482582,0.019999999552965164,1.100000023841858,0.019999999552965164,4.0,0.019999999552965164,88.0,1613.0,0.009999999776482582,0.20000000298023224,3.0,5.0,600.0,0.0010000000474974513,88.0,88.0,2000.0,2340.0,-0.11599799990653992,-0.03561130166053772,-0.04758000001311302,-0.01752999983727932,0,0,0,0,0,1,0,513.8804321289062,513.8804321289062,2.06378173828125,2.06378173828125,0.016934895887970924,28.703615188598633,164.1932830810547,1193.8394775390625,1035.4371337890625,594.5320434570312,594.5320434570312,2.3876953125,2.3876953125,1381.4112548828125,531.7316284179688,0.0,0.0,2663660.25,20.00048065185547,20.00048065185547,155.74232482910156,155.74232482910156,65700.90625,65700.90625,1.095015048980713,1.095015048980713,107.93646240234375,107.93646240234375,24.957752227783203,24.957752227783203,104425.7421875,104425.7421875,24.9676570892334,155.24258422851562,158.27989196777344,2669864.25,20.00048065185547,20.00048065185547,202.4634552001953,202.4634552001953,156.11184692382812,156.11184692382812,653187.625,653187.625,0.0,114.01805877685547,114.01805877685547,228.0530548095703,159806.984375,159806.984375,1.0653798580169678,1.0653798580169678,219.27268981933594,156.11184692382812,0.0,0.0,0.0,196.1395721435547,196.1395721435547,392.2791442871094,0.0,0.0,0.0,0.0,0.0,196.1395721435547,196.1395721435547,0.026315800845623016,10.219254493713379,0.20000000298023224,0.8650180101394653,0.9159260988235474,0.8695593476295471,0.7087000608444214,0.6227653622627258,0.7096104025840759,0.9599996209144592,1.0,1.0,1.0,0.9999998211860657,0.9999998211860657,0.9999998211860657,190834.6875,193242.0625,0.0,0.0,0.0,0.0,0.0,0.0,0.0,296.3810119628906,297.7510070800781,0.0,190815.609375,190815.609375,0.0,0.0,0.0,0.0,0.8383945226669312,0.8383945226669312,0.8383945226669312,0.7161305546760559,1120436.125,0.9959999918937683,0.9959999918937683,0.9959999918937683,0.9959999918937683,5677953.0,2797461.0,7388386.0,8472448.0,2606300.0,4004508.75,0.003910653293132782,0.007831307128071785,1031.888427734375,0.0,0.0,0.0,0.0,0.0,0.0,0.0,0.0,0.0,1193.8564453125,1031.900146484375,346.79205322265625,346.79205322265625,346.79205322265625,406.07373046875,406.07373046875,406.07373046875,2.998347520828247,0.7177023887634277,0.859329104423523,2.9984869956970215,5.0,0.0040000081062316895,0.0040000081062316895,0.0040000081062316895,0.0040000081062316895,0.0,-0.4368000030517578,0.0,599669.5,164.1932830810547,164.1932830810547,0.0,20.0,2803905.25,7.25,12.0,10.25,169.0581817626953,169.0581817626953,169.0581817626953,0.0,0.0,0.7926306128501892,0.9211652278900146,10000.0,10000.0,0.011826000176370144,1038.5,0.027953999117016792,0.0,0.0,1.0878000259399414,1.0809999704360962,9.000000136438757e-05,103.0,33.220001220703125,1.8179999589920044,0.029999999329447746,49.0,8.329999923706055,4.159999847412109,58.0,302.0,4.5,0.699999988079071,0.4000000059604645,7.5,1.3799999952316284,2.492000102996826,7000.0,48.88999938964844,1.2000000476837158,45.0,62000.0,4590000.0,4250000.0,15900000.0,15100000.0,0.05000000074505806,0.17000000178813934,0.009999999776482582,15220000.0,1.6699999570846558,312.7799987792969,1.1100000143051147,4232.0,0.25,689000.0,4030000.0,9.829999923706055,8.550000190734863,12200000.0,231.10000610351562,88.3239974975586,633.0,1.1430000066757202,0.6858000159263611,-10.0,-3.7799999713897705,0.7799999713897705,295.5,4030000.0,12400000.0,0.9200000166893005,5.0,1,0,1,228,149,0,0,0,0,0,1,1,1,1,0,0,1,1,1,1,0,1,1,0,0,0,0,1,1,1,0,0,0,0,0,0,0,0,0,8,5,0,0,0,0.5075146555900574,6982720.5,1.0877995491027832,0.9044588804244995,1.0076411962509155,304.71881103515625,30.96401596069336,-0.18716184794902802,1,1,1,0,0,0,1,1,0,0,0,0,0,394,0.20000000298023224,0.20000000298023224,0.20000000298023224,0.0,2,0,0,0,0,0,0,0,0,0,0,0,0,0,0,0,0,0,0,0,0,0,0,0,0,0,0,0,0,0,0,0,0,0,0,0,0,0,0,0,0,0,0,0,0,0,0,0,0,0,0,1,0,0,0,0,0,0,0,0,0,0,0,0,0,0,0,0,0,0,0,0,0,0,0,0,0,0,0,0,0,0,0,0,0,0,0,0,0,0,0,0,0,0,0,0,0,0,0,0,0,0,0,0,0,0,0,0,0,0,0,0,0,0,0,0,0,0,0,0,0,0,0,0,0,0,0,0,0,0,0,0,0,0,0,0,0,0,0,0,0,0,0,1,0,0,0,0,0,0,0,0,0,0,0,-1,0,0,0,0,0,0,1,1,0,0,50.75146484375,-3.606860637664795,0.0,-0.6182326674461365,-1.6815581571897805e-44,291.70001220703125,304.71881103515625,574.8497924804688,-0.04144503176212311,99.28076171875,2664.93310546875,1.0877995491027832,1.0076411962509155,-1.0,-13.018798828125,6.827850029367255e-06,0.02955382876098156,100.0,27.0,0.0,7.799991607666016,3.8650646209716797,1.0,1.0,39.29927062988281,0.26418280601501465,20.0,3.8382135244319215e-05,0.0,73.97430419921875,1.7323455810546875,1.8179994821548462,0.00036938843550160527,0.6817498207092285,0.5432168841362,27.94817543029785,8.919783592224121,18.777204513549805,18.112842559814453,0.6121255159378052,44.45658493041992,44.898040771484375,249.08203125,122.45365142822266,0.9559558033943176,319.1990661621094,40.007659912109375,0.29459047317504883,289.23480224609375,289.2554931640625,289.21966552734375,320.1775817871094,320.2470397949219,320.1783142089844,100.0,3.7356019020080566,48.5964241027832,136.78466796875,304.7061767578125,304.75128173828125,304.698974609375,340.294921875,44.86082077026367,32.49928283691406,136.78466796875,0.0,0.903838574886322,0.9052630662918091,0.9043021202087402,84.48881530761719,84.46623992919922,84.40203094482422,71.25508117675781,71.2535400390625,71.25238037109375,40.61417007446289,40.59551239013672,40.47087097167969,98.71107482910156,98.34436798095703,98.47511291503906,0.0,0.0,0.0,140.6654510498047,139.0508270263672,137.6132049560547,29.0,0.0,48.0,0.7096104025840759,0.6956474781036377,0.6227653622627258,0.7327408790588379,0.7087000608444214,0.6920143961906433,41.0,78.36749267578125,71.11541748046875,219.27268981933594,25.114410400390625,9.999999974752427e-07,86.4537124633789,0.0,155.24258422851562,0.0,721.2224731445312,39.95572280883789,28.703615188598633,0.0,9.472928047180176,77.88141632080078,0.7745804786682129,0.9718579053878784,20.0,0.0,60.0,120.0,0.0,120.0,0.0,0.0,0.0,0.0,18.089122772216797,89.19783782958984,2.0,200.0,0,0,18,18,18,18,9,17,18,18,149,0,99999,99999,13,402,1800,180,1800,0,0,-7,50,23,0,0,0,806,1424,29,31,32,0,0,0,0,0,0,0,0,1,0,0,0,0,0,1,0,0,0,0,1,1,1,0,1,0,0,0,1,0,0,0,0,0,0,0,0,0,0,0,0,1,0,1,0,0,1,1,0,1,0,1,0,1,0,0,0,1,1,0,1,0,1,0,0,0,1,0,0,0,0,1,0,1,0,0,0,0,0,1,0,0,1,0,0,0,1,0,0,0,0,0,0,1,0,0,0,1,1,0,0,1,0,1,0,1,0,1,0,0,0,1,0,1,1,1,0,0,1,0,0,0,0,0,1,1,1,0,0,0,0,0,0,0,0,0,0,0,1,0,1,0,1,0,0,0,0,0,0,0,0,1,1,1,1,0,1,0,1,1,1,1,1,1,1,0,0,0,0,0,0,1,0,1,1,1,1,1,1,1,1,1,1,1,0,0,0,1,1,0,0,1,1,0,1,1,0,0,1,1,0,0,0,0,0,0,1,1,1,0,0,1,1,0,1,1,1,0,0,1,0,1,1,0,1,1,1,0,1,1,0,1,0,1,0,0,0,0,0,0,0,1,1,1,1,0,0,1,0,0,0,0,0,0,0,0,0,0,0,0,0,0,0,0,0,0,0,0,0,0,0,0,0,0,0,0,0,0,0,0,0,0,0,0,0,0,0,0,0,0,0,0,0,0,0,0,0,0,0,0,0,0,0,0,0,0,0,0,0,0,0,0,0,0,0,0,0,0,0,0,0,0,0,0,0,0,0,0,0,0,0,0,0,0,0,0,0,0,0,0,0,0,0,0,0,0,0,0,0,0,0,0,0,0,0,0,0,0,0,0,0,0,0,0,0,0,0,0,0,0,0,0,0,0,0,0,0,0,0,0,0,0,0,0,0,0,0,0,0,0,0,0,1,0,1,0,0,0,0,0,1,0,0,0,0,0,0,0,0,0,0,0,0,0,0,0,1,0,0,0,0,0,0,0,0,0,0,0,0,0,0,1,0,0,0,0,0,0,0,0,0,0,1,0,0,0,0,0,0,0,0,0,0,0,0,0,0,0,0,0,0,0,0,0,0,0,0,0,0,0,1,0,0,0,0,0,0,1,1,1,0,0,0,0,0,0,-1,0,0,0,0,0,0,0,0,-1,0,0,-1,0,0,0,0,0,0,0,0,0,0,0,0,0,0,0,0,0,0,1,0,0,0,0,0,0,0,0,0,0,0,0,0,0,0,0,1,1,0,-1,-1,-1,1,1,1,0,0,0,0,1,0,0,1,1,0,0,0,0,1,0,0,0,0,0,0,0,0,0,0,0,0,0,0,0,0,0,0,0,0,0,0,0,0,0,0,0,0,0,1,1,0,1,0,1,1,0,1,0,1,1,0,1,0,0,1,0,0,0,0,0,0,0,0,0,0,0,0,0,0,0,0,0,0,0,0,0,0,0,0,0,0
0,1,1,300,228,8,8,228,114,25,1,0,0.0020000000949949026,4000.0,1.0,0.04500000178813934,25.0,48.0,8.0,291.70001220703125,1.7000000476837158,-3.179999907843012e-07,0.007360000163316727,0.008080000057816505,8.0,0.33000001311302185,0.0333000011742115,1.0,9.999999747378752e-06,21.0,9.999999747378752e-06,2775000064.0,9.000000136438757e-05,4.999999980020986e-13,5.0,40.0,3.0,-3.3499999046325684,3.3499999046325684,0.5,0.0004799999878741801,292.3927001953125,492.6077880859375,-0.0036125299520790577,0.002354159951210022,0.0008944629807956517,0.013157900422811508,0.800646185874939,0.02024419978260994,2650129920.0,0.006539999973028898,0,0,0,0,0,0,0,0,0,0,0,0,0,0,0,0,0,0,0,0,0,0,0,0,0,0,0,0,0,0,0,0,0,0,0,0,0,0,0,0,0,0,0,0,0,0,0,0,0,0,0,0,0,1,4,4,0,0,0,0,0,0,0,0,2,0,0.00040183099918067455,289.27557373046875,507.3429260253906,553.9447021484375,603.2445068359375,650.6171264648438,721.0801391601562,735.910400390625,735.7566528320312,720.4417724609375,693.2539672851562,657.0036010742188,610.27490234375,561.9400634765625,515.658203125,475.0883483886719,438.1160888671875,409.4459228515625,388.5640869140625,374.48565673828125,365.42578125,360.6758728027344,359.1579284667969,359.53460693359375,360.4684753417969,360.62225341796875,0.014172215014696121,0.08731994032859802,0.7718899250030518,-0.04667815938591957,0.7557063698768616,0.9616419076919556,33164.9375,1.4871780877001584e-05,0.3004954755306244,0.07104949653148651,0.4262549877166748,0.4649229347705841,0.004193025641143322,1.0,-1.6815581571897805e-44,-3.6826188564300537,0.0,99.2796859741211,2665.027587890625,0.9438705444335938,543.082763671875,0.0,-72.0,-79.36778259277344,0.20000000298023224,0.0,291.70001220703125,280649.59375,-0.567310094833374,6.354781150817871,130.28829956054688,10.0,7750000.0,8160000.0,86.12000274658203,119.0999984741211,0.5,9.999999747378752e-05,0.0,3.299999952316284,200.0,0.30000001192092896,309.20001220703125,2.439019908706541e-06,0,0,0,1,1,1,0,24,0,304.61285400390625,0.0,0.0,0.0,0.0,0.0,0.0,0.7362130880355835,0.8673587441444397,0.5182301998138428,0.10899144411087036,-0.0030816486105322838,-0.003663902170956135,0.39100855588912964,0.3922280967235565,0.3924398422241211,1.0,25.0,24.0,7036472.0,7036561.5,7036733.5,289.71343994140625,289.7486572265625,289.72998046875,319.43896484375,319.60845947265625,319.4376220703125,4400000.0,304.5762023925781,304.6785583496094,304.58380126953125,29.72552490234375,29.85980224609375,29.7076416015625,317.85107421875,4519.3994140625,4515.01708984375,4530.19384765625,11.996563911437988,12.005573272705078,12.009099006652832,15.427978515625,0.0,0.0,0.0020000000949949026,289.7306823730469,319.4950256347656,-73.24911499023438,1.2507271766662598,1.254636526107788,1.2553764581680298,47.96266555786133,39.0,40.0,42.0,41.0,0.0,0.0,7058242.5,7042536.0,71.12761688232422,5.0,0.014999999664723873,-180000.0,600.0,1000000.0,400000.0,0.17000000178813934,22000.0,786000.0,120000.0,0.0,40.0,30.0,36.810001373291016,0.5,18.399999618530273,50000.0,115692.3984375,15.113750457763672,0,0,1,0,0,0,0,13370517.0,0.0,0.0,0.0,0.0,0.0,-2014160.0,400000.0,1000000.0,1.0,1400000.0,0.0,0.4478459358215332,13385840.0,126869.6328125,13370517.0,340.29608154296875,40.007659912109375,4.472140312194824,-2014160.0,0.0,0.0,0.0,3.2428994178771973,40.007659912109375,0.0,22230.939453125,1.2010046243667603,0.0,0.0,0.0,20.0,14.711517333984375,22.0,0.0,0.0,0.0,0.05000000074505806,0.02500000037252903,0.17000000178813934,15400000.0,0.5,6.25,0.0006667000125162303,2.0,2410000.0,4140000.0,4.734799861907959,0.15000000596046448,0.20000000298023224,0.2199999988079071,1.0,0.0,-1.0,0.0,5.0,20.0,30.0,50.0,74.0,80.0,86.0,9.800000190734863,500000.0,1.0499999802959792e-07,0.5,750.0,1000.0,600.0,1000.0,1150.0,32.0,32.0,37.400001525878906,10.0,10.0,0.007000000216066837,0.5049999952316284,82.0,189.26499938964844,0.0,1.5099999904632568,231.60000610351562,20.0,36.0,16.600000381469727,16.5,225.0,-0.1756729930639267,27.5,-0.1756729930639267,30.485509872436523,0.1561516970396042,11.10221004486084,-1.8332500457763672,-75.0,4.3520002365112305,9.800000190734863,189.26499938964844,93.30000305175781,2650000.0,0.8500000238418579,7.570000171661377,0,1,0,0,0,0,0,0,0,0,0,1,3,3,0,0,1,0,0,0,0,0,0,1,0,0,0,0,1,0,0,0,0,0,0,0,0,0,0,1,0,0,0,0,0,0,0,0,0,0,12.051372528076172,29049.89453125,2153.699951171875,0.0004148551379330456,0.0004361289902590215,0.0006248649442568421,1.0,1.0,0.0,0.0,0.0,0.6126152276992798,0.6048725843429565,1.0,0.0,0.0,0.0,1.0,0.0,0.0,1.0,1.0,0.0,1.0,1.0,0.0,0.0,1.0,0.0,0.6208512783050537,0.626064121723175,0.0004148551379330456,0.0,0.0,0.0,99998.78125,99999.0,2737954.25,2410000.0,36.20000076293945,36.20000076293945,36.20000076293945,32.52272033691406,249.0070037841797,122.4004135131836,44.440486907958984,26.468868255615234,36.34953308105469,27.0,28.135475158691406,27.0,0.0,32.0,20.0,68.57752227783203,3446668.0,0.5432180762290955,3.7799999713897705,5.035956382751465,8.919782638549805,0.0,0.0,0.0,1.401298464324817e-45,5.215575695037842,5.215575695037842,0.5049998760223389,0.5049998760223389,0.5049998760223389,0.18937495350837708,0.18937495350837708,0.18937495350837708,0.0,0.0,0.0,0.0,0.0,0.0,5.294999599456787,0.0,0.0,0.0,0.0,0.0,0.0,100.0,73.97161865234375,0.48471546173095703,0.0,20.0,0.0,5.215575695037842,5.978219509124756,0.0,0.0,0.0,0.007000000216066837,0.0,0.0,10.328644752502441,0.0,1.7323189973831177,1.401298464324817e-45,5.982831001281738,0.0,0.0,0.0,0.0,0.0,0.0,20.0,0.0,0.0,13052041.0,0.0,0.0,0.0,0.0,0.0,0.0,0.0,0.351500004529953,18.93000030517578,23.030000686645508,7.69199959904654e-06,0.08500000089406967,0.009999999776482582,24.0,27.0,8.800000190734863,500000.0,0.05000000074505806,2.7000000013543968e-09,2.7000000013543968e-09,145100.0,120000.0,14650000.0,86400.0,17.0,34.5,48.70000076293945,321.8999938964844,83170.0,0.0,1.0,1.0,0.0010000000474974513,725.0,0.0,0.5,0.0,0.0,57.31999969482422,837142.875,9359.77734375,117376.1015625,2623.89794921875,83026.390625,725.0,1.0204100362898316e-05,740000000.0,1,0,1,0,1,0,1,0,0,0,0,8.799991607666016,27.0,3870.803955078125,0.0,0.0,0.0,0.0,1.5549631118774414,0.00040170480497181416,0.0,0.029774222522974014,39.32649612426758,1.0,25898.2421875,7381.455078125,3.8668440538458526e-05,349416704.0,1900338688.0,1998756096.0,1283209600.0,-70.15379333496094,-456.48876953125,-13909405.0,617129216.0,5.982831001281738,0.0,76.13662719726562,456.48876953125,106381.3984375,4107.71875,146464.421875,165171.28125,123898.2421875,49.400115966796875,39.32649612426758,39.32649612426758,1.0,3.8668440538458526e-05,7381.455078125,950463496192.0,0.20070751011371613,137600.0,137600.0,91954712.0,71.22693634033203,6510.2861328125,1.0,0.0,1700.0,250000.0,10000.0,1038.0,0.004999999888241291,400.0,5000.0,0,0,0,0,2959622.5,62.43452072143555,62.43452072143555,1216415.25,2811291.75,0.0,0.0,723907.5,214.14939880371094,7021502.0,0.0,0.0,1.0,1.0,404.4836120605469,275.3855285644531,166.12591552734375,0.0,5957889.0,702944.75,166.12591552734375,1.0,1.0,1.0,0.0,467.74237060546875,179.45932006835938,499.0700988769531,0.8706533908843994,0.0,7680000.0,166.03909301757812,167.11212158203125,169.0330352783203,0.0,2811291.75,0.0,124.8690414428711,0.8706533908843994,0.0,286.19647216796875,1.0,0.0,-7.5742998123168945,0.0,0.0,9.999999974752427e-07,0.0,2.0,0.0003000000142492354,0.004999999888241291,0.0010000000474974513,2.0000000233721948e-07,2.0000000233721948e-07,0.0005555999814532697,993000000.0,1.0,0.05000000074505806,0.10000000149011612,0.0005000000237487257,0.0016700000269338489,0.009999999776482582,1.0,1.0,0.0010000000474974513,4.999999873689376e-05,0.00039999998989515007,0.019999999552965164,0.9891999959945679,0.9891999959945679,0.9950000047683716,0.9950000047683716,1,0,0,0,1,1,0,0,0,0,0,0,0,0,-0.007456979714334011,-7404781.0,5000.25390625,723907.5,0.0,2546223.0,0.0,1.0,2569281.25,0.0,0.0,60.0,180.0,1800.0,1800.0,0.0,0.0,0.0,0.0,-0.012236599810421467,0.0,0.0,0.0,0.0,0.0,0.0,0.0,0.0,0.0,0.0,0.0,6.602997746085748e-05,0.0,7.006492321624085e-44,1,1,0,1,1,1,0,1,1,0,1,0,1,0,1,1,1,1,0,1,0,1000,1000,0,1,5001,5001,0.0,0.0,120.0,120.0,0.0,0.0,0.4000000059604645,0.10000000149011612,0.10000000149011612,2.0,500.0,200.0,0.9900000095367432,300000.0,5000.0,45000.0,20000.0,0.019999999552965164,2.0,0.05000000074505806,0.019999999552965164,6.0,0.05000000074505806,0.019999999552965164,0.019999999552965164,88.30000305175781,0.10000000149011612,0.800000011920929,0.05000000074505806,0.009999999776482582,50.0,50.0,340.0,340.0,1000000.0,1,1,1,1,1,1,1,1,1,1,0,0,0,1,1,0,1.0,0.0,0.0,0.0,0.00010837500303750858,0.0,0.0,0.0,0.917998731136322,0.917998731136322,0.917998731136322,5000.2490234375,3911021.75,3916022.0,50.0,27.615371704101562,0.4000000059604645,0.0,0.0,0.10000000149011612,0.1828516125679016,0.4925430119037628,22164.435546875,20.0,29.202341079711914,778786.9375,28.34812355041504,3997.830322265625,721.2225341796875,0.7787869572639465,0.9178631901741028,9.472901344299316,1.0,3220786.5,3304317.0,9.718579292297363,20.0,0.27568063139915466,27.568063735961914,0.0,636.4223022460938,333.3997802734375,100000.0,50000.0,1115.300048828125,50000.0,700.0,2000.0,2800000.0,3500000.0,4000000.0,9.999999747378752e-05,4.999999873689376e-05,500.0,20000.0,100.0,500.0,60000.0,1200.0,1.0,120.0,150000.0,3000.0,300.0,1.0,300.0,0.019999999552965164,0.019999999552965164,0.009999999776482582,0.009999999776482582,0.009999999776482582,0.019999999552965164,1.100000023841858,0.019999999552965164,4.0,0.019999999552965164,88.0,1613.0,0.009999999776482582,0.20000000298023224,3.0,5.0,600.0,0.0010000000474974513,88.0,88.0,2000.0,2340.0,-0.11599799990653992,-0.03561130166053772,-0.04758000001311302,-0.01752999983727932,0,0,0,0,0,1,0,513.2308349609375,513.2308349609375,2.0611572265625,2.0611572265625,0.017012443393468857,28.34812355041504,164.1910858154297,1146.5633544921875,1034.699462890625,570.988525390625,570.988525390625,2.29315185546875,2.29315185546875,1338.89599609375,530.215087890625,0.0,0.0,2663660.25,20.00048065185547,20.00048065185547,155.6154327392578,155.6154327392578,65698.390625,65698.390625,1.0949732065200806,1.0949732065200806,107.07469940185547,107.07469940185547,24.94508934020996,24.94508934020996,104372.7578125,104372.7578125,24.955041885375977,155.2079315185547,158.25192260742188,2670567.0,20.00048065185547,20.00048065185547,199.7969512939453,199.7969512939453,156.14236450195312,156.14236450195312,653315.3125,653315.3125,0.0,113.96784973144531,113.96784973144531,227.9527130126953,159753.625,159753.625,1.0650241374969482,1.0650241374969482,217.74378967285156,156.14236450195312,0.0,0.0,0.0,195.07241821289062,195.07241821289062,390.14483642578125,0.0,0.0,0.0,0.0,0.0,195.07241821289062,195.07241821289062,0.026315800845623016,9.81457233428955,0.20000000298023224,0.8646638989448547,0.9155713319778442,0.8692052364349365,0.7362130880355835,0.6503307819366455,0.7371252775192261,0.9599996209144592,1.0,1.0,1.0,0.9999998211860657,0.9999998211860657,0.9999998211860657,190834.421875,193242.0625,0.0,0.0,0.0,0.0,0.0,0.0,0.0,296.3810119628906,297.7510070800781,0.0,190816.359375,190816.359375,0.0,0.0,0.0,0.0,0.8370593786239624,0.8370593786239624,0.8370593786239624,0.6933917999267578,1103815.25,0.9959999918937683,0.9959999918937683,0.9959999918937683,0.9959999918937683,5710852.0,2803201.75,7414200.5,8511222.0,2606300.0,3999543.0,0.003911021631211042,0.007832043804228306,1030.583984375,0.0,0.0,0.0,0.0,0.0,0.0,0.0,0.0,0.0,1146.580322265625,1030.595703125,346.6643981933594,346.6643981933594,346.6643981933594,389.9933166503906,389.9933166503906,389.9933166503906,2.998067855834961,0.7118389010429382,0.8586401343345642,2.9982078075408936,5.0,0.0040000081062316895,0.0040000081062316895,0.0040000081062316895,0.0040000081062316895,0.0,-0.4368000030517578,0.0,599613.5625,164.1910858154297,164.1910858154297,0.0,20.0,2803619.0,7.25,12.0,10.25,162.33428955078125,162.33428955078125,162.33428955078125,0.0,0.0,0.7926306128501892,0.9211652278900146,10000.0,10000.0,0.011826000176370144,1038.5,0.027953999117016792,0.0,0.0,1.0878000259399414,1.0809999704360962,9.000000136438757e-05,103.0,33.220001220703125,1.8179999589920044,0.029999999329447746,49.0,8.329999923706055,4.159999847412109,58.0,302.0,4.5,0.699999988079071,0.4000000059604645,7.5,1.3799999952316284,2.492000102996826,7000.0,48.88999938964844,1.2000000476837158,45.0,62000.0,4590000.0,4250000.0,15900000.0,15100000.0,0.05000000074505806,0.17000000178813934,0.009999999776482582,15220000.0,1.6699999570846558,312.7799987792969,1.1100000143051147,4232.0,0.25,689000.0,4030000.0,9.829999923706055,8.550000190734863,12200000.0,231.10000610351562,88.3239974975586,633.0,1.1430000066757202,0.6858000159263611,-10.0,-3.7799999713897705,0.7799999713897705,295.5,4030000.0,12400000.0,0.9200000166893005,5.0,1,0,1,228,146,0,0,0,0,0,1,1,1,1,0,0,1,1,1,1,0,1,1,0,0,0,0,1,1,1,0,0,0,0,0,0,0,0,0,8,5,0,0,0,0.4262549877166748,7036472.0,1.0877995491027832,0.8826374411582947,1.0074045658111572,304.6576843261719,30.216962814331055,-0.19252490997314453,1,1,1,0,0,0,1,1,0,0,0,0,0,396,0.20000000298023224,0.20000000298023224,0.20000000298023224,0.0,2,0,0,0,0,0,0,0,0,0,0,0,0,0,0,0,0,0,0,0,0,0,0,0,0,0,0,0,0,0,0,0,0,0,0,0,0,0,0,0,0,0,0,0,0,0,0,0,0,0,0,1,0,0,0,0,0,0,0,0,0,0,0,0,0,0,0,0,0,0,0,0,0,0,0,0,0,0,0,0,0,0,0,0,0,0,0,0,0,0,0,0,0,0,0,0,0,0,0,0,0,0,0,0,0,0,0,0,0,0,0,0,0,0,0,0,0,0,0,0,0,0,0,0,0,0,0,0,0,0,0,0,0,0,0,0,0,0,0,0,0,0,0,1,0,0,0,0,0,0,0,0,0,0,0,-1,0,0,0,0,0,0,1,1,0,0,42.6254997253418,-3.6826188564300537,0.0,-0.567310094833374,-1.6815581571897805e-44,291.70001220703125,304.6576843261719,543.082763671875,-0.04667815938591957,99.2796859741211,2665.027587890625,1.0877995491027832,1.0074045658111572,-1.0,-12.957672119140625,6.827850029367255e-06,0.029774222522974014,100.0,27.0,0.0,7.799991607666016,3.8681418895721436,1.0,1.0,39.32649612426758,0.26426824927330017,20.0,3.8668440538458526e-05,0.0,73.97161865234375,1.7323189973831177,1.8179994821548462,0.00036938843550160527,0.6817498207092285,0.5432180762290955,27.9383602142334,8.919782638549805,18.776071548461914,18.12944221496582,0.6126152276992798,44.440486907958984,44.898040771484375,249.0070037841797,122.4004135131836,0.9557352662086487,318.3572998046875,40.007659912109375,0.29459047317504883,289.5478515625,289.56744384765625,289.5318603515625,319.72320556640625,319.8515625,319.72418212890625,100.0,3.686952590942383,48.4715461730957,136.5904541015625,304.6355285644531,304.7095031738281,304.6280212402344,340.29571533203125,44.78459167480469,32.460853576660156,136.5904541015625,0.0,0.8814220428466797,0.8845990896224976,0.8819177150726318,83.81694030761719,83.79318237304688,83.72989654541016,71.80353546142578,71.8017807006836,71.80086517333984,39.24398422241211,39.222808837890625,39.10085678100586,98.56568908691406,98.21978759765625,98.33055877685547,0.0,0.0,0.0,159.84349060058594,157.99017333984375,156.81524658203125,29.0,0.0,48.0,0.7371252775192261,0.6953641772270203,0.6503307819366455,0.7324571013450623,0.7362130880355835,0.6917311549186707,41.0,78.36749267578125,71.64810943603516,217.74378967285156,29.270484924316406,9.999999974752427e-07,86.849365234375,0.0,155.2079315185547,0.0,721.2225341796875,39.95948028564453,28.34812355041504,0.0,9.472901344299316,77.87869262695312,0.8706533908843994,0.9718579053878784,20.0,0.0,60.0,120.0,0.0,120.0,0.0,0.0,0.0,0.0,18.089160919189453,89.19783020019531,2.0,200.0,0,0,0,0,0,0,0,0,0,0,146,0,99999,99999,14,402,1800,180,1800,0,0,-7,42,23,0,0,0,806,1424,29,31,32,0,0,0,0,0,0,0,0,1,0,0,0,0,0,1,0,0,0,0,1,1,1,0,1,0,0,0,1,0,0,0,0,0,0,0,0,0,0,0,0,1,0,1,0,0,1,1,0,1,0,1,0,1,0,0,0,1,1,0,1,0,1,0,0,0,1,1,0,0,0,1,0,1,0,0,0,0,1,1,0,0,1,0,0,0,1,0,0,0,0,0,0,1,0,0,0,1,1,0,0,1,0,1,0,1,0,1,0,0,0,1,0,1,1,1,0,0,1,0,0,0,0,0,1,1,1,0,0,0,0,0,0,0,0,0,0,0,1,0,1,0,1,0,0,0,0,0,0,0,0,1,1,1,1,0,1,0,1,1,1,1,1,1,1,0,0,0,0,0,0,1,0,1,1,1,1,1,1,1,1,1,1,1,1,0,0,1,1,0,0,1,1,0,1,1,0,0,1,1,0,0,0,0,0,0,1,1,1,0,0,1,1,0,1,1,1,0,0,1,0,1,1,0,1,1,1,0,1,1,0,1,0,1,0,0,0,0,0,0,0,1,1,1,1,0,0,1,0,0,0,0,0,1,1,1,1,0,0,0,0,0,0,0,0,0,0,0,0,0,0,0,0,0,0,0,0,0,0,0,0,0,1,0,0,0,0,1,0,0,0,1,0,0,0,0,0,0,0,0,0,1,0,0,0,0,0,0,1,0,0,0,1,1,0,0,0,0,0,0,1,0,0,0,0,0,0,1,0,0,0,0,0,0,0,0,0,1,0,0,0,0,0,0,0,0,0,0,0,0,0,0,0,0,0,0,0,0,0,0,0,0,0,0,0,0,0,0,0,0,0,0,0,0,0,0,0,0,0,0,0,0,0,0,0,0,0,0,0,0,0,0,1,0,1,0,0,0,0,0,1,0,0,0,0,0,0,0,0,0,0,0,0,0,0,0,1,0,0,0,0,0,0,0,0,0,0,0,0,0,0,1,0,0,0,0,0,0,0,0,0,0,1,0,0,0,0,0,0,0,0,0,0,0,0,0,0,0,0,0,0,0,0,0,0,0,0,0,0,0,1,0,0,0,0,0,0,1,1,1,0,0,0,0,0,0,-1,0,0,0,0,0,0,0,0,-1,0,0,-1,0,0,0,0,0,0,0,0,0,0,0,0,0,0,0,0,0,0,1,0,0,0,0,0,0,0,0,0,0,0,0,0,0,0,0,1,1,0,-1,-1,-1,1,1,1,0,0,0,0,1,0,0,1,1,0,0,0,0,1,0,0,0,0,0,0,0,0,0,0,0,0,0,0,0,0,0,0,0,0,0,0,0,0,0,0,0,0,0,1,1,0,1,0,1,1,0,1,0,1,1,0,1,0,0,1,0,0,0,0,0,0,0,0,0,0,0,0,0,0,0,0,0,0,0,0,0,0,0,0,0,0
0,1,1,300,228,8,8,228,114,25,1,0,0.0020000000949949026,4000.0,1.0,0.04500000178813934,25.0,48.0,8.0,291.70001220703125,1.7000000476837158,-3.179999907843012e-07,0.007360000163316727,0.008080000057816505,8.0,0.33000001311302185,0.0333000011742115,1.0,9.999999747378752e-06,21.0,9.999999747378752e-06,2775000064.0,9.000000136438757e-05,4.999999980020986e-13,5.0,40.0,3.0,-3.3499999046325684,3.3499999046325684,0.5,0.0004799999878741801,292.3927001953125,492.6077880859375,-0.0036125299520790577,0.002354159951210022,0.0008944629807956517,0.013157900422811508,0.800646185874939,0.02024419978260994,2650129920.0,0.006539999973028898,0,0,0,0,0,0,0,0,0,0,0,0,0,0,0,0,0,0,0,0,0,0,0,0,0,0,0,0,0,0,0,0,0,0,0,0,0,0,0,0,0,0,0,0,0,0,0,0,0,0,0,0,0,1,4,4,0,0,0,0,0,0,0,0,2,0,0.00040183099918067455,289.34930419921875,465.0672912597656,504.5711975097656,546.3358764648438,586.4857177734375,646.4384155273438,659.2900390625,659.509521484375,647.0774536132812,624.7913818359375,595.0502319335938,556.7085571289062,517.1309204101562,479.322998046875,446.2904052734375,416.42315673828125,393.401611328125,376.71539306640625,365.4795227050781,358.1941223144531,354.2691650390625,352.8638916015625,352.9355773925781,353.44171142578125,353.33966064453125,0.014509223401546478,0.08124342560768127,0.771877646446228,-0.04558682441711426,0.7557358145713806,0.9579994678497314,22112.83203125,9.58318923949264e-06,0.2972259819507599,0.0647638663649559,0.3307938873767853,0.35951584577560425,0.0049996161833405495,1.0,-1.6815581571897805e-44,-3.7942819595336914,0.0,99.2780990600586,2665.170654296875,0.9439073204994202,501.52069091796875,0.0,-72.0,-93.70378112792969,0.800000011920929,0.0,291.70001220703125,280650.15625,-0.5615979433059692,6.351894378662109,130.28829956054688,10.0,7750000.0,8160000.0,86.12000274658203,119.0999984741211,0.5,9.999999747378752e-05,0.0,3.299999952316284,200.0,0.30000001192092896,309.20001220703125,2.439019908706541e-06,0,0,0,1,1,1,0,24,0,304.3956604003906,0.0,0.0,0.0,0.0,0.0,0.0,0.7708324790000916,0.8673497438430786,0.5184233784675598,0.12620455026626587,-0.001886192592792213,-0.0024801946710795164,0.37379544973373413,0.374966561794281,0.37522435188293457,1.0,25.0,24.0,7093089.5,7093167.5,7093345.5,290.334228515625,290.3682861328125,290.3519287109375,318.3285827636719,318.6641540527344,318.3267517089844,4400000.0,304.3314208984375,304.5162353515625,304.33935546875,27.994354248046875,28.295867919921875,27.974822998046875,316.0263366699219,4507.96484375,4506.4814453125,4518.681640625,11.881311416625977,11.89007568359375,11.89388656616211,17.721649169921875,0.0,0.0,0.0020000000949949026,290.3514709472656,318.4398193359375,-112.71511840820312,1.1988869905471802,1.2026571035385132,1.2035276889801025,62.61678695678711,39.0,40.0,42.0,41.0,0.0,0.0,7106615.0,7088832.5,69.98914337158203,5.0,0.014999999664723873,-180000.0,600.0,1000000.0,400000.0,0.17000000178813934,22000.0,786000.0,120000.0,0.0,40.0,30.0,36.810001373291016,0.5,18.399999618530273,50000.0,115692.3984375,15.113750457763672,0,0,1,0,0,0,0,13303106.0,0.0,0.0,0.0,0.0,0.0,-2071039.0,400000.0,1000000.0,1.0,1400000.0,0.0,0.4454769790172577,13328961.0,126869.6328125,13303106.0,340.2972412109375,40.007659912109375,4.443831920623779,-2071039.0,0.0,0.0,0.0,3.2286274433135986,40.007659912109375,0.0,22230.939453125,1.2010046243667603,0.0,0.0,0.0,20.0,14.711517333984375,22.0,0.0,0.0,0.0,0.05000000074505806,0.02500000037252903,0.17000000178813934,15400000.0,0.5,6.25,0.0006667000125162303,2.0,2410000.0,4140000.0,4.734799861907959,0.15000000596046448,0.20000000298023224,0.2199999988079071,1.0,0.0,-1.0,0.0,5.0,20.0,30.0,50.0,74.0,80.0,86.0,9.800000190734863,500000.0,1.0499999802959792e-07,0.5,750.0,1000.0,600.0,1000.0,1150.0,32.0,32.0,37.400001525878906,10.0,10.0,0.007000000216066837,0.5049999952316284,82.0,189.26499938964844,0.0,1.5099999904632568,231.60000610351562,20.0,36.0,16.600000381469727,16.5,225.0,-0.1756729930639267,27.5,-0.1756729930639267,30.485509872436523,0.1561516970396042,11.10221004486084,-1.8332500457763672,-75.0,4.3520002365112305,9.800000190734863,189.26499938964844,93.30000305175781,2650000.0,0.8500000238418579,7.570000171661377,0,1,0,0,0,0,0,0,0,0,0,1,3,3,0,0,1,0,0,0,0,0,0,1,0,0,0,0,1,0,0,0,0,0,0,0,0,0,0,1,0,0,0,0,0,0,0,0,0,0,12.051139831542969,29049.43359375,2153.699951171875,0.0004148537409491837,0.0004361289902590215,0.0006248649442568421,1.0,1.0,0.0,0.0,0.0,0.6132326722145081,0.6057403087615967,1.0,0.0,0.0,0.0,1.0,0.0,0.0,1.0,1.0,0.0,1.0,1.0,0.0,0.0,1.0,0.0,0.620398998260498,0.6256710886955261,0.0004148537409491837,0.0,0.0,0.0,99998.78125,99999.0,2735959.5,2410000.0,36.20000076293945,36.20000076293945,36.20000076293945,32.52478790283203,248.98045349121094,122.35289001464844,44.4085578918457,26.470335006713867,36.340171813964844,27.0,28.132339477539062,27.0,0.0,32.0,20.0,68.57752227783203,3446668.0,0.5432180762290955,3.7799999713897705,5.042773246765137,8.919782638549805,0.0,0.0,0.0,1.401298464324817e-45,5.2102460861206055,5.2102460861206055,0.5049998760223389,0.5049998760223389,0.5049998760223389,0.18937495350837708,0.18937495350837708,0.18937495350837708,0.0,0.0,0.0,0.0,0.0,0.0,5.294999599456787,0.0,0.0,0.0,0.0,0.0,0.0,100.0,73.96754455566406,0.4811549186706543,0.0,20.0,0.0,5.2102460861206055,5.9851393699646,0.0,0.0,0.0,0.007000000216066837,0.0,0.0,10.335546493530273,0.0,1.7322787046432495,1.401298464324817e-45,5.98964786529541,0.0,0.0,0.0,0.0,0.0,0.0,20.0,0.0,0.0,12986122.0,0.0,0.0,0.0,0.0,0.0,0.0,0.0,0.351500004529953,18.93000030517578,23.030000686645508,7.69199959904654e-06,0.08500000089406967,0.009999999776482582,24.0,27.0,8.800000190734863,500000.0,0.05000000074505806,2.7000000013543968e-09,2.7000000013543968e-09,145100.0,120000.0,14650000.0,86400.0,17.0,34.5,48.70000076293945,321.8999938964844,83170.0,0.0,1.0,1.0,0.0010000000474974513,725.0,0.0,0.5,0.0,0.0,57.31999969482422,837142.875,9359.77734375,117376.1015625,2623.89794921875,83026.390625,725.0,1.0204100362898316e-05,740000000.0,1,0,1,0,1,0,1,0,0,0,0,8.799991607666016,27.0,3913.337646484375,0.0,0.0,0.0,0.0,1.5720545053482056,0.00040170649299398065,0.0,0.030101392418146133,39.366554260253906,1.0,25910.59375,7458.7431640625,3.909345105057582e-05,333012608.0,1871271168.0,1968524288.0,1529264640.0,-69.05332946777344,-543.9910888671875,-211424816.0,342006592.0,5.98964786529541,0.0,75.04297637939453,543.9910888671875,106381.3984375,4116.03662109375,146498.65625,165339.53125,123910.59375,50.000118255615234,39.366554260253906,39.366554260253906,1.0,3.909345105057582e-05,7458.7431640625,950572744704.0,0.20076081156730652,137600.0,137600.0,90778944.0,70.14183807373047,6522.5517578125,1.0,0.0,1700.0,250000.0,10000.0,1038.0,0.004999999888241291,400.0,5000.0,0,0,0,0,2959622.5,62.06066131591797,62.06066131591797,1216415.25,2811095.75,0.0,0.0,651762.875,211.58987426757812,7075983.0,0.0,0.0,1.0,1.0,335.9576416015625,275.3855285644531,161.8224334716797,0.0,5957889.0,683674.0,161.8224334716797,1.0,1.0,1.0,0.0,558.0514526367188,114.09208679199219,585.7501220703125,1.0,0.0,7680000.0,191.96629333496094,192.9237518310547,194.93003845214844,0.0008263587951660156,2811095.75,0.3327120244503021,124.12132263183594,1.000826358795166,0.0,286.64251708984375,1.0,0.0,-7.5742998123168945,0.0,0.0,9.999999974752427e-07,0.0,2.0,0.0003000000142492354,0.004999999888241291,0.0010000000474974513,2.0000000233721948e-07,2.0000000233721948e-07,0.0005555999814532697,993000000.0,1.0,0.05000000074505806,0.10000000149011612,0.0005000000237487257,0.0016700000269338489,0.009999999776482582,1.0,1.0,0.0010000000474974513,4.999999873689376e-05,0.00039999998989515007,0.019999999552965164,0.9891999959945679,0.9891999959945679,0.9950000047683716,0.9950000047683716,1,0,0,0,1,1,0,0,0,0,0,0,0,0,-0.007456979248672724,-7404780.5,5000.2392578125,651762.875,0.0,2546223.0,0.0,1.0,2569281.25,0.0,0.0,60.0,180.0,1800.0,1800.0,0.0,0.0,0.0,0.0,-0.012236599810421467,0.0,0.0,0.0,0.0,0.0,0.0,0.0,0.0,0.0,0.0,0.0,6.602997746085748e-05,0.0,7.006492321624085e-44,1,1,0,1,1,1,0,1,1,0,1,0,1,0,1,1,1,1,0,1,0,1000,1000,0,1,5001,5001,0.0,0.0,120.0,120.0,0.0,0.0,0.4000000059604645,0.10000000149011612,0.10000000149011612,2.0,500.0,200.0,0.9900000095367432,300000.0,5000.0,45000.0,20000.0,0.019999999552965164,2.0,0.05000000074505806,0.019999999552965164,6.0,0.05000000074505806,0.019999999552965164,0.019999999552965164,88.30000305175781,0.10000000149011612,0.800000011920929,0.05000000074505806,0.009999999776482582,50.0,50.0,340.0,340.0,1000000.0,1,1,1,1,1,1,1,1,1,1,0,0,0,1,1,0,1.0,0.0,0.0,0.0,9.984375355998054e-05,0.0,0.0,0.0,0.9179903268814087,0.9179903268814087,0.9179903268814087,5000.234375,3911653.5,3916653.75,50.0,27.615331649780273,0.4000000059604645,0.0,0.0,0.10000000149011612,0.18427039682865143,0.4925430119037628,22164.435546875,20.0,29.202341079711914,778757.0625,27.84604835510254,3906.677734375,721.22265625,0.7787570357322693,0.9178463816642761,9.472861289978027,1.0,3220773.0,3304317.0,9.718579292297363,20.0,0.27572721242904663,27.572721481323242,0.0,636.4223022460938,324.6305847167969,100000.0,50000.0,1115.300048828125,50000.0,700.0,2000.0,2800000.0,3500000.0,4000000.0,9.999999747378752e-05,4.999999873689376e-05,500.0,20000.0,100.0,500.0,60000.0,1200.0,1.0,120.0,150000.0,3000.0,300.0,1.0,300.0,0.019999999552965164,0.019999999552965164,0.009999999776482582,0.009999999776482582,0.009999999776482582,0.019999999552965164,1.100000023841858,0.019999999552965164,4.0,0.019999999552965164,88.0,1613.0,0.009999999776482582,0.20000000298023224,3.0,5.0,600.0,0.0010000000474974513,88.0,88.0,2000.0,2340.0,-0.11599799990653992,-0.03561130166053772,-0.04758000001311302,-0.01752999983727932,0,0,0,0,0,1,0,512.1401977539062,512.1401977539062,2.0567626953125,2.0567626953125,0.017124362289905548,27.84604835510254,164.18783569335938,1079.13623046875,1033.3778076171875,537.4098510742188,537.4098510742188,2.15826416015625,2.15826416015625,1274.08740234375,527.4798583984375,0.0,0.0,2663660.25,20.00048065185547,20.00048065185547,155.39840698242188,155.39840698242188,65694.015625,65694.015625,1.0949002504348755,1.0949002504348755,105.79493713378906,105.79493713378906,24.923437118530273,24.923437118530273,104282.1640625,104282.1640625,24.93345832824707,155.14053344726562,158.1983642578125,2670707.5,20.00048065185547,20.00048065185547,196.16395568847656,196.16395568847656,156.18014526367188,156.18014526367188,653473.4375,653473.4375,0.0,113.88030242919922,113.88030242919922,227.77772521972656,159674.21875,159674.21875,1.0644948482513428,1.0644948482513428,215.31393432617188,156.18014526367188,0.0,0.0,0.0,193.4845428466797,193.4845428466797,386.9690856933594,0.0,0.0,0.0,0.0,0.0,193.4845428466797,193.4845428466797,0.026315800845623016,9.237396240234375,0.20000000298023224,0.8642114996910095,0.9151179790496826,0.8687530159950256,0.7708324790000916,0.6850451827049255,0.7717471718788147,0.9599996209144592,1.0,1.0,1.0,0.9999998211860657,0.9999998211860657,0.9999998211860657,190834.046875,193242.0625,0.0,0.0,0.0,0.0,0.0,0.0,0.0,296.3810119628906,297.7510070800781,0.0,190817.40625,190817.40625,0.0,0.0,0.0,0.0,0.8352108001708984,0.8352108001708984,0.8352108001708984,0.6605563759803772,1076571.75,0.9959999918937683,0.9959999918937683,0.9959999918937683,0.9959999918937683,5758611.0,2811080.0,7452868.0,8567181.0,2606300.0,3990854.0,0.003911653533577919,0.007833307608962059,1028.3939208984375,0.0,0.0,0.0,0.0,0.0,0.0,0.0,0.0,0.0,1079.1533203125,1028.4056396484375,346.4483642578125,346.4483642578125,346.4483642578125,367.0588073730469,367.0588073730469,367.0588073730469,2.9976465702056885,0.7043308615684509,0.8573966026306152,2.9977869987487793,5.0,0.0040000081062316895,0.0040000081062316895,0.0040000081062316895,0.0040000081062316895,0.0,-0.4368000030517578,0.0,599529.3125,164.18783569335938,164.18783569335938,0.0,20.0,2802462.5,7.25,12.0,10.25,152.74685668945312,152.74685668945312,152.74685668945312,0.0,0.0,0.7926306128501892,0.9211652278900146,10000.0,10000.0,0.011826000176370144,1038.5,0.027953999117016792,0.0,0.0,1.0878000259399414,1.0809999704360962,9.000000136438757e-05,103.0,33.220001220703125,1.8179999589920044,0.029999999329447746,49.0,8.329999923706055,4.159999847412109,58.0,302.0,4.5,0.699999988079071,0.4000000059604645,7.5,1.3799999952316284,2.492000102996826,7000.0,48.88999938964844,1.2000000476837158,45.0,62000.0,4590000.0,4250000.0,15900000.0,15100000.0,0.05000000074505806,0.17000000178813934,0.009999999776482582,15220000.0,1.6699999570846558,312.7799987792969,1.1100000143051147,4232.0,0.25,689000.0,4030000.0,9.829999923706055,8.550000190734863,12200000.0,231.10000610351562,88.3239974975586,633.0,1.1430000066757202,0.6858000159263611,-10.0,-3.7799999713897705,0.7799999713897705,295.5,4030000.0,12400000.0,0.9200000166893005,5.0,1,0,1,228,138,0,0,0,0,1,1,1,1,1,0,0,1,1,1,1,0,1,1,0,0,0,0,1,1,1,0,0,0,0,0,0,0,0,0,8,5,0,1,0,0.3307938873767853,7093089.5,1.0877995491027832,0.8382722735404968,1.0064857006072998,304.4833984375,28.69812774658203,-0.17508244514465332,1,1,1,0,0,0,1,1,0,0,0,0,0,399,0.20000000298023224,0.20000000298023224,0.20000000298023224,0.0,2,0,0,0,0,0,0,0,0,0,0,0,0,0,0,0,0,0,0,0,0,0,0,0,0,0,0,0,0,0,0,0,0,0,0,0,0,0,0,0,0,0,0,0,0,0,0,0,0,0,0,1,0,0,0,0,0,0,0,0,0,0,0,0,0,0,0,0,0,0,0,0,0,0,0,0,0,0,0,0,0,0,0,0,0,0,0,0,0,0,0,0,0,0,0,0,0,0,0,0,0,0,0,0,0,0,0,0,0,0,0,0,0,0,0,0,0,0,0,0,0,0,0,0,0,0,0,0,0,0,0,0,0,0,0,0,0,0,0,0,0,0,0,1,0,0,0,0,0,0,0,0,0,0,0,-1,0,0,0,0,0,0,1,1,0,0,33.07938766479492,-3.7942819595336914,0.0,-0.5615979433059692,-1.6815581571897805e-44,291.70001220703125,304.4833984375,501.52069091796875,-0.04558682441711426,99.2780990600586,2665.170654296875,1.0877995491027832,1.0064857006072998,-1.0,-12.78338623046875,6.827850029367255e-06,0.030101392418146133,100.0,27.0,0.0,7.799991607666016,3.8726656436920166,1.0,1.0,39.366554260253906,0.2643943130970001,20.0,3.909345105057582e-05,0.0,73.96754455566406,1.7322787046432495,1.8179994821548462,0.00036938843550160527,0.6817498207092285,0.5432180762290955,27.918004989624023,8.919782638549805,18.756885528564453,18.15398406982422,0.6132326722145081,44.4085578918457,44.898040771484375,248.98045349121094,122.35289001464844,0.9553238153457642,316.6808776855469,40.007659912109375,0.29459047317504883,290.13421630859375,290.1514892578125,290.11688232421875,318.7399597167969,319.0162048339844,318.7416687011719,100.0,3.567793846130371,48.11549377441406,136.0100555419922,304.43707275390625,304.5838623046875,304.42926025390625,340.29681396484375,44.547698974609375,32.3414192199707,136.0100555419922,0.0,0.8355737328529358,0.8431383371353149,0.8361299633979797,82.95848083496094,82.93250274658203,82.87109375,72.38121032714844,72.37939453125,72.37859344482422,37.52243423461914,37.49665451049805,37.37954330444336,98.32046508789062,98.0314712524414,98.08686065673828,0.0,0.0,0.0,186.55299377441406,184.516357421875,183.5626678466797,29.0,0.0,48.0,0.7717471718788147,0.6950024366378784,0.6850451827049255,0.732094407081604,0.7708324790000916,0.6913692355155945,41.0,78.36749267578125,72.20404052734375,215.31393432617188,34.92186737060547,9.999999974752427e-07,87.42037200927734,0.0,155.14053344726562,0.0,721.22265625,39.96592712402344,27.84604835510254,0.0,9.472861289978027,77.87570190429688,1.0,0.9718579053878784,20.0,0.0,60.0,120.0,0.0,120.0,0.0,0.0,0.0,0.0,18.089160919189453,89.19783020019531,2.0,200.0,0,0,0,0,0,0,0,0,0,0,138,0,99999,99999,16,402,1800,180,1800,0,0,-7,33,23,0,0,0,806,1424,29,31,32,0,0,0,0,0,0,0,0,1,0,0,0,0,0,1,0,0,0,0,1,1,1,0,1,0,0,0,1,0,0,0,0,0,0,0,0,0,0,0,0,1,0,1,0,0,1,1,0,1,0,1,0,1,0,0,0,1,1,0,1,0,1,0,0,0,1,0,0,0,0,1,0,1,0,0,0,0,0,1,0,0,1,0,0,0,1,0,0,0,0,0,0,1,0,0,0,1,1,0,0,1,0,1,0,1,0,1,0,0,0,1,0,1,1,1,0,0,1,0,0,0,0,0,1,1,1,0,0,0,0,0,0,0,0,0,0,0,1,0,1,0,1,0,0,0,0,0,0,0,0,1,1,1,1,0,1,0,1,1,1,1,1,1,1,0,0,0,0,0,0,1,0,1,1,1,1,1,1,1,1,1,1,1,0,0,0,1,1,0,0,1,1,0,1,1,0,0,1,1,0,0,0,0,0,1,1,1,1,0,0,1,1,0,1,1,1,0,0,1,0,1,1,0,1,1,1,0,1,1,0,1,0,1,0,0,0,0,0,0,0,1,1,1,1,0,0,1,0,0,0,0,0,1,0,0,1,0,0,0,0,0,0,0,0,0,0,0,0,0,0,0,0,0,0,0,0,0,0,0,0,0,0,0,0,0,0,0,0,0,0,0,0,0,0,0,0,0,0,0,0,0,0,0,0,0,0,0,0,0,0,0,0,0,0,0,0,0,0,0,0,0,0,0,0,0,0,1,0,0,0,0,0,0,0,0,0,0,0,0,0,0,0,0,0,0,0,0,0,0,0,0,0,0,0,0,0,0,0,0,0,0,0,0,0,0,0,0,0,0,0,0,0,0,0,0,0,0,0,0,0,0,0,0,0,0,0,0,0,0,0,0,1,0,1,0,0,0,0,0,1,0,0,0,0,0,0,0,0,0,0,0,0,0,0,0,1,0,0,0,0,0,0,0,0,0,0,0,0,0,0,1,0,0,0,0,0,0,0,0,0,0,1,0,0,0,0,0,0,0,0,0,0,0,0,0,0,0,0,0,0,0,0,0,0,0,0,0,0,0,1,0,0,0,0,0,0,1,1,1,0,0,0,0,0,0,-1,0,0,0,0,0,0,0,0,-1,0,0,-1,0,0,0,0,0,0,0,0,0,0,0,0,0,0,0,0,0,0,1,0,0,0,0,0,0,0,0,0,0,0,0,0,0,0,0,1,1,0,-1,-1,-1,1,1,1,0,0,0,0,1,0,0,1,1,0,0,0,0,1,0,0,0,0,0,0,0,0,0,0,0,0,0,0,0,0,0,0,0,0,0,0,0,0,0,0,0,0,0,1,1,0,1,0,1,1,0,1,0,1,1,0,1,0,0,1,0,0,0,0,0,0,0,0,0,0,0,0,0,0,0,0,0,0,0,0,0,0,0,0,0,0
0,1,1,300,228,8,8,228,114,25,1,0,0.0020000000949949026,4000.0,1.0,0.04500000178813934,25.0,48.0,8.0,291.70001220703125,1.7000000476837158,-3.179999907843012e-07,0.007360000163316727,0.008080000057816505,8.0,0.33000001311302185,0.0333000011742115,1.0,9.999999747378752e-06,21.0,9.999999747378752e-06,2775000064.0,9.000000136438757e-05,4.999999980020986e-13,5.0,40.0,3.0,-3.3499999046325684,3.3499999046325684,0.5,0.0004799999878741801,292.3927001953125,492.6077880859375,-0.0036125299520790577,0.002354159951210022,0.0008944629807956517,0.013157900422811508,0.800646185874939,0.02024419978260994,2650129920.0,0.006539999973028898,0,0,0,0,0,0,0,0,0,0,0,0,0,0,0,0,0,0,0,0,0,0,0,0,0,0,0,0,0,0,0,0,0,0,0,0,0,0,0,0,0,0,0,0,0,0,0,0,0,0,0,0,0,1,4,4,0,0,0,0,0,0,0,0,2,0,0.00040183099918067455,289.5509338378906,431.4826965332031,464.71759033203125,499.8297119140625,533.6009521484375,584.2489013671875,595.3406372070312,595.91015625,585.998291015625,567.9467163085938,543.769287109375,512.556884765625,480.3563232421875,449.6261901855469,422.8250427246094,398.72698974609375,380.2213134765625,366.83929443359375,357.81451416015625,351.9050598144531,348.62554931640625,347.317626953125,347.16546630859375,347.35321044921875,347.0650634765625,0.014891773462295532,0.07677306234836578,0.7718653082847595,-0.04456160217523575,0.755765438079834,0.9537671804428101,15792.064453125,6.564654086105293e-06,0.29342570900917053,0.06017257273197174,0.2598910331726074,0.28122758865356445,0.005981627851724625,1.0,-1.6815581571897805e-44,-3.900941848754883,0.0,99.27648162841797,2665.3134765625,0.9439443349838257,467.0478515625,0.0,-72.0,-104.84361267089844,0.4000000059604645,0.0,291.70001220703125,280650.71875,-0.5579202175140381,6.348610877990723,130.28829956054688,10.0,7750000.0,8160000.0,86.12000274658203,119.0999984741211,0.5,9.999999747378752e-05,0.0,3.299999952316284,200.0,0.30000001192092896,309.20001220703125,2.439019908706541e-06,0,0,0,1,1,1,0,24,0,304.0304260253906,0.0,0.0,0.0,0.0,0.0,0.0,0.797806441783905,0.867339551448822,0.5186400413513184,0.13958320021629333,-0.0005455118371173739,-0.0011509684845805168,0.36041679978370667,0.3615732192993164,0.361842542886734,1.0,25.0,24.0,7122496.5,7122601.0,7122748.5,291.0194091796875,291.05230712890625,291.03790283203125,316.84393310546875,317.3876953125,316.84136962890625,4400000.0,303.9316711425781,304.2200012207031,303.93963623046875,25.82452392578125,26.33538818359375,25.803466796875,313.8621826171875,4496.6455078125,4498.59228515625,4507.2587890625,11.791383743286133,11.800202369689941,11.803977012634277,20.038604736328125,0.0,0.0,0.0020000000949949026,291.0365295410156,317.0243225097656,-144.42633056640625,1.1594247817993164,1.163209319114685,1.1640545129776,78.99820709228516,39.0,40.0,42.0,41.0,0.0,0.0,7127570.5,7107475.0,68.59902954101562,5.0,0.014999999664723873,-180000.0,600.0,1000000.0,400000.0,0.17000000178813934,22000.0,786000.0,120000.0,0.0,40.0,30.0,36.810001373291016,0.5,18.399999618530273,50000.0,115692.3984375,15.113750457763672,0,0,1,0,0,0,0,13208400.0,0.0,0.0,0.0,0.0,0.0,-2157490.0,400000.0,1000000.0,1.0,1400000.0,0.0,0.441784143447876,13242510.0,126869.6328125,13208400.0,340.2982177734375,40.007659912109375,4.403015613555908,-2157490.0,0.0,0.0,0.0,3.2080495357513428,40.007659912109375,0.0,22230.939453125,1.2010046243667603,0.0,0.0,0.0,20.0,14.711517333984375,22.0,0.0,0.0,0.0,0.05000000074505806,0.02500000037252903,0.17000000178813934,15400000.0,0.5,6.25,0.0006667000125162303,2.0,2410000.0,4140000.0,4.734799861907959,0.15000000596046448,0.20000000298023224,0.2199999988079071,1.0,0.0,-1.0,0.0,5.0,20.0,30.0,50.0,74.0,80.0,86.0,9.800000190734863,500000.0,1.0499999802959792e-07,0.5,750.0,1000.0,600.0,1000.0,1150.0,32.0,32.0,37.400001525878906,10.0,10.0,0.007000000216066837,0.5049999952316284,82.0,189.26499938964844,0.0,1.5099999904632568,231.60000610351562,20.0,36.0,16.600000381469727,16.5,225.0,-0.1756729930639267,27.5,-0.1756729930639267,30.485509872436523,0.1561516970396042,11.10221004486084,-1.8332500457763672,-75.0,4.3520002365112305,9.800000190734863,189.26499938964844,93.30000305175781,2650000.0,0.8500000238418579,7.570000171661377,0,1,0,0,0,0,0,0,0,0,0,1,3,3,0,0,1,0,0,0,0,0,0,1,0,0,0,0,1,0,0,0,0,0,0,0,0,0,0,1,0,0,0,0,0,0,0,0,0,0,12.0509033203125,29048.9609375,2153.699951171875,0.0004148523439653218,0.0004361289902590215,0.0006248649442568421,1.0,1.0,0.0,0.0,0.0,0.6134774088859558,0.6065564155578613,1.0,0.0,0.0,0.0,1.0,0.0,0.0,1.0,1.0,0.0,1.0,1.0,0.0,0.0,1.0,0.0,0.6197730898857117,0.6252655386924744,0.0004148523439653218,0.0,0.0,0.0,99998.78125,99999.0,2733199.25,2410000.0,36.20000076293945,36.20000076293945,36.20000076293945,32.5268440246582,249.03562927246094,122.31145477294922,44.35017776489258,26.47301483154297,36.325653076171875,27.0,28.126605987548828,27.0,0.0,32.0,20.0,68.57752227783203,3446668.0,0.5432180762290955,3.7799999713897705,5.048738956451416,8.919782638549805,0.0,0.0,0.0,1.401298464324817e-45,5.198381423950195,5.198381423950195,0.5049998760223389,0.5049998760223389,0.5049998760223389,0.18937495350837708,0.18937495350837708,0.18937495350837708,0.0,0.0,0.0,0.0,0.0,0.0,5.294999599456787,0.0,0.0,0.0,0.0,0.0,0.0,100.0,73.96337127685547,0.47474148869514465,0.0,20.0,0.0,5.198381423950195,5.991781711578369,0.0,0.0,0.0,0.007000000216066837,0.0,0.0,10.34190845489502,0.0,1.7322373390197754,1.401298464324817e-45,5.9956135749816895,0.0,0.0,0.0,0.0,0.0,0.0,20.0,0.0,0.0,12894340.0,0.0,0.0,0.0,0.0,0.0,0.0,0.0,0.351500004529953,18.93000030517578,23.030000686645508,7.69199959904654e-06,0.08500000089406967,0.009999999776482582,24.0,27.0,8.800000190734863,500000.0,0.05000000074505806,2.7000000013543968e-09,2.7000000013543968e-09,145100.0,120000.0,14650000.0,86400.0,17.0,34.5,48.70000076293945,321.8999938964844,83170.0,0.0,1.0,1.0,0.0010000000474974513,725.0,0.0,0.5,0.0,0.0,57.31999969482422,837142.875,9359.77734375,117376.1015625,2623.89794921875,83026.390625,725.0,1.0204100362898316e-05,740000000.0,1,0,1,0,1,0,1,0,0,0,0,8.799991607666016,27.0,3955.161865234375,0.0,0.0,0.0,0.0,1.5888607501983643,0.0004017081228084862,0.0,0.030423102900385857,39.4053955078125,1.0,25922.6171875,7534.6142578125,3.9511374779976904e-05,320587776.0,1835233536.0,1930993664.0,1810929024.0,-67.68316650390625,-644.4140625,-395654304.0,24304544.0,5.9956135749816895,0.0,73.67877960205078,644.4140625,106381.3984375,4124.11572265625,146532.40625,165502.65625,123922.6171875,50.600120544433594,39.4053955078125,39.4053955078125,1.0,3.9511374779976904e-05,7534.6142578125,950158688256.0,0.20081326365470886,137600.0,137600.0,89285520.0,68.79258728027344,6534.4853515625,1.0,0.0,1700.0,250000.0,10000.0,1038.0,0.004999999888241291,400.0,5000.0,0,0,0,0,2959622.5,61.68903732299805,61.68903732299805,1216415.25,2809759.0,0.0,0.0,587933.9375,209.06094360351562,7102183.5,0.0,0.0,1.0,1.0,279.0410461425781,275.3855285644531,157.68881225585938,0.0,5957889.0,665225.875,157.68881225585938,1.0,1.0,1.0,0.0,612.4912719726562,60.26890563964844,612.9317016601562,1.0,0.0,7680000.0,222.35768127441406,223.6105499267578,225.2778778076172,0.11599504947662354,2809759.0,48.282169342041016,123.3780746459961,1.1159950494766235,0.0,286.8215026855469,1.0,0.0,-7.5742998123168945,0.0,0.0,9.999999974752427e-07,0.0,2.0,0.0003000000142492354,0.004999999888241291,0.0010000000474974513,2.0000000233721948e-07,2.0000000233721948e-07,0.0005555999814532697,993000000.0,1.0,0.05000000074505806,0.10000000149011612,0.0005000000237487257,0.0016700000269338489,0.009999999776482582,1.0,1.0,0.0010000000474974513,4.999999873689376e-05,0.00039999998989515007,0.019999999552965164,0.9891999959945679,0.9891999959945679,0.9950000047683716,0.9950000047683716,1,0,0,0,1,1,0,0,0,0,0,0,0,0,-0.007456979248672724,-7404780.5,5000.22509765625,587933.9375,0.0,2546223.0,0.0,1.0,2569281.25,0.0,0.0,60.0,180.0,1800.0,1800.0,0.0,0.0,0.0,0.0,-0.012236599810421467,0.0,0.0,0.0,0.0,0.0,0.0,0.0,0.0,0.0,0.0,0.0,6.602997746085748e-05,0.0,7.006492321624085e-44,1,1,0,1,1,1,0,1,1,0,1,0,1,0,1,1,1,1,0,1,0,1000,1000,0,1,5001,5001,0.0,0.0,120.0,120.0,0.0,0.0,0.4000000059604645,0.10000000149011612,0.10000000149011612,2.0,500.0,200.0,0.9900000095367432,300000.0,5000.0,45000.0,20000.0,0.019999999552965164,2.0,0.05000000074505806,0.019999999552965164,6.0,0.05000000074505806,0.019999999552965164,0.019999999552965164,88.30000305175781,0.10000000149011612,0.800000011920929,0.05000000074505806,0.009999999776482582,50.0,50.0,340.0,340.0,1000000.0,1,1,1,1,1,1,1,1,1,1,0,0,0,1,1,0,1.0,0.0,0.0,0.0,9.16874996619299e-05,0.0,0.0,0.0,0.9179813861846924,0.9179813861846924,0.9179813861846924,5000.220703125,3912390.0,3917390.25,50.0,27.615291595458984,0.4000000059604645,0.0,0.0,0.10000000149011612,0.18495269119739532,0.4925430119037628,22164.435546875,20.0,29.202341079711914,778726.4375,27.3774471282959,3822.7685546875,721.2227783203125,0.7787264585494995,0.9178285002708435,9.472822189331055,1.0,3220759.5,3304317.0,9.718579292297363,20.0,0.2757737636566162,27.577377319335938,0.0,636.4223022460938,318.19891357421875,100000.0,50000.0,1115.300048828125,50000.0,700.0,2000.0,2800000.0,3500000.0,4000000.0,9.999999747378752e-05,4.999999873689376e-05,500.0,20000.0,100.0,500.0,60000.0,1200.0,1.0,120.0,150000.0,3000.0,300.0,1.0,300.0,0.019999999552965164,0.019999999552965164,0.009999999776482582,0.009999999776482582,0.009999999776482582,0.019999999552965164,1.100000023841858,0.019999999552965164,4.0,0.019999999552965164,88.0,1613.0,0.009999999776482582,0.20000000298023224,3.0,5.0,600.0,0.0010000000474974513,88.0,88.0,2000.0,2340.0,-0.11599799990653992,-0.03561130166053772,-0.04758000001311302,-0.01752999983727932,0,0,0,0,0,1,0,510.94580078125,510.94580078125,2.052001953125,2.052001953125,0.017229126766324043,27.3774471282959,164.1846160888672,1015.67431640625,1031.7987060546875,505.8058166503906,505.8058166503906,2.031341552734375,2.031341552734375,1209.315185546875,524.2372436523438,0.0,0.0,2663660.25,20.00048065185547,20.00048065185547,155.15261840820312,155.15261840820312,65688.9296875,65688.9296875,1.0948154926300049,1.0948154926300049,104.53047180175781,104.53047180175781,24.8988094329834,24.8988094329834,104179.1171875,104179.1171875,24.908897399902344,155.05352783203125,158.1302032470703,2669752.25,20.00048065185547,20.00048065185547,192.92544555664062,192.92544555664062,156.207763671875,156.207763671875,653588.9375,653588.9375,0.0,113.77859497070312,113.77859497070312,227.5744171142578,159595.515625,159595.515625,1.0639700889587402,1.0639700889587402,212.7787322998047,156.207763671875,0.0,0.0,0.0,191.91026306152344,191.91026306152344,383.8205261230469,0.0,0.0,0.0,0.0,0.0,191.91026306152344,191.91026306152344,0.026315800845623016,8.69416332244873,0.20000000298023224,0.8638498187065125,0.9147562980651855,0.8683915734291077,0.797806441783905,0.7120466828346252,0.7987251281738281,0.9599996209144592,1.0,1.0,1.0,0.9999998211860657,0.9999998211860657,0.9999998211860657,190833.65625,193242.0625,0.0,0.0,0.0,0.0,0.0,0.0,0.0,296.3810119628906,297.7510070800781,0.0,190818.375,190818.375,0.0,0.0,0.0,0.0,0.8334697484970093,0.8334697484970093,0.8334697484970093,0.629298210144043,1047137.0625,0.9959999918937683,0.9959999918937683,0.9959999918937683,0.9959999918937683,5803878.0,2817744.5,7489834.5,8619564.0,2606300.0,3980813.0,0.0039123897440731525,0.007834780029952526,1025.99560546875,0.0,0.0,0.0,0.0,0.0,0.0,0.0,0.0,0.0,1015.6915283203125,1026.00732421875,346.1990051269531,346.1990051269531,346.1990051269531,345.4732360839844,345.4732360839844,345.4732360839844,2.997225046157837,0.6977864503860474,0.8559001684188843,2.9973654747009277,5.0,0.0040000081062316895,0.0040000081062316895,0.0040000081062316895,0.0040000081062316895,0.0,-0.4368000030517578,0.0,599445.0,164.1846160888672,164.1846160888672,0.0,20.0,2800469.0,7.25,12.0,10.25,143.7259979248047,143.7259979248047,143.7259979248047,0.0,0.0,0.7926306128501892,0.9211652278900146,10000.0,10000.0,0.011826000176370144,1038.5,0.027953999117016792,0.0,0.0,1.0878000259399414,1.0809999704360962,9.000000136438757e-05,103.0,33.220001220703125,1.8179999589920044,0.029999999329447746,49.0,8.329999923706055,4.159999847412109,58.0,302.0,4.5,0.699999988079071,0.4000000059604645,7.5,1.3799999952316284,2.492000102996826,7000.0,48.88999938964844,1.2000000476837158,45.0,62000.0,4590000.0,4250000.0,15900000.0,15100000.0,0.05000000074505806,0.17000000178813934,0.009999999776482582,15220000.0,1.6699999570846558,312.7799987792969,1.1100000143051147,4232.0,0.25,689000.0,4030000.0,9.829999923706055,8.550000190734863,12200000.0,231.10000610351562,88.3239974975586,633.0,1.1430000066757202,0.6858000159263611,-10.0,-3.7799999713897705,0.7799999713897705,295.5,4030000.0,12400000.0,0.9200000166893005,5.0,1,0,1,228,128,0,0,0,0,1,1,1,1,1,0,0,1,1,1,0,0,1,1,0,0,0,0,1,1,1,0,0,0,0,0,0,0,0,0,8,5,0,1,0,0.2598910331726074,7122496.5,1.0877995491027832,0.7807365655899048,1.0063248872756958,304.1694641113281,26.72840118408203,-0.14647017419338226,1,1,1,0,0,0,1,1,0,0,0,0,0,402,0.20000000298023224,0.20000000298023224,0.20000000298023224,0.0,2,0,0,0,0,0,0,0,0,0,0,0,0,0,0,0,0,0,0,0,0,0,0,0,0,0,0,0,0,0,0,0,0,0,0,0,0,0,0,0,0,0,0,0,0,0,0,0,0,0,0,1,0,0,0,0,0,0,0,0,0,0,0,0,0,0,0,0,0,0,0,0,0,0,0,0,0,0,0,0,0,0,0,0,0,0,0,0,0,0,0,0,0,0,0,0,0,0,0,0,0,0,0,0,0,0,0,0,0,0,0,0,0,0,0,0,0,0,0,0,0,0,0,0,0,0,0,0,0,0,0,0,0,0,0,0,0,0,0,0,0,0,0,1,0,0,0,0,0,0,0,0,0,0,0,-1,0,0,0,0,0,0,1,1,0,0,25.989103317260742,-3.900941848754883,0.0,-0.5579202175140381,-1.6815581571897805e-44,291.70001220703125,304.1694641113281,467.0478515625,-0.04456160217523575,99.27648162841797,2665.3134765625,1.0877995491027832,1.0063248872756958,-1.0,-12.469451904296875,6.827850029367255e-06,0.030423102900385857,100.0,27.0,0.0,7.799991607666016,3.877061128616333,1.0,1.0,39.4053955078125,0.2645169794559479,20.0,3.9511374779976904e-05,0.0,73.96337127685547,1.7322373390197754,1.8179994821548462,0.00036938843550160527,0.6817498207092285,0.5432180762290955,27.88983917236328,8.919782638549805,18.71417236328125,18.175458908081055,0.6134774088859558,44.35017776489258,44.898040771484375,249.03562927246094,122.31145477294922,0.9548481702804565,314.6098937988281,40.007659912109375,0.29459047317504883,290.80621337890625,290.82122802734375,290.7879638671875,317.3751525878906,317.8487854003906,317.3774719238281,100.0,3.295734405517578,47.47414779663086,135.12789916992188,304.0906982421875,304.33502197265625,304.08270263671875,340.29803466796875,44.17841339111328,32.155242919921875,135.12789916992188,0.0,0.7760787010192871,0.7894749045372009,0.776679515838623,82.2757568359375,82.24911499023438,82.1882095336914,72.68124389648438,72.67973327636719,72.67867279052734,36.18425369262695,36.15732192993164,36.04167938232422,98.06934356689453,97.85530853271484,97.83778381347656,0.0,0.0,0.0,219.74118041992188,217.88877868652344,216.78726196289062,29.0,0.0,48.0,0.7987251281738281,0.694713294506073,0.7120466828346252,0.7318050265312195,0.797806441783905,0.69107985496521,41.0,78.36749267578125,72.47138977050781,212.7787322998047,38.32861328125,9.999999974752427e-07,87.95489501953125,0.0,155.05352783203125,0.0,721.2227783203125,39.97344207763672,27.3774471282959,0.0,9.472822189331055,77.87264251708984,1.0,0.9718579053878784,20.0,0.0,60.0,120.0,0.0,120.0,0.0,0.0,0.0,0.0,18.089160919189453,89.19783020019531,2.0,200.0,0,0,0,0,0,0,0,0,0,0,128,0,99999,99999,19,402,1800,180,1800,0,0,-7,25,23,0,0,0,806,1424,29,31,32,0,0,0,0,0,0,0,0,1,0,0,0,0,0,1,0,0,0,0,1,1,1,0,1,0,0,0,1,0,0,0,0,0,0,0,0,0,0,0,0,1,0,1,0,0,1,1,0,1,0,1,0,1,0,0,0,1,1,0,1,0,1,0,0,0,1,0,0,0,0,1,0,1,0,0,0,0,0,1,0,0,1,0,0,0,1,0,0,0,0,0,0,1,0,0,0,1,1,0,0,1,0,1,0,1,0,1,0,0,0,1,0,1,1,1,0,0,1,0,0,0,0,0,1,1,1,0,0,0,0,0,0,0,0,0,0,0,1,0,1,0,1,0,0,0,0,0,0,0,0,1,1,1,1,0,1,0,1,1,1,1,1,1,1,0,0,0,0,0,0,1,0,1,1,1,1,1,1,1,1,1,1,1,0,0,0,1,1,0,0,1,1,0,1,1,0,0,1,1,1,0,0,0,0,1,1,1,1,0,0,1,1,0,0,1,1,0,0,1,0,1,1,0,1,1,1,0,1,1,0,1,0,1,0,0,0,0,0,0,0,1,1,1,1,0,0,1,0,0,0,0,0,0,0,0,0,0,0,0,0,0,0,0,0,0,0,0,0,0,0,0,0,0,0,0,0,0,0,0,0,0,0,0,0,0,0,0,0,0,0,0,0,0,0,0,0,0,0,0,0,0,0,0,0,0,0,0,0,0,0,0,0,0,0,0,0,0,0,0,0,0,0,0,0,0,0,0,0,0,0,0,0,0,0,0,0,0,0,0,0,0,0,0,0,0,0,0,0,0,0,0,0,0,0,0,0,0,0,0,0,0,0,0,0,0,0,0,0,0,0,0,0,0,0,0,0,0,0,0,0,0,0,0,0,0,0,0,0,0,0,0,1,0,1,0,0,0,0,0,1,0,0,0,0,0,0,0,0,0,0,0,0,0,0,0,1,0,0,0,0,0,0,0,0,0,0,0,0,0,0,1,0,0,0,0,0,0,0,0,0,0,1,0,0,0,0,0,0,0,0,0,0,0,0,0,0,0,0,0,0,0,0,0,0,0,0,0,0,0,1,0,0,0,0,0,0,1,1,1,0,0,0,0,0,0,-1,0,0,0,0,0,0,0,0,-1,0,0,-1,0,0,0,0,0,0,0,0,0,0,0,0,0,0,0,0,0,0,1,0,0,0,0,0,0,0,0,0,0,0,0,0,0,0,0,1,1,0,-1,-1,-1,1,1,1,0,0,0,0,1,0,0,1,1,0,0,0,0,1,0,0,0,0,0,0,0,0,0,0,0,0,0,0,0,0,0,0,0,0,0,0,0,0,0,0,0,0,0,1,1,0,1,0,1,1,0,1,0,1,1,0,1,0,0,1,0,0,0,0,0,0,0,0,0,0,0,0,0,0,0,0,0,0,0,0,0,0,0,0,0,0
0,1,1,300,228,8,8,228,114,25,1,0,0.0020000000949949026,4000.0,1.0,0.04500000178813934,25.0,48.0,8.0,291.70001220703125,1.7000000476837158,-3.179999907843012e-07,0.007360000163316727,0.008080000057816505,8.0,0.33000001311302185,0.0333000011742115,1.0,9.999999747378752e-06,21.0,9.999999747378752e-06,2775000064.0,9.000000136438757e-05,4.999999980020986e-13,5.0,40.0,3.0,-3.3499999046325684,3.3499999046325684,0.5,0.0004799999878741801,292.3927001953125,492.6077880859375,-0.0036125299520790577,0.002354159951210022,0.0008944629807956517,0.013157900422811508,0.800646185874939,0.02024419978260994,2650129920.0,0.006539999973028898,0,0,0,0,0,0,0,0,0,0,0,0,0,0,0,0,0,0,0,0,0,0,0,0,0,0,0,0,0,0,0,0,0,0,0,0,0,0,0,0,0,0,0,0,0,0,0,0,0,0,0,0,0,1,4,4,0,0,0,0,0,0,0,0,2,0,0.00040183193050324917,289.87591552734375,405.08544921875,432.8968505859375,462.25634765625,490.51007080078125,533.0845947265625,542.6334228515625,543.5015869140625,535.728759765625,521.2484130859375,501.72784423828125,476.4559326171875,450.35821533203125,425.4432678222656,403.7196960449219,384.25384521484375,369.32623291015625,358.52734375,351.2110595703125,346.3604736328125,343.5796203613281,342.3501892089844,342.03021240234375,341.9776916503906,341.55072021484375,0.015304958447813988,0.07319676131010056,0.7718529105186462,-0.04366381838917732,0.7557952404022217,0.9491243362426758,12123.9970703125,4.820256435777992e-06,0.28925830125808716,0.05652617663145065,0.2071654200553894,0.22304432094097137,0.007113175466656685,1.0,-1.6815581571897805e-44,-4.001608848571777,0.0,99.27486419677734,2665.457763671875,0.9439815878868103,438.6883850097656,0.0,-72.0,-113.02833557128906,0.0,0.0,291.70001220703125,280651.28125,-0.5555573105812073,6.345069885253906,130.28829956054688,10.0,7750000.0,8160000.0,86.12000274658203,119.0999984741211,0.5,9.999999747378752e-05,0.0,3.299999952316284,200.0,0.30000001192092896,309.20001220703125,2.439019908706541e-06,0,0,0,1,1,1,0,24,0,303.5151062011719,0.0,0.0,0.0,0.0,0.0,0.0,0.8183814883232117,0.8673285245895386,0.5188745260238647,0.14975348114967346,0.0009053087560459971,0.0002881430846173316,0.35024651885032654,0.35144853591918945,0.3516670763492584,1.0,25.0,24.0,7135136.0,7135294.0,7135385.5,291.70556640625,291.73797607421875,291.72418212890625,315.0523681640625,315.82147216796875,315.049072265625,4400000.0,303.37896728515625,303.77972412109375,303.3866271972656,23.3468017578125,24.08349609375,23.32489013671875,311.5440673828125,4486.43408203125,4491.48388671875,4496.921875,11.719986915588379,11.729253768920898,11.73255443572998,22.127197265625,0.0,0.0,0.0020000000949949026,291.7225646972656,315.3076477050781,-167.05580139160156,1.1289538145065308,1.1329412460327148,1.1335586309432983,96.053955078125,39.0,40.0,42.0,41.0,0.0,0.0,7137466.5,7116391.5,67.07772827148438,5.0,0.014999999664723873,-180000.0,600.0,1000000.0,400000.0,0.17000000178813934,22000.0,786000.0,120000.0,0.0,40.0,30.0,36.810001373291016,0.5,18.399999618530273,50000.0,115692.3984375,15.113750457763672,0,0,1,0,0,0,0,13094188.0,0.0,0.0,0.0,0.0,0.0,-2266056.0,400000.0,1000000.0,1.0,1400000.0,0.0,0.4370279908180237,13133944.0,126869.6328125,13094188.0,340.29931640625,40.007659912109375,4.352589130401611,-2266056.0,0.0,0.0,0.0,3.182626485824585,40.007659912109375,0.0,22230.939453125,1.2010046243667603,0.0,0.0,0.0,20.0,14.711517333984375,22.0,0.0,0.0,0.0,0.05000000074505806,0.02500000037252903,0.17000000178813934,15400000.0,0.5,6.25,0.0006667000125162303,2.0,2410000.0,4140000.0,4.734799861907959,0.15000000596046448,0.20000000298023224,0.2199999988079071,1.0,0.0,-1.0,0.0,5.0,20.0,30.0,50.0,74.0,80.0,86.0,9.800000190734863,500000.0,1.0499999802959792e-07,0.5,750.0,1000.0,600.0,1000.0,1150.0,32.0,32.0,37.400001525878906,10.0,10.0,0.007000000216066837,0.5049999952316284,82.0,189.26499938964844,0.0,1.5099999904632568,231.60000610351562,20.0,36.0,16.600000381469727,16.5,225.0,-0.1756729930639267,27.5,-0.1756729930639267,30.485509872436523,0.1561516970396042,11.10221004486084,-1.8332500457763672,-75.0,4.3520002365112305,9.800000190734863,189.26499938964844,93.30000305175781,2650000.0,0.8500000238418579,7.570000171661377,0,1,0,0,0,0,0,0,0,0,0,1,3,3,0,0,1,0,0,0,0,0,0,1,0,0,0,0,1,0,0,0,0,0,0,0,0,0,0,1,0,0,0,0,0,0,0,0,0,0,12.050661087036133,29048.474609375,2153.699951171875,0.0004148509178776294,0.0004361289902590215,0.0006248649442568421,1.0,1.0,0.0,0.0,0.0,0.613190770149231,0.60727459192276,1.0,0.0,0.0,0.0,1.0,0.0,0.0,1.0,1.0,0.0,1.0,1.0,0.0,0.0,1.0,0.0,0.6189743280410767,0.6248358488082886,0.0004148509178776294,0.0,0.0,0.0,99998.78125,99999.0,2729676.75,2410000.0,36.20000076293945,36.20000076293945,36.20000076293945,32.52886962890625,249.1458740234375,122.2436294555664,44.252113342285156,26.47751808166504,36.30302429199219,27.0,28.116973876953125,27.0,0.0,32.0,20.0,68.57752227783203,3446668.0,0.5432180762290955,3.7799999713897705,5.05278205871582,8.919782638549805,0.0,0.0,0.0,1.401298464324817e-45,5.180295944213867,5.180295944213867,0.5049998760223389,0.5049998760223389,0.5049998760223389,0.18937495350837708,0.18937495350837708,0.18937495350837708,0.0,0.0,0.0,0.0,0.0,0.0,5.294999599456787,0.0,0.0,0.0,0.0,0.0,0.0,100.0,73.95909118652344,0.46520018577575684,0.0,20.0,0.0,5.180295944213867,5.997228145599365,0.0,0.0,0.0,0.007000000216066837,0.0,0.0,10.346713066101074,0.0,1.7321950197219849,1.401298464324817e-45,5.999656677246094,0.0,0.0,0.0,0.0,0.0,0.0,20.0,0.0,0.0,12782802.0,0.0,0.0,0.0,0.0,0.0,0.0,0.0,0.351500004529953,18.93000030517578,23.030000686645508,7.69199959904654e-06,0.08500000089406967,0.009999999776482582,24.0,27.0,8.800000190734863,500000.0,0.05000000074505806,2.7000000013543968e-09,2.7000000013543968e-09,145100.0,120000.0,14650000.0,86400.0,17.0,34.5,48.70000076293945,321.8999938964844,83170.0,0.0,1.0,1.0,0.0010000000474974513,725.0,0.0,0.5,0.0,0.0,57.31999969482422,837142.875,9359.77734375,117376.1015625,2623.89794921875,83026.390625,725.0,1.0204100362898316e-05,740000000.0,1,0,1,0,1,0,1,0,0,0,0,8.799991607666016,27.0,3996.141845703125,0.0,0.0,0.0,0.0,1.6053277254104614,0.0004017096944153309,0.0,0.03073832206428051,39.44279479980469,1.0,25934.25,7608.802734375,3.9920858398545533e-05,310327488.0,1784354816.0,1878415616.0,1932705152.0,-66.16155242919922,-688.1608276367188,-550308736.0,-148350080.0,5.999656677246094,0.0,72.16120910644531,688.1608276367188,106381.3984375,4131.9072265625,146565.59375,165659.734375,123934.25,51.20012283325195,39.44279479980469,39.44279479980469,1.0,3.9920858398545533e-05,7608.802734375,949140062208.0,0.20086471736431122,137600.0,137600.0,87597864.0,67.2958755493164,6546.01171875,1.0,0.0,1700.0,250000.0,10000.0,1038.0,0.004999999888241291,400.0,5000.0,0,0,0,0,2959622.5,61.31964111328125,61.31964111328125,1216415.25,2807917.75,0.0,0.0,531462.1875,206.56222534179688,7114400.5,0.0,0.0,1.0,1.0,231.76702880859375,275.3855285644531,153.724609375,0.0,5957889.0,647590.875,153.724609375,1.0,1.0,1.0,0.0,613.7315063476562,16.025354385375977,613.9867553710938,1.0,0.0,7680000.0,235.50051879882812,237.2837677001953,238.38818359375,0.21788907051086426,2807917.75,90.8095932006836,122.6392822265625,1.2178890705108643,0.0,286.906982421875,1.0,0.0,-7.5742998123168945,0.0,0.0,9.999999974752427e-07,0.0,2.0,0.0003000000142492354,0.004999999888241291,0.0010000000474974513,2.0000000233721948e-07,2.0000000233721948e-07,0.0005555999814532697,993000000.0,1.0,0.05000000074505806,0.10000000149011612,0.0005000000237487257,0.0016700000269338489,0.009999999776482582,1.0,1.0,0.0010000000474974513,4.999999873689376e-05,0.00039999998989515007,0.019999999552965164,0.9891999959945679,0.9891999959945679,0.9950000047683716,0.9950000047683716,1,0,0,0,1,1,0,0,0,0,0,0,0,0,-0.007456979248672724,-7404780.5,5000.2119140625,531462.1875,0.0,2546223.0,0.0,1.0,2569281.25,0.0,0.0,60.0,180.0,1800.0,1800.0,0.0,0.0,0.0,0.0,-0.012236599810421467,0.0,0.0,0.0,0.0,0.0,0.0,0.0,0.0,0.0,0.0,0.0,6.602997746085748e-05,0.0,7.006492321624085e-44,1,1,0,1,1,1,0,1,1,0,1,0,1,0,1,1,1,1,0,1,0,1000,1000,0,1,5001,5001,0.0,0.0,120.0,120.0,0.0,0.0,0.4000000059604645,0.10000000149011612,0.10000000149011612,2.0,500.0,200.0,0.9900000095367432,300000.0,5000.0,45000.0,20000.0,0.019999999552965164,2.0,0.05000000074505806,0.019999999552965164,6.0,0.05000000074505806,0.019999999552965164,0.019999999552965164,88.30000305175781,0.10000000149011612,0.800000011920929,0.05000000074505806,0.009999999776482582,50.0,50.0,340.0,340.0,1000000.0,1,1,1,1,1,1,1,1,1,1,0,0,0,1,1,0,1.0,0.0,0.0,0.0,8.409375004703179e-05,0.0,0.0,0.0,0.9179718494415283,0.9179718494415283,0.9179718494415283,5000.20751953125,3913236.0,3918236.25,50.0,27.615251541137695,0.4000000059604645,0.0,0.0,0.10000000149011612,0.18527084589004517,0.4925430119037628,22164.435546875,20.0,29.202341079711914,778669.25,26.93709945678711,3744.905029296875,721.2228393554688,0.7786692380905151,0.9178094863891602,9.472782135009766,1.0,3220746.0,3304317.0,9.718579292297363,20.0,0.27581924200057983,27.581924438476562,0.0,636.4223022460938,313.91510009765625,100000.0,50000.0,1115.300048828125,50000.0,700.0,2000.0,2800000.0,3500000.0,4000000.0,9.999999747378752e-05,4.999999873689376e-05,500.0,20000.0,100.0,500.0,60000.0,1200.0,1.0,120.0,150000.0,3000.0,300.0,1.0,300.0,0.019999999552965164,0.019999999552965164,0.009999999776482582,0.009999999776482582,0.009999999776482582,0.019999999552965164,1.100000023841858,0.019999999552965164,4.0,0.019999999552965164,88.0,1613.0,0.009999999776482582,0.20000000298023224,3.0,5.0,600.0,0.0010000000474974513,88.0,88.0,2000.0,2340.0,-0.11599799990653992,-0.03561130166053772,-0.04758000001311302,-0.01752999983727932,0,0,0,0,0,1,0,509.69329833984375,509.69329833984375,2.046966552734375,2.046966552734375,0.017308419570326805,26.93709945678711,164.18142700195312,955.9445190429688,1029.9844970703125,476.06036376953125,476.06036376953125,1.911895751953125,1.911895751953125,1145.600341796875,520.5526733398438,0.0,0.0,2663660.25,20.00048065185547,20.00048065185547,154.88128662109375,154.88128662109375,65683.1484375,65683.1484375,1.0947191715240479,1.0947191715240479,103.28111267089844,103.28111267089844,24.871414184570312,24.871414184570312,104064.4921875,104064.4921875,24.88155174255371,154.94613647460938,158.04701232910156,2668148.5,20.00048065185547,20.00048065185547,190.03562927246094,190.03562927246094,156.22454833984375,156.22454833984375,653659.1875,653659.1875,0.0,113.66300964355469,113.66300964355469,227.34332275390625,159517.5625,159517.5625,1.0634504556655884,1.0634504556655884,210.1920928955078,156.22454833984375,0.0,0.0,0.0,190.3513641357422,190.3513641357422,380.7027282714844,0.0,0.0,0.0,0.0,0.0,190.3513641357422,190.3513641357422,0.026315800845623016,8.182876586914062,0.20000000298023224,0.8635650277137756,0.9144726991653442,0.8681068420410156,0.8183814883232117,0.7325286269187927,0.8193082213401794,0.9599996209144592,1.0,1.0,1.0,0.9999998211860657,0.9999998211860657,0.9999998211860657,190833.265625,193242.0625,0.0,0.0,0.0,0.0,0.0,0.0,0.0,296.3810119628906,297.7510070800781,0.0,190819.25,190819.25,0.0,0.0,0.0,0.0,0.8316614627838135,0.8316614627838135,0.8316614627838135,0.599655032157898,1016080.3125,0.9959999918937683,0.9959999918937683,0.9959999918937683,0.9959999918937683,5837839.0,2822996.5,7523610.0,8659210.0,2606300.0,3969564.75,0.003913235850632191,0.007836472243070602,1023.4805297851562,0.0,0.0,0.0,0.0,0.0,0.0,0.0,0.0,0.0,955.9618530273438,1023.4922485351562,345.9147033691406,345.9147033691406,345.9147033691406,325.15692138671875,325.15692138671875,325.15692138671875,2.996804714202881,0.6909776926040649,0.8541510701179504,2.9969446659088135,5.0,0.0040000081062316895,0.0040000081062316895,0.0040000081062316895,0.0040000081062316895,0.0,-0.4368000030517578,0.0,599360.9375,164.18142700195312,164.18142700195312,0.0,20.0,2798266.0,7.25,12.0,10.25,135.23822021484375,135.23822021484375,135.23822021484375,0.0,0.0,0.7926306128501892,0.9211652278900146,10000.0,10000.0,0.011826000176370144,1038.5,0.027953999117016792,0.0,0.0,1.0878000259399414,1.0809999704360962,9.000000136438757e-05,103.0,33.220001220703125,1.8179999589920044,0.029999999329447746,49.0,8.329999923706055,4.159999847412109,58.0,302.0,4.5,0.699999988079071,0.4000000059604645,7.5,1.3799999952316284,2.492000102996826,7000.0,48.88999938964844,1.2000000476837158,45.0,62000.0,4590000.0,4250000.0,15900000.0,15100000.0,0.05000000074505806,0.17000000178813934,0.009999999776482582,15220000.0,1.6699999570846558,312.7799987792969,1.1100000143051147,4232.0,0.25,689000.0,4030000.0,9.829999923706055,8.550000190734863,12200000.0,231.10000610351562,88.3239974975586,633.0,1.1430000066757202,0.6858000159263611,-10.0,-3.7799999713897705,0.7799999713897705,295.5,4030000.0,12400000.0,0.9200000166893005,5.0,1,0,1,228,116,0,0,0,0,1,1,1,1,1,0,0,1,1,1,0,0,1,1,0,0,0,0,1,1,1,0,0,0,0,0,0,0,0,0,8,5,0,1,0,0.2071654200553894,7135136.0,1.0877995491027832,0.7130117416381836,1.0079574584960938,303.7024230957031,24.40985107421875,-0.11725620925426483,1,1,1,0,0,0,1,1,0,0,0,0,0,405,0.20000000298023224,0.20000000298023224,0.20000000298023224,0.0,2,0,0,0,0,0,0,0,0,0,0,0,0,0,0,0,0,0,0,0,0,0,0,0,0,0,0,0,0,0,0,0,0,0,0,0,0,0,0,0,0,0,0,0,0,0,0,0,0,0,0,1,0,0,0,0,0,0,0,0,0,0,0,0,0,0,0,0,0,0,0,0,0,0,0,0,0,0,0,0,0,0,0,0,0,0,0,0,0,0,0,0,0,0,0,0,0,0,0,0,0,0,0,0,0,0,0,0,0,0,0,0,0,0,0,0,0,0,0,0,0,0,0,0,0,0,0,0,0,0,0,0,0,0,0,0,0,0,0,0,0,0,0,1,0,0,0,0,0,0,0,0,0,0,0,-1,0,0,0,0,0,0,1,1,0,0,20.716541290283203,-4.001608848571777,0.0,-0.5555573105812073,-1.6815581571897805e-44,291.70001220703125,303.7024230957031,438.6883850097656,-0.04366381838917732,99.27486419677734,2665.457763671875,1.0877995491027832,1.0079574584960938,-1.0,-12.002410888671875,6.827850029367255e-06,0.03073832206428051,100.0,27.0,0.0,7.799991607666016,3.8813164234161377,1.0,1.0,39.44279479980469,0.26463568210601807,20.0,3.9920858398545533e-05,0.0,73.95909118652344,1.7321950197219849,1.8179994821548462,0.00036938843550160527,0.6817498207092285,0.5432180762290955,27.85389518737793,8.919782638549805,18.649065017700195,18.19001579284668,0.613190770149231,44.252113342285156,44.898040771484375,249.1458740234375,122.2436294555664,0.9543254971504211,312.322265625,40.007659912109375,0.29459047317504883,291.49896240234375,291.5128173828125,291.48040771484375,315.67431640625,316.37066650390625,315.677490234375,100.0,2.8172194957733154,46.52001953125,134.02008056640625,303.5866394042969,303.9417419433594,303.5789489746094,340.29901123046875,43.70280075073242,31.915454864501953,134.02008056640625,0.0,0.7061620950698853,0.7260977625846863,0.7067967653274536,81.74221801757812,81.71786499023438,81.65471649169922,72.81018829345703,72.80925750732422,72.8076400756836,35.16670608520508,35.14485168457031,35.02465057373047,97.83399963378906,97.69415283203125,97.60506439208984,0.0,0.0,0.0,234.2015838623047,232.88333129882812,231.27613830566406,29.0,0.0,48.0,0.8193082213401794,0.6944854855537415,0.7325286269187927,0.7315781712532043,0.8183814883232117,0.6908520460128784,41.0,78.36749267578125,72.59605407714844,210.1920928955078,38.406227111816406,9.999999974752427e-07,88.35945129394531,0.0,154.94613647460938,0.0,721.2228393554688,39.98207473754883,26.93709945678711,0.0,9.472782135009766,77.8669204711914,1.0,0.9718579053878784,20.0,0.0,60.0,120.0,0.0,120.0,0.0,0.0,0.0,0.0,18.089160919189453,89.19783020019531,2.0,200.0,0,0,0,0,0,0,0,0,0,0,116,0,99999,99999,21,402,1800,180,1800,0,0,-7,20,23,0,0,0,806,1424,29,31,32,0,0,0,0,0,0,0,0,1,0,0,0,0,0,1,0,0,0,0,1,1,1,0,1,0,0,0,1,0,0,0,0,0,0,0,0,0,0,0,0,1,0,1,0,0,1,1,0,1,0,1,0,1,0,0,0,1,1,0,1,0,1,0,0,0,1,1,0,0,0,1,0,1,0,0,0,0,1,1,0,0,1,0,0,0,1,0,0,0,0,0,0,1,0,0,0,1,1,0,0,1,0,1,0,1,0,1,0,0,0,1,0,1,1,1,0,0,1,0,0,0,0,0,1,1,1,0,0,0,0,0,0,0,0,0,0,0,1,0,1,0,1,0,0,0,0,0,0,0,0,1,1,1,1,0,1,0,1,1,1,1,1,1,1,0,0,0,0,0,0,1,0,1,1,1,1,1,1,1,1,1,1,1,1,0,0,1,1,0,0,1,1,0,1,1,0,0,1,1,1,0,0,0,0,1,1,1,1,0,0,1,1,0,0,1,1,0,0,1,0,1,1,0,1,1,1,0,1,1,0,1,0,1,0,0,0,0,0,0,0,1,1,1,1,0,0,1,0,0,0,0,0,1,1,1,1,0,0,0,0,0,0,0,0,0,0,0,0,0,0,0,0,0,0,0,0,0,0,0,0,0,1,0,0,0,0,1,0,0,0,1,0,0,0,0,0,0,0,0,0,1,0,0,0,0,0,0,1,0,0,0,1,1,0,0,0,0,0,0,1,0,0,0,0,0,0,1,0,0,0,0,0,0,0,0,0,1,0,0,0,0,0,0,0,0,0,0,0,0,0,0,0,0,0,0,0,0,0,0,0,0,0,0,0,0,0,0,0,0,0,0,0,0,0,0,0,0,0,0,0,0,0,0,0,0,0,0,0,0,0,0,1,0,1,0,0,0,0,0,1,0,0,0,0,0,0,0,0,0,0,0,0,0,0,0,1,0,0,0,0,0,0,0,0,0,0,0,0,0,0,1,0,0,0,0,0,0,0,0,0,0,1,0,0,0,0,0,0,0,0,0,0,0,0,0,0,0,0,0,0,0,0,0,0,0,0,0,0,0,1,0,0,0,0,0,0,1,1,1,0,0,0,0,0,0,-1,0,0,0,0,0,0,0,0,-1,0,0,-1,0,0,0,0,0,0,0,0,0,0,0,0,0,0,0,0,0,0,1,0,0,0,0,0,0,0,0,0,0,0,0,0,0,0,0,1,1,0,-1,-1,-1,1,1,1,0,0,0,0,1,0,0,1,1,0,0,0,0,1,0,0,0,0,0,0,0,0,0,0,0,0,0,0,0,0,0,0,0,0,0,0,0,0,0,0,0,0,0,1,1,0,1,0,1,1,0,1,0,1,1,0,1,0,0,1,0,0,0,0,0,0,0,0,0,0,0,0,0,0,0,0,0,0,0,0,0,0,0,0,0,0
0,1,1,300,228,8,8,228,114,25,1,0,0.0020000000949949026,4000.0,1.0,0.04500000178813934,25.0,48.0,8.0,291.70001220703125,1.7000000476837158,-3.179999907843012e-07,0.007360000163316727,0.008080000057816505,8.0,0.33000001311302185,0.0333000011742115,1.0,9.999999747378752e-06,21.0,9.999999747378752e-06,2775000064.0,9.000000136438757e-05,4.999999980020986e-13,5.0,40.0,3.0,-3.3499999046325684,3.3499999046325684,0.5,0.0004799999878741801,292.3927001953125,492.6077880859375,-0.0036125299520790577,0.002354159951210022,0.0008944629807956517,0.013157900422811508,0.800646185874939,0.02024419978260994,2650129920.0,0.006539999973028898,0,0,0,0,0,0,0,0,0,0,0,0,0,0,0,0,0,0,0,0,0,0,0,0,0,0,0,0,0,0,0,0,0,0,0,0,0,0,0,0,0,0,0,0,0,0,0,0,0,0,0,0,0,1,4,4,0,0,0,0,0,0,0,0,2,0,0.00040183193050324917,290.30242919921875,384.5065002441406,407.70965576171875,432.1841125488281,455.7505187988281,491.4427185058594,499.65667724609375,500.7599792480469,494.75732421875,483.22784423828125,467.5364990234375,447.1335754394531,426.0105895996094,405.8105773925781,388.1766662597656,372.3978271484375,360.28656005859375,351.4971008300781,345.4951477050781,341.45452880859375,339.0540771484375,337.8829650878906,337.4324645996094,337.1938781738281,336.65863037109375,0.01572532020509243,0.07012230902910233,0.7718403935432434,-0.042916275560855865,0.7558251619338989,0.9442028403282166,9941.228515625,3.790884875343181e-06,0.2848442494869232,0.05341118201613426,0.16784028708934784,0.17970047891139984,0.008355021476745605,1.0,-1.6815581571897805e-44,-4.095450401306152,0.0,99.27324676513672,2665.6015625,0.9440189599990845,415.5241394042969,0.0,-72.0,-118.47379302978516,0.6000000238418579,0.0,291.70001220703125,280651.84375,-0.5540076494216919,6.3414435386657715,130.28829956054688,10.0,7750000.0,8160000.0,86.12000274658203,119.0999984741211,0.5,9.999999747378752e-05,0.0,3.299999952316284,200.0,0.30000001192092896,309.20001220703125,2.439019908706541e-06,0,0,0,1,1,1,0,24,0,302.87408447265625,0.0,0.0,0.0,0.0,0.0,0.0,0.8347218632698059,0.8673167824745178,0.5191229581832886,0.15779945254325867,0.002442226279526949,0.0018123462796211243,0.34220054745674133,0.34354665875434875,0.3436092138290405,1.0,25.0,24.0,7139225.5,7139467.5,7139465.0,292.33782958984375,292.37176513671875,292.3560791015625,313.06536865234375,314.05194091796875,313.0615234375,4400000.0,302.70159912109375,303.21185302734375,302.70880126953125,20.7275390625,21.68017578125,20.7054443359375,309.24664306640625,4478.12158203125,4485.09765625,4488.466796875,11.661062240600586,11.67174243927002,11.67356014251709,23.86614990234375,0.0,0.0,0.0020000000949949026,292.355224609375,313.3929443359375,-179.4188232421875,1.1045247316360474,1.1091790199279785,1.1090878248214722,112.59205627441406,39.0,40.0,42.0,41.0,0.0,0.0,7138579.5,7116608.0,65.56034088134766,5.0,0.014999999664723873,-180000.0,600.0,1000000.0,400000.0,0.17000000178813934,22000.0,786000.0,120000.0,0.0,40.0,30.0,36.810001373291016,0.5,18.399999618530273,50000.0,115692.3984375,15.113750457763672,0,0,1,0,0,0,0,12968736.0,0.0,0.0,0.0,0.0,0.0,-2388718.0,400000.0,1000000.0,1.0,1400000.0,0.0,0.4315180778503418,13011282.0,126869.6328125,12968736.0,340.3004150390625,40.007659912109375,4.295734882354736,-2388718.0,0.0,0.0,0.0,3.1539628505706787,40.007659912109375,0.0,22230.939453125,1.2010046243667603,0.0,0.0,0.0,20.0,14.711517333984375,22.0,0.0,0.0,0.0,0.05000000074505806,0.02500000037252903,0.17000000178813934,15400000.0,0.5,6.25,0.0006667000125162303,2.0,2410000.0,4140000.0,4.734799861907959,0.15000000596046448,0.20000000298023224,0.2199999988079071,1.0,0.0,-1.0,0.0,5.0,20.0,30.0,50.0,74.0,80.0,86.0,9.800000190734863,500000.0,1.0499999802959792e-07,0.5,750.0,1000.0,600.0,1000.0,1150.0,32.0,32.0,37.400001525878906,10.0,10.0,0.007000000216066837,0.5049999952316284,82.0,189.26499938964844,0.0,1.5099999904632568,231.60000610351562,20.0,36.0,16.600000381469727,16.5,225.0,-0.1756729930639267,27.5,-0.1756729930639267,30.485509872436523,0.1561516970396042,11.10221004486084,-1.8332500457763672,-75.0,4.3520002365112305,9.800000190734863,189.26499938964844,93.30000305175781,2650000.0,0.8500000238418579,7.570000171661377,0,1,0,0,0,0,0,0,0,0,0,1,3,3,0,0,1,0,0,0,0,0,0,1,0,0,0,0,1,0,0,0,0,0,0,0,0,0,0,1,0,0,0,0,0,0,0,0,0,0,12.050413131713867,29047.974609375,2153.699951171875,0.0004148495208937675,0.0004361289902590215,0.0006248649442568421,1.0,1.0,0.0,0.0,0.0,0.6123318672180176,0.6078451871871948,1.0,0.0,0.0,0.0,1.0,0.0,0.0,1.0,1.0,0.0,1.0,1.0,0.0,0.0,1.0,0.0,0.6180229783058167,0.6243724226951599,0.0004148495208937675,0.0,0.0,0.0,99998.78125,99999.0,2725481.25,2410000.0,36.20000076293945,36.20000076293945,36.20000076293945,32.53085708618164,249.2871856689453,122.12632751464844,44.108642578125,26.484102249145508,36.270904541015625,27.0,28.102882385253906,27.0,0.0,32.0,20.0,68.57752227783203,3446668.0,0.5432193875312805,3.7799999713897705,5.053918361663818,8.919780731201172,0.0,0.0,0.0,1.401298464324817e-45,5.157064914703369,5.157064914703369,0.5049998760223389,0.5049998760223389,0.5049998760223389,0.18937495350837708,0.18937495350837708,0.18937495350837708,0.0,0.0,0.0,0.0,0.0,0.0,5.294999599456787,0.0,0.0,0.0,0.0,0.0,0.0,100.0,73.95467376708984,0.4528833031654358,0.0,20.0,0.0,5.157064914703369,6.000399112701416,0.0,0.0,0.0,0.007000000216066837,0.0,0.0,10.34891128540039,0.0,1.7321512699127197,1.401298464324817e-45,6.000792980194092,0.0,0.0,0.0,0.0,0.0,0.0,20.0,0.0,0.0,12661693.0,0.0,0.0,0.0,0.0,0.0,0.0,0.0,0.351500004529953,18.93000030517578,23.030000686645508,7.69199959904654e-06,0.08500000089406967,0.009999999776482582,24.0,27.0,8.800000190734863,500000.0,0.05000000074505806,2.7000000013543968e-09,2.7000000013543968e-09,145100.0,120000.0,14650000.0,86400.0,17.0,34.5,48.70000076293945,321.8999938964844,83170.0,0.0,1.0,1.0,0.0010000000474974513,725.0,0.0,0.5,0.0,0.0,57.31999969482422,837142.875,9359.77734375,117376.1015625,2623.89794921875,83026.390625,725.0,1.0204100362898316e-05,740000000.0,1,0,1,0,1,0,1,0,0,0,0,8.799991607666016,27.0,4036.215576171875,0.0,0.0,0.0,0.0,1.621430516242981,0.0004017111787106842,0.0,0.031046569347381592,39.478641510009766,1.0,25945.3984375,7681.1904296875,4.032128708786331e-05,301236160.0,1710479232.0,1802788992.0,2038314240.0,-64.62600708007812,-726.3065795898438,-661866240.0,-327834752.0,6.000792980194092,0.0,70.62680053710938,726.3065795898438,106381.3984375,4139.38720703125,146598.171875,165810.296875,123945.3984375,51.80012512207031,39.478641510009766,39.478641510009766,1.0,4.032128708786331e-05,7681.1904296875,947491241984.0,0.20091508328914642,137600.0,137600.0,85869408.0,65.78699493408203,6557.0927734375,1.0,0.0,1700.0,250000.0,10000.0,1038.0,0.004999999888241291,400.0,5000.0,0,0,0,0,2959622.5,60.952457427978516,60.952457427978516,1216415.25,2805700.75,0.0,0.0,481499.59375,192.50198364257812,7117529.5,0.0,0.0,1.0,1.0,192.50198364257812,275.3855285644531,149.9293975830078,0.0,5957889.0,630760.0625,149.9293975830078,1.0,1.0,1.0,0.0,614.2493896484375,0.0,614.2570190429688,1.0,0.0,7680000.0,246.6885528564453,249.4839630126953,249.5001678466797,0.3080383539199829,2805700.75,128.36666870117188,121.90491485595703,1.308038353919983,0.0,286.9090576171875,1.0,0.0,-7.5742998123168945,0.0,0.0,9.999999974752427e-07,0.0,2.0,0.0003000000142492354,0.004999999888241291,0.0010000000474974513,2.0000000233721948e-07,2.0000000233721948e-07,0.0005555999814532697,993000000.0,1.0,0.05000000074505806,0.10000000149011612,0.0005000000237487257,0.0016700000269338489,0.009999999776482582,1.0,1.0,0.0010000000474974513,4.999999873689376e-05,0.00039999998989515007,0.019999999552965164,0.9891999959945679,0.9891999959945679,0.9950000047683716,0.9950000047683716,1,0,0,0,1,1,0,0,0,0,0,0,0,0,-0.007456979248672724,-7404780.5,5000.19921875,481499.59375,0.0,2546223.0,0.0,1.0,2569281.25,0.0,0.0,60.0,180.0,1800.0,1800.0,0.0,0.0,0.0,0.0,-0.012236599810421467,0.0,0.0,0.0,0.0,0.0,0.0,0.0,0.0,0.0,0.0,0.0,6.602997746085748e-05,0.0,7.006492321624085e-44,1,1,0,1,1,1,0,1,1,0,1,0,1,0,1,1,1,1,0,1,0,1000,1000,0,1,5001,5001,0.0,0.0,120.0,120.0,0.0,0.0,0.4000000059604645,0.10000000149011612,0.10000000149011612,2.0,500.0,200.0,0.9900000095367432,300000.0,5000.0,45000.0,20000.0,0.019999999552965164,2.0,0.05000000074505806,0.019999999552965164,6.0,0.05000000074505806,0.019999999552965164,0.019999999552965164,88.30000305175781,0.10000000149011612,0.800000011920929,0.05000000074505806,0.009999999776482582,50.0,50.0,340.0,340.0,1000000.0,1,1,1,1,1,1,1,1,1,1,0,0,0,1,1,0,1.0,0.0,0.0,0.0,7.687499601161107e-05,0.0,0.0,0.0,0.9179616570472717,0.9179616570472717,0.9179616570472717,5000.1953125,3914190.75,3919191.0,50.0,27.615211486816406,0.4000000059604645,0.0,0.0,0.10000000149011612,0.18535232543945312,0.4925430119037628,22164.435546875,20.0,29.202341079711914,778596.0,26.524154663085938,3672.72412109375,721.2229614257812,0.7785959839820862,0.9177891612052917,9.472742080688477,1.0,3220732.5,3304317.0,9.718579292297363,20.0,0.2758658230304718,27.58658218383789,0.0,636.4223022460938,311.720703125,100000.0,50000.0,1115.300048828125,50000.0,700.0,2000.0,2800000.0,3500000.0,4000000.0,9.999999747378752e-05,4.999999873689376e-05,500.0,20000.0,100.0,500.0,60000.0,1200.0,1.0,120.0,150000.0,3000.0,300.0,1.0,300.0,0.019999999552965164,0.019999999552965164,0.009999999776482582,0.009999999776482582,0.009999999776482582,0.019999999552965164,1.100000023841858,0.019999999552965164,4.0,0.019999999552965164,88.0,1613.0,0.009999999776482582,0.20000000298023224,3.0,5.0,600.0,0.0010000000474974513,88.0,88.0,2000.0,2340.0,-0.11599799990653992,-0.03561130166053772,-0.04758000001311302,-0.01752999983727932,0,0,0,0,0,1,0,508.4197998046875,508.4197998046875,2.041839599609375,2.041839599609375,0.01735716313123703,26.524154663085938,164.1782684326172,899.7273559570312,1027.9749755859375,448.064208984375,448.064208984375,1.799468994140625,1.799468994140625,1083.6263427734375,516.4799194335938,0.0,0.0,2663660.25,20.00048065185547,20.00048065185547,154.58615112304688,154.58615112304688,65676.6875,65676.6875,1.094611406326294,1.094611406326294,96.25099182128906,96.25099182128906,24.841442108154297,24.841442108154297,103939.0859375,103939.0859375,24.851612091064453,154.8179931640625,157.94851684570312,2666153.25,20.00048065185547,20.00048065185547,187.4540557861328,187.4540557861328,156.22994995117188,156.22994995117188,653681.8125,653681.8125,0.0,113.53369140625,113.53369140625,227.08474731445312,159440.3125,159440.3125,1.062935471534729,1.062935471534729,207.59677124023438,156.22994995117188,0.0,0.0,0.0,188.80641174316406,188.80641174316406,377.6128234863281,0.0,0.0,0.0,0.0,0.0,188.80641174316406,188.80641174316406,0.026315800845623016,7.701658725738525,0.20000000298023224,0.8633314967155457,0.9142428636550903,0.8678733110427856,0.8347218632698059,0.748578667640686,0.8356700539588928,0.9599996209144592,1.0,1.0,1.0,0.9999998211860657,0.9999998211860657,0.9999998211860657,190832.875,193242.0625,0.0,0.0,0.0,0.0,0.0,0.0,0.0,296.3810119628906,297.7510070800781,0.0,190820.0625,190820.0625,0.0,0.0,0.0,0.0,0.8297828435897827,0.8297828435897827,0.8297828435897827,0.5716451406478882,983886.0625,0.9959999918937683,0.9959999918937683,0.9959999918937683,0.9959999918937683,5857679.5,2827182.0,7553536.5,8683582.0,2606300.0,3957243.0,0.003914190456271172,0.007838381454348564,1020.9232788085938,0.0,0.0,0.0,0.0,0.0,0.0,0.0,0.0,0.0,899.7446899414062,1020.9349975585938,345.59552001953125,345.59552001953125,345.59552001953125,306.0353088378906,306.0353088378906,306.0353088378906,2.996387004852295,0.6838932037353516,0.8521501421928406,2.996525526046753,5.0,0.0040000081062316895,0.0040000081062316895,0.0040000081062316895,0.0040000081062316895,0.0,-0.4368000030517578,0.0,599277.375,164.1782684326172,164.1782684326172,0.0,20.0,2795990.75,7.25,12.0,10.25,127.25206756591797,127.25206756591797,127.25206756591797,0.0,0.0,0.7926306128501892,0.9211652278900146,10000.0,10000.0,0.011826000176370144,1038.5,0.027953999117016792,0.0,0.0,1.0878000259399414,1.0809999704360962,9.000000136438757e-05,103.0,33.220001220703125,1.8179999589920044,0.029999999329447746,49.0,8.329999923706055,4.159999847412109,58.0,302.0,4.5,0.699999988079071,0.4000000059604645,7.5,1.3799999952316284,2.492000102996826,7000.0,48.88999938964844,1.2000000476837158,45.0,62000.0,4590000.0,4250000.0,15900000.0,15100000.0,0.05000000074505806,0.17000000178813934,0.009999999776482582,15220000.0,1.6699999570846558,312.7799987792969,1.1100000143051147,4232.0,0.25,689000.0,4030000.0,9.829999923706055,8.550000190734863,12200000.0,231.10000610351562,88.3239974975586,633.0,1.1430000066757202,0.6858000159263611,-10.0,-3.7799999713897705,0.7799999713897705,295.5,4030000.0,12400000.0,0.9200000166893005,5.0,1,0,1,228,102,0,0,0,0,1,1,1,1,1,0,0,1,1,1,0,0,1,1,0,0,0,0,1,1,1,0,0,0,0,0,0,0,0,0,8,5,0,1,0,0.16784028708934784,7139225.5,1.0877995491027832,0.6394888758659363,1.011697769165039,303.0995178222656,21.892807006835938,-0.09156332910060883,1,1,1,0,0,0,1,1,0,0,0,0,0,408,0.20000000298023224,0.20000000298023224,0.20000000298023224,0.0,2,0,0,0,0,0,0,0,0,0,0,0,0,0,0,0,0,0,0,0,0,0,0,0,0,0,0,0,0,0,0,0,0,0,0,0,0,0,0,0,0,0,0,0,0,0,0,0,0,0,0,1,0,0,0,0,0,0,0,0,0,0,0,0,0,0,0,0,0,0,0,0,0,0,0,0,0,0,0,0,0,0,0,0,0,0,0,0,0,0,0,0,0,0,0,0,0,0,0,0,0,0,0,0,0,0,0,0,0,0,0,0,0,0,0,0,0,0,0,0,0,0,0,0,0,0,0,0,0,0,0,0,0,0,0,0,0,0,0,0,0,0,0,1,0,0,0,0,0,0,0,0,0,0,0,-1,0,0,0,0,0,0,1,1,0,0,16.784029006958008,-4.095450401306152,0.0,-0.5540076494216919,-1.6815581571897805e-44,291.70001220703125,303.0995178222656,415.5241394042969,-0.042916275560855865,99.27324676513672,2665.6015625,1.0877995491027832,1.011697769165039,-1.0,-11.399505615234375,6.827850029367255e-06,0.031046569347381592,100.0,27.0,0.0,7.799991607666016,3.8854284286499023,1.0,1.0,39.478641510009766,0.2647494375705719,20.0,4.032128708786331e-05,0.0,73.95467376708984,1.7321512699127197,1.8179994821548462,0.00036938843550160527,0.6817498207092285,0.5432193875312805,27.811084747314453,8.919780731201172,18.565433502197266,18.19410514831543,0.6123318672180176,44.108642578125,44.898040771484375,249.2871856689453,122.12632751464844,0.953782856464386,310.0009765625,40.007659912109375,0.29459047317504883,292.154296875,292.1689453125,292.13580322265625,313.7381591796875,314.6583251953125,313.74163818359375,100.0,2.1365225315093994,45.288330078125,132.7684326171875,302.94622802734375,303.41363525390625,302.938720703125,340.29998779296875,43.15180969238281,31.637666702270508,132.7684326171875,0.0,0.6304646134376526,0.6569147706031799,0.631106436252594,81.30728912353516,81.29035949707031,81.22019958496094,72.85181427001953,72.85184478759766,72.84937286376953,34.36091995239258,34.35466766357422,34.220054626464844,97.63566589355469,97.55117797851562,97.40970611572266,0.0,0.0,0.0,246.0749053955078,245.54498291015625,243.23056030273438,29.0,0.0,48.0,0.8356700539588928,0.6942986845970154,0.748578667640686,0.7313942909240723,0.8347218632698059,0.6906651854515076,41.0,78.36749267578125,72.62798309326172,207.59677124023438,38.438636779785156,9.999999974752427e-07,88.60813903808594,0.0,154.8179931640625,0.0,721.2229614257812,39.991817474365234,26.524154663085938,0.0,9.472742080688477,77.8595962524414,1.0,0.9718579053878784,20.0,0.0,60.0,120.0,0.0,120.0,0.0,0.0,0.0,0.0,18.089204788208008,89.19780731201172,2.0,200.0,0,0,0,0,0,0,0,0,0,0,102,0,99999,99999,23,402,1800,180,1800,0,0,-7,16,23,0,0,0,806,1424,29,31,32,0,0,0,0,0,0,0,0,1,0,0,0,0,0,1,0,0,0,0,1,1,1,0,1,0,0,0,1,0,0,0,0,0,0,0,0,0,0,0,0,1,0,1,0,0,1,1,0,1,0,1,0,1,0,0,0,1,1,0,1,0,1,0,0,0,1,1,0,0,0,1,0,1,0,0,0,0,1,1,0,0,1,0,0,0,1,0,0,0,0,0,0,1,0,0,0,1,1,0,0,1,0,1,0,1,0,1,0,0,0,1,0,1,1,1,0,0,1,0,0,0,0,0,1,1,1,0,0,0,0,0,0,0,0,0,0,0,1,0,1,0,1,0,0,0,0,0,0,0,0,1,1,1,1,0,1,0,1,1,1,1,1,1,1,0,0,0,0,0,0,1,0,1,1,1,1,1,1,1,1,1,1,1,1,0,0,1,1,0,0,1,1,0,1,1,0,0,1,1,1,0,0,0,0,1,1,1,1,0,0,1,1,0,0,1,1,0,0,1,0,1,1,0,1,1,1,0,1,1,0,1,0,1,0,0,0,0,0,0,0,1,1,1,1,0,0,1,0,0,0,0,0,0,1,1,0,0,0,0,0,0,0,0,0,0,0,0,0,0,0,0,0,0,0,0,0,0,0,0,0,0,1,0,0,0,0,1,0,0,0,1,0,0,0,0,0,0,0,0,0,1,0,0,0,0,0,0,1,0,0,0,1,1,0,0,0,0,0,0,1,0,0,0,0,0,0,0,0,0,0,0,0,0,0,0,0,1,0,0,0,0,0,0,0,0,0,0,0,0,0,0,0,0,0,0,0,0,0,0,0,0,0,0,0,0,0,0,0,0,0,0,0,0,0,0,0,0,0,0,0,0,0,0,0,0,0,0,0,0,0,0,1,0,1,0,0,0,0,0,1,0,0,0,0,0,0,0,0,0,0,0,0,0,0,0,1,0,0,0,0,0,0,0,0,0,0,0,0,0,0,1,0,0,0,0,0,0,0,0,0,0,1,0,0,0,0,0,0,0,0,0,0,0,0,0,0,0,0,0,0,0,0,0,0,0,0,0,0,0,1,0,0,0,0,0,0,1,1,1,0,0,0,0,0,0,-1,0,0,0,0,0,0,0,0,-1,0,0,-1,0,0,0,0,0,0,0,0,0,0,0,0,0,0,0,0,0,0,1,0,0,0,0,0,0,0,0,0,0,0,0,0,0,0,0,1,1,0,-1,-1,-1,1,1,1,0,0,0,0,1,0,0,1,1,0,0,0,0,1,0,0,0,0,0,0,0,0,0,0,0,0,0,0,0,0,0,0,0,0,0,0,0,0,0,0,0,0,0,1,1,0,1,0,1,1,0,1,0,1,1,0,1,0,0,1,0,0,0,0,0,0,0,0,0,0,0,0,0,0,0,0,0,0,0,0,0,0,0,0,0,0
0,1,1,300,228,8,8,228,114,25,1,0,0.0020000000949949026,4000.0,1.0,0.04500000178813934,25.0,48.0,8.0,291.70001220703125,1.7000000476837158,-3.179999907843012e-07,0.007360000163316727,0.008080000057816505,8.0,0.33000001311302185,0.0333000011742115,1.0,9.999999747378752e-06,21.0,9.999999747378752e-06,2775000064.0,9.000000136438757e-05,4.999999980020986e-13,5.0,40.0,3.0,-3.3499999046325684,3.3499999046325684,0.5,0.0004799999878741801,292.3927001953125,492.6077880859375,-0.0036125299520790577,0.002354159951210022,0.0008944629807956517,0.013157900422811508,0.800646185874939,0.02024419978260994,2650129920.0,0.006539999973028898,0,0,0,0,0,0,0,0,0,0,0,0,0,0,0,0,0,0,0,0,0,0,0,0,0,0,0,0,0,0,0,0,0,0,0,0,0,0,0,0,0,0,0,0,0,0,0,0,0,0,0,0,0,1,4,4,0,0,0,0,0,0,0,0,2,0,0.00040183193050324917,290.62701416015625,373.4255676269531,393.97930908203125,415.6463928222656,436.51824951171875,468.2416076660156,475.67437744140625,476.8983459472656,471.8863220214844,462.01153564453125,448.46258544921875,430.779541015625,412.42578125,394.84124755859375,379.4658508300781,365.7070617675781,355.1264343261719,347.4195556640625,342.1192932128906,338.50848388671875,336.308349609375,335.1654052734375,334.64215087890625,334.30120849609375,333.705078125,0.016003167256712914,0.06824345886707306,0.7718320488929749,-0.04250185191631317,0.7558451890945435,0.9408161640167236,8974.2958984375,3.3405083286197623e-06,0.2818092703819275,0.051515594124794006,0.14727440476417542,0.15706707537174225,0.009219667874276638,1.0,-1.6815581571897805e-44,-4.153914928436279,0.0,99.27217864990234,2665.698486328125,0.9440439343452454,402.5502624511719,0.0,-72.0,-120.7007827758789,0.0,0.0,291.70001220703125,280652.21875,-0.5532615780830383,6.339017868041992,130.28829956054688,10.0,7750000.0,8160000.0,86.12000274658203,119.0999984741211,0.5,9.999999747378752e-05,0.0,3.299999952316284,200.0,0.30000001192092896,309.20001220703125,2.439019908706541e-06,0,0,0,1,1,1,0,24,0,302.395263671875,0.0,0.0,0.0,0.0,0.0,0.0,0.8440342545509338,0.8673086166381836,0.5192949771881104,0.16236963868141174,0.0035065298434346914,0.0028668513987213373,0.33763036131858826,0.3391675055027008,0.3390296995639801,1.0,25.0,24.0,7136860.0,7137197.0,7137101.5,292.70880126953125,292.74505615234375,292.72625732421875,311.693115234375,312.809326171875,311.6890869140625,4400000.0,302.2009582519531,302.7771911621094,302.2076721191406,18.98431396484375,20.06427001953125,18.96282958984375,307.79327392578125,4473.78759765625,4481.0859375,4484.0400390625,11.626282691955566,11.638545036315918,11.63872241973877,24.8043212890625,0.0,0.0,0.0020000000949949026,292.7267150878906,312.0638427734375,-183.01499938964844,1.0904096364974976,1.0958106517791748,1.0949418544769287,123.23340606689453,39.0,40.0,42.0,41.0,0.0,0.0,7134030.5,7111549.5,64.5921859741211,5.0,0.014999999664723873,-180000.0,600.0,1000000.0,400000.0,0.17000000178813934,22000.0,786000.0,120000.0,0.0,40.0,30.0,36.810001373291016,0.5,18.399999618530273,50000.0,115692.3984375,15.113750457763672,0,0,1,0,0,0,0,12882662.0,0.0,0.0,0.0,0.0,0.0,-2474200.0,400000.0,1000000.0,1.0,1400000.0,0.0,0.42759567499160767,12925800.0,126869.6328125,12882662.0,340.3011474609375,40.007659912109375,4.255943298339844,-2474200.0,0.0,0.0,0.0,3.133901357650757,40.007659912109375,0.0,22230.939453125,1.2010046243667603,0.0,0.0,0.0,20.0,14.711517333984375,22.0,0.0,0.0,0.0,0.05000000074505806,0.02500000037252903,0.17000000178813934,15400000.0,0.5,6.25,0.0006667000125162303,2.0,2410000.0,4140000.0,4.734799861907959,0.15000000596046448,0.20000000298023224,0.2199999988079071,1.0,0.0,-1.0,0.0,5.0,20.0,30.0,50.0,74.0,80.0,86.0,9.800000190734863,500000.0,1.0499999802959792e-07,0.5,750.0,1000.0,600.0,1000.0,1150.0,32.0,32.0,37.400001525878906,10.0,10.0,0.007000000216066837,0.5049999952316284,82.0,189.26499938964844,0.0,1.5099999904632568,231.60000610351562,20.0,36.0,16.600000381469727,16.5,225.0,-0.1756729930639267,27.5,-0.1756729930639267,30.485509872436523,0.1561516970396042,11.10221004486084,-1.8332500457763672,-75.0,4.3520002365112305,9.800000190734863,189.26499938964844,93.30000305175781,2650000.0,0.8500000238418579,7.570000171661377,0,1,0,0,0,0,0,0,0,0,0,1,3,3,0,0,1,0,0,0,0,0,0,1,0,0,0,0,1,0,0,0,0,0,0,0,0,0,0,1,0,0,0,0,0,0,0,0,0,0,12.050244331359863,29047.6328125,2153.699951171875,0.00041484858957119286,0.0004361289902590215,0.0006248649442568421,1.0,1.0,0.0,0.0,0.0,0.6114557981491089,0.6081218123435974,1.0,0.0,0.0,0.0,1.0,0.0,0.0,1.0,1.0,0.0,1.0,1.0,0.0,0.0,1.0,0.0,0.6173199415206909,0.6240410804748535,0.00041484858957119286,0.0,0.0,0.0,99998.78125,99999.0,2722381.0,2410000.0,36.20000076293945,36.20000076293945,36.20000076293945,32.53215408325195,249.38919067382812,122.01431274414062,43.98808288574219,26.48963737487793,36.24424743652344,27.0,28.091041564941406,27.0,0.0,32.0,20.0,68.57752227783203,3446668.0,0.5432193875312805,3.7799999713897705,5.052710056304932,8.919780731201172,0.0,0.0,0.0,1.401298464324817e-45,5.139460563659668,5.139460563659668,0.5049998760223389,0.5049998760223389,0.5049998760223389,0.18937495350837708,0.18937495350837708,0.18937495350837708,0.0,0.0,0.0,0.0,0.0,0.0,5.294999599456787,0.0,0.0,0.0,0.0,0.0,0.0,100.0,73.9516372680664,0.44347167015075684,0.0,20.0,0.0,5.139460563659668,6.000792980194092,0.0,0.0,0.0,0.007000000216066837,0.0,0.0,10.348522186279297,0.0,1.732121229171753,1.401298464324817e-45,5.999584674835205,0.0,0.0,0.0,0.0,0.0,0.0,20.0,0.0,0.0,12577933.0,0.0,0.0,0.0,0.0,0.0,0.0,0.0,0.351500004529953,18.93000030517578,23.030000686645508,7.69199959904654e-06,0.08500000089406967,0.009999999776482582,24.0,27.0,8.800000190734863,500000.0,0.05000000074505806,2.7000000013543968e-09,2.7000000013543968e-09,145100.0,120000.0,14650000.0,86400.0,17.0,34.5,48.70000076293945,321.8999938964844,83170.0,0.0,1.0,1.0,0.0010000000474974513,725.0,0.0,0.5,0.0,0.0,57.31999969482422,837142.875,9359.77734375,117376.1015625,2623.89794921875,83026.390625,725.0,1.0204100362898316e-05,740000000.0,1,0,1,0,1,0,1,0,0,0,0,8.799991607666016,27.0,4062.4326171875,0.0,0.0,0.0,0.0,1.6319653987884521,0.00040171213913708925,0.0,0.03124823048710823,39.501678466796875,1.0,25952.59375,7728.4609375,4.0583257941761985e-05,295553536.0,1654859648.0,1746027136.0,2100159616.0,-63.64212417602539,-748.76708984375,-717161280.0,-445299840.0,5.999584674835205,0.0,69.64170837402344,748.76708984375,106381.3984375,4144.2001953125,146619.578125,165907.046875,123952.59375,52.20012664794922,39.501678466796875,39.501678466796875,1.0,4.0583257941761985e-05,7728.4609375,946055675904.0,0.200948104262352,137600.0,137600.0,84747368.0,64.82078552246094,6564.2314453125,1.0,0.0,1700.0,250000.0,10000.0,1038.0,0.004999999888241291,400.0,5000.0,0,0,0,0,2959622.5,60.70888900756836,60.70888900756836,1216415.25,2804043.0,0.0,0.0,451433.25,170.09474182128906,7114625.5,0.0,0.0,1.0,1.0,170.09474182128906,275.3855285644531,147.49290466308594,0.0,5957889.0,619981.8125,147.49290466308594,1.0,1.0,1.0,0.0,614.177490234375,0.0,614.0061645507812,1.0,0.0,7680000.0,252.86082458496094,256.7051086425781,255.64852905273438,0.36228811740875244,2804043.0,150.7938232421875,121.41777801513672,1.3622881174087524,0.0,286.860595703125,1.0,0.0,-7.5742998123168945,0.0,0.0,9.999999974752427e-07,0.0,2.0,0.0003000000142492354,0.004999999888241291,0.0010000000474974513,2.0000000233721948e-07,2.0000000233721948e-07,0.0005555999814532697,993000000.0,1.0,0.05000000074505806,0.10000000149011612,0.0005000000237487257,0.0016700000269338489,0.009999999776482582,1.0,1.0,0.0010000000474974513,4.999999873689376e-05,0.00039999998989515007,0.019999999552965164,0.9891999959945679,0.9891999959945679,0.9950000047683716,0.9950000047683716,1,0,0,0,1,1,0,0,0,0,0,0,0,0,-0.0074569787830114365,-7404780.0,5000.19140625,451433.25,0.0,2546223.0,0.0,1.0,2569281.25,0.0,0.0,60.0,180.0,1800.0,1800.0,0.0,0.0,0.0,0.0,-0.012236599810421467,0.0,0.0,0.0,0.0,0.0,0.0,0.0,0.0,0.0,0.0,0.0,6.602997746085748e-05,0.0,7.006492321624085e-44,1,1,0,1,1,1,0,1,1,0,1,0,1,0,1,1,1,1,0,1,0,1000,1000,0,1,5001,5001,0.0,0.0,120.0,120.0,0.0,0.0,0.4000000059604645,0.10000000149011612,0.10000000149011612,2.0,500.0,200.0,0.9900000095367432,300000.0,5000.0,45000.0,20000.0,0.019999999552965164,2.0,0.05000000074505806,0.019999999552965164,6.0,0.05000000074505806,0.019999999552965164,0.019999999552965164,88.30000305175781,0.10000000149011612,0.800000011920929,0.05000000074505806,0.009999999776482582,50.0,50.0,340.0,340.0,1000000.0,1,1,1,1,1,1,1,1,1,1,0,0,0,1,1,0,1.0,0.0,0.0,0.0,7.228125468827784e-05,0.0,0.0,0.0,0.9179544448852539,0.9179544448852539,0.9179544448852539,5000.1875,3914885.25,3919885.5,50.0,27.615184783935547,0.4000000059604645,0.0,0.0,0.10000000149011612,0.18527670204639435,0.4925430119037628,22164.435546875,20.0,29.202341079711914,778547.3125,26.264087677001953,3627.66943359375,721.2230224609375,0.7785472869873047,0.9177747964859009,9.472715377807617,1.0,3220723.5,3304317.0,9.718579292297363,20.0,0.27589574456214905,27.589574813842773,0.0,636.4223022460938,311.3175048828125,100000.0,50000.0,1115.300048828125,50000.0,700.0,2000.0,2800000.0,3500000.0,4000000.0,9.999999747378752e-05,4.999999873689376e-05,500.0,20000.0,100.0,500.0,60000.0,1200.0,1.0,120.0,150000.0,3000.0,300.0,1.0,300.0,0.019999999552965164,0.019999999552965164,0.009999999776482582,0.009999999776482582,0.009999999776482582,0.019999999552965164,1.100000023841858,0.019999999552965164,4.0,0.019999999552965164,88.0,1613.0,0.009999999776482582,0.20000000298023224,3.0,5.0,600.0,0.0010000000474974513,88.0,88.0,2000.0,2340.0,-0.11599799990653992,-0.03561130166053772,-0.04758000001311302,-0.01752999983727932,0,0,0,0,0,1,0,507.57464599609375,507.57464599609375,2.0384521484375,2.0384521484375,0.017383981496095657,26.264087677001953,164.17617797851562,864.09814453125,1026.550048828125,430.32086181640625,430.32086181640625,1.72821044921875,1.72821044921875,1043.503173828125,513.5723266601562,0.0,0.0,2663660.25,20.00048065185547,20.00048065185547,154.07200622558594,154.07200622558594,65668.6328125,65668.6328125,1.0944771766662598,1.0944771766662598,85.04737091064453,85.04737091064453,24.81939697265625,24.81939697265625,103846.8515625,103846.8515625,24.82958984375,154.7047576904297,157.86346435546875,2664644.0,20.00048065185547,20.00048065185547,185.88641357421875,185.88641357421875,156.2263946533203,156.2263946533203,653666.9375,653666.9375,0.0,113.37261199951172,113.37261199951172,226.76260375976562,159389.203125,159389.203125,1.0625946521759033,1.0625946521759033,205.87864685058594,156.2263946533203,0.0,0.0,0.0,187.78395080566406,187.78395080566406,375.5679016113281,0.0,0.0,0.0,0.0,0.0,187.78395080566406,187.78395080566406,0.026315800845623016,7.396673202514648,0.20000000298023224,0.86319500207901,0.9141111969947815,0.8677367568016052,0.8440342545509338,0.7575074434280396,0.8449995517730713,0.9599996209144592,1.0,1.0,1.0,0.9999998211860657,0.9999998211860657,0.9999998211860657,190832.609375,193242.0625,0.0,0.0,0.0,0.0,0.0,0.0,0.0,296.3810119628906,297.7510070800781,0.0,190820.5625,190820.5625,0.0,0.0,0.0,0.0,0.8284875154495239,0.8284875154495239,0.8284875154495239,0.5538819432258606,961997.1875,0.9959999918937683,0.9959999918937683,0.9959999918937683,0.9959999918937683,5868645.0,2829392.25,7571210.5,8696991.0,2606300.0,3948493.25,0.003914885222911835,0.00783977098762989,1019.2261962890625,0.0,0.0,0.0,0.0,0.0,0.0,0.0,0.0,0.0,864.1155395507812,1019.2379150390625,345.36395263671875,345.36395263671875,345.36395263671875,293.9164733886719,293.9164733886719,293.9164733886719,2.996110439300537,0.6789942979812622,0.8506772518157959,2.996248483657837,5.0,0.0040000081062316895,0.0040000081062316895,0.0040000081062316895,0.0040000081062316895,0.0,-0.4368000030517578,0.0,599222.0625,164.17617797851562,164.17617797851562,0.0,20.0,2794447.5,7.25,12.0,10.25,122.19190216064453,122.19190216064453,122.19190216064453,0.0,0.0,0.7926306128501892,0.9211652278900146,10000.0,10000.0,0.011826000176370144,1038.5,0.027953999117016792,0.0,0.0,1.0878000259399414,1.0809999704360962,9.000000136438757e-05,103.0,33.220001220703125,1.8179999589920044,0.029999999329447746,49.0,8.329999923706055,4.159999847412109,58.0,302.0,4.5,0.699999988079071,0.4000000059604645,7.5,1.3799999952316284,2.492000102996826,7000.0,48.88999938964844,1.2000000476837158,45.0,62000.0,4590000.0,4250000.0,15900000.0,15100000.0,0.05000000074505806,0.17000000178813934,0.009999999776482582,15220000.0,1.6699999570846558,312.7799987792969,1.1100000143051147,4232.0,0.25,689000.0,4030000.0,9.829999923706055,8.550000190734863,12200000.0,231.10000610351562,88.3239974975586,633.0,1.1430000066757202,0.6858000159263611,-10.0,-3.7799999713897705,0.7799999713897705,295.5,4030000.0,12400000.0,0.9200000166893005,5.0,1,0,1,228,93,0,0,0,0,1,1,1,1,1,0,0,1,1,1,0,0,1,1,0,0,0,0,1,1,1,0,0,0,0,0,0,0,0,0,8,5,0,1,0,0.14727440476417542,7136860.0,1.0877995491027832,0.5895670056343079,1.015325903892517,302.6388244628906,20.183738708496094,-0.07701177150011063,1,1,1,0,0,0,1,1,0,0,0,0,0,410,0.20000000298023224,0.20000000298023224,0.20000000298023224,0.0,2,0,0,0,0,0,0,0,0,0,0,0,0,0,0,0,0,0,0,0,0,0,0,0,0,0,0,0,0,0,0,0,0,0,0,0,0,0,0,0,0,0,0,0,0,0,0,0,0,0,0,1,0,0,0,0,0,0,0,0,0,0,0,0,0,0,0,0,0,0,0,0,0,0,0,0,0,0,0,0,0,0,0,0,0,0,0,0,0,0,0,0,0,0,0,0,0,0,0,0,0,0,0,0,0,0,0,0,0,0,0,0,0,0,0,0,0,0,0,0,0,0,0,0,0,0,0,0,0,0,0,0,0,0,0,0,0,0,0,0,0,0,0,1,0,0,0,0,0,0,0,0,0,0,0,-1,0,0,0,0,0,0,1,1,0,0,14.72744083404541,-4.153914928436279,0.0,-0.5532615780830383,-1.6815581571897805e-44,291.70001220703125,302.6388244628906,402.5502624511719,-0.04250185191631317,99.27217864990234,2665.698486328125,1.0877995491027832,1.015325903892517,-1.0,-10.938812255859375,6.827850029367255e-06,0.03124823048710823,100.0,27.0,0.0,7.799991607666016,3.8880929946899414,1.0,1.0,39.501678466796875,0.2648228704929352,20.0,4.0583257941761985e-05,0.0,73.9516372680664,1.732121229171753,1.8179994821548462,0.00036938843550160527,0.6817498207092285,0.5432193875312805,27.779449462890625,8.919780731201172,18.502058029174805,18.189756393432617,0.6114557981491089,43.98808288574219,44.898040771484375,249.38919067382812,122.01431274414062,0.9534178376197815,308.5093994140625,40.007659912109375,0.29459047317504883,292.547119140625,292.56414794921875,292.52923583984375,312.3770751953125,313.434326171875,312.38092041015625,100.0,1.587599515914917,44.34716796875,131.8961639404297,302.46209716796875,302.9992370605469,302.455078125,340.30072021484375,42.75956726074219,31.439912796020508,131.8961639404297,0.0,0.5792329907417297,0.6096178889274597,0.5798677206039429,81.05438995361328,81.04698944091797,80.96768188476562,72.82769775390625,72.82867431640625,72.82523345947266,33.90296936035156,33.916751861572266,33.76303482055664,97.52842712402344,97.46196746826172,97.30435943603516,0.0,0.0,0.0,252.70188903808594,253.18846130371094,249.8744354248047,29.0,0.0,48.0,0.8449995517730713,0.6941894292831421,0.7575074434280396,0.7312889695167542,0.8440342545509338,0.690555989742279,41.0,78.36749267578125,72.59835052490234,205.87864685058594,38.43413543701172,9.999999974752427e-07,88.7449722290039,0.0,154.7047576904297,0.0,721.2230224609375,39.998905181884766,26.264087677001953,0.0,9.472715377807617,77.85472869873047,1.0,0.9718579053878784,20.0,0.0,60.0,120.0,0.0,120.0,0.0,0.0,0.0,0.0,18.089204788208008,89.19780731201172,2.0,200.0,0,0,0,0,0,0,0,0,0,0,93,0,99999,99999,24,402,1800,180,1800,0,0,-7,14,23,0,0,0,806,1424,29,31,32,0,0,0,0,0,0,0,0,1,0,0,0,0,0,1,0,0,0,0,1,1,1,0,1,0,0,0,1,0,0,0,0,0,0,0,0,0,0,0,0,1,0,1,0,0,1,1,0,1,0,1,0,1,0,0,0,1,1,0,1,0,1,0,0,0,1,0,0,0,0,1,0,1,0,0,0,0,0,1,0,0,1,0,0,0,1,0,0,0,0,0,0,1,0,0,0,1,1,0,0,1,0,1,0,1,0,1,0,0,0,1,0,1,1,1,0,0,1,0,0,0,0,0,1,1,1,0,0,0,0,0,0,0,0,0,0,0,1,0,1,0,1,0,0,0,0,0,0,0,0,1,1,1,1,0,1,0,1,1,1,1,1,1,1,0,0,0,0,0,0,1,0,1,1,1,1,1,1,1,1,1,1,1,0,0,0,1,1,0,0,1,1,0,1,1,0,0,1,1,1,0,0,0,0,1,1,1,1,0,0,1,1,0,0,1,1,0,0,1,0,1,1,0,1,1,1,0,1,1,0,1,0,1,0,0,0,0,0,0,0,1,1,1,1,0,0,1,0,0,0,0,0,0,0,0,0,0,0,0,0,0,0,0,0,0,0,0,0,0,0,0,0,0,0,0,0,0,0,0,0,0,0,0,0,0,0,0,0,0,0,0,0,0,0,0,0,0,0,0,0,0,0,0,0,0,0,0,0,0,0,0,0,0,0,0,0,0,0,0,0,0,0,0,0,0,0,0,0,0,0,0,0,0,0,0,0,0,0,0,0,0,0,0,0,0,0,0,0,0,0,0,0,0,0,0,0,0,0,0,0,0,0,0,0,0,0,0,0,0,0,0,0,0,0,0,0,0,0,0,0,0,0,0,0,0,0,0,0,0,0,0,1,0,1,0,0,0,0,0,1,0,0,0,0,0,0,0,0,0,0,0,0,0,0,0,1,0,0,0,0,0,0,0,0,0,0,0,0,0,0,1,0,0,0,0,0,0,0,0,0,0,1,0,0,0,0,0,0,0,0,0,0,0,0,0,0,0,0,0,0,0,0,0,0,0,0,0,0,0,1,0,0,0,0,0,0,1,1,1,0,0,0,0,0,0,-1,0,0,0,0,0,0,0,0,-1,0,0,-1,0,0,0,0,0,0,0,0,0,0,0,0,0,0,0,0,0,0,1,0,0,0,0,0,0,0,0,0,0,0,0,0,0,0,0,1,1,0,-1,-1,-1,1,1,1,0,0,0,0,1,0,0,1,1,0,0,0,0,1,0,0,0,0,0,0,0,0,0,0,0,0,0,0,0,0,0,0,0,0,0,0,0,0,0,0,0,0,0,1,1,0,1,0,1,1,0,1,0,1,1,0,1,0,0,1,0,0,0,0,0,0,0,0,0,0,0,0,0,0,0,0,0,0,0,0,0,0,0,0,0,0
0,1,1,300,228,8,8,228,114,25,1,0,0.0020000000949949026,4000.0,1.0,0.04500000178813934,25.0,48.0,8.0,291.70001220703125,1.7000000476837158,-3.179999907843012e-07,0.007360000163316727,0.008080000057816505,8.0,0.33000001311302185,0.0333000011742115,1.0,9.999999747378752e-06,21.0,9.999999747378752e-06,2775000064.0,9.000000136438757e-05,4.999999980020986e-13,5.0,40.0,3.0,-3.3499999046325684,3.3499999046325684,0.5,0.0004799999878741801,292.3927001953125,492.6077880859375,-0.0036125299520790577,0.002354159951210022,0.0008944629807956517,0.013157900422811508,0.800646185874939,0.02024419978260994,2650129920.0,0.006539999973028898,0,0,0,0,0,0,0,0,0,0,0,0,0,0,0,0,0,0,0,0,0,0,0,0,0,0,0,0,0,0,0,0,0,0,0,0,0,0,0,0,0,0,0,0,0,0,0,0,0,0,0,0,0,1,4,4,0,0,0,0,0,0,0,0,2,0,0.00040183193050324917,291.1460876464844,360.00213623046875,377.15594482421875,395.2224426269531,412.63702392578125,439.2517395019531,445.6624755859375,447.017578125,443.2384033203125,435.4331359863281,424.5625305175781,410.2777404785156,395.37591552734375,381.0436096191406,368.4671325683594,357.1964416503906,348.48919677734375,342.0974426269531,337.64251708984375,334.5458068847656,332.58203125,331.4671325683594,330.849853515625,330.3789978027344,329.70318603515625,0.01640918105840683,0.06559404730796814,0.771819531917572,-0.04199739918112755,0.755875289440155,0.9356324672698975,7960.2060546875,2.8768572519766167e-06,0.27716851234436035,0.048851218074560165,0.1228637844324112,0.130255326628685,0.010530803352594376,1.0,-1.6815581571897805e-44,-4.235204696655273,0.0,99.27055358886719,2665.84375,0.9440815448760986,386.2298889160156,0.0,-72.0,-122.14408111572266,0.6000000238418579,0.0,291.70001220703125,280652.78125,-0.5524184703826904,6.335430145263672,130.28829956054688,10.0,7750000.0,8160000.0,86.12000274658203,119.0999984741211,0.5,9.999999747378752e-05,0.0,3.299999952316284,200.0,0.30000001192092896,309.20001220703125,2.439019908706541e-06,0,0,0,1,1,1,0,24,0,301.6307373046875,0.0,0.0,0.0,0.0,0.0,0.0,0.8565207123756409,0.8672959208488464,0.5195614099502563,0.16847965121269226,0.005154856480658054,0.00449725054204464,0.33152034878730774,0.33348551392555237,0.33290454745292664,1.0,25.0,24.0,7124903.5,7125393.5,7125141.0,293.1676025390625,293.2105712890625,293.183837890625,309.6488342285156,310.9292297363281,309.6444396972656,4400000.0,301.408203125,302.06988525390625,301.41412353515625,16.481231689453125,17.718658447265625,16.460601806640625,305.7977600097656,4469.27392578125,4475.32568359375,4479.384765625,11.578414916992188,11.594000816345215,11.5907564163208,25.87957763671875,0.0,0.0,0.0020000000949949026,293.1873474121094,310.0741882324219,-184.0876922607422,1.0713094472885132,1.078275203704834,1.075791358947754,138.4910125732422,39.0,40.0,42.0,41.0,0.0,0.0,7118623.5,7095475.5,63.26089859008789,5.0,0.014999999664723873,-180000.0,600.0,1000000.0,400000.0,0.17000000178813934,22000.0,786000.0,120000.0,0.0,40.0,30.0,36.810001373291016,0.5,18.399999618530273,50000.0,115692.3984375,15.113750457763672,0,0,1,0,0,0,0,12753477.0,0.0,0.0,0.0,0.0,0.0,-2603624.0,400000.0,1000000.0,1.0,1400000.0,0.0,0.42155203223228455,12796376.0,126869.6328125,12753477.0,340.30224609375,40.007659912109375,4.195234775543213,-2603624.0,0.0,0.0,0.0,3.103294610977173,40.007659912109375,0.0,22230.939453125,1.2010046243667603,0.0,0.0,0.0,20.0,14.711517333984375,22.0,0.0,0.0,0.0,0.05000000074505806,0.02500000037252903,0.17000000178813934,15400000.0,0.5,6.25,0.0006667000125162303,2.0,2410000.0,4140000.0,4.734799861907959,0.15000000596046448,0.20000000298023224,0.2199999988079071,1.0,0.0,-1.0,0.0,5.0,20.0,30.0,50.0,74.0,80.0,86.0,9.800000190734863,500000.0,1.0499999802959792e-07,0.5,750.0,1000.0,600.0,1000.0,1150.0,32.0,32.0,37.400001525878906,10.0,10.0,0.007000000216066837,0.5049999952316284,82.0,189.26499938964844,0.0,1.5099999904632568,231.60000610351562,20.0,36.0,16.600000381469727,16.5,225.0,-0.1756729930639267,27.5,-0.1756729930639267,30.485509872436523,0.1561516970396042,11.10221004486084,-1.8332500457763672,-75.0,4.3520002365112305,9.800000190734863,189.26499938964844,93.30000305175781,2650000.0,0.8500000238418579,7.570000171661377,0,1,0,0,0,0,0,0,0,0,0,1,3,3,0,0,1,0,0,0,0,0,0,1,0,0,0,0,1,0,0,0,0,0,0,0,0,0,0,1,0,0,0,0,0,0,0,0,0,0,12.049985885620117,29047.10546875,2153.699951171875,0.00041484719258733094,0.0004361289902590215,0.0006248649442568421,1.0,1.0,0.0,0.0,0.0,0.6097460985183716,0.6083564162254333,1.0,0.0,0.0,0.0,1.0,0.0,0.0,1.0,1.0,0.0,1.0,1.0,0.0,0.0,1.0,0.0,0.6161881685256958,0.6235072612762451,0.00041484719258733094,0.0,0.0,0.0,99998.78125,99999.0,2717389.75,2410000.0,36.20000076293945,36.20000076293945,36.20000076293945,32.53404998779297,249.543701171875,121.79312896728516,43.77408981323242,26.49945640563965,36.197181701660156,27.0,28.070024490356445,27.0,0.0,32.0,20.0,68.57752227783203,3446668.0,0.5432193875312805,3.7799999713897705,5.04767370223999,8.919780731201172,0.0,0.0,0.0,1.401298464324817e-45,5.111027240753174,5.111027240753174,0.5049998760223389,0.5049998760223389,0.5049998760223389,0.18937495350837708,0.18937495350837708,0.18937495350837708,0.0,0.0,0.0,0.0,0.0,0.0,5.294999599456787,0.0,0.0,0.0,0.0,0.0,0.0,100.0,73.94696807861328,0.4281696677207947,0.0,20.0,0.0,5.111027240753174,5.998342037200928,0.0,0.0,0.0,0.007000000216066837,0.0,0.0,10.344788551330566,0.0,1.7320749759674072,1.401298464324817e-45,5.994548320770264,0.0,0.0,0.0,0.0,0.0,0.0,20.0,0.0,0.0,12451417.0,0.0,0.0,0.0,0.0,0.0,0.0,0.0,0.351500004529953,18.93000030517578,23.030000686645508,7.69199959904654e-06,0.08500000089406967,0.009999999776482582,24.0,27.0,8.800000190734863,500000.0,0.05000000074505806,2.7000000013543968e-09,2.7000000013543968e-09,145100.0,120000.0,14650000.0,86400.0,17.0,34.5,48.70000076293945,321.8999938964844,83170.0,0.0,1.0,1.0,0.0010000000474974513,725.0,0.0,0.5,0.0,0.0,57.31999969482422,837142.875,9359.77734375,117376.1015625,2623.89794921875,83026.390625,725.0,1.0204100362898316e-05,740000000.0,1,0,1,0,1,0,1,0,0,0,0,8.799991607666016,27.0,4101.0498046875,0.0,0.0,0.0,0.0,1.647482991218567,0.0004017135361209512,0.0,0.03154527395963669,39.534969329833984,1.0,25963.015625,7797.96533203125,4.0969138353830203e-05,287383616.0,1565171712.0,1654730496.0,2180891648.0,-62.28202819824219,-778.2786865234375,-774331200.0,-615720000.0,5.994548320770264,0.0,68.27658081054688,778.2786865234375,106381.3984375,4151.16357421875,146651.25,166046.875,123963.015625,52.80012893676758,39.534969329833984,39.534969329833984,1.0,4.0969138353830203e-05,7797.96533203125,943441510400.0,0.20099683105945587,137600.0,137600.0,83174648.0,63.4857292175293,6574.5732421875,1.0,0.0,1700.0,250000.0,10000.0,1038.0,0.004999999888241291,400.0,5000.0,0,0,0,0,2959622.5,60.34536361694336,60.34536361694336,1216415.25,2801326.25,0.0,0.0,410695.09375,141.27796936035156,7101969.0,0.0,0.0,1.0,1.0,141.27796936035156,275.3855285644531,143.9781951904297,0.0,5957889.0,604471.0625,143.9781951904297,1.0,1.0,1.0,0.0,613.3767700195312,0.0,612.9131469726562,1.0,0.0,7680000.0,260.4988098144531,266.0554504394531,263.2484130859375,0.435793399810791,2801326.25,180.8663330078125,120.69072723388672,1.435793399810791,0.0,286.7063293457031,1.0,0.0,-7.5742998123168945,0.0,0.0,9.999999974752427e-07,0.0,2.0,0.0003000000142492354,0.004999999888241291,0.0010000000474974513,2.0000000233721948e-07,2.0000000233721948e-07,0.0005555999814532697,993000000.0,1.0,0.05000000074505806,0.10000000149011612,0.0005000000237487257,0.0016700000269338489,0.009999999776482582,1.0,1.0,0.0010000000474974513,4.999999873689376e-05,0.00039999998989515007,0.019999999552965164,0.9891999959945679,0.9891999959945679,0.9950000047683716,0.9950000047683716,1,0,0,0,1,1,0,0,0,0,0,0,0,0,-0.0074569787830114365,-7404780.0,5000.1796875,410695.09375,0.0,2546223.0,0.0,1.0,2569281.25,0.0,0.0,60.0,180.0,1800.0,1800.0,0.0,0.0,0.0,0.0,-0.012236599810421467,0.0,0.0,0.0,0.0,0.0,0.0,0.0,0.0,0.0,0.0,0.0,6.602997746085748e-05,0.0,7.006492321624085e-44,1,1,0,1,1,1,0,1,1,0,1,0,1,0,1,1,1,1,0,1,0,1000,1000,0,1,5001,5001,0.0,0.0,120.0,120.0,0.0,0.0,0.4000000059604645,0.10000000149011612,0.10000000149011612,2.0,500.0,200.0,0.9900000095367432,300000.0,5000.0,45000.0,20000.0,0.019999999552965164,2.0,0.05000000074505806,0.019999999552965164,6.0,0.05000000074505806,0.019999999552965164,0.019999999552965164,88.30000305175781,0.10000000149011612,0.800000011920929,0.05000000074505806,0.009999999776482582,50.0,50.0,340.0,340.0,1000000.0,1,1,1,1,1,1,1,1,1,1,0,0,0,1,1,0,1.0,0.0,0.0,0.0,6.590624980162829e-05,0.0,0.0,0.0,0.9179429411888123,0.9179429411888123,0.9179429411888123,5000.17626953125,3916007.5,3921007.75,50.0,27.615144729614258,0.4000000059604645,0.0,0.0,0.10000000149011612,0.18494710326194763,0.4925430119037628,22164.435546875,20.0,29.202341079711914,778474.5625,25.895490646362305,3564.332763671875,721.2230834960938,0.7784745693206787,0.9177519083023071,9.472677230834961,1.0,3220710.0,3304317.0,9.718579292297363,20.0,0.275942325592041,27.5942325592041,0.0,636.4223022460938,312.2728576660156,100000.0,50000.0,1115.300048828125,50000.0,700.0,2000.0,2800000.0,3500000.0,4000000.0,9.999999747378752e-05,4.999999873689376e-05,500.0,20000.0,100.0,500.0,60000.0,1200.0,1.0,120.0,150000.0,3000.0,300.0,1.0,300.0,0.019999999552965164,0.019999999552965164,0.009999999776482582,0.009999999776482582,0.009999999776482582,0.019999999552965164,1.100000023841858,0.019999999552965164,4.0,0.019999999552965164,88.0,1613.0,0.009999999776482582,0.20000000298023224,3.0,5.0,600.0,0.0010000000474974513,88.0,88.0,2000.0,2340.0,-0.11599799990653992,-0.03561130166053772,-0.04758000001311302,-0.01752999983727932,0,0,0,0,0,1,0,506.33514404296875,506.33514404296875,2.033477783203125,2.033477783203125,0.01741565391421318,25.895490646362305,164.17306518554688,813.2822265625,1024.32275390625,405.0145568847656,405.0145568847656,1.626556396484375,1.626556396484375,985.3233642578125,508.95867919921875,0.0,0.0,2663660.25,20.00048065185547,20.00048065185547,152.61166381835938,152.61166381835938,65648.7109375,65648.7109375,1.0941451787948608,1.0941451787948608,70.63898468017578,70.63898468017578,24.782567977905273,24.782567977905273,103692.75,103692.75,24.792795181274414,154.42709350585938,157.6625213623047,2662146.25,20.00048065185547,20.00048065185547,183.7414093017578,183.7414093017578,156.20504760742188,156.20504760742188,653577.625,653577.625,0.0,112.97421264648438,112.97421264648438,225.96583557128906,159313.125,159313.125,1.0620875358581543,1.0620875358581543,203.339599609375,156.20504760742188,0.0,0.0,0.0,186.26260375976562,186.26260375976562,372.52520751953125,0.0,0.0,0.0,0.0,0.0,186.26260375976562,186.26260375976562,0.026315800845623016,6.961689472198486,0.20000000298023224,0.8630082607269287,0.9139350652694702,0.8675499558448792,0.8565207123756409,0.7691348791122437,0.8575140237808228,0.9599996209144592,1.0,1.0,1.0,0.9999998211860657,0.9999998211860657,0.9999998211860657,190832.234375,193242.0625,0.0,0.0,0.0,0.0,0.0,0.0,0.0,296.3810119628906,297.7510070800781,0.0,190821.25,190821.25,0.0,0.0,0.0,0.0,0.8264708518981934,0.8264708518981934,0.8264708518981934,0.5285968780517578,928789.5,0.9959999918937683,0.9959999918937683,0.9959999918937683,0.9959999918937683,5881703.5,2831804.0,7594025.5,8712827.0,2606300.0,3934650.25,0.003916007466614246,0.007842015475034714,1016.7372436523438,0.0,0.0,0.0,0.0,0.0,0.0,0.0,0.0,0.0,813.2996215820312,1016.7489624023438,344.99029541015625,344.99029541015625,344.99029541015625,276.6328430175781,276.6328430175781,276.6328430175781,2.995699405670166,0.6713266372680664,0.8482610583305359,2.995835781097412,5.0,0.0040000081062316895,0.0040000081062316895,0.0040000081062316895,0.0040000081062316895,0.0,-0.4368000030517578,0.0,599139.875,164.17306518554688,164.17306518554688,0.0,20.0,2792104.5,7.25,12.0,10.25,114.97671508789062,114.97671508789062,114.97671508789062,0.0,0.0,0.7926306128501892,0.9211652278900146,10000.0,10000.0,0.011826000176370144,1038.5,0.027953999117016792,0.0,0.0,1.0878000259399414,1.0809999704360962,9.000000136438757e-05,103.0,33.220001220703125,1.8179999589920044,0.029999999329447746,49.0,8.329999923706055,4.159999847412109,58.0,302.0,4.5,0.699999988079071,0.4000000059604645,7.5,1.3799999952316284,2.492000102996826,7000.0,48.88999938964844,1.2000000476837158,45.0,62000.0,4590000.0,4250000.0,15900000.0,15100000.0,0.05000000074505806,0.17000000178813934,0.009999999776482582,15220000.0,1.6699999570846558,312.7799987792969,1.1100000143051147,4232.0,0.25,689000.0,4030000.0,9.829999923706055,8.550000190734863,12200000.0,231.10000610351562,88.3239974975586,633.0,1.1430000066757202,0.6858000159263611,-10.0,-3.7799999713897705,0.7799999713897705,295.5,4030000.0,12400000.0,0.9200000166893005,5.0,1,0,1,228,79,0,0,0,0,1,1,1,1,1,0,0,1,1,1,0,0,1,1,0,0,0,0,1,1,1,0,0,0,0,0,0,0,0,0,8,5,0,1,0,0.1228637844324112,7124903.5,1.0877995491027832,0.5165492296218872,1.0221168994903564,301.8898010253906,17.68398666381836,-0.05901150032877922,1,1,1,0,0,0,1,1,0,0,0,0,0,413,0.20000000298023224,0.20000000298023224,0.20000000298023224,0.0,2,0,0,0,0,0,0,0,0,0,0,0,0,0,0,0,0,0,0,0,0,0,0,0,0,0,0,0,0,0,0,0,0,0,0,0,0,0,0,0,0,0,0,0,0,0,0,0,0,0,0,1,0,0,0,0,0,0,0,0,0,0,0,0,0,0,0,0,0,0,0,0,0,0,0,0,0,0,0,0,0,0,0,0,0,0,0,0,0,0,0,0,0,0,0,0,0,0,0,0,0,0,0,0,0,0,0,0,0,0,0,0,0,0,0,0,0,0,0,0,0,0,0,0,0,0,0,0,0,0,0,0,0,0,0,0,0,0,0,0,0,0,0,1,0,0,0,0,0,0,0,0,0,0,0,-1,0,0,0,0,0,0,1,1,0,0,12.286378860473633,-4.235204696655273,0.0,-0.5524184703826904,-1.6815581571897805e-44,291.70001220703125,301.8898010253906,386.2298889160156,-0.04199739918112755,99.27055358886719,2665.84375,1.0877995491027832,1.0221168994903564,-1.0,-10.189788818359375,6.827850029367255e-06,0.03154527395963669,100.0,27.0,0.0,7.799991607666016,3.891981363296509,1.0,1.0,39.534969329833984,0.2649292051792145,20.0,4.0969138353830203e-05,0.0,73.94696807861328,1.7320749759674072,1.8179994821548462,0.00036938843550160527,0.6817498207092285,0.5432193875312805,27.728517532348633,8.919780731201172,18.39969825744629,18.1716251373291,0.6097460985183716,43.77408981323242,44.898040771484375,249.543701171875,121.79312896728516,0.952874481678009,306.43536376953125,40.007659912109375,0.29459047317504883,293.04541015625,293.0689697265625,293.02880859375,310.31915283203125,311.55322265625,310.32330322265625,100.0,0.6617635488510132,42.81696701049805,130.57550048828125,301.6822814941406,302.31109619140625,301.6760559082031,340.3017578125,42.15520477294922,31.135217666625977,130.57550048828125,0.0,0.5045660138130188,0.5399250388145447,0.5051721930503845,80.7099380493164,80.72371673583984,80.6238784790039,72.70565032958984,72.7082290649414,72.70323181152344,33.29045486450195,33.34855270385742,33.152034759521484,97.40989685058594,97.33465576171875,97.18895721435547,0.0,0.0,0.0,260.9015808105469,263.1181640625,258.1181335449219,29.0,0.0,48.0,0.8575140237808228,0.6940400004386902,0.7691348791122437,0.7311480641365051,0.8565207123756409,0.6904066205024719,41.0,78.36749267578125,72.46920776367188,203.339599609375,38.384029388427734,9.999999974752427e-07,88.90656280517578,0.0,154.42709350585938,0.0,721.2230834960938,40.01035690307617,25.895490646362305,0.0,9.472677230834961,77.84745788574219,1.0,0.9718579053878784,20.0,0.0,60.0,120.0,0.0,120.0,0.0,0.0,0.0,0.0,18.089204788208008,89.19780731201172,2.0,200.0,0,0,0,0,0,0,0,0,0,0,79,0,99999,99999,25,402,1800,180,1800,0,0,-7,12,23,0,0,0,806,1424,29,31,32,0,0,0,0,0,0,0,0,1,0,0,0,0,0,1,0,0,0,0,1,1,1,0,1,0,0,0,1,0,0,0,0,0,0,0,0,0,0,0,0,1,0,1,0,0,1,1,0,1,0,1,0,1,0,0,0,1,1,0,1,0,1,0,0,0,1,1,0,0,0,1,0,1,0,0,0,0,1,1,0,0,1,0,0,0,1,0,0,0,0,0,0,1,0,0,0,1,1,0,0,1,0,1,0,1,0,1,0,0,0,1,0,1,1,1,0,0,1,0,0,0,0,0,1,1,1,0,0,0,0,0,0,0,0,0,0,0,1,0,1,0,1,0,0,0,0,0,0,0,0,1,1,1,1,0,1,0,1,1,1,1,1,1,1,0,0,0,0,0,0,1,0,1,1,1,1,1,1,1,1,1,1,1,1,0,0,1,1,0,0,1,1,0,1,1,0,0,1,1,1,0,0,0,0,1,1,1,1,0,0,1,1,0,0,1,1,0,0,1,0,1,1,0,1,1,1,0,1,1,0,1,0,1,0,0,0,0,0,0,0,1,1,1,1,0,0,1,0,0,0,0,0,1,1,1,1,0,0,0,0,0,0,0,0,0,0,0,0,0,0,0,0,0,0,0,0,0,0,0,0,0,1,0,0,0,0,1,0,0,0,1,0,0,0,0,0,0,0,0,0,1,0,0,0,0,0,0,1,0,0,0,1,1,0,0,0,0,0,0,1,0,0,0,0,0,0,1,0,0,0,0,0,0,0,0,0,1,0,0,0,0,0,0,0,0,0,0,0,0,0,0,0,0,0,0,0,0,0,0,0,0,0,0,0,0,0,0,0,0,0,0,0,0,0,0,0,0,0,0,0,0,0,0,0,0,0,0,0,0,0,0,1,0,1,0,0,0,0,0,1,0,0,0,0,0,0,0,0,0,0,0,0,0,0,0,1,0,0,0,0,0,0,0,0,0,0,0,0,0,0,1,0,0,0,0,0,0,0,0,0,0,1,0,0,0,0,0,0,0,0,0,0,0,0,0,0,0,0,0,0,0,0,0,0,0,0,0,0,0,1,0,0,0,0,0,0,1,1,1,0,0,0,0,0,0,-1,0,0,0,0,0,0,0,0,-1,0,0,-1,0,0,0,0,0,0,0,0,0,0,0,0,0,0,0,0,0,0,1,0,0,0,0,0,0,0,0,0,0,0,0,0,0,0,0,1,1,0,-1,-1,-1,1,1,1,0,0,0,0,1,0,0,1,1,0,0,0,0,1,0,0,0,0,0,0,0,0,0,0,0,0,0,0,0,0,0,0,0,0,0,0,0,0,0,0,0,0,0,1,1,0,1,0,1,1,0,1,0,1,1,0,1,0,0,1,0,0,0,0,0,0,0,0,0,0,0,0,0,0,0,0,0,0,0,0,0,0,0,0,0,0
0,1,1,300,228,8,8,228,114,25,1,0,0.0020000000949949026,4000.0,1.0,0.04500000178813934,25.0,48.0,8.0,291.70001220703125,1.7000000476837158,-3.179999907843012e-07,0.007360000163316727,0.008080000057816505,8.0,0.33000001311302185,0.0333000011742115,1.0,9.999999747378752e-06,21.0,9.999999747378752e-06,2775000064.0,9.000000136438757e-05,4.999999980020986e-13,5.0,40.0,3.0,-3.3499999046325684,3.3499999046325684,0.5,0.0004799999878741801,292.3927001953125,492.6077880859375,-0.0036125299520790577,0.002354159951210022,0.0008944629807956517,0.013157900422811508,0.800646185874939,0.02024419978260994,2650129920.0,0.006539999973028898,0,0,0,0,0,0,0,0,0,0,0,0,0,0,0,0,0,0,0,0,0,0,0,0,0,0,0,0,0,0,0,0,0,0,0,0,0,0,0,0,0,0,0,0,0,0,0,0,0,0,0,0,0,1,4,4,0,0,0,0,0,0,0,0,2,0,0.0004018328618258238,291.66912841796875,349.65692138671875,364.0205383300781,379.1340637207031,393.7119140625,416.1180419921875,421.6688537597656,423.1032409667969,420.29443359375,414.13330078125,405.39361572265625,393.8138122558594,381.65545654296875,369.90252685546875,359.53924560546875,350.225341796875,342.98223876953125,337.6103820800781,333.8048400878906,331.0989685058594,329.31060791015625,328.2096252441406,327.5115966796875,326.9320983886719,326.1866455078125,0.016800500452518463,0.06309441477060318,0.7718068957328796,-0.04161631315946579,0.7559055089950562,0.9303739070892334,7261.2216796875,2.5673964501038427e-06,0.2724668085575104,0.04634527862071991,0.1043320894241333,0.10996270924806595,0.011810777708888054,1.0,-1.6815581571897805e-44,-4.3087544441223145,0.0,99.26891326904297,2665.98876953125,0.9441192746162415,373.0811767578125,0.0,-72.0,-121.59337615966797,0.20000000298023224,0.0,291.70001220703125,280653.34375,-0.5517948269844055,6.331931114196777,130.28829956054688,10.0,7750000.0,8160000.0,86.12000274658203,119.0999984741211,0.5,9.999999747378752e-05,0.0,3.299999952316284,200.0,0.30000001192092896,309.20001220703125,2.439019908706541e-06,0,0,0,1,1,1,0,24,0,300.8440246582031,0.0,0.0,0.0,0.0,0.0,0.0,0.867792010307312,0.8672826886177063,0.5198369026184082,0.1739775538444519,0.006859440356492996,0.006178628653287888,0.3260224461555481,0.32857272028923035,0.327390193939209,1.0,25.0,24.0,7102744.5,7103393.5,7102979.5,293.49383544921875,293.5478515625,293.5084228515625,307.7040100097656,309.1102600097656,307.6997375488281,4400000.0,300.59893798828125,301.32904052734375,300.60406494140625,14.210174560546875,15.562408447265625,14.191314697265625,304.0669250488281,4467.09375,4469.794921875,4477.06689453125,11.534096717834473,11.55406379699707,11.546329498291016,26.59075927734375,0.0,0.0,0.0020000000949949026,293.5166931152344,308.1713562011719,-181.6055145263672,1.053923487663269,1.0629488229751587,1.058349847793579,152.8062744140625,39.0,40.0,42.0,41.0,0.0,0.0,7093170.0,7069447.0,62.232337951660156,5.0,0.014999999664723873,-180000.0,600.0,1000000.0,400000.0,0.17000000178813934,22000.0,786000.0,120000.0,0.0,40.0,30.0,36.810001373291016,0.5,18.399999618530273,50000.0,115692.3984375,15.113750457763672,0,0,1,0,0,0,0,12626913.0,0.0,0.0,0.0,0.0,0.0,-2731334.0,400000.0,1000000.0,1.0,1400000.0,0.0,0.4154762327671051,12668666.0,126869.6328125,12626913.0,340.30316162109375,40.007659912109375,4.1346588134765625,-2731334.0,0.0,0.0,0.0,3.072754383087158,40.007659912109375,0.0,22230.939453125,1.2010046243667603,0.0,0.0,0.0,20.0,14.711517333984375,22.0,0.0,0.0,0.0,0.05000000074505806,0.02500000037252903,0.17000000178813934,15400000.0,0.5,6.25,0.0006667000125162303,2.0,2410000.0,4140000.0,4.734799861907959,0.15000000596046448,0.20000000298023224,0.2199999988079071,1.0,0.0,-1.0,0.0,5.0,20.0,30.0,50.0,74.0,80.0,86.0,9.800000190734863,500000.0,1.0499999802959792e-07,0.5,750.0,1000.0,600.0,1000.0,1150.0,32.0,32.0,37.400001525878906,10.0,10.0,0.007000000216066837,0.5049999952316284,82.0,189.26499938964844,0.0,1.5099999904632568,231.60000610351562,20.0,36.0,16.600000381469727,16.5,225.0,-0.1756729930639267,27.5,-0.1756729930639267,30.485509872436523,0.1561516970396042,11.10221004486084,-1.8332500457763672,-75.0,4.3520002365112305,9.800000190734863,189.26499938964844,93.30000305175781,2650000.0,0.8500000238418579,7.570000171661377,0,1,0,0,0,0,0,0,0,0,0,1,3,3,0,0,1,0,0,0,0,0,0,1,0,0,0,0,1,0,0,0,0,0,0,0,0,0,0,1,0,0,0,0,0,0,0,0,0,0,12.049721717834473,29046.564453125,2153.699951171875,0.000414845795603469,0.0004361289902590215,0.0006248649442568421,1.0,1.0,0.0,0.0,0.0,0.6076630353927612,0.6083570718765259,1.0,0.0,0.0,0.0,1.0,0.0,0.0,1.0,1.0,0.0,1.0,1.0,0.0,0.0,1.0,0.0,0.6149904727935791,0.6229274868965149,0.000414845795603469,0.0,0.0,0.0,99998.78125,99999.0,2712108.0,2410000.0,36.20000076293945,36.20000076293945,36.20000076293945,32.53587341308594,249.6915740966797,121.5112533569336,43.527706146240234,26.510778427124023,36.142967224121094,27.0,28.04582405090332,27.0,0.0,32.0,20.0,68.57752227783203,3446668.0,0.5432206392288208,3.7799999713897705,5.038755893707275,8.919779777526855,0.0,0.0,0.0,1.401298464324817e-45,5.081309795379639,5.081309795379639,0.5049998760223389,0.5049998760223389,0.5049998760223389,0.18937495350837708,0.18937495350837708,0.18937495350837708,0.0,0.0,0.0,0.0,0.0,0.0,5.294999599456787,0.0,0.0,0.0,0.0,0.0,0.0,100.0,73.9421615600586,0.41217130422592163,0.0,20.0,0.0,5.081309795379639,5.99199914932251,0.0,0.0,0.0,0.007000000216066837,0.0,0.0,10.33714771270752,0.0,1.7320274114608765,1.401298464324817e-45,5.985630512237549,0.0,0.0,0.0,0.0,0.0,0.0,20.0,0.0,0.0,12327104.0,0.0,0.0,0.0,0.0,0.0,0.0,0.0,0.351500004529953,18.93000030517578,23.030000686645508,7.69199959904654e-06,0.08500000089406967,0.009999999776482582,24.0,27.0,8.800000190734863,500000.0,0.05000000074505806,2.7000000013543968e-09,2.7000000013543968e-09,145100.0,120000.0,14650000.0,86400.0,17.0,34.5,48.70000076293945,321.8999938964844,83170.0,0.0,1.0,1.0,0.0010000000474974513,725.0,0.0,0.5,0.0,0.0,57.31999969482422,837142.875,9359.77734375,117376.1015625,2623.89794921875,83026.390625,725.0,1.0204100362898316e-05,740000000.0,1,0,1,0,1,0,1,0,0,0,0,8.799991607666016,27.0,4138.92822265625,0.0,0.0,0.0,0.0,1.6627037525177002,0.0004017148748971522,0.0,0.03183663263916969,39.566932678222656,1.0,25973.0703125,7866.01708984375,4.134763003094122e-05,279517984.0,1473156480.0,1561441408.0,2247935232.0,-61.223419189453125,-803.0237426757812,-806336768.0,-774778816.0,5.985630512237549,0.0,67.20905303955078,803.0237426757812,106381.3984375,4157.8583984375,146682.4375,166181.125,123973.0703125,53.40013122558594,39.566932678222656,39.566932678222656,1.0,4.134763003094122e-05,7866.01708984375,940372393984.0,0.2010446935892105,137600.0,137600.0,81942888.0,62.4493522644043,6584.52978515625,1.0,0.0,1700.0,250000.0,10000.0,1038.0,0.004999999888241291,400.0,5000.0,0,0,0,0,2959622.5,59.98401641845703,59.98401641845703,1216415.25,2798399.25,0.0,0.0,374652.59375,117.34321594238281,7079202.5,0.0,0.0,1.0,1.0,117.34321594238281,275.3855285644531,140.63092041015625,0.0,5957889.0,589740.0625,140.63092041015625,1.0,1.0,1.0,0.0,611.69677734375,0.0,610.947021484375,1.0,0.0,7680000.0,266.53277587890625,273.93634033203125,269.2454528808594,0.5008261203765869,2798399.25,206.9793243408203,119.96803283691406,1.500826120376587,0.0,286.4560241699219,1.0,0.0,-7.5742998123168945,0.0,0.0,9.999999974752427e-07,0.0,2.0,0.0003000000142492354,0.004999999888241291,0.0010000000474974513,2.0000000233721948e-07,2.0000000233721948e-07,0.0005555999814532697,993000000.0,1.0,0.05000000074505806,0.10000000149011612,0.0005000000237487257,0.0016700000269338489,0.009999999776482582,1.0,1.0,0.0010000000474974513,4.999999873689376e-05,0.00039999998989515007,0.019999999552965164,0.9891999959945679,0.9891999959945679,0.9950000047683716,0.9950000047683716,1,0,0,0,1,1,0,0,0,0,0,0,0,0,-0.0074569787830114365,-7404780.0,5000.16943359375,374652.59375,0.0,2546223.0,0.0,1.0,2569281.25,0.0,0.0,60.0,180.0,1800.0,1800.0,0.0,0.0,0.0,0.0,-0.012236599810421467,0.0,0.0,0.0,0.0,0.0,0.0,0.0,0.0,0.0,0.0,0.0,6.602997746085748e-05,0.0,7.006492321624085e-44,1,1,0,1,1,1,0,1,1,0,1,0,1,0,1,1,1,1,0,1,0,1000,1000,0,1,5001,5001,0.0,0.0,120.0,120.0,0.0,0.0,0.4000000059604645,0.10000000149011612,0.10000000149011612,2.0,500.0,200.0,0.9900000095367432,300000.0,5000.0,45000.0,20000.0,0.019999999552965164,2.0,0.05000000074505806,0.019999999552965164,6.0,0.05000000074505806,0.019999999552965164,0.019999999552965164,88.30000305175781,0.10000000149011612,0.800000011920929,0.05000000074505806,0.009999999776482582,50.0,50.0,340.0,340.0,1000000.0,1,1,1,1,1,1,1,1,1,1,0,0,0,1,1,0,1.0,0.0,0.0,0.0,5.981250069453381e-05,0.0,0.0,0.0,0.9179306626319885,0.9179306626319885,0.9179306626319885,5000.166015625,3917215.25,3922215.5,50.0,27.61510467529297,0.4000000059604645,0.0,0.0,0.10000000149011612,0.18435423076152802,0.4925430119037628,22164.435546875,20.0,29.202341079711914,778401.4375,25.551118850708008,3505.6962890625,721.2232666015625,0.7784014344215393,0.9177272915840149,9.472637176513672,1.0,3220696.5,3304317.0,9.718579292297363,20.0,0.27598780393600464,27.598779678344727,0.0,636.4223022460938,314.9409484863281,100000.0,50000.0,1115.300048828125,50000.0,700.0,2000.0,2800000.0,3500000.0,4000000.0,9.999999747378752e-05,4.999999873689376e-05,500.0,20000.0,100.0,500.0,60000.0,1200.0,1.0,120.0,150000.0,3000.0,300.0,1.0,300.0,0.019999999552965164,0.019999999552965164,0.009999999776482582,0.009999999776482582,0.009999999776482582,0.019999999552965164,1.100000023841858,0.019999999552965164,4.0,0.019999999552965164,88.0,1613.0,0.009999999776482582,0.20000000298023224,3.0,5.0,600.0,0.0010000000474974513,88.0,88.0,2000.0,2340.0,-0.11599799990653992,-0.03561130166053772,-0.04758000001311302,-0.01752999983727932,0,0,0,0,0,1,0,505.15625,505.15625,2.02874755859375,2.02874755859375,0.017436912283301353,25.551118850708008,164.16995239257812,765.4547729492188,1022.0350341796875,381.19647216796875,381.19647216796875,1.530914306640625,1.530914306640625,929.701416015625,504.0879211425781,0.0,0.0,2663660.25,20.00048065185547,20.00048065185547,150.4518585205078,150.4518585205078,65620.921875,65620.921875,1.093682050704956,1.093682050704956,58.671607971191406,58.671607971191406,24.741268157958984,24.741268157958984,103519.953125,103519.953125,24.75153160095215,153.95834350585938,157.33164978027344,2659423.75,20.00048065185547,20.00048065185547,181.81898498535156,181.81898498535156,156.15383911132812,156.15383911132812,653363.3125,653363.3125,0.0,112.41845703125,112.41845703125,224.85435485839844,159237.75,159237.75,1.0615849494934082,1.0615849494934082,200.8650360107422,156.15383911132812,0.0,0.0,0.0,184.75485229492188,184.75485229492188,369.50970458984375,0.0,0.0,0.0,0.0,0.0,184.75485229492188,184.75485229492188,0.026315800845623016,6.552286624908447,0.20000000298023224,0.8628363609313965,0.9137775897979736,0.8673779368400574,0.867792010307312,0.7792322635650635,0.8688159584999084,0.9599996209144592,1.0,1.0,1.0,0.9999998211860657,0.9999998211860657,0.9999998211860657,190831.84375,193242.0625,0.0,0.0,0.0,0.0,0.0,0.0,0.0,296.3810119628906,297.7510070800781,0.0,190821.875,190821.875,0.0,0.0,0.0,0.0,0.8243537545204163,0.8243537545204163,0.8243537545204163,0.5049253106117249,895403.375,0.9959999918937683,0.9959999918937683,0.9959999918937683,0.9959999918937683,5890674.5,2833073.25,7612026.5,8723456.0,2606300.0,3920037.75,0.003917214926332235,0.007844430394470692,1014.3699951171875,0.0,0.0,0.0,0.0,0.0,0.0,0.0,0.0,0.0,765.4722290039062,1014.3817749023438,344.5882873535156,344.5882873535156,344.5882873535156,260.36431884765625,260.36431884765625,260.36431884765625,2.995293378829956,0.6632029414176941,0.8455992937088013,2.9954280853271484,5.0,0.0040000081062316895,0.0040000081062316895,0.0040000081062316895,0.0040000081062316895,0.0,-0.4368000030517578,0.0,599058.6875,164.16995239257812,164.16995239257812,0.0,20.0,2789759.0,7.25,12.0,10.25,108.18791198730469,108.18791198730469,108.18791198730469,0.0,0.0,0.7926306128501892,0.9211652278900146,10000.0,10000.0,0.011826000176370144,1038.5,0.027953999117016792,0.0,0.0,1.0878000259399414,1.0809999704360962,9.000000136438757e-05,103.0,33.220001220703125,1.8179999589920044,0.029999999329447746,49.0,8.329999923706055,4.159999847412109,58.0,302.0,4.5,0.699999988079071,0.4000000059604645,7.5,1.3799999952316284,2.492000102996826,7000.0,48.88999938964844,1.2000000476837158,45.0,62000.0,4590000.0,4250000.0,15900000.0,15100000.0,0.05000000074505806,0.17000000178813934,0.009999999776482582,15220000.0,1.6699999570846558,312.7799987792969,1.1100000143051147,4232.0,0.25,689000.0,4030000.0,9.829999923706055,8.550000190734863,12200000.0,231.10000610351562,88.3239974975586,633.0,1.1430000066757202,0.6858000159263611,-10.0,-3.7799999713897705,0.7799999713897705,295.5,4030000.0,12400000.0,0.9200000166893005,5.0,1,0,1,228,66,0,0,0,0,1,1,1,1,1,0,0,1,1,1,0,0,1,1,0,0,0,0,1,1,1,0,0,0,0,0,0,0,0,0,8,0,0,1,0,0.1043320894241333,7102744.5,1.0877995491027832,0.44892334938049316,1.0299270153045654,301.106689453125,15.368824005126953,-0.045086491852998734,1,1,1,0,0,0,1,1,0,0,0,0,0,416,0.20000000298023224,0.20000000298023224,0.20000000298023224,0.0,2,0,0,0,0,0,0,0,0,0,0,0,0,0,0,0,0,0,0,0,0,0,0,0,0,0,0,0,0,0,0,0,0,0,0,0,0,0,0,0,0,0,0,0,0,0,0,0,0,0,0,1,0,0,0,0,0,0,0,0,0,0,0,0,0,0,0,0,0,0,0,0,0,0,0,0,0,0,0,0,0,0,0,0,0,0,0,0,0,0,0,0,0,0,0,0,0,0,0,0,0,0,0,0,0,0,0,0,0,0,0,0,0,0,0,0,0,0,0,0,0,0,0,0,0,0,0,0,0,0,0,0,0,0,0,0,0,0,0,0,0,0,0,1,0,0,0,0,0,0,0,0,0,0,0,-1,0,0,0,0,0,0,1,1,0,0,10.433208465576172,-4.3087544441223145,0.0,-0.5517948269844055,-1.6815581571897805e-44,291.70001220703125,301.106689453125,373.0811767578125,-0.04161631315946579,99.26891326904297,2665.98876953125,1.0877995491027832,1.0299270153045654,-1.0,-9.40667724609375,6.827850029367255e-06,0.03183663263916969,100.0,27.0,0.0,7.799991607666016,3.895754814147949,1.0,1.0,39.566932678222656,0.2650318145751953,20.0,4.134763003094122e-05,0.0,73.9421615600586,1.7320274114608765,1.8179994821548462,0.00036938843550160527,0.6817498207092285,0.5432206392288208,27.67462158203125,8.919779777526855,18.292715072631836,18.1395206451416,0.6076630353927612,43.527706146240234,44.898040771484375,249.6915740966797,121.5112533569336,0.952343761920929,304.61279296875,40.007659912109375,0.29459047317504883,293.4156494140625,293.4503173828125,293.400634765625,308.3321533203125,309.7049560546875,308.33642578125,100.0,0.33049285411834717,41.21712875366211,129.2723388671875,300.8739013671875,301.57763671875,300.8685302734375,340.302978515625,41.54762268066406,30.82889747619629,129.2723388671875,0.0,0.4357110559940338,0.4747979938983917,0.4362744390964508,80.39409637451172,80.43671417236328,80.30876922607422,72.4795150756836,72.4837417602539,72.47711944580078,32.73902130126953,32.85727310180664,32.60224533081055,97.34288787841797,97.21282958984375,97.12495422363281,0.0,0.0,0.0,267.41973876953125,271.45489501953125,264.6795654296875,29.0,0.0,48.0,0.8688159584999084,0.6939023733139038,0.7792322635650635,0.73102205991745,0.867792010307312,0.6902691125869751,41.0,78.36749267578125,72.23689270019531,200.8650360107422,38.278900146484375,9.999999974752427e-07,89.01502227783203,0.0,153.95834350585938,0.0,721.2232666015625,40.022682189941406,25.551118850708008,0.0,9.472637176513672,77.84014129638672,1.0,0.9718579053878784,20.0,0.0,60.0,120.0,0.0,120.0,0.0,0.0,0.0,0.0,18.08924674987793,89.19779968261719,2.0,200.0,0,0,0,0,0,0,0,0,0,0,66,0,99999,99999,26,402,1800,180,1800,0,0,-7,10,23,0,0,0,806,1424,29,31,32,0,0,0,0,0,0,0,0,1,0,0,0,0,0,1,0,0,0,0,1,1,1,0,1,0,0,0,1,0,0,0,0,0,0,0,0,0,0,0,0,1,0,1,0,0,1,1,0,1,0,1,0,1,0,0,0,1,1,0,1,0,1,0,0,0,1,1,0,0,0,1,0,1,0,0,0,0,1,1,0,0,1,0,0,0,1,0,0,0,0,0,0,1,0,0,0,1,1,0,0,1,0,1,0,1,0,1,0,0,0,1,0,1,1,1,0,0,1,0,0,0,0,0,1,1,1,0,0,0,0,0,0,0,0,0,0,0,1,0,1,0,1,0,0,0,0,0,0,0,0,1,1,1,1,0,1,0,1,1,1,1,1,1,1,0,0,0,0,0,0,1,0,1,1,1,1,1,1,1,1,1,1,1,1,0,0,1,1,0,0,1,1,0,1,1,0,0,1,1,1,0,0,0,0,1,1,1,1,0,0,1,1,0,0,1,1,0,0,1,0,1,1,0,1,1,1,0,1,1,0,1,0,1,0,0,0,0,0,0,0,1,1,1,1,0,0,1,0,0,0,0,0,0,1,1,0,0,0,0,0,0,0,0,0,0,0,0,0,0,0,0,0,0,0,0,0,0,0,0,0,0,1,0,0,0,0,0,0,0,0,1,0,0,0,0,0,0,0,0,0,1,0,0,0,0,0,0,1,0,0,0,1,1,0,0,0,0,0,0,1,0,0,0,0,0,0,0,0,0,0,0,0,0,0,0,0,1,0,0,0,0,0,0,0,0,0,0,0,0,0,0,0,0,0,0,0,0,0,0,0,0,0,0,0,0,0,0,0,0,0,0,0,0,0,0,0,0,0,0,0,0,0,0,0,0,0,0,0,0,0,0,1,0,1,0,0,0,0,0,1,0,0,0,0,0,0,0,0,0,0,0,0,0,0,0,1,0,0,0,0,0,0,0,0,0,0,0,0,0,0,1,0,0,0,0,0,0,0,0,0,0,1,0,0,0,0,0,0,0,0,0,0,0,0,0,0,0,0,0,0,0,0,0,0,0,0,0,0,0,1,0,0,0,0,0,0,1,1,1,0,0,0,0,0,0,-1,0,0,0,0,0,0,0,0,-1,0,0,-1,0,0,0,0,0,0,0,0,0,0,0,0,0,0,0,0,0,0,1,0,0,0,0,0,0,0,0,0,0,0,0,0,0,0,0,1,1,0,-1,-1,-1,1,1,1,0,0,0,0,1,0,0,1,1,0,0,0,0,1,0,0,0,0,0,0,0,0,0,0,0,0,0,0,0,0,0,0,0,0,0,0,0,0,0,0,0,0,0,1,1,0,1,0,1,1,0,1,0,1,1,0,1,0,0,1,0,0,0,0,0,0,0,0,0,0,0,0,0,0,0,0,0,0,0,0,0,0,0,0,0,0
0,1,1,300,228,8,8,228,114,25,1,0,0.0020000000949949026,4000.0,1.0,0.04500000178813934,25.0,48.0,8.0,291.70001220703125,1.7000000476837158,-3.179999907843012e-07,0.007360000163316727,0.008080000057816505,8.0,0.33000001311302185,0.0333000011742115,1.0,9.999999747378752e-06,21.0,9.999999747378752e-06,2775000064.0,9.000000136438757e-05,4.999999980020986e-13,5.0,40.0,3.0,-3.3499999046325684,3.3499999046325684,0.5,0.0004799999878741801,292.3927001953125,492.6077880859375,-0.0036125299520790577,0.002354159951210022,0.0008944629807956517,0.013157900422811508,0.800646185874939,0.02024419978260994,2650129920.0,0.006539999973028898,0,0,0,0,0,0,0,0,0,0,0,0,0,0,0,0,0,0,0,0,0,0,0,0,0,0,0,0,0,0,0,0,0,0,0,0,0,0,0,0,0,0,0,0,0,0,0,0,0,0,0,0,0,1,4,4,0,0,0,0,0,0,0,0,2,0,0.0004018328618258238,292.1601257324219,341.6885986328125,353.781494140625,366.4934997558594,378.7633056640625,397.73095703125,402.56365966796875,404.0364074707031,401.98138427734375,397.11419677734375,390.05718994140625,380.617431640625,370.6285400390625,360.91363525390625,352.2956848144531,344.51971435546875,338.42205810546875,333.8432922363281,330.5384521484375,328.13043212890625,326.4715270996094,325.373779296875,324.6050109863281,323.9329833984375,323.1255187988281,0.01718536764383316,0.06071682646870613,0.7717941999435425,-0.04133624583482742,0.7559358477592468,0.9250818490982056,6739.60546875,2.3457057523046387e-06,0.26774200797080994,0.0439678393304348,0.09011337906122208,0.0944516584277153,0.01301282737404108,1.0,-1.6815581571897805e-44,-4.374790191650391,0.0,99.26728057861328,2666.135009765625,0.9441571831703186,362.51983642578125,0.0,0.0,0.0,0.800000011920929,0.0,291.70001220703125,280653.90625,-0.5513171553611755,6.328535079956055,130.28829956054688,10.0,7750000.0,8160000.0,86.12000274658203,119.0999984741211,0.5,9.999999747378752e-05,0.0,3.299999952316284,200.0,0.30000001192092896,309.20001220703125,2.439019908706541e-06,0,0,0,1,1,1,0,24,0,300.0652770996094,0.0,0.0,0.0,0.0,0.0,0.0,0.8782864809036255,0.8672690987586975,0.5201207399368286,0.17908287048339844,0.00861575361341238,0.007905027829110622,0.32091712951660156,0.32418742775917053,0.3222673833370209,1.0,25.0,24.0,7070881.5,7071694.5,7071114.5,293.6798095703125,293.74932861328125,293.69244384765625,305.9264831542969,307.4213562011719,305.9223327636719,4400000.0,299.80316162109375,300.5853271484375,299.807373046875,12.246673583984375,13.672027587890625,12.229888916015625,302.6165466308594,4467.0595703125,4464.5322265625,4476.9208984375,11.492121696472168,11.517327308654785,11.504240036010742,26.99066162109375,0.0,0.0,0.0020000000949949026,293.7071838378906,306.4233703613281,-177.01893615722656,1.0376758575439453,1.0491613149642944,1.04204523563385,166.10702514648438,39.0,40.0,42.0,41.0,0.0,0.0,7058238.5,7034018.0,61.334434509277344,5.0,0.014999999664723873,-180000.0,600.0,1000000.0,400000.0,0.17000000178813934,22000.0,786000.0,120000.0,0.0,40.0,30.0,36.810001373291016,0.5,18.399999618530273,50000.0,115692.3984375,15.113750457763672,0,0,1,0,0,0,0,12504880.0,0.0,0.0,0.0,0.0,0.0,-2855016.0,400000.0,1000000.0,1.0,1400000.0,0.0,0.4094873070716858,12544984.0,126869.6328125,12504880.0,340.3043212890625,40.007659912109375,4.075238227844238,-2855016.0,0.0,0.0,0.0,3.0427968502044678,40.007659912109375,0.0,22230.939453125,1.2010046243667603,0.0,0.0,0.0,20.0,14.711517333984375,22.0,0.0,0.0,0.0,0.05000000074505806,0.02500000037252903,0.17000000178813934,15400000.0,0.5,6.25,0.0006667000125162303,2.0,2410000.0,4140000.0,4.734799861907959,0.15000000596046448,0.20000000298023224,0.2199999988079071,1.0,0.0,-1.0,0.0,5.0,20.0,30.0,50.0,74.0,80.0,86.0,9.800000190734863,500000.0,1.0499999802959792e-07,0.5,750.0,1000.0,600.0,1000.0,1150.0,32.0,32.0,37.400001525878906,10.0,10.0,0.007000000216066837,0.5049999952316284,82.0,189.26499938964844,0.0,1.5099999904632568,231.60000610351562,20.0,36.0,16.600000381469727,16.5,225.0,-0.1756729930639267,27.5,-0.1756729930639267,30.485509872436523,0.1561516970396042,11.10221004486084,-1.8332500457763672,-75.0,4.3520002365112305,9.800000190734863,189.26499938964844,93.30000305175781,2650000.0,0.8500000238418579,7.570000171661377,0,1,0,0,0,0,0,0,0,0,0,1,3,3,0,0,1,0,0,0,0,0,0,1,0,0,0,0,1,0,0,0,0,0,0,0,0,0,0,1,0,0,0,0,0,0,0,0,0,0,12.04945182800293,29046.009765625,2153.699951171875,0.0004148443986196071,0.0004361289902590215,0.0006248649442568421,1.0,1.0,0.0,0.0,0.0,0.6053165793418884,0.6081170439720154,1.0,0.0,0.0,0.0,1.0,0.0,0.0,1.0,1.0,0.0,1.0,1.0,0.0,0.0,1.0,0.0,0.6137508153915405,0.6223015189170837,0.0004148443986196071,0.0,0.0,0.0,99998.78125,99999.0,2706641.0,2410000.0,36.20000076293945,36.20000076293945,36.20000076293945,32.53761672973633,249.8258056640625,121.1760025024414,43.258033752441406,26.523151397705078,36.08325958251953,27.0,28.019338607788086,27.0,0.0,32.0,20.0,68.57752227783203,3446668.0,0.5432206392288208,3.7799999713897705,5.026220798492432,8.919779777526855,0.0,0.0,0.0,1.401298464324817e-45,5.051300048828125,5.051300048828125,0.5049998760223389,0.5049998760223389,0.5049998760223389,0.18937495350837708,0.18937495350837708,0.18937495350837708,0.0,0.0,0.0,0.0,0.0,0.0,5.294999599456787,0.0,0.0,0.0,0.0,0.0,0.0,100.0,73.9372329711914,0.39615172147750854,0.0,20.0,0.0,5.051300048828125,5.9818339347839355,0.0,0.0,0.0,0.007000000216066837,0.0,0.0,10.325775146484375,0.0,1.7319786548614502,1.401298464324817e-45,5.973095417022705,0.0,0.0,0.0,0.0,0.0,0.0,20.0,0.0,0.0,12206724.0,0.0,0.0,0.0,0.0,0.0,0.0,0.0,0.351500004529953,18.93000030517578,23.030000686645508,7.69199959904654e-06,0.08500000089406967,0.009999999776482582,24.0,27.0,8.800000190734863,500000.0,0.05000000074505806,2.7000000013543968e-09,2.7000000013543968e-09,145100.0,120000.0,14650000.0,86400.0,17.0,34.5,48.70000076293945,321.8999938964844,83170.0,0.0,1.0,1.0,0.0010000000474974513,725.0,0.0,0.5,0.0,0.0,57.31999969482422,837142.875,9359.77734375,117376.1015625,2623.89794921875,83026.390625,725.0,1.0204100362898316e-05,740000000.0,1,0,1,0,1,0,1,0,0,0,0,8.799991607666016,27.0,4176.21044921875,0.0,0.0,0.0,0.0,1.677685022354126,0.00040171618456952274,0.0,0.03212340921163559,39.597782135009766,1.0,25982.7890625,7932.9033203125,4.1720166336745024e-05,271905248.0,1383729280.0,1470855552.0,2302195712.0,-60.29768371582031,-823.2950439453125,-819599936.0,-918466880.0,5.973095417022705,0.0,66.27078247070312,823.2950439453125,106381.3984375,4164.3291015625,146713.234375,166310.6875,123982.7890625,54.0001335144043,39.597782135009766,39.597782135009766,1.0,4.1720166336745024e-05,7932.9033203125,936967340032.0,0.20109181106090546,137600.0,137600.0,80830200.0,61.5424690246582,6594.16552734375,1.0,0.0,1700.0,250000.0,10000.0,1038.0,0.004999999888241291,400.0,5000.0,0,0,0,0,2959622.5,59.62483215332031,59.62483215332031,1216415.25,2795337.5,0.0,0.0,342764.5,97.46339416503906,7046819.5,0.0,0.0,1.0,1.0,97.46339416503906,275.3855285644531,137.45013427734375,0.0,5957889.0,575778.625,137.45013427734375,1.0,1.0,1.0,0.0,609.1715087890625,0.0,608.1502685546875,1.0,0.0,7680000.0,271.1302490234375,280.3727722167969,273.80908203125,0.5583628416061401,2795337.5,229.40985107421875,119.24966430664062,1.5583628416061401,0.0,286.1141662597656,1.0,0.0,-7.5742998123168945,0.0,0.0,9.999999974752427e-07,0.0,2.0,0.0003000000142492354,0.004999999888241291,0.0010000000474974513,2.0000000233721948e-07,2.0000000233721948e-07,0.0005555999814532697,993000000.0,1.0,0.05000000074505806,0.10000000149011612,0.0005000000237487257,0.0016700000269338489,0.009999999776482582,1.0,1.0,0.0010000000474974513,4.999999873689376e-05,0.00039999998989515007,0.019999999552965164,0.9891999959945679,0.9891999959945679,0.9950000047683716,0.9950000047683716,1,0,0,0,1,1,0,0,0,0,0,0,0,0,-0.0074569787830114365,-7404780.0,5000.1591796875,342764.5,0.0,2546223.0,0.0,1.0,2569281.25,0.0,0.0,60.0,180.0,1800.0,1800.0,0.0,0.0,0.0,0.0,-0.012236599810421467,0.0,0.0,0.0,0.0,0.0,0.0,0.0,0.0,0.0,0.0,0.0,6.602997746085748e-05,0.0,7.006492321624085e-44,1,1,0,1,1,1,0,1,1,0,1,0,1,0,1,1,1,1,0,1,0,1000,1000,0,1,5001,5001,0.0,0.0,120.0,120.0,0.0,0.0,0.4000000059604645,0.10000000149011612,0.10000000149011612,2.0,500.0,200.0,0.9900000095367432,300000.0,5000.0,45000.0,20000.0,0.019999999552965164,2.0,0.05000000074505806,0.019999999552965164,6.0,0.05000000074505806,0.019999999552965164,0.019999999552965164,88.30000305175781,0.10000000149011612,0.800000011920929,0.05000000074505806,0.009999999776482582,50.0,50.0,340.0,340.0,1000000.0,1,1,1,1,1,1,1,1,1,1,0,0,0,1,1,0,1.0,0.0,0.0,0.0,5.400000009103678e-05,0.0,0.0,0.0,0.9179174900054932,0.9179174900054932,0.9179174900054932,5000.15576171875,3918494.25,3923494.5,50.0,27.61506462097168,0.4000000059604645,0.0,0.0,0.10000000149011612,0.1835109293460846,0.4925430119037628,22164.435546875,20.0,29.202341079711914,778327.3125,25.229310989379883,3451.358642578125,721.2232666015625,0.7783272862434387,0.9177008271217346,9.472597122192383,1.0,3220683.0,3304317.0,9.718579292297363,20.0,0.2760343849658966,27.603439331054688,0.0,636.4223022460938,319.2406005859375,100000.0,50000.0,1115.300048828125,50000.0,700.0,2000.0,2800000.0,3500000.0,4000000.0,9.999999747378752e-05,4.999999873689376e-05,500.0,20000.0,100.0,500.0,60000.0,1200.0,1.0,120.0,150000.0,3000.0,300.0,1.0,300.0,0.019999999552965164,0.019999999552965164,0.009999999776482582,0.009999999776482582,0.009999999776482582,0.019999999552965164,1.100000023841858,0.019999999552965164,4.0,0.019999999552965164,88.0,1613.0,0.009999999776482582,0.20000000298023224,3.0,5.0,600.0,0.0010000000474974513,88.0,88.0,2000.0,2340.0,-0.11599799990653992,-0.03561130166053772,-0.04758000001311302,-0.01752999983727932,0,0,0,0,0,1,0,504.06744384765625,504.06744384765625,2.024383544921875,2.024383544921875,0.017447534948587418,25.229310989379883,164.16683959960938,720.4398803710938,1019.7420654296875,358.779052734375,358.779052734375,1.440887451171875,1.440887451171875,876.7210083007812,499.0133361816406,0.0,0.0,2663660.25,20.00048065185547,20.00048065185547,147.71783447265625,147.71783447265625,65586.734375,65586.734375,1.0931122303009033,1.0931122303009033,48.73169708251953,48.73169708251953,24.695520401000977,24.695520401000977,103328.5390625,103328.5390625,24.705814361572266,153.25015258789062,156.83737182617188,2656550.0,20.00048065185547,20.00048065185547,180.09405517578125,180.09405517578125,156.05799865722656,156.05799865722656,652962.3125,652962.3125,0.0,111.73468017578125,111.73468017578125,223.48680114746094,159163.03125,159163.03125,1.061086893081665,1.061086893081665,198.47103881835938,156.05799865722656,0.0,0.0,0.0,183.26068115234375,183.26068115234375,366.5213623046875,0.0,0.0,0.0,0.0,0.0,183.26068115234375,183.26068115234375,0.026315800845623016,6.166959762573242,0.20000000298023224,0.8626741170883179,0.9136329889297485,0.8672154545783997,0.8782864809036255,0.7882817983627319,0.8793432116508484,0.9599996209144592,1.0,1.0,1.0,0.9999998211860657,0.9999998211860657,0.9999998211860657,190831.453125,193242.0625,0.0,0.0,0.0,0.0,0.0,0.0,0.0,296.3810119628906,297.7510070800781,0.0,190822.453125,190822.453125,0.0,0.0,0.0,0.0,0.8221229910850525,0.8221229910850525,0.8221229910850525,0.4828345477581024,862097.625,0.9959999918937683,0.9959999918937683,0.9959999918937683,0.9959999918937683,5895513.0,2833140.75,7624836.0,8728768.0,2606300.0,3904750.0,0.00391849409788847,0.00784698873758316,1012.1836547851562,0.0,0.0,0.0,0.0,0.0,0.0,0.0,0.0,0.0,720.4573364257812,1012.1954345703125,344.16217041015625,344.16217041015625,344.16217041015625,245.05335998535156,245.05335998535156,245.05335998535156,2.994894027709961,0.6545479893684387,0.8426951766014099,2.9950265884399414,5.0,0.0040000081062316895,0.0040000081062316895,0.0040000081062316895,0.0040000081062316895,0.0,-0.4368000030517578,0.0,598978.8125,164.16683959960938,164.16683959960938,0.0,20.0,2787446.0,7.25,12.0,10.25,101.80030822753906,101.80030822753906,101.80030822753906,0.0,0.0,0.7926306128501892,0.9211652278900146,10000.0,10000.0,0.011826000176370144,1038.5,0.027953999117016792,0.0,0.0,1.0878000259399414,1.0809999704360962,9.000000136438757e-05,103.0,33.220001220703125,1.8179999589920044,0.029999999329447746,49.0,8.329999923706055,4.159999847412109,58.0,302.0,4.5,0.699999988079071,0.4000000059604645,7.5,1.3799999952316284,2.492000102996826,7000.0,48.88999938964844,1.2000000476837158,45.0,62000.0,4590000.0,4250000.0,15900000.0,15100000.0,0.05000000074505806,0.17000000178813934,0.009999999776482582,15220000.0,1.6699999570846558,312.7799987792969,1.1100000143051147,4232.0,0.25,689000.0,4030000.0,9.829999923706055,8.550000190734863,12200000.0,231.10000610351562,88.3239974975586,633.0,1.1430000066757202,0.6858000159263611,-10.0,-3.7799999713897705,0.7799999713897705,295.5,4030000.0,12400000.0,0.9200000166893005,5.0,1,0,1,228,54,0,0,0,0,1,1,1,1,1,0,0,1,1,0,0,0,0,1,0,0,0,0,1,0,0,0,0,0,0,0,0,0,0,0,8,0,0,1,0,0.09011337906122208,7070881.5,1.0877995491027832,0.389267235994339,1.0381394624710083,300.3225402832031,13.326506614685059,-0.03450213372707367,1,1,1,0,0,0,1,1,0,0,0,0,0,419,0.20000000298023224,0.20000000298023224,0.20000000298023224,0.0,2,0,0,0,0,0,0,0,0,0,0,0,0,0,0,0,0,0,0,0,0,0,0,0,0,0,0,0,0,0,0,0,0,0,0,0,0,0,0,0,0,0,0,0,0,0,0,0,0,0,0,1,0,0,0,0,0,0,0,0,0,0,0,0,0,0,0,0,0,0,0,0,0,0,0,0,0,0,0,0,0,0,0,0,0,0,0,0,0,0,0,0,0,0,0,0,0,0,0,0,0,0,0,0,0,0,0,0,0,0,0,0,0,0,0,0,0,0,0,0,0,0,0,0,0,0,0,0,0,0,0,0,0,0,0,0,0,0,0,0,0,0,0,1,0,0,0,0,0,0,0,0,0,0,0,-1,0,0,0,0,0,0,1,1,0,0,9.011338233947754,-4.374790191650391,0.0,-0.5513171553611755,-1.6815581571897805e-44,291.70001220703125,300.3225402832031,362.51983642578125,-0.04133624583482742,99.26728057861328,2666.135009765625,1.0877995491027832,1.0381394624710083,-1.0,-8.622528076171875,6.827850029367255e-06,0.03212340921163559,100.0,27.0,0.0,7.799991607666016,3.8994321823120117,1.0,1.0,39.597782135009766,0.26513099670410156,20.0,4.1720166336745024e-05,0.0,73.9372329711914,1.7319786548614502,1.8179994821548462,0.00036938843550160527,0.6817498207092285,0.5432206392288208,27.618837356567383,8.919779777526855,18.18467903137207,18.09439468383789,0.6053165793418884,43.258033752441406,44.898040771484375,249.8258056640625,121.1760025024414,0.9518283605575562,303.06903076171875,40.007659912109375,0.29459047317504883,293.64691162109375,293.69732666015625,293.6334228515625,306.493408203125,307.9666748046875,306.49749755859375,100.0,1.3335585594177246,39.61517333984375,128.01026916503906,300.0701599121094,300.8320007324219,300.0654602050781,340.303955078125,40.94873046875,30.526960372924805,128.01026916503906,0.0,0.37524616718292236,0.4168076515197754,0.3757596015930176,80.09645080566406,80.17452239990234,80.01195526123047,72.15436553955078,72.1602783203125,72.15198516845703,32.22673797607422,32.41874313354492,32.091712951660156,97.32447814941406,97.09630584716797,97.10935974121094,0.0,0.0,0.0,272.42315673828125,278.35467529296875,269.7174072265625,29.0,0.0,48.0,0.8793432116508484,0.6937723755836487,0.7882817983627319,0.7309064269065857,0.8782864809036255,0.6901392936706543,41.0,78.36749267578125,71.90645599365234,198.47103881835938,38.120872497558594,9.999999974752427e-07,89.06922149658203,0.0,153.25015258789062,0.0,721.2232666015625,40.03573226928711,25.229310989379883,0.0,9.472597122192383,77.83272552490234,1.0,0.9718579053878784,20.0,0.0,60.0,120.0,0.0,120.0,0.0,0.0,0.0,0.0,18.08924674987793,89.19779968261719,2.0,200.0,0,0,0,0,0,0,0,0,0,0,54,0,99999,99999,26,402,1800,180,1800,0,0,-7,9,23,0,0,0,806,1424,29,31,32,0,0,0,0,0,0,0,0,1,0,0,0,0,0,1,0,0,0,0,1,0,0,0,1,0,0,0,1,0,0,0,0,0,0,0,0,0,0,0,0,1,0,1,0,0,1,1,0,1,0,1,0,1,0,0,0,1,1,0,1,0,1,0,0,0,1,0,0,0,0,1,0,1,0,0,0,0,0,1,0,0,1,0,0,0,1,0,0,0,0,0,0,1,0,0,0,1,1,0,0,1,0,1,0,1,0,1,0,0,0,1,0,1,1,1,0,0,1,0,0,0,0,0,1,1,1,0,0,0,0,0,0,0,0,0,0,0,1,0,1,0,1,0,0,0,0,0,0,0,0,1,1,1,1,0,1,0,1,1,1,1,1,1,1,0,0,0,0,0,0,1,0,1,1,1,1,1,1,1,1,1,1,1,0,0,0,1,1,0,0,1,1,0,1,1,0,0,1,1,1,0,0,0,0,1,1,1,1,0,0,1,1,1,0,0,1,0,0,1,0,1,1,0,1,1,1,0,1,1,0,1,0,1,0,0,0,0,0,0,0,1,1,1,1,0,0,1,0,0,0,0,0,0,0,0,0,0,0,0,0,0,0,0,0,0,0,0,0,0,0,0,0,0,0,0,0,0,0,0,0,0,0,0,0,0,0,0,0,0,0,0,0,0,0,0,0,0,0,0,0,0,0,0,0,0,0,0,0,0,0,0,0,0,0,0,0,0,0,0,0,0,0,0,0,0,0,0,0,0,0,0,0,0,0,0,0,0,0,0,0,0,0,0,0,0,0,0,0,0,0,0,0,0,0,0,0,0,0,0,0,0,0,0,0,0,0,0,0,0,0,0,0,0,0,0,0,0,0,0,0,0,0,0,0,0,0,0,0,0,0,0,1,0,1,0,0,0,0,0,1,0,0,0,0,0,0,0,0,0,0,0,0,0,0,0,1,0,0,0,0,0,0,0,0,0,0,0,0,0,0,1,0,0,0,0,0,0,0,0,0,0,1,0,0,0,0,0,0,0,0,0,0,0,0,0,0,0,0,0,0,0,0,0,0,0,0,0,0,0,1,0,0,0,0,0,0,1,1,1,0,0,0,0,0,0,-1,0,0,0,0,0,0,0,0,-1,0,0,-1,0,0,0,0,0,0,0,0,0,0,0,0,0,0,0,0,0,0,1,0,0,0,0,0,0,0,0,0,0,0,0,0,0,0,0,1,1,0,-1,-1,-1,1,1,1,0,0,0,0,1,0,0,1,1,0,0,0,0,1,0,0,0,0,0,0,0,0,0,0,0,0,0,0,0,0,0,0,0,0,0,0,0,0,0,0,0,0,0,1,1,0,1,0,1,1,0,1,0,1,1,0,1,0,0,1,0,0,0,0,0,0,0,0,0,0,0,0,0,0,0,0,0,0,0,0,0,0,0,0,0,0
0,1,1,300,228,8,8,228,114,25,1,0,0.0020000000949949026,4000.0,1.0,0.04500000178813934,25.0,48.0,8.0,291.70001220703125,1.7000000476837158,-3.179999907843012e-07,0.007360000163316727,0.008080000057816505,8.0,0.33000001311302185,0.0333000011742115,1.0,9.999999747378752e-06,21.0,9.999999747378752e-06,2775000064.0,9.000000136438757e-05,4.999999980020986e-13,5.0,40.0,3.0,-3.3499999046325684,3.3499999046325684,0.5,0.0004799999878741801,292.3927001953125,492.6077880859375,-0.0036125299520790577,0.002354159951210022,0.0008944629807956517,0.013157900422811508,0.800646185874939,0.02024419978260994,2650129920.0,0.006539999973028898,0,0,0,0,0,0,0,0,0,0,0,0,0,0,0,0,0,0,0,0,0,0,0,0,0,0,0,0,0,0,0,0,0,0,0,0,0,0,0,0,0,0,0,0,0,0,0,0,0,0,0,0,0,1,4,4,0,0,0,0,0,0,0,0,2,0,0.0004018328618258238,292.58880615234375,335.5392761230469,345.7957458496094,356.5667419433594,366.97021484375,383.1461486816406,387.38262939453125,388.86328125,387.38800048828125,383.5322265625,377.79754638671875,370.04443359375,361.76678466796875,353.6593933105469,346.4171142578125,339.8515319824219,334.65301513671875,330.69415283203125,327.7777099609375,325.5979919433594,324.0345458984375,322.93267822265625,322.1013488769531,321.349609375,320.4864196777344,0.01757553592324257,0.058450810611248016,0.7717815041542053,-0.04113496467471123,0.7559662461280823,0.9197865128517151,6319.591796875,2.1749240204371745e-06,0.26302146911621094,0.041707295924425125,0.07906392961740494,0.08245174586772919,0.014103046618402004,1.0,-1.6815581571897805e-44,-4.433799743652344,0.0,99.26563262939453,2666.281494140625,0.9441951513290405,354.0506896972656,0.0,-72.0,-18.11187171936035,0.4000000059604645,0.0,291.70001220703125,280654.46875,-0.550945520401001,6.325189590454102,130.28829956054688,10.0,7750000.0,8160000.0,86.12000274658203,119.0999984741211,0.5,9.999999747378752e-05,0.0,3.299999952316284,200.0,0.30000001192092896,309.20001220703125,2.439019908706541e-06,0,0,0,1,1,1,0,24,0,299.3153381347656,0.0,0.0,0.0,0.0,0.0,0.0,0.8881741166114807,0.8672550320625305,0.5204123854637146,0.18388086557388306,0.010420559905469418,0.009672130458056927,0.31611913442611694,0.32020461559295654,0.3174511790275574,1.0,25.0,24.0,7030183.5,7031148.5,7030415.0,293.72613525390625,293.8154296875,293.73699951171875,304.355224609375,305.9068603515625,304.35137939453125,4400000.0,299.0406799316406,299.86114501953125,299.044189453125,10.62908935546875,12.0914306640625,10.6143798828125,301.43548583984375,4468.9013671875,4459.6552734375,4478.654296875,11.452171325683594,11.483162879943848,11.464162826538086,27.138153076171875,0.0,0.0,0.0020000000949949026,293.759521484375,304.87115478515625,-171.61160278320312,1.0224084854125977,1.0366125106811523,1.0267175436019897,178.35992431640625,39.0,40.0,42.0,41.0,0.0,0.0,7014882.0,6990212.5,60.56462097167969,5.0,0.014999999664723873,-180000.0,600.0,1000000.0,400000.0,0.17000000178813934,22000.0,786000.0,120000.0,0.0,40.0,30.0,36.810001373291016,0.5,18.399999618530273,50000.0,115692.3984375,15.113750457763672,0,0,1,0,0,0,0,12388187.0,0.0,0.0,0.0,0.0,0.0,-2973519.0,400000.0,1000000.0,1.0,1400000.0,0.0,0.40365591645240784,12426481.0,126869.6328125,12388187.0,340.30517578125,40.007659912109375,4.017528057098389,-2973519.0,0.0,0.0,0.0,3.0137016773223877,40.007659912109375,0.0,22230.939453125,1.2010046243667603,0.0,0.0,0.0,20.0,14.711517333984375,22.0,0.0,0.0,0.0,0.05000000074505806,0.02500000037252903,0.17000000178813934,15400000.0,0.5,6.25,0.0006667000125162303,2.0,2410000.0,4140000.0,4.734799861907959,0.15000000596046448,0.20000000298023224,0.2199999988079071,1.0,0.0,-1.0,0.0,5.0,20.0,30.0,50.0,74.0,80.0,86.0,9.800000190734863,500000.0,1.0499999802959792e-07,0.5,750.0,1000.0,600.0,1000.0,1150.0,32.0,32.0,37.400001525878906,10.0,10.0,0.007000000216066837,0.5049999952316284,82.0,189.26499938964844,0.0,1.5099999904632568,231.60000610351562,20.0,36.0,16.600000381469727,16.5,225.0,-0.1756729930639267,27.5,-0.1756729930639267,30.485509872436523,0.1561516970396042,11.10221004486084,-1.8332500457763672,-75.0,4.3520002365112305,9.800000190734863,189.26499938964844,93.30000305175781,2650000.0,0.8500000238418579,7.570000171661377,0,1,0,0,0,0,0,0,0,0,0,1,3,3,0,0,1,0,0,0,0,0,0,1,0,0,0,0,1,0,0,0,0,0,0,0,0,0,0,1,0,0,0,0,0,0,0,0,0,0,12.049178123474121,29045.4453125,2153.699951171875,0.00041484300163574517,0.0004361289902590215,0.0006248649442568421,1.0,1.0,0.0,0.0,0.0,0.6027984023094177,0.6076405644416809,1.0,0.0,0.0,0.0,1.0,0.0,0.0,1.0,1.0,0.0,1.0,1.0,0.0,0.0,1.0,0.0,0.6124866008758545,0.6216303706169128,0.00041484300163574517,0.0,0.0,0.0,99998.78125,99999.0,2701066.0,2410000.0,36.20000076293945,36.20000076293945,36.20000076293945,32.539276123046875,249.9411163330078,120.79645538330078,42.973663330078125,26.536218643188477,36.01957702636719,27.0,27.99140739440918,27.0,0.0,32.0,20.0,68.57752227783203,3446668.0,0.5432206392288208,3.7799999713897705,5.010521411895752,8.919779777526855,0.0,0.0,0.0,1.401298464324817e-45,5.021683692932129,5.021683692932129,0.5049998760223389,0.5049998760223389,0.5049998760223389,0.18937495350837708,0.18937495350837708,0.18937495350837708,0.0,0.0,0.0,0.0,0.0,0.0,5.294999599456787,0.0,0.0,0.0,0.0,0.0,0.0,100.0,73.93220520019531,0.38059788942337036,0.0,20.0,0.0,5.021683692932129,5.9681878089904785,0.0,0.0,0.0,0.007000000216066837,0.0,0.0,10.311073303222656,0.0,1.731928825378418,1.401298464324817e-45,5.957396030426025,0.0,0.0,0.0,0.0,0.0,0.0,20.0,0.0,0.0,12091026.0,0.0,0.0,0.0,0.0,0.0,0.0,0.0,0.351500004529953,18.93000030517578,23.030000686645508,7.69199959904654e-06,0.08500000089406967,0.009999999776482582,24.0,27.0,8.800000190734863,500000.0,0.05000000074505806,2.7000000013543968e-09,2.7000000013543968e-09,145100.0,120000.0,14650000.0,86400.0,17.0,34.5,48.70000076293945,321.8999938964844,83170.0,0.0,1.0,1.0,0.0010000000474974513,725.0,0.0,0.5,0.0,0.0,57.31999969482422,837142.875,9359.77734375,117376.1015625,2623.89794921875,83026.390625,725.0,1.0204100362898316e-05,740000000.0,1,0,1,0,1,0,1,0,0,0,0,8.799991607666016,27.0,4212.97509765625,0.0,0.0,0.0,0.0,1.6924580335617065,0.0004017174069304019,0.0,0.03240620344877243,39.62761688232422,1.0,25992.203125,7998.783203125,4.208752579870634e-05,264539824.0,1301471104.0,1387555328.0,2344997632.0,-59.50340270996094,-839.53369140625,-820704320.0,-1043526656.0,5.957396030426025,0.0,65.46080017089844,839.53369140625,106381.3984375,4170.59521484375,146743.734375,166435.984375,123992.203125,54.600135803222656,39.62761688232422,39.62761688232422,1.0,4.208752579870634e-05,7998.783203125,933294178304.0,0.20113839209079742,137600.0,137600.0,79836640.0,60.76358413696289,6603.50634765625,1.0,0.0,1700.0,250000.0,10000.0,1038.0,0.004999999888241291,400.0,5000.0,0,0,0,0,2959622.5,59.26779556274414,59.26779556274414,1216415.25,2792215.75,0.0,0.0,314551.9375,80.9515380859375,7005658.5,0.0,0.0,1.0,1.0,80.9515380859375,275.3855285644531,134.43470764160156,0.0,5957889.0,562576.25,134.43470764160156,1.0,1.0,1.0,0.0,605.8580322265625,0.0,604.5955200195312,1.0,0.0,7680000.0,274.6440124511719,285.5409240722656,277.26800537109375,0.6092677116394043,2792215.75,248.5691680908203,118.53559112548828,1.6092677116394043,0.0,285.6896667480469,1.0,0.0,-7.5742998123168945,0.0,0.0,9.999999974752427e-07,0.0,2.0,0.0003000000142492354,0.004999999888241291,0.0010000000474974513,2.0000000233721948e-07,2.0000000233721948e-07,0.0005555999814532697,993000000.0,1.0,0.05000000074505806,0.10000000149011612,0.0005000000237487257,0.0016700000269338489,0.009999999776482582,1.0,1.0,0.0010000000474974513,4.999999873689376e-05,0.00039999998989515007,0.019999999552965164,0.9891999959945679,0.9891999959945679,0.9950000047683716,0.9950000047683716,1,0,0,0,1,1,0,0,0,0,0,0,0,0,-0.0074569787830114365,-7404780.0,5000.14990234375,314551.9375,0.0,2546223.0,0.0,1.0,2569281.25,0.0,0.0,60.0,180.0,1800.0,1800.0,0.0,0.0,0.0,0.0,-0.012236599810421467,0.0,0.0,0.0,0.0,0.0,0.0,0.0,0.0,0.0,0.0,0.0,6.602997746085748e-05,0.0,7.006492321624085e-44,1,1,0,1,1,1,0,1,1,0,1,0,1,0,1,1,1,1,0,1,0,1000,1000,0,1,5001,5001,0.0,0.0,120.0,120.0,0.0,0.0,0.4000000059604645,0.10000000149011612,0.10000000149011612,2.0,500.0,200.0,0.9900000095367432,300000.0,5000.0,45000.0,20000.0,0.019999999552965164,2.0,0.05000000074505806,0.019999999552965164,6.0,0.05000000074505806,0.019999999552965164,0.019999999552965164,88.30000305175781,0.10000000149011612,0.800000011920929,0.05000000074505806,0.009999999776482582,50.0,50.0,340.0,340.0,1000000.0,1,1,1,1,1,1,1,1,1,1,0,0,0,1,1,0,1.0,0.0,0.0,0.0,4.856249870499596e-05,0.0,0.0,0.0,0.9179033637046814,0.9179033637046814,0.9179033637046814,5000.14697265625,3919827.0,3924827.25,50.0,27.61502456665039,0.4000000059604645,0.0,0.0,0.10000000149011612,0.18243902921676636,0.4925430119037628,22164.435546875,20.0,29.202341079711914,778251.375,24.928510665893555,3400.958251953125,721.2233276367188,0.7782513499259949,0.9176723957061768,9.47255802154541,1.0,3220669.5,3304317.0,9.718579292297363,20.0,0.2760809361934662,27.60809326171875,0.0,636.4223022460938,325.0912780761719,100000.0,50000.0,1115.300048828125,50000.0,700.0,2000.0,2800000.0,3500000.0,4000000.0,9.999999747378752e-05,4.999999873689376e-05,500.0,20000.0,100.0,500.0,60000.0,1200.0,1.0,120.0,150000.0,3000.0,300.0,1.0,300.0,0.019999999552965164,0.019999999552965164,0.009999999776482582,0.009999999776482582,0.009999999776482582,0.019999999552965164,1.100000023841858,0.019999999552965164,4.0,0.019999999552965164,88.0,1613.0,0.009999999776482582,0.20000000298023224,3.0,5.0,600.0,0.0010000000474974513,88.0,88.0,2000.0,2340.0,-0.11599799990653992,-0.03561130166053772,-0.04758000001311302,-0.01752999983727932,0,0,0,0,0,1,0,503.09735107421875,503.09735107421875,2.020477294921875,2.020477294921875,0.01744738034904003,24.928510665893555,164.1636962890625,678.072265625,1017.4998168945312,337.67999267578125,337.67999267578125,1.35614013671875,1.35614013671875,826.3973388671875,493.7886962890625,0.0,0.0,2663660.25,20.00048065185547,20.00048065185547,144.5175018310547,144.5175018310547,65547.3671875,65547.3671875,1.0924561023712158,1.0924561023712158,40.47576904296875,40.47576904296875,24.645339965820312,24.645339965820312,103118.578125,103118.578125,24.655654907226562,152.27281188964844,156.15829467773438,2653595.25,20.00048065185547,20.00048065185547,178.54466247558594,178.54466247558594,155.90158081054688,155.90158081054688,652307.875,652307.875,0.0,110.94732666015625,110.94732666015625,221.91209411621094,159089.015625,159089.015625,1.0605934858322144,1.0605934858322144,196.16912841796875,155.90158081054688,0.0,0.0,0.0,181.78045654296875,181.78045654296875,363.5609130859375,0.0,0.0,0.0,0.0,0.0,181.78045654296875,181.78045654296875,0.026315800845623016,5.804293155670166,0.20000000298023224,0.862519383430481,0.9134983420372009,0.8670605421066284,0.8881741166114807,0.7965331077575684,0.8892651200294495,0.9599996209144592,1.0,1.0,1.0,0.9999998211860657,0.9999998211860657,0.9999998211860657,190831.0625,193242.0625,0.0,0.0,0.0,0.0,0.0,0.0,0.0,296.3810119628906,297.7510070800781,0.0,190822.96875,190822.96875,0.0,0.0,0.0,0.0,0.8095153570175171,0.8095153570175171,0.8095153570175171,0.46227872371673584,829087.125,0.9959999918937683,0.9959999918937683,0.9959999918937683,0.9959999918937683,5896194.0,2831963.0,7632159.5,8728690.0,2606300.0,3888872.25,0.0039198268204927444,0.00784965418279171,1010.2356567382812,0.0,0.0,0.0,0.0,0.0,0.0,0.0,0.0,0.0,678.0897216796875,1010.2474365234375,343.7169494628906,343.7169494628906,343.7169494628906,230.64239501953125,230.64239501953125,230.64239501953125,2.9945008754730225,0.6452978253364563,0.8395527005195618,2.994631290435791,5.0,0.0040000081062316895,0.0040000081062316895,0.0040000081062316895,0.0040000081062316895,0.0,-0.4368000030517578,0.0,598900.1875,164.1636962890625,164.1636962890625,0.0,20.0,2785202.25,7.25,12.0,10.25,95.79019165039062,95.79019165039062,95.79019165039062,0.0,0.0,0.7926306128501892,0.9211652278900146,10000.0,10000.0,0.011826000176370144,1038.5,0.027953999117016792,0.0,0.0,1.0878000259399414,1.0809999704360962,9.000000136438757e-05,103.0,33.220001220703125,1.8179999589920044,0.029999999329447746,49.0,8.329999923706055,4.159999847412109,58.0,302.0,4.5,0.699999988079071,0.4000000059604645,7.5,1.3799999952316284,2.492000102996826,7000.0,48.88999938964844,1.2000000476837158,45.0,62000.0,4590000.0,4250000.0,15900000.0,15100000.0,0.05000000074505806,0.17000000178813934,0.009999999776482582,15220000.0,1.6699999570846558,312.7799987792969,1.1100000143051147,4232.0,0.25,689000.0,4030000.0,9.829999923706055,8.550000190734863,12200000.0,231.10000610351562,88.3239974975586,633.0,1.1430000066757202,0.6858000159263611,-10.0,-3.7799999713897705,0.7799999713897705,295.5,4030000.0,12400000.0,0.9200000166893005,5.0,1,0,1,228,44,0,0,0,0,1,1,1,1,1,0,0,1,1,0,0,0,0,1,0,0,0,0,1,0,0,0,0,0,0,0,0,0,0,0,8,0,0,1,0,0.07906392961740494,7030183.5,1.0877995491027832,0.3390722870826721,1.0462608337402344,299.5611877441406,11.608089447021484,-0.026544030755758286,1,1,1,0,0,0,1,1,0,0,0,0,0,422,0.20000000298023224,0.20000000298023224,0.20000000298023224,0.0,2,0,0,0,0,0,0,0,0,0,0,0,0,0,0,0,0,0,0,0,0,0,0,0,0,0,0,0,0,0,0,0,0,0,0,0,0,0,0,0,0,0,0,0,0,0,0,0,0,0,0,1,0,0,0,0,0,0,0,0,0,0,0,0,0,0,0,0,0,0,0,0,0,0,0,0,0,0,0,0,0,0,0,0,0,0,0,0,0,0,0,0,0,0,0,0,0,0,0,0,0,0,0,0,0,0,0,0,0,0,0,0,0,0,0,0,0,0,0,0,0,0,0,0,0,0,0,0,0,0,0,0,0,0,0,0,0,0,0,0,0,0,0,1,0,0,0,0,0,0,0,0,0,0,0,-1,0,0,0,0,0,0,1,1,0,0,7.906393051147461,-4.433799743652344,0.0,-0.550945520401001,-1.6815581571897805e-44,291.70001220703125,299.5611877441406,354.0506896972656,-0.04113496467471123,99.26563262939453,2666.281494140625,1.0877995491027832,1.0462608337402344,-1.0,-7.861175537109375,6.827850029367255e-06,0.03240620344877243,100.0,27.0,0.0,7.799991607666016,3.9030239582061768,1.0,1.0,39.62761688232422,0.2652270495891571,20.0,4.208752579870634e-05,0.0,73.93220520019531,1.731928825378418,1.8179994821548462,0.00036938843550160527,0.6817498207092285,0.5432206392288208,27.561948776245117,8.919779777526855,18.078060150146484,18.03787612915039,0.6027984023094177,42.973663330078125,44.898040771484375,249.9411163330078,120.79645538330078,0.951323390007019,301.8007507324219,40.007659912109375,0.29459047317504883,293.7371826171875,293.80810546875,293.7259521484375,304.8506774902344,306.3904724121094,304.8547058105469,100.0,2.305802822113037,38.05978775024414,126.80105590820312,299.2939453125,300.09930419921875,299.29034423828125,340.30487060546875,40.36559295654297,30.23296356201172,126.80105590820312,0.0,0.324625164270401,0.3675309419631958,0.32507088780403137,79.8131103515625,79.9312515258789,79.72944641113281,71.73905944824219,71.74654388427734,71.7366943359375,31.7451171875,32.02046203613281,31.611913681030273,97.34923553466797,96.9869155883789,97.13648223876953,0.0,0.0,0.0,276.2331848144531,283.93792724609375,273.56341552734375,29.0,0.0,48.0,0.8892651200294495,0.6936484575271606,0.7965331077575684,0.7307986617088318,0.8881741166114807,0.6900154948234558,41.0,78.36749267578125,71.48644256591797,196.16912841796875,37.91352081298828,9.999999974752427e-07,89.06842803955078,0.0,152.27281188964844,0.0,721.2233276367188,40.04933166503906,24.928510665893555,0.0,9.47255802154541,77.82513427734375,1.0,0.9718579053878784,20.0,0.0,60.0,120.0,0.0,120.0,0.0,0.0,0.0,0.0,18.08924674987793,89.19779968261719,2.0,200.0,0,0,0,0,0,0,0,0,0,0,44,0,99999,99999,27,402,1800,180,1800,0,0,-7,7,23,0,0,0,806,1424,29,31,32,0,0,0,0,0,0,0,0,1,0,0,0,0,0,1,0,0,0,0,1,0,0,0,1,0,0,0,1,0,0,0,0,0,0,0,0,0,0,0,0,1,0,1,0,0,1,1,0,1,0,1,0,1,0,0,0,1,1,0,1,0,1,0,0,0,1,0,0,0,0,1,0,1,0,0,0,0,0,1,0,0,1,0,0,0,1,0,0,0,0,0,0,1,0,0,0,1,1,0,0,1,0,1,0,1,0,1,0,0,0,1,0,1,1,1,0,0,1,0,0,0,0,0,1,1,1,0,0,0,0,0,0,0,0,0,0,0,1,0,1,0,1,0,0,0,0,0,0,0,0,1,1,1,1,0,1,0,1,1,1,1,1,1,1,0,0,0,0,0,0,1,0,1,1,1,1,1,1,1,1,1,1,1,0,0,0,1,1,0,0,1,1,0,1,1,0,0,1,1,1,0,0,0,0,1,1,1,1,0,0,1,1,1,0,0,1,0,0,1,0,1,1,0,1,1,1,0,1,1,0,1,0,1,0,0,0,0,0,0,0,1,1,1,1,0,0,1,0,0,0,0,0,1,0,0,1,0,0,0,0,0,0,0,0,0,0,0,0,0,0,0,0,0,0,0,0,0,0,0,0,0,1,0,0,0,0,1,0,0,0,1,0,0,0,0,0,0,0,0,0,0,0,0,0,0,0,0,0,0,0,0,0,0,0,0,0,0,0,0,0,0,0,0,0,0,0,1,0,0,0,0,0,0,0,0,0,0,0,0,0,0,0,0,0,0,0,0,0,0,0,0,0,0,0,0,0,0,0,0,0,0,0,0,0,0,0,0,0,0,0,0,0,0,0,0,0,0,0,0,0,0,0,0,0,0,0,0,0,0,0,0,1,0,1,0,0,0,0,0,1,0,0,0,0,0,0,0,0,0,0,0,0,0,0,0,1,0,0,0,0,0,0,0,0,0,0,0,0,0,0,1,0,0,0,0,0,0,0,0,0,0,1,0,0,0,0,0,0,0,0,0,0,0,0,0,0,0,0,0,0,0,0,0,0,0,0,0,0,0,1,0,0,0,0,0,0,1,1,1,0,0,0,0,0,0,-1,0,0,0,0,0,0,0,0,-1,0,0,-1,0,0,0,0,0,0,0,0,0,0,0,0,0,0,0,0,0,0,1,0,0,0,0,0,0,0,0,0,0,0,0,0,0,0,0,1,1,0,-1,-1,-1,1,1,1,0,0,0,0,1,0,0,1,1,0,0,0,0,1,0,0,0,0,0,0,0,0,0,0,0,0,0,0,0,0,0,0,0,0,0,0,0,0,0,0,0,0,0,1,1,0,1,0,1,1,0,1,0,1,1,0,1,0,0,1,0,0,0,0,0,0,0,0,0,0,0,0,0,0,0,0,0,0,0,0,0,0,0,0,0,0
0,1,1,300,228,8,8,228,114,25,1,0,0.0020000000949949026,4000.0,1.0,0.04500000178813934,25.0,48.0,8.0,291.70001220703125,1.7000000476837158,-3.179999907843012e-07,0.007360000163316727,0.008080000057816505,8.0,0.33000001311302185,0.0333000011742115,1.0,9.999999747378752e-06,21.0,9.999999747378752e-06,2775000064.0,9.000000136438757e-05,4.999999980020986e-13,5.0,40.0,3.0,-3.3499999046325684,3.3499999046325684,0.5,0.0004799999878741801,292.3927001953125,492.6077880859375,-0.0036125299520790577,0.002354159951210022,0.0008944629807956517,0.013157900422811508,0.800646185874939,0.02024419978260994,2650129920.0,0.006539999973028898,0,0,0,0,0,0,0,0,0,0,0,0,0,0,0,0,0,0,0,0,0,0,0,0,0,0,0,0,0,0,0,0,0,0,0,0,0,0,0,0,0,0,0,0,0,0,0,0,0,0,0,0,0,1,4,4,0,0,0,0,0,0,0,0,2,0,0.0004018328618258238,292.82818603515625,332.2294921875,341.464599609375,351.15667724609375,360.52239990234375,375.140625,379.03814697265625,380.51190185546875,379.34478759765625,376.0356140136719,371.0196228027344,364.1862487792969,356.843017578125,349.61419677734375,343.1238708496094,337.22003173828125,332.5125732421875,328.8916015625,326.1859436035156,324.1287841796875,322.6147766113281,321.5074768066406,320.6385498046875,319.8398132324219,318.9428405761719,0.0178440622985363,0.05700051784515381,0.7717730402946472,-0.041034623980522156,0.7559865713119507,0.9162654280662537,6074.76513671875,2.078858642562409e-06,0.2598867416381836,0.04026331007480621,0.07303673028945923,0.07593382149934769,0.014757673256099224,1.0,-1.6815581571897805e-44,-4.469564437866211,0.0,99.2645492553711,2666.379150390625,0.9442205429077148,349.3594970703125,0.0,-72.0,-27.3831787109375,0.800000011920929,0.0,291.70001220703125,280654.84375,-0.5507428050041199,6.322964668273926,130.28829956054688,10.0,7750000.0,8160000.0,86.12000274658203,119.0999984741211,0.5,9.999999747378752e-05,0.0,3.299999952316284,200.0,0.30000001192092896,309.20001220703125,2.439019908706541e-06,0,0,0,1,1,1,0,24,0,298.8377990722656,0.0,0.0,0.0,0.0,0.0,0.0,0.894429624080658,0.8672454357147217,0.5206109285354614,0.18690934777259827,0.01164922397583723,0.010870997793972492,0.31309065222740173,0.3177495300769806,0.3144099712371826,1.0,25.0,24.0,6998799.5,6999856.5,6999029.5,293.68341064453125,293.7874755859375,293.6927490234375,303.4303283691406,305.0060119628906,303.4267883300781,4400000.0,298.556884765625,299.396728515625,298.55975341796875,9.746917724609375,11.218536376953125,9.734039306640625,300.7839660644531,4470.99072265625,4456.6796875,4480.68505859375,11.42673397064209,11.461721420288086,11.438637733459473,27.126068115234375,0.0,0.0,0.0020000000949949026,293.7212219238281,303.9543762207031,-168.1644744873047,1.0128053426742554,1.0288890600204468,1.0170724391937256,185.9470977783203,39.0,40.0,42.0,41.0,0.0,0.0,6982002.5,6957056.5,60.11669921875,5.0,0.014999999664723873,-180000.0,600.0,1000000.0,400000.0,0.17000000178813934,22000.0,786000.0,120000.0,0.0,40.0,30.0,36.810001373291016,0.5,18.399999618530273,50000.0,115692.3984375,15.113750457763672,0,0,1,0,0,0,0,12313323.0,0.0,0.0,0.0,0.0,0.0,-3049525.0,400000.0,1000000.0,1.0,1400000.0,0.0,0.39987051486968994,12350475.0,126869.6328125,12313323.0,340.30584716796875,40.007659912109375,3.9800844192504883,-3049525.0,0.0,0.0,0.0,2.994824171066284,40.007659912109375,0.0,22230.939453125,1.2010046243667603,0.0,0.0,0.0,20.0,14.711517333984375,22.0,0.0,0.0,0.0,0.05000000074505806,0.02500000037252903,0.17000000178813934,15400000.0,0.5,6.25,0.0006667000125162303,2.0,2410000.0,4140000.0,4.734799861907959,0.15000000596046448,0.20000000298023224,0.2199999988079071,1.0,0.0,-1.0,0.0,5.0,20.0,30.0,50.0,74.0,80.0,86.0,9.800000190734863,500000.0,1.0499999802959792e-07,0.5,750.0,1000.0,600.0,1000.0,1150.0,32.0,32.0,37.400001525878906,10.0,10.0,0.007000000216066837,0.5049999952316284,82.0,189.26499938964844,0.0,1.5099999904632568,231.60000610351562,20.0,36.0,16.600000381469727,16.5,225.0,-0.1756729930639267,27.5,-0.1756729930639267,30.485509872436523,0.1561516970396042,11.10221004486084,-1.8332500457763672,-75.0,4.3520002365112305,13.857000350952148,189.26499938964844,93.30000305175781,2650000.0,0.8500000238418579,7.570000171661377,1,1,1,0,0,0,0,0,0,0,0,1,3,3,0,0,1,0,0,0,0,1,0,1,1,0,0,0,1,1,1,0,0,0,0,0,0,0,0,1,0,0,0,0,0,1,1,0,0,1,12.049015045166016,29045.115234375,2153.699951171875,0.00041484207031317055,0.0004361289902590215,0.0006248649442568421,1.0,1.0,0.0,0.0,0.0,0.0,0.6071974039077759,1.0,0.0,0.0,0.05000000074505806,1.0,0.0,0.0,1.0,1.0,0.0,1.0,0.949999988079071,0.0,0.05000000074505806,0.949999988079071,0.0,0.6100241541862488,0.6211196184158325,0.00041484207031317055,0.0,0.0,0.0,99998.78125,99999.0,2690206.5,2410000.0,36.20000076293945,36.20000076293945,36.20000076293945,32.54032516479492,249.93557739257812,120.4049072265625,42.69651794433594,30.68299102783203,35.91883087158203,27.0,28.46736717224121,27.0,0.0,32.0,20.0,68.57752227783203,3446668.0,0.5432206392288208,7.559999942779541,4.409521579742432,8.919779777526855,0.0,0.0,0.0,1.401298464324817e-45,4.952731132507324,4.952731132507324,0.5049998760223389,0.5049998760223389,0.5049998760223389,0.18937495350837708,0.18937495350837708,0.18937495350837708,0.0,0.0,0.0,0.0,0.0,0.0,9.074999809265137,0.0,0.0,0.0,0.0,0.0,0.0,100.0,73.92872619628906,0.3706476092338562,0.0,20.0,0.22047607600688934,4.952731132507324,5.659526348114014,0.0,0.0,0.0,0.007000000216066837,0.0,0.0,10.299675941467285,0.0,1.7318943738937378,1.401298464324817e-45,5.356396198272705,0.0,0.0,0.0,0.0,0.0,0.0,20.0,0.0,0.0,12016355.0,0.0,0.0,0.0,0.0,0.0,0.0,0.0,0.351500004529953,18.93000030517578,23.030000686645508,7.69199959904654e-06,0.08500000089406967,0.009999999776482582,24.0,27.0,8.800000190734863,500000.0,0.05000000074505806,2.7000000013543968e-09,2.7000000013543968e-09,145100.0,120000.0,14650000.0,86400.0,17.0,34.5,48.70000076293945,321.8999938964844,83170.0,0.0,1.0,1.0,0.0010000000474974513,725.0,0.0,0.5,0.0,0.0,57.31999969482422,837142.875,9359.77734375,117376.1015625,2623.89794921875,83026.390625,725.0,1.0204100362898316e-05,740000000.0,1,0,1,0,1,1,0,0,1,0,0,8.799991607666016,27.0,4237.23388671875,0.0,0.0,0.0,0.0,1.7022061347961426,0.0004017182218376547,0.0,0.03259279951453209,39.63674545288086,1.0,25995.1015625,8042.21728515625,4.2329927964601666e-05,259137920.0,1252077952.0,1337466368.0,2367870976.0,-59.58461380004883,-848.3538818359375,-817988096.0,-1115792768.0,5.356396198272705,0.0,64.94100952148438,848.3538818359375,106381.3984375,4172.5126953125,146766.078125,166474.328125,123995.1015625,55.00013732910156,39.63674545288086,39.63674545288086,1.0,4.2329927964601666e-05,8042.21728515625,930727723008.0,0.20117048919200897,137600.0,137600.0,79236072.0,60.31061553955078,6606.3701171875,1.0,0.0,1700.0,250000.0,10000.0,1038.0,0.004999999888241291,400.0,5000.0,0,0,0,0,2959622.5,59.03096389770508,59.03096389770508,1216415.25,2790139.25,0.0,0.0,297574.28125,71.52877807617188,6973990.5,0.0,0.0,1.0,1.0,71.52877807617188,275.3855285644531,132.51553344726562,0.0,5957889.0,554190.375,132.51553344726562,1.0,1.0,1.0,0.0,603.2615356445312,0.0,601.8606567382812,1.0,0.0,7680000.0,276.48577880859375,288.3831787109375,279.10107421875,0.6399011611938477,2790139.25,259.72119140625,118.06192779541016,1.6399011611938477,0.0,285.36700439453125,1.0,0.0,-7.5742998123168945,0.0,0.0,9.999999974752427e-07,0.0,2.0,0.0003000000142492354,0.004999999888241291,0.0010000000474974513,2.0000000233721948e-07,2.0000000233721948e-07,0.0005555999814532697,993000000.0,1.0,0.05000000074505806,0.10000000149011612,0.0005000000237487257,0.0016700000269338489,0.009999999776482582,1.0,1.0,0.0010000000474974513,4.999999873689376e-05,0.00039999998989515007,0.019999999552965164,0.9891999959945679,0.9891999959945679,0.9950000047683716,0.9950000047683716,1,0,0,0,1,1,0,0,0,0,0,0,0,0,-0.0074569787830114365,-7404780.0,5000.14404296875,297574.28125,0.0,2546223.0,0.0,1.0,2569281.25,0.0,0.0,60.0,180.0,1800.0,1800.0,0.0,0.0,0.0,0.0,-0.012236599810421467,0.0,0.0,0.0,0.0,0.0,0.0,0.0,0.0,0.0,0.0,0.0,6.602997746085748e-05,0.0,7.006492321624085e-44,1,1,0,1,1,1,1,1,1,1,1,0,1,0,1,1,1,1,0,1,0,1000,0,0,1,5001,1,0.0,0.0,120.0,120.0,0.0,0.0,0.4000000059604645,0.10000000149011612,0.10000000149011612,2.0,500.0,200.0,0.9900000095367432,300000.0,5000.0,45000.0,20000.0,0.019999999552965164,2.0,0.05000000074505806,0.019999999552965164,6.0,0.05000000074505806,0.019999999552965164,0.019999999552965164,88.30000305175781,0.10000000149011612,0.800000011920929,0.05000000074505806,0.009999999776482582,50.0,50.0,340.0,340.0,1000000.0,1,0,0,0,1,1,1,1,1,1,0,0,0,1,1,0,1.0,0.0,0.0,0.0,4.509375139605254e-05,0.0,0.0,0.0,0.9178933501243591,0.9178933501243591,0.9178933501243591,5000.14111328125,3920735.75,3925736.0,50.0,27.61499786376953,0.4000000059604645,0.0,0.0,0.10000000149011612,0.18161433935165405,0.4925430119037628,22164.435546875,20.0,29.202341079711914,778199.4375,24.73893165588379,3369.38232421875,721.2234497070312,0.7781994342803955,0.9176523685455322,9.47253131866455,1.0,3220660.5,3304317.0,9.718579292297363,20.0,0.27611199021339417,27.61119842529297,0.0,636.4223022460938,329.7658386230469,100000.0,50000.0,1115.300048828125,50000.0,700.0,2000.0,2800000.0,3500000.0,4000000.0,9.999999747378752e-05,4.999999873689376e-05,500.0,20000.0,100.0,500.0,60000.0,1200.0,1.0,120.0,150000.0,3000.0,300.0,1.0,300.0,0.019999999552965164,0.019999999552965164,0.009999999776482582,0.009999999776482582,0.009999999776482582,0.019999999552965164,1.100000023841858,0.019999999552965164,4.0,0.019999999552965164,88.0,1613.0,0.009999999776482582,0.20000000298023224,3.0,5.0,600.0,0.0010000000474974513,88.0,88.0,2000.0,2340.0,-0.11599799990653992,-0.03561130166053772,-0.04758000001311302,-0.01752999983727932,1,0,1,0,0,1,1,502.1139831542969,502.1139831542969,2.01654052734375,2.01654052734375,0.0056550269946455956,24.73893165588379,164.1615753173828,651.2205810546875,1016.0587158203125,324.307861328125,324.307861328125,1.30242919921875,1.30242919921875,794.3098754882812,489.4524230957031,0.0,0.0,2663660.25,20.00048065185547,20.00048065185547,142.17140197753906,142.17140197753906,65518.75,65518.75,1.0919791460037231,1.0919791460037231,35.76438903808594,35.76438903808594,24.609434127807617,24.609434127807617,102968.34375,102968.34375,24.61150360107422,151.46376037597656,155.59225463867188,2651616.75,20.00048065185547,20.00048065185547,177.5996856689453,177.5996856689453,155.75558471679688,155.75558471679688,651697.0,651697.0,0.0,110.3749771118164,110.3749771118164,220.755615234375,159040.03125,159040.03125,1.0602668523788452,1.0602668523788452,194.68972778320312,155.75558471679688,0.0,0.0,0.0,180.80055236816406,180.80055236816406,361.6011047363281,0.0,0.0,0.0,0.0,0.0,180.80055236816406,180.80055236816406,0.026315800845623016,5.5744428634643555,0.20000000298023224,0.6899756193161011,0.7307643294334412,0.6936084032058716,0.7130699753761292,0.6392992734909058,0.7139521241188049,0.9599996209144592,1.0,1.0,1.0,0.9999998211860657,0.9999998211860657,0.9999998211860657,190830.796875,193242.0625,0.0,0.0,0.0,0.0,0.0,0.0,0.0,296.3810119628906,297.7510070800781,0.0,190823.28125,190823.28125,0.0,0.0,0.0,0.0,0.7305066585540771,0.7305066585540771,0.7305066585540771,0.44948065280914307,807334.375,0.9959999918937683,0.9959999918937683,0.9959999918937683,0.9959999918937683,0.0,2875867.25,7567061.5,2832513.75,2606300.0,3877997.0,0.003920735791325569,0.00785147212445736,1008.2610473632812,0.0,0.0,0.0,0.0,0.0,0.0,0.0,0.0,0.0,651.2262573242188,1008.2728271484375,343.41217041015625,343.41217041015625,343.41217041015625,2435.022216796875,2435.022216796875,2435.022216796875,2.994243860244751,0.0,0.8373271822929382,2.9943716526031494,5.0,0.0040000081062316895,0.0040000081062316895,0.0040000081062316895,0.0040000081062316895,0.0,-0.4368000030517578,0.0,598848.75,164.1615753173828,164.1615753173828,0.0,20.0,2783764.5,7.25,12.0,10.25,91.98209381103516,91.98209381103516,91.98209381103516,0.0,0.0,0.7926306128501892,0.9211652278900146,10000.0,10000.0,0.011826000176370144,1038.5,0.027953999117016792,0.0,0.0,1.0878000259399414,1.0809999704360962,9.000000136438757e-05,103.0,33.220001220703125,1.8179999589920044,0.029999999329447746,49.0,8.329999923706055,4.159999847412109,58.0,302.0,4.5,0.699999988079071,0.4000000059604645,7.5,1.3799999952316284,2.492000102996826,7000.0,48.88999938964844,1.2000000476837158,45.0,62000.0,4590000.0,4250000.0,15900000.0,15100000.0,0.05000000074505806,0.17000000178813934,0.009999999776482582,15220000.0,1.6699999570846558,312.7799987792969,1.1100000143051147,4232.0,0.25,689000.0,4030000.0,9.829999923706055,8.550000190734863,12200000.0,231.10000610351562,88.3239974975586,633.0,1.1430000066757202,0.6858000159263611,-10.0,-3.7799999713897705,0.7799999713897705,295.5,4030000.0,12400000.0,0.9200000166893005,5.0,1,0,1,228,39,0,0,0,0,1,1,1,1,1,0,0,1,1,0,0,0,0,1,0,0,0,0,1,0,0,0,0,0,0,0,0,1,0,1,8,0,0,1,0,0.07303673028945923,6998799.5,1.0877995491027832,0.31118008494377136,1.0514382123947144,299.0741271972656,10.653203964233398,-0.022389356046915054,1,1,1,0,0,0,1,1,0,0,0,0,0,424,0.20000000298023224,0.20000000298023224,0.20000000298023224,0.0,2,0,0,0,0,0,0,0,0,0,0,0,0,0,0,0,0,0,0,0,0,0,0,0,0,0,0,0,0,0,0,0,0,0,0,0,0,0,0,0,0,0,0,0,0,0,0,0,0,0,0,1,0,0,0,0,0,0,0,0,0,0,0,0,0,0,0,0,0,0,0,0,0,0,0,0,0,0,0,0,0,0,0,0,0,0,0,0,0,0,0,0,0,0,0,0,0,0,0,0,0,0,0,0,0,0,0,0,0,0,0,0,0,0,0,0,0,0,0,0,0,0,0,0,0,0,0,0,0,0,0,0,0,0,0,0,0,0,0,0,0,0,0,1,0,0,0,0,0,0,0,0,0,0,0,-1,0,0,0,0,0,0,1,1,0,0,7.303672790527344,-4.469564437866211,0.0,-0.5507428050041199,-1.6815581571897805e-44,291.70001220703125,299.0741271972656,349.3594970703125,-0.041034623980522156,99.2645492553711,2666.379150390625,1.0877995491027832,1.0514382123947144,-1.0,-7.374114990234375,6.827850029367255e-06,0.03259279951453209,100.0,27.0,0.0,7.799991607666016,3.9053757190704346,1.0,1.0,39.63674545288086,0.2652566134929657,20.0,4.2329927964601666e-05,0.0,73.92872619628906,1.7318943738937378,1.8179994821548462,0.00036938843550160527,0.6817498207092285,0.5432206392288208,27.45113754272461,8.919779777526855,17.829832077026367,15.874277114868164,0.0,42.69651794433594,44.898040771484375,249.93557739257812,120.4049072265625,0.9509896636009216,301.0970153808594,40.007659912109375,0.29459047317504883,293.7220458984375,293.80841064453125,293.7119140625,303.8766784667969,305.4452819824219,303.8803405761719,100.0,2.922290563583374,37.064762115478516,126.0254898071289,298.79937744140625,299.6268310546875,298.796142578125,340.30560302734375,39.98705291748047,30.042118072509766,126.0254898071289,0.0,0.2966168224811554,0.339913010597229,0.29701972007751465,79.63214111328125,79.7784423828125,79.549072265625,71.4188003540039,71.42723846435547,71.41645050048828,31.440998077392578,31.774953842163086,31.309064865112305,97.38633728027344,96.9198989868164,97.17491149902344,0.0,0.0,0.0,278.223388671875,286.99871826171875,275.5877685546875,29.0,0.0,48.0,0.7139521241188049,0.5548867583274841,0.6392992734909058,0.5846114754676819,0.7130699753761292,0.5519804954528809,41.0,78.36749267578125,71.16329956054688,194.68972778320312,37.751033782958984,9.999999974752427e-07,28.903255462646484,0.0,151.46376037597656,0.0,721.2234497070312,40.0586051940918,24.73893165588379,0.0,9.47253131866455,77.8199462890625,1.0,0.9718579053878784,20.0,0.0,60.0,120.0,0.0,120.0,0.0,0.0,0.0,0.0,18.08924674987793,89.19779968261719,2.0,200.0,0,0,0,0,0,0,0,0,0,0,39,0,99999,99999,27,402,1800,180,1800,0,0,-7,7,23,0,0,0,806,1424,29,31,32,0,1,0,1,0,1,0,0,1,0,0,0,0,0,1,0,0,0,0,1,0,0,0,1,0,0,0,1,0,0,0,0,0,0,0,0,0,0,0,0,1,0,1,0,0,1,1,1,0,1,1,0,1,0,1,0,1,1,0,1,1,1,0,0,1,1,1,0,0,1,1,0,1,0,0,0,0,1,1,1,0,1,0,0,0,1,0,0,0,0,0,0,1,0,0,0,1,1,0,0,1,1,1,0,1,0,1,0,0,0,1,0,1,1,1,0,0,1,0,0,0,0,0,1,1,1,0,0,0,0,0,0,0,1,0,1,0,1,0,1,0,1,0,0,0,0,0,0,0,0,1,1,1,1,0,1,0,1,1,1,1,1,1,1,0,0,0,0,0,0,1,0,1,1,1,1,1,1,1,1,1,1,1,1,0,0,1,1,0,0,1,1,0,1,1,0,0,1,1,1,0,0,0,0,1,1,1,1,0,0,1,1,1,0,0,1,0,0,1,0,1,1,0,1,1,1,1,1,1,1,1,0,1,0,0,0,0,0,0,0,0,0,0,1,0,0,1,0,0,0,0,0,0,1,1,0,0,0,0,0,0,0,0,0,0,0,0,0,1,0,0,0,0,0,0,0,0,0,0,0,0,0,0,0,0,0,0,0,0,0,0,0,0,0,0,0,0,0,0,0,1,0,0,0,0,0,0,1,0,0,0,1,1,0,0,0,0,0,0,1,0,0,0,0,0,0,0,0,1,0,0,1,0,0,0,0,1,0,0,0,0,0,0,0,0,0,0,0,0,0,0,0,0,0,0,0,0,0,0,0,0,0,0,0,0,0,0,0,0,0,0,0,0,0,0,0,0,0,0,0,0,0,0,0,0,0,0,0,0,0,0,1,0,1,0,0,0,0,0,1,0,0,0,0,0,0,0,0,0,0,0,0,0,0,0,1,0,0,0,0,0,0,0,0,0,0,0,0,0,0,1,0,0,0,0,0,0,0,0,0,0,1,0,0,0,0,0,0,0,0,0,0,0,0,0,0,0,0,0,0,0,0,0,0,0,0,0,0,0,1,0,0,0,0,0,0,1,1,1,0,0,0,0,0,0,-1,0,0,0,0,0,0,0,0,-1,0,0,-1,0,0,0,0,0,0,0,0,0,0,0,0,0,0,0,0,0,0,1,0,0,0,0,0,0,0,0,0,0,0,0,0,0,0,0,1,1,0,-1,-1,-1,1,1,1,0,0,0,0,1,0,0,1,1,0,0,0,0,1,0,0,0,0,0,0,0,0,0,0,0,0,0,0,0,0,0,0,0,0,0,0,0,0,0,0,0,0,0,1,1,0,1,0,1,1,0,1,0,1,1,0,1,0,0,1,0,0,0,0,0,0,0,0,0,0,0,0,0,0,0,0,0,0,0,0,0,0,0,0,0,0
0,1,1,300,228,8,8,228,114,25,1,0,0.0020000000949949026,4000.0,1.0,0.04500000178813934,25.0,48.0,8.0,291.70001220703125,1.7000000476837158,-3.179999907843012e-07,0.007360000163316727,0.008080000057816505,8.0,0.33000001311302185,0.0333000011742115,1.0,9.999999747378752e-06,21.0,9.999999747378752e-06,2775000064.0,9.000000136438757e-05,4.999999980020986e-13,5.0,40.0,3.0,-3.3499999046325684,3.3499999046325684,0.5,0.0004799999878741801,292.3927001953125,492.6077880859375,-0.0036125299520790577,0.002354159951210022,0.0008944629807956517,0.013157900422811508,0.800646185874939,0.02024419978260994,2650129920.0,0.006539999973028898,0,0,0,0,0,0,0,0,0,0,0,0,0,0,0,0,0,0,0,0,0,0,0,0,0,0,0,0,0,0,0,0,0,0,0,0,0,0,0,0,0,0,0,0,0,0,0,0,0,0,0,0,0,1,4,4,0,0,0,0,0,0,0,0,2,0,0.00040183361852541566,293.10614013671875,328.1853332519531,336.14215087890625,344.4846496582031,352.5516662597656,365.21441650390625,368.678955078125,370.1298522949219,369.3311767578125,366.68756103515625,362.552490234375,356.8507080078125,350.6597900390625,344.5158386230469,338.9549560546875,333.87042236328125,329.77130126953125,326.5687561035156,324.1232604980469,322.2162170410156,320.7606201171875,319.64306640625,318.7236328125,317.8624572753906,316.91973876953125,0.01826770417392254,0.05491490662097931,0.7717603445053101,-0.04092198237776756,0.7560171484947205,0.9110095500946045,5742.27978515625,1.9523554328770842e-06,0.2552140951156616,0.03819083794951439,0.06553254276514053,0.06785504519939423,0.015625813975930214,1.0,-1.6815581571897805e-44,-4.518417835235596,0.0,99.26287841796875,2666.526123046875,0.9442587494850159,343.4923400878906,0.0,-72.0,-37.84137725830078,0.4000000059604645,0.0,291.70001220703125,280655.40625,-0.5504928827285767,6.319588661193848,130.28829956054688,10.0,7750000.0,8160000.0,86.12000274658203,119.0999984741211,0.5,9.999999747378752e-05,0.0,3.299999952316284,200.0,0.30000001192092896,309.20001220703125,2.439019908706541e-06,0,0,0,1,1,1,0,24,0,298.1598815917969,0.0,0.0,0.0,0.0,0.0,0.0,0.9031797051429749,0.8672307133674622,0.5209144949913025,0.19113260507583618,0.013527872040867805,0.012697704136371613,0.3088673949241638,0.31441929936408997,0.3101828694343567,1.0,25.0,24.0,6946629.5,6947833.5,6946876.0,293.517333984375,293.6453857421875,293.52471923828125,302.2257385253906,303.8236389160156,302.2224426269531,4400000.0,297.87152099609375,298.7344970703125,297.87359619140625,8.708404541015625,10.178253173828125,8.697723388671875,299.9820861816406,4475.22998046875,4452.81591796875,4484.8115234375,11.391083717346191,11.432365417480469,11.403069496154785,26.9822998046875,0.0,0.0,0.0020000000949949026,293.5624694824219,302.7572937011719,-163.92617797851562,0.9995313882827759,1.0185468196868896,1.0038141012191772,196.18368530273438,39.0,40.0,42.0,41.0,0.0,0.0,6928115.0,6902789.0,59.53101348876953,5.0,0.014999999664723873,-180000.0,600.0,1000000.0,400000.0,0.17000000178813934,22000.0,786000.0,120000.0,0.0,40.0,30.0,36.810001373291016,0.5,18.399999618530273,50000.0,115692.3984375,15.113750457763672,0,0,1,0,0,0,0,12204807.0,0.0,0.0,0.0,0.0,0.0,-3159484.0,400000.0,1000000.0,1.0,1400000.0,0.0,0.39434006810188293,12240516.0,126869.6328125,12204807.0,340.306884765625,40.007659912109375,3.925304651260376,-3159484.0,0.0,0.0,0.0,2.9672062397003174,40.007659912109375,0.0,22230.939453125,1.2010046243667603,0.0,0.0,0.0,20.0,14.711517333984375,22.0,0.0,0.0,0.0,0.05000000074505806,0.02500000037252903,0.17000000178813934,15400000.0,0.5,6.25,0.0006667000125162303,2.0,2410000.0,4140000.0,4.734799861907959,0.15000000596046448,0.20000000298023224,0.2199999988079071,1.0,0.0,-1.0,0.0,5.0,20.0,30.0,50.0,74.0,80.0,86.0,9.800000190734863,500000.0,1.0499999802959792e-07,0.5,750.0,1000.0,600.0,1000.0,1150.0,32.0,32.0,37.400001525878906,10.0,10.0,0.007000000216066837,0.5049999952316284,82.0,189.26499938964844,0.0,1.5099999904632568,231.60000610351562,20.0,36.0,16.600000381469727,16.5,225.0,-0.1756729930639267,27.5,-0.1756729930639267,30.485509872436523,0.1561516970396042,11.10221004486084,-1.8332500457763672,-75.0,4.3520002365112305,9.800000190734863,189.26499938964844,93.30000305175781,2650000.0,0.8500000238418579,7.570000171661377,0,1,0,0,0,0,0,0,0,0,0,1,3,3,0,0,1,0,0,0,0,1,0,1,1,0,0,0,1,1,1,0,0,0,0,0,0,0,0,1,0,0,0,1,0,1,1,0,0,1,12.049026489257812,29045.23046875,2153.699951171875,0.0004148407024331391,0.0004361289902590215,0.0006248649442568421,0.8499999642372131,0.8499999642372131,0.0,0.0,0.0,0.0,0.6063564419746399,1.0,0.0,0.0,0.20000000298023224,1.0,0.0,0.0,1.0,1.0,0.0,1.0,0.7999999523162842,0.0,0.20000000298023224,0.7999999523162842,0.0,0.5990338921546936,0.6198345422744751,0.0004148407024331391,0.0,0.0,0.0,99998.78125,99999.0,2641739.5,2410000.0,36.20000076293945,36.20000076293945,36.20000076293945,32.541648864746094,258.37982177734375,123.41487884521484,41.437347412109375,26.60677719116211,35.82781982421875,27.0,27.840513229370117,27.0,0.0,32.0,20.0,68.57752227783203,3446668.0,0.543221652507782,3.7799999713897705,2.9579379558563232,8.919778823852539,0.0,0.0,0.0,1.401298464324817e-45,4.571355819702148,4.571355819702148,0.5049998760223389,0.5049998760223389,0.5049998760223389,0.18937495350837708,0.18937495350837708,0.18937495350837708,0.0,0.0,0.0,0.0,0.0,0.0,5.294999599456787,0.0,0.0,0.0,0.0,0.0,0.0,100.0,73.92655181884766,0.356479674577713,0.0,20.0,0.5915876030921936,4.571355819702148,3.856604814529419,0.0,0.0,0.0,0.007000000216066837,0.0,0.0,8.686805725097656,0.0,1.731872797012329,1.401298464324817e-45,3.904812812805176,0.0,0.0,0.0,0.0,0.0,0.0,20.0,0.0,0.0,11907734.0,0.0,0.0,0.0,0.0,0.0,0.0,0.0,0.351500004529953,18.93000030517578,23.030000686645508,7.69199959904654e-06,0.08500000089406967,0.009999999776482582,24.0,27.0,8.800000190734863,500000.0,0.05000000074505806,2.7000000013543968e-09,2.7000000013543968e-09,145100.0,120000.0,14650000.0,86400.0,17.0,34.5,48.70000076293945,321.8999938964844,83170.0,0.0,1.0,1.0,0.0010000000474974513,725.0,0.0,0.5,0.0,0.0,57.31999969482422,837142.875,9359.77734375,117376.1015625,2623.89794921875,83026.390625,725.0,1.0204100362898316e-05,740000000.0,1,0,1,0,1,1,0,0,1,0,0,8.799991607666016,27.0,4273.29736328125,0.0,0.0,0.0,0.0,1.7166975736618042,0.000401719385990873,0.0,0.032870203256607056,39.65235137939453,1.0,26000.09375,8106.74609375,4.269029159331694e-05,250813872.0,1189884928.0,1271514752.0,2394479872.0,-60.083248138427734,-830.358154296875,-811047872.0,-1204594688.0,3.904812812805176,28.474903106689453,63.988059997558594,858.8330078125,106381.3984375,4175.7939453125,146798.859375,166539.875,124000.09375,55.60013961791992,39.65235137939453,39.65235137939453,1.0,4.269029159331694e-05,8106.74609375,926744838144.0,0.2012179046869278,137600.0,137600.0,78414664.0,59.717655181884766,6611.2705078125,1.0,0.0,1700.0,250000.0,10000.0,1038.0,0.004999999888241291,400.0,5000.0,0,0,0,0,2959622.5,58.677486419677734,58.677486419677734,1216415.25,2787090.5,0.0,0.0,274570.5625,59.4106559753418,6921425.0,0.0,0.0,1.0,1.0,59.4106559753418,275.3855285644531,129.77210998535156,0.0,5957889.0,542225.6875,129.77210998535156,1.0,1.0,1.0,0.0,598.8795776367188,0.0,597.3209228515625,1.0,0.0,7680000.0,278.6090087890625,291.90936279296875,281.2931213378906,0.6814075708389282,2787090.5,274.2032470703125,117.35497283935547,1.6814075708389282,0.0,284.83636474609375,1.0,0.0,-7.5742998123168945,0.0,0.0,9.999999974752427e-07,0.0,2.0,0.0003000000142492354,0.004999999888241291,0.0010000000474974513,2.0000000233721948e-07,2.0000000233721948e-07,0.0005555999814532697,993000000.0,1.0,0.05000000074505806,0.10000000149011612,0.0005000000237487257,0.0016700000269338489,0.009999999776482582,1.0,1.0,0.0010000000474974513,4.999999873689376e-05,0.00039999998989515007,0.019999999552965164,0.9891999959945679,0.9891999959945679,0.9950000047683716,0.9950000047683716,1,0,0,0,1,1,0,0,0,0,0,0,0,0,-0.007456978317350149,-7404779.5,5000.13525390625,274570.5625,0.0,2546223.0,0.0,1.0,2569281.25,0.0,0.0,60.0,180.0,1800.0,1800.0,0.0,0.0,0.0,0.0,-0.012236599810421467,0.0,0.0,0.0,0.0,4.656612873077393e-10,0.0,0.0,0.0,0.0,0.0,0.0,6.602997746085748e-05,0.0,7.006492321624085e-44,1,1,0,1,1,1,1,1,1,1,1,0,1,0,1,1,1,1,0,1,0,1000,0,0,1,5001,4,0.0,0.0,120.0,120.0,0.0,0.0,0.4000000059604645,0.10000000149011612,0.10000000149011612,2.0,500.0,200.0,0.9900000095367432,300000.0,5000.0,45000.0,20000.0,0.019999999552965164,2.0,0.05000000074505806,0.019999999552965164,6.0,0.05000000074505806,0.019999999552965164,0.019999999552965164,88.30000305175781,0.10000000149011612,0.800000011920929,0.05000000074505806,0.009999999776482582,50.0,50.0,340.0,340.0,1000000.0,1,0,0,0,1,1,1,1,1,1,0,0,0,1,1,0,1.0,0.0,0.0,0.0,27.727266311645508,0.0,0.0,0.0,0.9178776144981384,0.9178776144981384,0.9178776144981384,5000.13232421875,3922245.5,3927245.75,50.0,27.614957809448242,0.4000000059604645,0.0,0.0,0.10000000149011612,0.18024544417858124,0.4925430119037628,22164.435546875,20.0,29.202341079711914,778117.0625,24.46965980529785,3324.78173828125,721.2234497070312,0.7781170606613159,0.9176205396652222,9.472491264343262,1.0,3220647.0,3304305.0,9.718544006347656,20.0,0.2761574685573578,27.615747451782227,0.0,636.4223022460938,337.9374694824219,100000.0,50000.0,1115.300048828125,50000.0,700.0,2000.0,2800000.0,3500000.0,4000000.0,9.999999747378752e-05,4.999999873689376e-05,500.0,20000.0,100.0,500.0,60000.0,1200.0,1.0,120.0,150000.0,3000.0,300.0,1.0,300.0,0.019999999552965164,0.019999999552965164,0.009999999776482582,0.009999999776482582,0.009999999776482582,0.019999999552965164,1.100000023841858,0.019999999552965164,4.0,0.019999999552965164,88.0,1613.0,0.009999999776482582,0.20000000298023224,3.0,5.0,600.0,0.0010000000474974513,88.0,88.0,2000.0,2340.0,-0.11599799990653992,-0.03561130166053772,-0.04758000001311302,-0.01752999983727932,1,0,1,0,0,1,1,499.1263427734375,499.1263427734375,2.0045166015625,2.0045166015625,0.0053334045223891735,24.46965980529785,164.15834045410156,614.091796875,1013.4439086914062,305.8177185058594,305.8177185058594,1.228179931640625,1.228179931640625,748.4969482421875,479.85186767578125,0.0,0.0,2663660.25,20.00048065185547,20.00048065185547,138.39517211914062,138.39517211914062,65472.90234375,65472.90234375,1.0912150144577026,1.0912150144577026,29.7053279876709,29.7053279876709,24.551939010620117,24.551939010620117,102727.78125,102727.78125,24.555086135864258,150.0100860595703,154.55679321289062,2648690.5,20.00048065185547,20.00048065185547,176.30148315429688,176.30148315429688,155.4611358642578,155.4611358642578,650465.0,650465.0,0.0,109.45801544189453,109.45801544189453,218.92137145996094,158967.125,158967.125,1.0597808361053467,1.0597808361053467,192.5574493408203,155.4611358642578,0.0,0.0,0.0,179.34251403808594,179.34251403808594,358.6850280761719,0.0,0.0,0.0,0.0,0.0,179.34251403808594,179.34251403808594,0.026315800845623016,0.0,0.20000000298023224,0.35326752066612244,0.374151349067688,0.3551274836063385,0.36509183049201965,0.32732123136520386,0.3655434846878052,0.9599996209144592,1.0,1.0,1.0,0.9999998211860657,0.9999998211860657,0.9999998211860657,190830.421875,193241.734375,0.0,14.750001907348633,0.0,14.750001907348633,7.25,12.0,10.25,296.3810119628906,297.7510070800781,29.5,190823.703125,938083.1875,12224996.0,0.0,0.0,0.0,0.6463054418563843,0.6463054418563843,0.6463054418563843,0.4323359727859497,775211.875,0.9959999918937683,0.9959999918937683,0.9959999918937683,0.9959999918937683,3970500.5,2938194.75,7484127.0,2671702.5,2606300.0,3861331.25,0.003922245465219021,0.007854491472244263,1002.26171875,7.25,12.0,10.25,0.0,0.0,0.0,0.0,0.0,0.0,614.0971069335938,1002.2734985351562,342.90850830078125,342.90850830078125,342.90850830078125,208.67587280273438,208.67587280273438,208.67587280273438,2.9938724040985107,0.0,0.8337982296943665,2.9939937591552734,5.0,0.0040000081062316895,0.0040000081062316895,0.0040000081062316895,0.0040000081062316895,0.0,-0.4368000030517578,0.0,598774.5,164.15834045410156,164.15834045410156,0.0,20.0,2781728.25,7.25,12.0,10.25,20.0,20.0,20.0,0.0,0.0,0.7926306128501892,0.9211652278900146,10000.0,10000.0,0.011826000176370144,1038.5,0.027953999117016792,0.0,0.0,1.0878000259399414,1.0809999704360962,9.000000136438757e-05,103.0,33.220001220703125,1.8179999589920044,0.029999999329447746,49.0,8.329999923706055,4.159999847412109,58.0,302.0,4.5,0.699999988079071,0.4000000059604645,7.5,1.3799999952316284,2.492000102996826,7000.0,48.88999938964844,1.2000000476837158,45.0,62000.0,4590000.0,4250000.0,15900000.0,15100000.0,0.05000000074505806,0.17000000178813934,0.009999999776482582,15220000.0,1.6699999570846558,312.7799987792969,1.1100000143051147,4232.0,0.25,689000.0,4030000.0,9.829999923706055,8.550000190734863,12200000.0,231.10000610351562,88.3239974975586,633.0,1.1430000066757202,0.6858000159263611,-10.0,-3.7799999713897705,0.7799999713897705,295.5,4030000.0,12400000.0,0.9200000166893005,5.0,1,0,1,228,32,0,0,0,0,1,1,1,1,1,0,0,1,1,0,0,0,0,1,0,0,0,0,1,0,0,0,0,0,0,0,0,1,0,1,8,0,0,1,0,0.06553254276514053,6946629.5,1.0877995491027832,0.2776348292827606,1.0586477518081665,298.380615234375,9.50478744506836,-0.01750139705836773,1,1,1,0,0,0,1,1,0,0,0,0,0,427,0.20000000298023224,0.20000000298023224,0.20000000298023224,0.0,2,0,0,0,0,0,0,0,0,0,0,0,0,0,0,0,0,0,0,0,0,0,0,0,0,0,0,0,0,0,0,0,0,0,0,0,0,0,0,0,0,0,0,0,0,0,0,0,0,0,0,1,0,0,0,0,0,0,0,0,0,0,0,0,0,0,0,0,0,0,0,0,0,0,0,0,0,0,0,0,0,0,0,0,0,0,0,0,0,0,0,0,0,0,0,0,0,0,0,0,0,0,0,0,0,0,0,0,0,0,0,0,0,0,0,0,0,0,0,0,0,0,0,0,0,0,0,0,0,0,0,0,0,0,0,0,0,0,0,0,0,0,0,1,0,0,0,0,0,0,0,0,0,0,0,-1,0,0,0,0,0,0,1,1,0,0,6.553254127502441,-4.518417835235596,0.0,-0.5504928827285767,-1.6815581571897805e-44,291.70001220703125,298.380615234375,343.4923400878906,-0.04092198237776756,99.26287841796875,2666.526123046875,1.0877995491027832,1.0586477518081665,-1.0,-6.68060302734375,6.827850029367255e-06,0.032870203256607056,100.0,27.0,0.0,7.799991607666016,3.908846616744995,1.0,1.0,39.65235137939453,0.26530757546424866,20.0,4.269029159331694e-05,0.0,73.92655181884766,1.731872797012329,1.8179994821548462,0.00036938843550160527,0.6817498207092285,0.543221652507782,26.956575393676758,8.919778823852539,16.456880569458008,10.648576736450195,0.0,41.437347412109375,44.898040771484375,258.37982177734375,123.41487884521484,0.9504848718643188,300.22802734375,40.007659912109375,0.29459047317504883,293.59368896484375,293.70538330078125,293.58544921875,302.6002197265625,304.1954345703125,302.603515625,100.0,3.786039352416992,35.64796829223633,124.90345001220703,298.0969543457031,298.9504089355469,298.094482421875,340.306640625,39.43400573730469,29.763296127319336,124.90345001220703,0.0,0.26308074593544006,0.306414395570755,0.26341772079467773,79.37751007080078,79.56700897216797,79.29435729980469,70.8866195678711,70.89639282226562,70.88410186767578,31.018287658691406,31.441930770874023,30.88673973083496,97.46697998046875,96.83018493652344,97.25790405273438,36.89999771118164,43.19999694824219,26.099998474121094,280.6729431152344,290.8797607421875,277.9712219238281,29.0,0.0,48.0,0.3655434846878052,0.2841019928455353,0.32732123136520386,0.29932108521461487,0.36509183049201965,0.2826140224933624,41.0,78.36749267578125,70.62691497802734,192.5574493408203,37.4768180847168,9.999999974752427e-07,27.262319564819336,0.0,150.0100860595703,0.0,721.2234497070312,40.07400894165039,24.46965980529785,0.0,9.472491264343262,77.81170654296875,1.0,0.9718543887138367,20.0,0.0,60.0,120.0,0.0,120.0,0.0,0.0,0.0,0.0,18.08928108215332,89.19778442382812,2.0,200.0,0,0,0,0,0,0,0,0,0,0,32,0,99999,99999,27,402,1800,180,1800,0,0,-7,6,23,0,0,0,806,1424,29,31,32,0,1,0,1,0,1,0,0,1,0,0,0,0,0,1,0,0,0,0,1,0,0,0,1,0,0,0,1,0,0,0,0,0,0,0,0,0,0,0,0,1,0,1,0,0,1,1,0,0,1,1,0,1,0,0,0,1,1,0,1,0,1,0,0,0,1,0,0,0,0,1,0,1,0,0,0,0,0,1,0,0,1,0,0,0,1,0,0,0,0,0,0,1,0,0,1,1,1,0,0,1,0,1,1,1,0,1,0,0,0,1,0,1,1,1,0,0,1,0,0,0,0,0,1,1,1,0,0,0,0,0,0,0,1,0,1,0,1,0,1,0,1,0,0,0,0,0,0,0,0,1,1,1,1,0,1,0,1,1,1,1,1,1,1,0,0,0,0,0,0,1,0,1,1,1,1,1,1,1,1,1,1,1,0,0,0,1,1,0,0,1,1,0,1,1,0,0,1,1,1,0,0,0,0,1,1,1,1,0,0,1,1,1,0,0,1,0,0,1,0,1,1,0,1,1,1,1,1,1,1,1,0,1,0,0,0,0,0,0,0,0,0,0,1,0,0,1,0,0,0,0,0,0,0,0,0,0,0,0,0,0,0,0,0,0,0,0,0,0,0,0,0,0,0,0,0,0,0,0,0,0,0,0,0,0,0,0,0,0,0,0,0,0,0,0,0,0,0,0,0,0,0,0,0,0,0,0,0,0,0,0,0,0,0,0,0,0,0,0,0,0,0,0,0,0,0,0,0,0,0,0,0,0,0,0,0,0,0,0,0,0,0,0,0,0,0,0,0,0,0,0,0,0,0,0,0,0,0,0,0,0,0,0,0,0,0,0,0,0,0,0,0,0,0,0,0,0,0,0,0,0,0,0,0,0,0,0,0,0,0,0,1,0,1,0,0,0,0,0,1,0,0,0,0,0,0,0,0,0,0,0,0,0,0,0,1,0,0,0,0,0,0,0,0,0,0,0,0,0,0,1,0,0,0,0,0,0,0,0,0,0,1,0,0,0,0,0,0,0,0,0,0,0,0,0,0,0,0,0,0,0,0,0,0,0,0,0,0,0,1,0,0,0,0,0,0,1,1,1,0,0,0,0,0,0,-1,0,0,0,0,0,0,0,0,-1,0,0,-1,0,0,0,0,0,0,0,0,0,0,0,0,0,0,0,0,0,0,1,0,0,0,0,0,0,0,0,0,0,0,0,0,0,0,0,1,1,0,-1,-1,-1,1,1,1,0,0,0,0,1,0,0,1,1,0,0,0,0,1,0,0,0,0,0,0,0,0,0,0,0,0,0,0,0,0,0,0,0,0,0,0,0,0,0,0,0,0,0,1,1,0,1,0,1,1,0,1,0,1,1,0,1,0,0,1,0,0,0,0,0,0,0,0,0,0,0,0,0,0,0,0,0,0,0,0,0,0,0,0,0,0
0,1,1,300,228,8,8,228,114,25,1,0,0.0020000000949949026,4000.0,1.0,0.04500000178813934,25.0,48.0,8.0,291.70001220703125,1.7000000476837158,-3.179999907843012e-07,0.007360000163316727,0.008080000057816505,8.0,0.33000001311302185,0.0333000011742115,1.0,9.999999747378752e-06,21.0,9.999999747378752e-06,2775000064.0,9.000000136438757e-05,4.999999980020986e-13,5.0,40.0,3.0,-3.3499999046325684,3.3499999046325684,0.5,0.0004799999878741801,292.3927001953125,492.6077880859375,-0.0036125299520790577,0.002354159951210022,0.0008944629807956517,0.013157900422811508,0.800646185874939,0.02024419978260994,2650129920.0,0.006539999973028898,0,0,0,0,0,0,0,0,0,0,0,0,0,0,0,0,0,0,0,0,0,0,0,0,0,0,0,0,0,0,0,0,0,0,0,0,0,0,0,0,0,0,0,0,0,0,0,0,0,0,0,0,0,1,4,4,0,0,0,0,0,0,0,0,2,0,0.00040183361852541566,293.2784118652344,324.9949951171875,331.925537109375,339.1851806640625,346.2097473144531,357.29705810546875,360.4055480957031,361.82415771484375,361.3050842285156,359.1787109375,355.7348327636719,350.92559814453125,345.64666748046875,340.3635559082031,335.5417175292969,331.111083984375,327.4986572265625,324.63140869140625,322.39434814453125,320.60662841796875,319.19586181640625,318.06719970703125,317.10394287109375,316.1893310546875,315.2065734863281,0.01872123032808304,0.05293671786785126,0.7717475295066833,-0.040840715169906616,0.756047785282135,0.9057953953742981,5439.37060546875,1.840629693106166e-06,0.25058650970458984,0.03622996807098389,0.0594492144882679,0.061343394219875336,0.016360362991690636,1.0,-1.6815581571897805e-44,-4.56223201751709,0.0,99.26123046875,2666.673583984375,0.9442970156669617,338.76544189453125,0.0,-72.0,-44.924720764160156,0.0,0.0,291.70001220703125,280655.96875,-0.5502966046333313,6.316127777099609,130.28829956054688,10.0,7750000.0,8160000.0,86.12000274658203,119.0999984741211,0.5,9.999999747378752e-05,0.0,3.299999952316284,200.0,0.30000001192092896,309.20001220703125,2.439019908706541e-06,0,0,0,1,1,1,0,24,0,297.5284118652344,0.0,0.0,0.0,0.0,0.0,0.0,0.9111275672912598,0.867215633392334,0.5212243795394897,0.194951593875885,0.01544559933245182,0.014554616995155811,0.305048406124115,0.3114813268184662,0.30637046694755554,1.0,25.0,24.0,6889727.5,6891009.5,6889964.5,293.2425537109375,293.3955078125,293.24835205078125,301.22601318359375,302.83489990234375,301.22314453125,4400000.0,297.2342834472656,298.1152038574219,297.2357482910156,7.98345947265625,9.43939208984375,7.97479248046875,299.35333251953125,4480.47265625,4449.73388671875,4489.89111328125,11.358256340026855,11.405529975891113,11.370347023010254,26.73773193359375,0.0,0.0,0.0020000000949949026,293.29547119140625,301.7613525390625,-160.2967987060547,0.9875853061676025,1.0094038248062134,0.9918895959854126,204.91720581054688,39.0,40.0,42.0,41.0,0.0,0.0,6869983.5,6844288.5,59.03816223144531,5.0,0.014999999664723873,-180000.0,600.0,1000000.0,400000.0,0.17000000178813934,22000.0,786000.0,120000.0,0.0,40.0,30.0,36.810001373291016,0.5,18.399999618530273,50000.0,115692.3984375,15.113750457763672,0,0,1,0,0,0,0,12100222.0,0.0,0.0,0.0,0.0,0.0,-3265326.0,400000.0,1000000.0,1.0,1400000.0,0.0,0.38895606994628906,12134674.0,126869.6328125,12100222.0,340.30780029296875,40.007659912109375,3.871899366378784,-3265326.0,0.0,0.0,0.0,2.940281391143799,40.007659912109375,0.0,22230.939453125,1.2010046243667603,0.0,0.0,0.0,20.0,14.711517333984375,22.0,0.0,0.0,0.0,0.05000000074505806,0.02500000037252903,0.17000000178813934,15400000.0,0.5,6.25,0.0006667000125162303,2.0,2410000.0,4140000.0,4.734799861907959,0.15000000596046448,0.20000000298023224,0.2199999988079071,1.0,0.0,-1.0,0.0,5.0,20.0,30.0,50.0,74.0,80.0,86.0,9.800000190734863,500000.0,1.0499999802959792e-07,0.5,750.0,1000.0,600.0,1000.0,1150.0,32.0,32.0,37.400001525878906,10.0,10.0,0.007000000216066837,0.5049999952316284,82.0,189.26499938964844,0.0,1.5099999904632568,231.60000610351562,20.0,36.0,16.600000381469727,16.5,225.0,-0.1756729930639267,27.5,-0.1756729930639267,30.485509872436523,0.1561516970396042,11.10221004486084,-1.8332500457763672,-75.0,4.3520002365112305,13.857000350952148,189.26499938964844,93.30000305175781,2650000.0,0.8500000238418579,7.570000171661377,0,1,1,0,0,0,0,0,0,0,0,1,3,3,0,0,1,0,0,0,0,1,0,1,1,0,0,0,1,1,1,0,0,0,0,0,0,0,0,1,0,0,0,1,0,1,1,0,0,1,12.049558639526367,29046.58984375,2153.699951171875,0.00041483939276076853,0.0004361289902590215,0.0006248649442568421,0.6999999284744263,0.6999999284744263,0.0,0.0,0.0,0.0,0.6053211092948914,1.0,0.0,0.0,0.3500000238418579,1.0,0.0,0.0,1.0,1.0,0.0,1.0,0.6499999165534973,0.0,0.3500000238418579,0.6499999165534973,0.0,0.5830167531967163,0.6176002621650696,0.00041483939276076853,0.0,0.0,0.0,99998.78125,99999.0,2571104.0,2410000.0,36.20000076293945,36.20000076293945,36.20000076293945,32.54233932495117,274.4039306640625,132.0165557861328,38.87646484375,29.56203842163086,35.92683410644531,27.0,28.020763397216797,27.0,0.0,32.0,20.0,68.57752227783203,3446667.5,0.543221652507782,7.559999942779541,1.8997337818145752,8.919778823852539,0.0,0.0,0.0,1.401298464324817e-45,4.009433269500732,4.009433269500732,0.5049998760223389,0.5049998760223389,0.5049998760223389,0.18937495350837708,0.18937495350837708,0.18937495350837708,0.0,0.0,0.0,0.0,0.0,0.0,9.074999809265137,0.0,0.0,0.0,0.0,0.0,0.0,100.0,73.93146514892578,0.34326812624931335,0.0,20.0,0.6649068593978882,4.009433269500732,-0.1726846694946289,0.0,0.0,0.0,0.007000000216066837,0.0,0.0,11.291023254394531,0.0,1.7319214344024658,1.401298464324817e-45,2.8466086387634277,0.0,0.0,0.0,0.0,0.0,0.0,20.0,0.0,0.0,11803224.0,0.0,0.0,0.0,0.0,0.0,0.0,0.0,0.351500004529953,18.93000030517578,23.030000686645508,7.69199959904654e-06,0.08500000089406967,0.009999999776482582,24.0,27.0,8.800000190734863,500000.0,0.05000000074505806,2.7000000013543968e-09,2.7000000013543968e-09,145100.0,120000.0,14650000.0,86400.0,17.0,34.5,48.70000076293945,321.8999938964844,83170.0,0.0,1.0,1.0,0.0010000000474974513,725.0,0.0,0.5,0.0,0.0,57.31999969482422,837142.875,9359.77734375,117376.1015625,2623.89794921875,83026.390625,725.0,1.0204100362898316e-05,740000000.0,1,0,1,0,1,1,0,0,1,0,0,8.799991607666016,27.0,4309.02392578125,0.0,0.0,0.0,0.0,1.7310539484024048,0.0004017205210402608,0.0,0.033145010471343994,39.66722106933594,1.0,26004.8359375,8170.63427734375,4.304728645365685e-05,243217344.0,1137294592.0,1217479680.0,2413250048.0,-60.11418914794922,-838.0111083984375,-802768128.0,-1275955072.0,2.8466086387634277,28.474903106689453,62.96080017089844,866.486083984375,106381.3984375,4178.921875,146831.453125,166602.328125,124004.8359375,56.20014190673828,39.66722106933594,39.66722106933594,1.0,4.304728645365685e-05,8170.63427734375,922645757952.0,0.20126496255397797,137600.0,137600.0,77680664.0,59.218570709228516,6615.9462890625,1.0,0.0,1700.0,250000.0,10000.0,1038.0,0.004999999888241291,400.0,5000.0,0,0,0,0,2959622.5,58.32612609863281,58.32612609863281,1216415.25,2784172.0,0.0,0.0,254218.34375,49.34553909301758,6864152.0,0.0,0.0,1.0,1.0,49.34553909301758,275.3855285644531,127.18907165527344,0.0,5957889.0,530984.9375,127.18907165527344,1.0,1.0,1.0,0.0,594.0601806640625,0.0,592.3746948242188,1.0,0.0,7680000.0,280.2317199707031,294.4728088378906,282.8725280761719,0.7181298732757568,2784172.0,286.31866455078125,116.65225219726562,1.7181298732757568,0.0,284.2608337402344,1.0,0.0,-7.5742998123168945,0.0,0.0,9.999999974752427e-07,0.0,2.0,0.0003000000142492354,0.004999999888241291,0.0010000000474974513,2.0000000233721948e-07,2.0000000233721948e-07,0.0005555999814532697,993000000.0,1.0,0.05000000074505806,0.10000000149011612,0.0005000000237487257,0.0016700000269338489,0.009999999776482582,1.0,1.0,0.0010000000474974513,4.999999873689376e-05,0.00039999998989515007,0.019999999552965164,0.9891999959945679,0.9891999959945679,0.9950000047683716,0.9950000047683716,1,0,0,0,1,1,0,0,0,0,0,0,0,0,-0.007456978317350149,-7404779.5,5000.12744140625,254218.34375,0.0,2546223.0,0.0,1.0,2569281.25,0.0,0.0,60.0,180.0,1800.0,1800.0,0.0,0.0,0.0,0.0,-0.012236599810421467,0.0,0.0,0.0,0.0,0.0,0.0,0.0,0.0,0.0,0.0,0.0,6.602997746085748e-05,0.0,7.006492321624085e-44,1,1,0,1,1,1,1,1,1,1,1,0,1,0,1,1,1,1,0,1,0,1000,1,0,1,5001,7,0.0,0.0,120.0,120.0,0.0,0.0,0.4000000059604645,0.10000000149011612,0.10000000149011612,2.0,500.0,200.0,0.9900000095367432,300000.0,5000.0,45000.0,20000.0,0.019999999552965164,2.0,0.05000000074505806,0.019999999552965164,6.0,0.05000000074505806,0.019999999552965164,0.019999999552965164,88.30000305175781,0.10000000149011612,0.800000011920929,0.05000000074505806,0.009999999776482582,50.0,50.0,340.0,340.0,1000000.0,1,0,0,0,1,1,1,1,1,1,0,0,0,1,1,0,1.0,0.0,0.0,0.0,27.727262496948242,0.0,0.0,0.0,0.9178606271743774,0.9178606271743774,0.9178606271743774,5000.125,3924121.25,3929121.5,50.0,27.614917755126953,0.4000000059604645,0.0,0.0,0.10000000149011612,0.17875395715236664,0.4925430119037628,22164.435546875,20.0,29.202341079711914,778034.9375,24.21782875061035,3283.327392578125,721.2235107421875,0.7780349254608154,0.9175862669944763,9.472451210021973,1.0,3220633.5,3304287.0,9.718491554260254,20.0,0.27620404958724976,27.620405197143555,0.0,636.4223022460938,347.421630859375,100000.0,50000.0,1115.300048828125,50000.0,700.0,2000.0,2800000.0,3500000.0,4000000.0,9.999999747378752e-05,4.999999873689376e-05,500.0,20000.0,100.0,500.0,60000.0,1200.0,1.0,120.0,150000.0,3000.0,300.0,1.0,300.0,0.019999999552965164,0.019999999552965164,0.009999999776482582,0.009999999776482582,0.009999999776482582,0.019999999552965164,1.100000023841858,0.019999999552965164,4.0,0.019999999552965164,88.0,1613.0,0.009999999776482582,0.20000000298023224,3.0,5.0,600.0,0.0010000000474974513,88.0,88.0,2000.0,2340.0,-0.11599799990653992,-0.03561130166053772,-0.04758000001311302,-0.01752999983727932,1,0,1,0,0,1,1,494.5342102050781,494.5342102050781,1.986083984375,1.986083984375,0.00503069581463933,24.21782875061035,164.15499877929688,579.713134765625,1009.5777587890625,288.6971435546875,288.6971435546875,1.159423828125,1.159423828125,705.604736328125,467.10479736328125,0.0,0.0,2663660.25,20.00048065185547,20.00048065185547,134.41273498535156,134.41273498535156,65424.19921875,65424.19921875,1.0904033184051514,1.0904033184051514,24.67276954650879,24.67276954650879,24.48992919921875,24.48992919921875,102468.3203125,102468.3203125,24.492895126342773,148.2727813720703,153.29701232910156,2645870.25,20.00048065185547,20.00048065185547,175.13282775878906,175.13282775878906,155.0618133544922,155.0618133544922,648794.1875,648794.1875,0.0,108.48397827148438,108.48397827148438,216.97299194335938,158894.875,158894.875,1.059299111366272,1.059299111366272,190.5321044921875,155.0618133544922,0.0,0.0,0.0,177.8973388671875,177.8973388671875,355.794677734375,0.0,0.0,0.0,0.0,0.0,177.8973388671875,177.8973388671875,0.026315800845623016,0.0,0.20000000298023224,0.18087297677993774,0.19156548380851746,0.18182528018951416,0.18692700564861298,0.16758845746517181,0.1871582567691803,0.9599996209144592,1.0,1.0,1.0,0.9999998211860657,0.9999998211860657,0.9999998211860657,190830.015625,193241.203125,0.0,14.750001907348633,0.0,14.750001907348633,7.25,12.0,10.25,296.3810119628906,297.7510070800781,29.5,190824.078125,1613066.375,12224996.0,0.0,0.0,0.0,0.571809709072113,0.571809709072113,0.571809709072113,0.41838783025741577,743821.4375,0.9959999918937683,0.9959999918937683,0.9959999918937683,0.9959999918937683,0.0,3006157.25,7242097.0,2520348.25,2606300.0,3844357.75,0.003924121148884296,0.007858242839574814,993.0405883789062,7.25,12.0,10.25,0.0,0.0,0.0,0.0,0.0,0.0,579.7181396484375,993.0523681640625,342.29052734375,342.29052734375,342.29052734375,1906.0322265625,1906.0322265625,1906.0322265625,2.993528127670288,0.0,0.8300514817237854,2.9936394691467285,5.0,0.0040000081062316895,0.0040000081062316895,0.0040000081062316895,0.0040000081062316895,0.0,-0.4368000030517578,0.0,598705.625,164.15499877929688,164.15499877929688,0.0,20.0,2779859.5,7.25,12.0,10.25,20.0,20.0,20.0,0.0,0.0,0.7926306128501892,0.9211652278900146,10000.0,10000.0,0.011826000176370144,1038.5,0.027953999117016792,0.0,0.0,1.0878000259399414,1.0809999704360962,9.000000136438757e-05,103.0,33.220001220703125,1.8179999589920044,0.029999999329447746,49.0,8.329999923706055,4.159999847412109,58.0,302.0,4.5,0.699999988079071,0.4000000059604645,7.5,1.3799999952316284,2.492000102996826,7000.0,48.88999938964844,1.2000000476837158,45.0,62000.0,4590000.0,4250000.0,15900000.0,15100000.0,0.05000000074505806,0.17000000178813934,0.009999999776482582,15220000.0,1.6699999570846558,312.7799987792969,1.1100000143051147,4232.0,0.25,689000.0,4030000.0,9.829999923706055,8.550000190734863,12200000.0,231.10000610351562,88.3239974975586,633.0,1.1430000066757202,0.6858000159263611,-10.0,-3.7799999713897705,0.7799999713897705,295.5,4030000.0,12400000.0,0.9200000166893005,5.0,1,0,1,228,27,0,0,0,0,1,1,1,1,1,0,0,1,1,0,0,0,0,1,0,0,0,0,1,0,0,0,0,0,0,0,0,1,0,1,8,0,0,1,0,0.0594492144882679,6889727.5,1.0877995491027832,0.25344496965408325,1.0650620460510254,297.7339172363281,8.676651000976562,-0.013859698548913002,1,1,1,0,0,0,1,1,0,0,0,0,0,430,0.20000000298023224,0.20000000298023224,0.20000000298023224,0.0,2,0,0,0,0,0,0,0,0,0,0,0,0,0,0,0,0,0,0,0,0,0,0,0,0,0,0,0,0,0,0,0,0,0,0,0,0,0,0,0,0,0,0,0,0,0,0,0,0,0,0,1,0,0,0,0,0,0,0,0,0,0,0,0,0,0,0,0,0,0,0,0,0,0,0,0,0,0,0,0,0,0,0,0,0,0,0,0,0,0,0,0,0,0,0,0,0,0,0,0,0,0,0,0,0,0,0,0,0,0,0,0,0,0,0,0,0,0,0,0,0,0,0,0,0,0,0,0,0,0,0,0,0,0,0,0,0,0,0,0,0,0,0,1,0,0,0,0,0,0,0,0,0,0,0,-1,0,0,0,0,0,0,1,1,0,0,5.944921493530273,-4.56223201751709,0.0,-0.5502966046333313,-1.6815581571897805e-44,291.70001220703125,297.7339172363281,338.76544189453125,-0.040840715169906616,99.26123046875,2666.673583984375,1.0877995491027832,1.0650620460510254,-1.0,-6.033905029296875,6.827850029367255e-06,0.033145010471343994,100.0,27.0,0.0,7.799991607666016,3.9122557640075684,1.0,1.0,39.66722106933594,0.2653559446334839,20.0,4.304728645365685e-05,0.0,73.93146514892578,1.7319214344024658,1.8179994821548462,0.00036938843550160527,0.6817498207092285,0.543221652507782,26.235803604125977,8.919778823852539,14.433959007263184,6.839041233062744,0.0,38.87646484375,44.898040771484375,274.4039306640625,132.0165557861328,0.949969470500946,299.54644775390625,40.007659912109375,0.29459047317504883,293.3515625,293.4898681640625,293.34521484375,301.53485107421875,303.14404296875,301.5379638671875,100.0,4.568794250488281,34.326812744140625,123.82343292236328,297.4432067871094,298.31695556640625,297.44158935546875,340.30755615234375,38.895606994628906,29.49185562133789,123.82343292236328,0.0,0.23903384804725647,0.2819984257221222,0.23931019008159637,79.14291381835938,79.37431335449219,79.05907440185547,70.30589294433594,70.3165512084961,70.30347442626953,30.637046813964844,31.14813232421875,30.504840850830078,97.57154846191406,96.7575454711914,97.36557006835938,36.89999771118164,43.19999694824219,26.099998474121094,282.3934326171875,293.6692810058594,279.7265930175781,29.0,0.0,48.0,0.1871582567691803,0.14546023309230804,0.16758845746517181,0.15325239300727844,0.18692700564861298,0.1446983814239502,41.0,78.36749267578125,70.04249572753906,190.5321044921875,37.175228118896484,9.999999974752427e-07,25.717885971069336,0.0,148.2727813720703,0.0,721.2235107421875,40.0931510925293,24.21782875061035,0.0,9.472451210021973,77.8034896850586,1.0,0.9718491435050964,20.0,0.0,60.0,120.0,0.0,120.0,0.0,0.0,0.0,0.0,18.08928108215332,89.19778442382812,2.0,200.0,0,0,0,0,0,0,0,0,0,0,27,0,99999,99999,26,402,1800,180,1800,0,0,-7,5,23,0,0,0,806,1424,29,31,32,0,1,0,1,0,1,0,0,1,0,0,0,0,0,1,0,0,0,0,1,0,0,0,1,0,0,0,1,0,0,0,0,0,0,0,0,0,0,0,0,1,0,1,0,0,1,1,0,0,1,1,0,1,0,0,0,1,1,0,1,0,1,0,0,0,1,0,0,0,1,1,0,1,0,0,0,0,0,1,0,0,1,0,0,0,1,0,0,0,0,0,0,1,0,0,1,1,1,0,0,1,0,1,1,1,0,1,0,0,0,1,0,1,1,1,0,0,1,0,0,0,0,0,1,1,1,0,0,0,0,0,0,0,1,0,1,0,1,0,1,0,1,0,0,0,0,0,0,0,0,1,1,1,1,0,1,0,1,1,1,1,1,1,1,0,0,0,0,0,0,1,0,1,1,1,1,1,1,1,1,1,1,1,0,0,0,1,1,0,0,1,1,0,1,1,0,0,1,1,1,0,0,0,0,1,1,1,1,0,0,1,1,1,0,0,1,0,0,1,0,1,1,0,1,1,1,1,1,1,1,1,0,1,0,0,0,0,0,0,0,0,0,0,1,0,0,1,0,0,0,0,0,1,0,0,1,0,0,0,0,0,0,0,0,0,0,0,0,0,0,0,0,0,0,0,0,0,0,0,0,0,1,0,0,0,0,1,0,0,0,1,0,0,0,0,0,0,0,0,0,0,0,0,0,0,0,0,0,0,0,0,0,0,0,0,0,0,0,0,0,0,0,0,0,0,0,1,0,0,0,0,0,0,0,0,0,0,0,0,0,0,0,0,0,0,0,0,0,0,0,0,0,0,0,0,0,0,0,0,0,0,0,0,0,0,0,0,0,0,0,0,0,0,0,0,0,0,0,0,0,0,0,0,0,0,0,0,0,0,0,0,1,0,1,0,0,0,0,0,1,0,0,0,0,0,0,0,0,0,0,0,0,0,0,0,1,0,0,0,0,0,0,0,0,0,0,0,0,0,0,1,0,0,0,0,0,0,0,0,0,0,1,0,0,0,0,0,0,0,0,0,0,0,0,0,0,0,0,0,0,0,0,0,0,0,0,0,0,0,1,0,0,0,0,0,0,1,1,1,0,0,0,0,0,0,-1,0,0,0,0,0,0,0,0,-1,0,0,-1,0,0,0,0,0,0,0,0,0,0,0,0,0,0,0,0,0,0,1,0,0,0,0,0,0,0,0,0,0,0,0,0,0,0,0,1,1,0,-1,-1,-1,1,1,1,0,0,0,0,1,0,0,1,1,0,0,0,0,1,0,0,0,0,0,0,0,0,0,0,0,0,0,0,0,0,0,0,0,0,0,0,0,0,0,0,0,0,0,1,1,0,1,0,1,1,0,1,0,1,1,0,1,0,0,1,0,0,0,0,0,0,0,0,0,0,0,0,0,0,0,0,0,0,0,0,0,0,0,0,0,0
0,1,1,300,228,8,8,228,114,25,1,0,0.0020000000949949026,4000.0,1.0,0.04500000178813934,25.0,48.0,8.0,291.70001220703125,1.7000000476837158,-3.179999907843012e-07,0.007360000163316727,0.008080000057816505,8.0,0.33000001311302185,0.0333000011742115,1.0,9.999999747378752e-06,21.0,9.999999747378752e-06,2775000064.0,9.000000136438757e-05,4.999999980020986e-13,5.0,40.0,3.0,-3.3499999046325684,3.3499999046325684,0.5,0.0004799999878741801,292.3927001953125,492.6077880859375,-0.0036125299520790577,0.002354159951210022,0.0008944629807956517,0.013157900422811508,0.800646185874939,0.02024419978260994,2650129920.0,0.006539999973028898,0,0,0,0,0,0,0,0,0,0,0,0,0,0,0,0,0,0,0,0,0,0,0,0,0,0,0,0,0,0,0,0,0,0,0,0,0,0,0,0,0,0,0,0,0,0,0,0,0,0,0,0,0,1,4,4,0,0,0,0,0,0,0,0,2,0,0.00040183361852541566,293.3407287597656,322.43572998046875,328.54217529296875,334.9327697753906,341.120361328125,350.9384460449219,353.7545471191406,355.13629150390625,354.82916259765625,353.1058349609375,350.2060546875,346.1036376953125,341.550048828125,336.9538879394531,332.7237854003906,328.8196105957031,325.600830078125,323.00604248046875,320.93878173828125,319.2480163574219,317.87286376953125,316.73382568359375,315.7331848144531,314.77325439453125,313.7563171386719,0.019208591431379318,0.05106449872255325,0.7717346549034119,-0.040778353810310364,0.7560785412788391,0.9006319046020508,5158.4111328125,1.739496497066284e-06,0.24601195752620697,0.03437897935509682,0.05443068966269493,0.05600288137793541,0.016971727833151817,1.0,-1.6815581571897805e-44,-4.601789474487305,0.0,99.25956726074219,2666.82080078125,0.944335401058197,334.9322509765625,0.0,-72.0,-49.34649658203125,0.6000000238418579,0.0,291.70001220703125,280656.53125,-0.5501416921615601,6.312546730041504,130.28829956054688,10.0,7750000.0,8160000.0,86.12000274658203,119.0999984741211,0.5,9.999999747378752e-05,0.0,3.299999952316284,200.0,0.30000001192092896,309.20001220703125,2.439019908706541e-06,0,0,0,1,1,1,0,24,0,296.9358825683594,0.0,0.0,0.0,0.0,0.0,0.0,0.9181914329528809,0.8672001957893372,0.5215399861335754,0.1983257234096527,0.017398232594132423,0.01643812470138073,0.3016742765903473,0.30892214179039,0.3030030131340027,1.0,25.0,24.0,6829677.5,6831037.5,6829914.0,292.8687744140625,293.0457763671875,292.8729248046875,300.40606689453125,302.018310546875,300.4034423828125,4400000.0,296.6374206542969,297.53204345703125,296.63818359375,7.53729248046875,8.9725341796875,7.530517578125,298.8543701171875,4486.392578125,4447.498046875,4495.60009765625,11.328597068786621,11.381282806396484,11.340781211853027,26.43603515625,0.0,0.0,0.0020000000949949026,292.9291687011719,300.9425964355469,-157.12570190429688,0.9771285057067871,1.0015026330947876,0.9814527034759521,212.81289672851562,39.0,40.0,42.0,41.0,0.0,0.0,6809230.0,6783190.5,58.62701416015625,5.0,0.014999999664723873,-180000.0,600.0,1000000.0,400000.0,0.17000000178813934,22000.0,786000.0,120000.0,0.0,40.0,30.0,36.810001373291016,0.5,18.399999618530273,50000.0,115692.3984375,15.113750457763672,0,0,1,0,0,0,0,11999113.0,0.0,0.0,0.0,0.0,0.0,-3367557.0,400000.0,1000000.0,1.0,1400000.0,0.0,0.38369691371917725,12032443.0,126869.6328125,11999113.0,340.308837890625,40.007659912109375,3.8196802139282227,-3367557.0,0.0,0.0,0.0,2.913954496383667,40.007659912109375,0.0,22230.939453125,1.2010046243667603,0.0,0.0,0.0,20.0,14.711517333984375,22.0,0.0,0.0,0.0,0.05000000074505806,0.02500000037252903,0.17000000178813934,15400000.0,0.5,6.25,0.0006667000125162303,2.0,2410000.0,4140000.0,4.734799861907959,0.15000000596046448,0.20000000298023224,0.2199999988079071,1.0,0.0,-1.0,0.0,5.0,20.0,30.0,50.0,74.0,80.0,86.0,9.800000190734863,500000.0,1.0499999802959792e-07,0.5,750.0,1000.0,600.0,1000.0,1150.0,32.0,32.0,37.400001525878906,10.0,10.0,0.007000000216066837,0.5049999952316284,82.0,189.26499938964844,0.0,1.5099999904632568,231.60000610351562,20.0,36.0,16.600000381469727,16.5,225.0,-0.1756729930639267,27.5,-0.1756729930639267,30.485509872436523,0.1561516970396042,11.10221004486084,-1.8332500457763672,-75.0,4.3520002365112305,13.857000350952148,189.26499938964844,93.30000305175781,2650000.0,0.8500000238418579,7.570000171661377,0,1,1,0,0,0,0,0,0,0,0,1,3,3,0,0,1,0,0,0,0,1,0,1,1,0,0,0,1,1,1,0,0,0,0,0,0,0,0,1,0,0,0,1,0,1,1,0,0,1,12.050028800964355,29047.7890625,2153.699951171875,0.00041483817039988935,0.0004361289902590215,0.0006248649442568421,0.5499998927116394,0.5499998927116394,0.0,0.0,0.0,0.0,0.6041104793548584,1.0,0.0,0.0,0.5000000596046448,1.0,0.0,0.0,1.0,1.0,0.0,1.0,0.49999988079071045,0.0,0.5000000596046448,0.49999988079071045,0.0,0.5640079975128174,0.6142310500144958,0.0006248649442568421,0.0,0.0005922329146414995,0.0,99998.78125,99999.0,2487275.25,2410000.0,36.20000076293945,36.20000076293945,36.20000076293945,32.54194259643555,284.8076171875,146.3323974609375,34.66693878173828,28.326757431030273,36.066253662109375,27.0,27.528623580932617,27.0,30.328880310058594,32.0,20.0,68.57752227783203,3446667.0,0.543221652507782,7.559999942779541,1.128302812576294,8.919778823852539,0.0,0.0,1.814884066581726,1.401298464324817e-45,3.3584325313568115,3.3584325313568115,0.5049998760223389,0.5049998760223389,0.5049998760223389,0.18937495350837708,0.18937495350837708,0.18937495350837708,0.0,0.6049607396125793,0.6049607396125793,0.6049607396125793,0.0,0.0,9.074999809265137,0.0,0.0,0.0,0.0,0.0,0.0,100.0,73.94465637207031,0.3309624493122101,0.0,20.0,1.4715934991836548,3.3584325313568115,1.2809735536575317,0.0,0.0,0.0,0.007000000216066837,0.0,0.0,10.433877944946289,0.0,1.7320520877838135,1.401298464324817e-45,2.0751776695251465,0.0,0.0,0.0,0.0,0.0,0.0,20.0,0.0,0.0,11702172.0,0.0,0.0,0.0,0.0,0.0,0.0,0.0,0.351500004529953,18.93000030517578,23.030000686645508,7.69199959904654e-06,0.08500000089406967,0.009999999776482582,24.0,27.0,8.800000190734863,500000.0,0.05000000074505806,2.7000000013543968e-09,2.7000000013543968e-09,145100.0,120000.0,14650000.0,86400.0,17.0,34.5,48.70000076293945,321.8999938964844,83170.0,0.0,1.0,1.0,0.0010000000474974513,725.0,0.0,0.5,0.0,0.0,57.31999969482422,837142.875,9359.77734375,117376.1015625,2623.89794921875,83026.390625,725.0,1.0204100362898316e-05,740000000.0,1,0,1,0,1,1,0,0,1,0,0,8.799991607666016,27.0,4344.46728515625,0.0,0.0,0.0,0.0,1.7452963590621948,0.00040172162698581815,0.0,0.03341764211654663,39.68142318725586,1.0,26009.390625,8233.990234375,4.340145460446365e-05,236317424.0,1096781696.0,1175493248.0,2425495040.0,-58.04309844970703,-843.2820434570312,-795609536.0,-1328713344.0,3.8900599479675293,28.474903106689453,61.93315887451172,871.7569580078125,106381.3984375,4181.9111328125,146863.90625,166661.984375,124009.390625,56.80014419555664,39.68142318725586,39.68142318725586,1.0,4.340145460446365e-05,8233.990234375,918473146368.0,0.20131172239780426,137600.0,137600.0,77024584.0,58.801490783691406,6620.41748046875,1.0,0.0,1700.0,250000.0,10000.0,1038.0,0.004999999888241291,400.0,5000.0,0,0,0,0,2959622.5,57.97686767578125,57.97686767578125,1216415.25,2781441.0,0.0,0.0,236212.0,40.98561477661133,6803751.0,0.0,0.0,1.0,1.0,40.98561477661133,275.3855285644531,124.76374816894531,0.0,5957889.0,520452.125,124.76374816894531,1.0,1.0,1.0,0.0,588.918701171875,0.0,587.1582641601562,1.0,0.0,7680000.0,281.4207458496094,296.3791809082031,284.0389709472656,0.7506194114685059,2781441.0,296.4121398925781,115.9537353515625,1.7506194114685059,0.0,283.65570068359375,1.0,0.0,-7.5742998123168945,0.0,0.0,9.999999974752427e-07,0.0,2.0,0.0003000000142492354,0.004999999888241291,0.0010000000474974513,2.0000000233721948e-07,2.0000000233721948e-07,0.0005555999814532697,993000000.0,1.0,0.05000000074505806,0.10000000149011612,0.0005000000237487257,0.0016700000269338489,0.009999999776482582,1.0,1.0,0.0010000000474974513,4.999999873689376e-05,0.00039999998989515007,0.019999999552965164,0.9891999959945679,0.9891999959945679,0.9950000047683716,0.9950000047683716,1,0,0,0,1,1,0,0,0,0,0,0,0,0,-0.007456978317350149,-7404779.5,5000.1201171875,236212.0,0.0,2546223.0,0.0,1.0,2569281.25,0.0,0.0,60.0,180.0,1800.0,1800.0,0.0,0.0,0.0,0.0,-0.012236599810421467,0.0,0.0,0.0,0.0,0.0,0.0,0.0,0.0,0.0,0.0,0.0,6.602997746085748e-05,0.0,7.006492321624085e-44,1,1,0,1,1,1,1,1,1,1,1,0,1,0,1,1,1,1,0,1,0,1000,2,0,1,5001,10,0.0,0.0,120.0,120.0,0.0,0.0,0.4000000059604645,0.10000000149011612,0.10000000149011612,2.0,500.0,200.0,0.9900000095367432,300000.0,5000.0,45000.0,20000.0,0.019999999552965164,2.0,0.05000000074505806,0.019999999552965164,6.0,0.05000000074505806,0.019999999552965164,0.019999999552965164,88.30000305175781,0.10000000149011612,0.800000011920929,0.05000000074505806,0.009999999776482582,50.0,50.0,340.0,340.0,1000000.0,1,0,0,0,1,1,1,1,1,1,0,0,0,1,1,0,1.0,0.0,0.0,0.0,27.727256774902344,0.0,0.0,0.0,0.9178422093391418,0.9178422093391418,0.9178422093391418,5000.11767578125,3926528.0,3931528.0,50.0,27.614877700805664,0.4000000059604645,0.0,0.0,0.10000000149011612,0.17718102037906647,0.4925430119037628,22164.435546875,20.0,29.202341079711914,777954.5625,23.982261657714844,3244.77294921875,721.2236328125,0.7779545783996582,0.9175489544868469,9.472412109375,1.0,3220620.0,3304269.0,9.718438148498535,20.0,0.27625060081481934,27.62506103515625,0.0,636.4223022460938,358.06182861328125,100000.0,50000.0,1115.300048828125,50000.0,700.0,2000.0,2800000.0,3500000.0,4000000.0,9.999999747378752e-05,4.999999873689376e-05,500.0,20000.0,100.0,500.0,60000.0,1200.0,1.0,120.0,150000.0,3000.0,300.0,1.0,300.0,0.019999999552965164,0.019999999552965164,0.009999999776482582,0.009999999776482582,0.009999999776482582,0.019999999552965164,1.100000023841858,0.019999999552965164,4.0,0.019999999552965164,88.0,1613.0,0.009999999776482582,0.20000000298023224,3.0,5.0,600.0,0.0010000000474974513,88.0,88.0,2000.0,2340.0,-0.11599799990653992,-0.03561130166053772,-0.04758000001311302,-0.01752999983727932,1,0,1,0,0,1,1,488.76141357421875,488.76141357421875,1.962890625,1.962890625,0.004745789337903261,23.982261657714844,164.15151977539062,547.356201171875,1004.0206909179688,272.5833740234375,272.5833740234375,1.0947265625,1.0947265625,665.400146484375,452.15484619140625,0.0,0.0,2663660.25,20.00048065185547,20.00048065185547,130.7262725830078,130.7262725830078,65373.2421875,65373.2421875,1.0895540714263916,1.0895540714263916,20.492807388305664,20.492807388305664,24.420425415039062,24.420425415039062,102177.515625,102177.515625,24.423219680786133,146.298095703125,151.84210205078125,2643210.75,20.00048065185547,20.00048065185547,174.080322265625,174.080322265625,154.54537963867188,154.54537963867188,646633.375,646633.375,0.0,107.46488952636719,107.46488952636719,214.9345245361328,158823.28125,158823.28125,1.0588219165802002,1.0588219165802002,188.61509704589844,154.54537963867188,0.0,0.0,0.0,176.4657440185547,176.4657440185547,352.9314880371094,0.0,0.0,0.0,0.0,0.0,176.4657440185547,176.4657440185547,0.026315800845623016,0.0,0.20000000298023224,0.09260696172714233,0.09808152914047241,0.09309454262256622,0.09570662677288055,0.08580528944730759,0.09582502394914627,0.9599996209144592,1.0,1.0,1.0,0.9999998211860657,0.9999998211860657,0.9999998211860657,190829.640625,193240.6875,0.0,14.750001907348633,0.0,14.750001907348633,7.25,12.0,10.25,296.3810119628906,297.7510070800781,29.5,190824.421875,2248355.25,12224996.0,0.0,0.0,0.0,0.5059006214141846,0.5059006214141846,0.5059006214141846,0.4081861674785614,713274.0625,0.9959999918937683,0.9959999918937683,0.9959999918937683,0.9959999918937683,2385053.25,3060693.25,7064056.0,2377894.75,2606300.0,3827199.0,0.003926527686417103,0.007863055914640427,981.4486083984375,7.25,12.0,10.25,0.0,0.0,0.0,0.0,0.0,0.0,547.3609619140625,981.4603881835938,341.5073547363281,341.5073547363281,341.5073547363281,185.97665405273438,185.97665405273438,185.97665405273438,2.993217945098877,0.0,0.8261046409606934,2.993317127227783,5.0,0.0040000081062316895,0.0040000081062316895,0.0040000081062316895,0.0040000081062316895,0.0,-0.4368000030517578,0.0,598643.5625,164.15151977539062,164.15151977539062,0.0,20.0,2778713.25,7.25,12.0,10.25,20.0,20.0,20.0,0.0,0.0,0.7926306128501892,0.9211652278900146,10000.0,10000.0,0.011826000176370144,1038.5,0.027953999117016792,0.0,0.0,1.0878000259399414,1.0809999704360962,9.000000136438757e-05,103.0,33.220001220703125,1.8179999589920044,0.029999999329447746,49.0,8.329999923706055,4.159999847412109,58.0,302.0,4.5,0.699999988079071,0.4000000059604645,7.5,1.3799999952316284,2.492000102996826,7000.0,48.88999938964844,1.2000000476837158,45.0,62000.0,4590000.0,4250000.0,15900000.0,15100000.0,0.05000000074505806,0.17000000178813934,0.009999999776482582,15220000.0,1.6699999570846558,312.7799987792969,1.1100000143051147,4232.0,0.25,689000.0,4030000.0,9.829999923706055,8.550000190734863,12200000.0,231.10000610351562,88.3239974975586,633.0,1.1430000066757202,0.6858000159263611,-10.0,-3.7799999713897705,0.7799999713897705,295.5,4030000.0,12400000.0,0.9200000166893005,5.0,1,0,1,228,23,0,0,0,0,1,1,1,1,1,0,0,1,1,0,0,0,0,1,0,0,0,0,1,0,0,0,0,0,0,0,0,1,0,1,8,0,0,1,0,0.05443068966269493,6829677.5,1.0877995491027832,0.23753389716148376,1.0706961154937744,297.1315612792969,8.131937980651855,-0.011141158640384674,1,1,1,0,0,0,1,1,0,0,0,0,0,433,0.20000000298023224,0.20000000298023224,0.20000000298023224,0.0,2,0,0,0,0,0,0,0,0,0,0,0,0,0,0,0,0,0,0,0,0,0,0,0,0,0,0,0,0,0,0,0,0,0,0,0,0,0,0,0,0,0,0,0,0,0,0,0,0,0,0,1,0,0,0,0,0,0,0,0,0,0,0,0,0,0,0,0,0,0,0,0,0,0,0,0,0,0,0,0,0,0,0,0,0,0,0,0,0,0,0,0,0,0,0,0,0,0,0,0,0,0,0,0,0,0,0,0,0,0,0,0,0,0,0,0,0,0,0,0,0,0,0,0,0,0,0,0,0,0,0,0,0,0,0,0,0,0,0,0,0,0,0,1,0,0,0,0,0,0,0,0,0,0,0,-1,0,0,0,0,0,0,1,1,0,0,5.443068981170654,-4.601789474487305,0.0,-0.5501416921615601,-1.6815581571897805e-44,291.70001220703125,297.1315612792969,334.9322509765625,-0.040778353810310364,99.25956726074219,2666.82080078125,1.0877995491027832,1.0706961154937744,-1.0,-5.431549072265625,6.827850029367255e-06,0.03341764211654663,100.0,27.0,0.0,7.799991607666016,3.9156103134155273,1.0,1.0,39.68142318725586,0.2654024362564087,20.0,4.340145460446365e-05,0.0,73.94465637207031,1.7320520877838135,1.8179994821548462,0.00036938843550160527,0.6817498207092285,0.543221652507782,25.38040542602539,8.919778823852539,12.090356826782227,4.061890125274658,0.0,34.66693878173828,44.898040771484375,284.8076171875,146.3323974609375,0.9494364261627197,299.00885009765625,40.007659912109375,0.29459047317504883,293.0123291015625,293.1767578125,293.00762939453125,300.658447265625,302.2730712890625,300.6612548828125,100.0,5.273446559906006,33.09624481201172,122.78025817871094,296.83538818359375,297.72491455078125,296.8344421386719,340.30841064453125,38.36968994140625,29.226707458496094,122.78025817871094,0.0,0.2233431041240692,0.26570332050323486,0.22356238961219788,78.92977905273438,79.19963836669922,78.84525299072266,69.69313049316406,69.70458984375,69.69071197509766,30.30030059814453,30.892213821411133,30.16742706298828,97.69139099121094,96.70228576660156,97.48953247070312,36.89999771118164,43.19999694824219,26.099998474121094,283.6889343261719,295.7905578613281,281.046875,29.0,0.0,48.0,0.09582502394914627,0.07447563856840134,0.08580528944730759,0.07846522331237793,0.09570662677288055,0.07408557087182999,41.0,78.36749267578125,69.42615509033203,188.61509704589844,36.853485107421875,9.999999974752427e-07,24.2642765045166,0.0,146.298095703125,0.0,721.2236328125,40.117706298828125,23.982261657714844,0.0,9.472412109375,77.79545593261719,1.0,0.9718438386917114,20.0,0.0,60.0,120.0,0.0,120.0,0.0,0.0,0.0,0.0,18.08928108215332,89.19778442382812,2.0,200.0,0,0,0,0,0,0,0,0,0,0,23,0,99999,99999,26,402,1800,180,1800,0,0,-7,5,23,0,0,0,806,1424,29,31,32,0,1,0,1,0,1,0,0,1,0,0,0,0,0,1,0,0,0,0,1,0,0,0,1,0,0,0,1,0,0,0,0,0,0,0,0,0,0,0,0,1,0,1,0,0,1,1,0,0,1,1,0,1,0,0,0,1,1,0,1,1,1,0,0,1,1,1,0,0,1,1,0,1,0,0,0,0,1,1,1,0,1,0,0,0,1,0,0,0,0,0,0,1,0,0,1,1,1,0,0,1,1,1,1,1,0,1,0,0,0,1,0,1,1,1,0,0,1,0,0,0,0,0,1,1,1,0,0,0,0,0,0,0,1,0,1,0,1,0,1,0,1,0,0,0,0,0,0,0,0,1,1,1,1,0,1,0,1,1,1,1,1,1,1,0,0,0,0,0,0,1,0,1,1,1,1,1,1,1,1,1,1,1,1,0,0,1,1,0,0,1,1,0,1,1,0,0,1,1,1,0,0,0,0,1,1,1,1,0,0,1,1,1,0,0,1,0,0,1,0,1,1,0,1,1,1,1,1,1,1,1,0,1,0,0,0,0,0,0,0,0,0,0,1,0,0,1,0,0,0,0,0,0,1,1,0,0,0,0,1,0,0,0,0,0,1,0,0,1,0,0,0,0,0,0,0,0,0,0,0,0,0,0,0,0,0,0,0,0,0,0,0,0,0,0,0,0,0,0,0,1,0,0,0,0,0,0,1,0,1,0,1,1,0,0,0,0,0,0,1,0,0,0,0,0,0,0,0,1,0,0,1,0,0,0,0,1,0,0,0,0,0,0,0,0,0,0,0,0,0,0,0,0,0,0,0,0,0,0,0,0,0,0,0,0,0,0,0,0,0,0,0,0,0,0,0,0,0,0,0,0,0,0,0,0,0,0,0,0,0,0,1,0,1,0,0,0,0,0,1,0,0,0,0,0,0,0,0,0,0,0,0,0,0,0,1,0,0,0,0,0,0,0,0,0,0,0,0,0,0,1,0,0,0,0,0,0,0,0,0,0,1,0,0,0,0,0,0,0,0,0,0,0,0,0,0,0,0,0,0,0,0,0,0,0,0,0,0,0,1,0,0,0,0,0,0,1,1,1,0,0,0,0,0,0,-1,0,0,0,0,0,0,0,0,-1,0,0,-1,0,0,0,0,0,0,0,0,0,0,0,0,0,0,0,0,0,0,1,0,0,0,0,0,0,0,0,0,0,0,0,0,0,0,0,1,1,0,-1,-1,-1,1,1,1,0,0,0,0,1,0,0,1,1,0,0,0,0,1,0,0,0,0,0,0,0,0,0,0,0,0,0,0,0,0,0,0,0,0,0,0,0,0,0,0,0,0,0,1,1,0,1,0,1,1,0,1,0,1,1,0,1,0,0,1,0,0,0,0,0,0,0,0,0,0,0,0,0,0,0,0,0,0,0,0,0,0,0,0,0,0
0,1,1,300,228,8,8,228,114,25,1,0,0.0020000000949949026,4000.0,1.0,0.04500000178813934,25.0,48.0,8.0,291.70001220703125,1.7000000476837158,-3.179999907843012e-07,0.007360000163316727,0.008080000057816505,8.0,0.33000001311302185,0.0333000011742115,1.0,9.999999747378752e-06,21.0,9.999999747378752e-06,2775000064.0,9.000000136438757e-05,4.999999980020986e-13,5.0,40.0,3.0,-3.3499999046325684,3.3499999046325684,0.5,0.0004799999878741801,292.3927001953125,492.6077880859375,-0.0036125299520790577,0.002354159951210022,0.0008944629807956517,0.013157900422811508,0.800646185874939,0.02024419978260994,2650129920.0,0.006539999973028898,0,0,0,0,0,0,0,0,0,0,0,0,0,0,0,0,0,0,0,0,0,0,0,0,0,0,0,0,0,0,0,0,0,0,0,0,0,0,0,0,0,0,0,0,0,0,0,0,0,0,0,0,0,1,4,4,0,0,0,0,0,0,0,0,2,0,0.0004018520121462643,293.2919921875,320.3371276855469,325.78057861328125,331.4723815917969,336.98681640625,345.78082275390625,348.35687255859375,349.70025634765625,349.55426025390625,348.14630126953125,345.6772766113281,342.1378479003906,338.1650390625,334.121337890625,330.3692321777344,326.893310546875,323.9969482421875,321.62689208984375,319.7007751464844,318.0908203125,316.7452392578125,315.597412109375,314.5654602050781,313.567626953125,312.5220947265625,0.019726306200027466,0.04929499328136444,0.7717217803001404,-0.04072627052664757,0.7561092972755432,0.895525336265564,4895.38671875,1.6465935459564207e-06,0.2414960414171219,0.032634347677230835,0.05021779239177704,0.051545511931180954,0.017474493011832237,1.0,-1.6815581571897805e-44,-4.637808799743652,0.0,99.25792694091797,2666.96826171875,0.9443738460540771,331.79278564453125,0.0,-72.0,-51.654258728027344,0.20000000298023224,0.0,291.70001220703125,280657.09375,-0.5500184297561646,6.308830261230469,130.28829956054688,10.0,7750000.0,8160000.0,86.12000274658203,119.0999984741211,0.5,9.999999747378752e-05,0.0,3.299999952316284,200.0,0.30000001192092896,309.20001220703125,2.439019908706541e-06,0,0,0,1,1,1,0,24,0,296.3577575683594,0.0,0.0,0.0,0.0,0.0,0.0,0.9243091344833374,0.8671845197677612,0.5218604803085327,0.20122432708740234,0.019381141290068626,0.018344447016716003,0.29877567291259766,0.3067437708377838,0.3001096546649933,1.0,25.0,24.0,6768001.5,6769417.5,6768238.0,292.3775634765625,292.5762939453125,292.380615234375,299.7351989746094,301.3440856933594,299.7326354980469,4400000.0,296.056396484375,296.960205078125,296.056640625,7.357635498046875,8.767791748046875,7.352020263671875,298.4447937011719,4492.52978515625,4445.9130859375,4501.4921875,11.30226993560791,11.359591484069824,11.31453800201416,26.119354248046875,0.0,0.0,0.0020000000949949026,292.44482421875,300.2706298828125,-153.93011474609375,0.9682304859161377,0.9948257207870483,0.9725697040557861,219.9209442138672,39.0,40.0,42.0,41.0,0.0,0.0,6747311.0,6720945.0,58.46177673339844,5.0,0.014999999664723873,-180000.0,600.0,1000000.0,400000.0,0.17000000178813934,22000.0,786000.0,120000.0,0.0,40.0,30.0,36.810001373291016,0.5,18.399999618530273,50000.0,115692.3984375,15.113750457763672,0,0,1,0,0,0,0,11901336.0,0.0,0.0,0.0,0.0,0.0,-3466426.0,400000.0,1000000.0,1.0,1400000.0,0.0,0.37854811549186707,11933574.0,126869.6328125,11901336.0,340.30975341796875,40.007659912109375,3.768568992614746,-3466426.0,0.0,0.0,0.0,2.88818621635437,40.007659912109375,0.0,22230.939453125,1.2010046243667603,0.0,0.0,0.0,20.0,14.711517333984375,22.0,0.0,0.0,0.0,0.05000000074505806,0.02500000037252903,0.17000000178813934,15400000.0,0.5,6.25,0.0006667000125162303,2.0,2410000.0,4140000.0,4.734799861907959,0.15000000596046448,0.20000000298023224,0.2199999988079071,1.0,0.0,-1.0,0.0,5.0,20.0,30.0,50.0,74.0,80.0,86.0,9.800000190734863,500000.0,1.0499999802959792e-07,0.5,750.0,1000.0,600.0,1000.0,1150.0,32.0,32.0,37.400001525878906,10.0,10.0,0.007000000216066837,0.5049999952316284,82.0,189.26499938964844,0.0,1.5099999904632568,231.60000610351562,20.0,36.0,16.600000381469727,16.5,225.0,-0.1756729930639267,27.5,-0.1756729930639267,30.485509872436523,0.1561516970396042,11.10221004486084,-1.8332500457763672,-75.0,4.3520002365112305,13.857000350952148,189.26499938964844,93.30000305175781,2650000.0,0.8500000238418579,7.570000171661377,0,1,1,0,0,0,0,0,0,0,0,1,3,3,0,0,1,0,0,0,0,1,0,1,1,0,0,0,1,1,1,0,0,0,0,0,0,0,0,1,0,0,0,1,0,1,1,0,0,1,12.050518989562988,29049.0234375,2153.698974609375,0.000414837064454332,0.0004361289902590215,0.0006248649442568421,0.39999985694885254,0.39999985694885254,0.0,0.0,0.0,0.0,0.6027364134788513,1.0,0.0,0.0,0.6500000953674316,1.0,0.0,0.0,1.0,1.0,0.0,1.0,0.3499998450279236,0.0,0.6500000953674316,0.3499998450279236,0.0,0.5430114269256592,0.6096461415290833,0.0006248649442568421,0.0,0.0006164258811622858,0.0,99998.78125,99999.0,2394680.5,2410000.0,36.20000076293945,36.20000076293945,36.20000076293945,32.53988265991211,284.35162353515625,165.4274139404297,28.555126190185547,26.533418655395508,35.88505554199219,27.0,26.814088821411133,27.0,31.567827224731445,32.0,20.0,68.57752227783203,3446665.5,0.5432465076446533,7.559999942779541,0.5659297108650208,8.919754028320312,0.0,0.0,7.304424285888672,1.401298464324817e-45,2.6635806560516357,2.6635806560516357,0.5049998760223389,0.5049998760223389,0.5049998760223389,0.18937495350837708,0.18937495350837708,0.18937495350837708,0.0,2.4348056316375732,2.4348056316375732,2.4348056316375732,0.0,0.0,9.074999809265137,0.0,0.0,0.0,0.0,0.0,0.0,100.0,73.9544677734375,0.3190514147281647,0.0,20.0,5.1157307624816895,2.6635806560516357,0.6536806225776672,0.0,0.0,0.0,0.007000000216066837,0.0,0.0,9.809019088745117,0.0,1.7321492433547974,1.401298464324817e-45,1.5128045082092285,0.0,0.0,0.0,0.0,0.0,0.0,20.0,0.0,0.0,11604405.0,0.0,0.0,0.0,0.0,0.0,0.0,0.0,0.351500004529953,18.93000030517578,23.030000686645508,7.69199959904654e-06,0.08500000089406967,0.009999999776482582,24.0,27.0,8.800000190734863,500000.0,0.05000000074505806,2.7000000013543968e-09,2.7000000013543968e-09,145100.0,120000.0,14650000.0,86400.0,17.0,34.5,48.70000076293945,321.8999938964844,83170.0,0.0,1.0,1.0,0.0010000000474974513,725.0,0.0,0.5,0.0,0.0,57.31999969482422,837142.875,9359.77734375,117376.1015625,2623.89794921875,83026.390625,725.0,1.0204100362898316e-05,740000000.0,1,0,1,0,1,1,0,0,1,0,0,8.799991607666016,27.0,4379.70947265625,0.0,0.0,0.0,0.0,1.759458065032959,0.0004017226747237146,0.0,0.03368872404098511,39.695068359375,1.0,26013.75,8296.9775390625,4.3753603677032515e-05,230362080.0,1067216384.0,1144695424.0,2432514304.0,-52.29756546020508,-846.5667724609375,-790485824.0,-1365297920.0,8.817220687866211,28.474903106689453,61.114784240722656,875.0416870117188,106381.3984375,4184.7861328125,146896.296875,166719.28125,124013.75,57.400146484375,39.695068359375,39.695068359375,1.0,4.3753603677032515e-05,8296.9775390625,914289524736.0,0.20135830342769623,137600.0,137600.0,76658576.0,58.633541107177734,6624.71728515625,1.0,0.0,1700.0,250000.0,10000.0,1038.0,0.004999999888241291,400.0,5000.0,0,0,0,0,2959622.5,57.62969970703125,57.62969970703125,1216415.25,2779566.75,0.0,0.0,220281.125,34.041996002197266,6741743.5,0.0,0.0,1.0,1.0,34.041996002197266,275.3855285644531,122.49298095703125,0.0,5957889.0,510609.46875,122.49298095703125,1.0,1.0,1.0,0.0,583.5964965820312,0.0,581.8031005859375,1.0,0.0,7680000.0,282.2757263183594,297.7109069824219,284.8545837402344,0.7793639898300171,2779566.75,304.7424621582031,115.2593994140625,1.779363989830017,0.0,283.0350036621094,1.0,0.0,-7.5742998123168945,0.0,0.0,9.999999974752427e-07,0.0,2.0,0.0003000000142492354,0.004999999888241291,0.0010000000474974513,2.0000000233721948e-07,2.0000000233721948e-07,0.0005555999814532697,993000000.0,1.0,0.05000000074505806,0.10000000149011612,0.0005000000237487257,0.0016700000269338489,0.009999999776482582,1.0,1.0,0.0010000000474974513,4.999999873689376e-05,0.00039999998989515007,0.019999999552965164,0.9891999959945679,0.9891999959945679,0.9950000047683716,0.9950000047683716,1,0,0,0,1,1,0,0,0,0,0,0,0,0,-0.007456978317350149,-7404779.5,5000.11279296875,220281.125,0.0,2546223.0,0.0,1.0,2569281.25,0.0,0.0,60.0,180.0,1800.0,1800.0,0.0,0.0,0.0,0.0,-0.012236599810421467,0.0,0.0,0.0,0.0,0.0,0.0,0.0,0.0,0.0,0.0,0.0,6.602997746085748e-05,0.0,7.006492321624085e-44,1,1,0,1,1,1,1,1,1,1,1,0,1,0,1,1,1,1,0,1,0,1000,2,0,1,5001,13,0.0,0.0,120.0,120.0,0.0,0.0,0.4000000059604645,0.10000000149011612,0.10000000149011612,2.0,500.0,200.0,0.9900000095367432,300000.0,5000.0,45000.0,20000.0,0.019999999552965164,2.0,0.05000000074505806,0.019999999552965164,6.0,0.05000000074505806,0.019999999552965164,0.019999999552965164,88.30000305175781,0.10000000149011612,0.800000011920929,0.05000000074505806,0.009999999776482582,50.0,50.0,340.0,340.0,1000000.0,1,0,0,0,1,1,1,1,1,1,0,0,0,1,1,0,1.0,0.0,0.0,0.0,27.727252960205078,0.0,0.0,0.0,0.9178219437599182,0.9178219437599182,0.9178219437599182,5000.1103515625,3929576.5,3934576.5,50.0,27.614837646484375,0.4000000059604645,0.0,0.0,0.10000000149011612,0.17556624114513397,0.4925430119037628,22164.435546875,20.0,29.202341079711914,777877.125,23.76186752319336,3208.892333984375,721.2236328125,0.777877151966095,0.9175077080726624,9.472372055053711,1.0,3220606.5,3304251.0,9.718385696411133,20.0,0.27629607915878296,27.629608154296875,0.0,636.4223022460938,369.8569030761719,100000.0,50000.0,1115.300048828125,50000.0,700.0,2000.0,2800000.0,3500000.0,4000000.0,9.999999747378752e-05,4.999999873689376e-05,500.0,20000.0,100.0,500.0,60000.0,1200.0,1.0,120.0,150000.0,3000.0,300.0,1.0,300.0,0.019999999552965164,0.019999999552965164,0.009999999776482582,0.009999999776482582,0.009999999776482582,0.019999999552965164,1.100000023841858,0.019999999552965164,4.0,0.019999999552965164,88.0,1613.0,0.009999999776482582,0.20000000298023224,3.0,5.0,600.0,0.0010000000474974513,88.0,88.0,2000.0,2340.0,-0.11599799990653992,-0.03561130166053772,-0.04758000001311302,-0.01752999983727932,1,0,1,0,0,1,1,482.044921875,482.044921875,1.9359130859375,1.9359130859375,0.004477636888623238,23.76186752319336,164.14784240722656,516.9021606445312,996.635009765625,257.4172668457031,257.4172668457031,1.0338134765625,1.0338134765625,627.6802978515625,435.5350036621094,0.0,0.0,2663660.25,20.00048065185547,20.00048065185547,127.43516540527344,127.43516540527344,65320.546875,65320.546875,1.0886757373809814,1.0886757373809814,17.020998001098633,17.020998001098633,24.341875076293945,24.341875076293945,101848.8515625,101848.8515625,24.344507217407227,144.15933227539062,150.23837280273438,2640893.75,20.00048065185547,20.00048065185547,173.13197326660156,173.13197326660156,153.90623474121094,153.90623474121094,643959.125,643959.125,0.0,106.410888671875,106.410888671875,212.8262481689453,158752.328125,158752.328125,1.0583488941192627,1.0583488941192627,186.8061981201172,153.90623474121094,0.0,0.0,0.0,175.0466766357422,175.0466766357422,350.0933532714844,0.0,0.0,0.0,0.0,0.0,175.0466766357422,175.0466766357422,0.026315800845623016,0.0,0.20000000298023224,0.0,0.05021774023771286,0.0,0.0,0.0,0.0,0.9599996209144592,1.0,1.0,1.0,0.9999998211860657,0.9999998211860657,0.9999998211860657,190829.25,193240.1875,0.0,14.750001907348633,0.0,14.750001907348633,7.25,12.0,10.25,296.3810119628906,297.7510070800781,29.5,190824.71875,2846284.0,12224996.0,0.0,0.0,0.0,0.4475884735584259,0.4475884735584259,0.4475884735584259,0.40206992626190186,683654.5,0.9959999918937683,0.9959999918937683,0.9959999918937683,0.9959999918937683,0.0,3110671.75,6779350.5,2243818.5,2606300.0,3809969.0,0.003929576370865107,0.00786915235221386,967.961669921875,7.25,12.0,10.25,0.0,0.0,0.0,0.0,0.0,0.0,516.9066162109375,967.9734497070312,340.5243225097656,340.5243225097656,340.5243225097656,1491.96142578125,1491.96142578125,1491.96142578125,2.992947578430176,0.0,0.8219794034957886,2.993032932281494,5.0,0.0040000081062316895,0.0040000081062316895,0.0040000081062316895,0.0040000081062316895,0.0,-0.4368000030517578,0.0,598589.5,164.14784240722656,164.14784240722656,0.0,20.0,2779310.5,7.25,12.0,10.25,20.0,20.0,20.0,0.0,0.0,0.7926306128501892,0.9211652278900146,10000.0,10000.0,0.011826000176370144,1038.5,0.027953999117016792,0.0,0.0,1.0878000259399414,1.0809999704360962,9.000000136438757e-05,103.0,33.220001220703125,1.8179999589920044,0.029999999329447746,49.0,8.329999923706055,4.159999847412109,58.0,302.0,4.5,0.699999988079071,0.4000000059604645,7.5,1.3799999952316284,2.492000102996826,7000.0,48.88999938964844,1.2000000476837158,45.0,62000.0,4590000.0,4250000.0,15900000.0,15100000.0,0.05000000074505806,0.17000000178813934,0.009999999776482582,15220000.0,1.6699999570846558,312.7799987792969,1.1100000143051147,4232.0,0.25,689000.0,4030000.0,9.829999923706055,8.550000190734863,12200000.0,231.10000610351562,88.3239974975586,633.0,1.1430000066757202,0.6858000159263611,-10.0,-3.7799999713897705,0.7799999713897705,295.5,4030000.0,12400000.0,0.9200000166893005,5.0,1,0,1,228,21,0,0,0,0,1,1,1,1,1,0,0,1,1,0,0,0,0,1,0,0,0,0,1,0,0,0,0,0,0,0,0,1,0,1,8,0,0,1,0,0.05021779239177704,6768001.5,1.0877995491027832,0.22968919575214386,1.0761573314666748,296.54852294921875,7.863375663757324,-0.009102818556129932,1,1,1,0,0,0,1,1,0,0,0,0,0,436,0.20000000298023224,0.20000000298023224,0.20000000298023224,0.0,2,0,0,0,0,0,0,0,0,0,0,0,0,0,0,0,0,0,0,0,0,0,0,0,0,0,0,0,0,0,0,0,0,0,0,0,0,0,0,0,0,0,0,0,0,0,0,0,0,0,0,1,0,0,0,0,0,0,0,0,0,0,0,0,0,0,0,0,0,0,0,0,0,0,0,0,0,0,0,0,0,0,0,0,0,0,0,0,0,0,0,0,0,0,0,0,0,0,0,0,0,0,0,0,0,0,0,0,0,0,0,0,0,0,0,0,0,0,0,0,0,0,0,0,0,0,0,0,0,0,0,0,0,0,0,0,0,0,0,0,0,0,0,1,0,0,0,0,0,0,0,0,0,0,0,-1,0,0,0,0,0,0,1,1,0,0,5.0217790603637695,-4.637808799743652,0.0,-0.5500184297561646,-1.6815581571897805e-44,291.70001220703125,296.54852294921875,331.79278564453125,-0.04072627052664757,99.25792694091797,2666.96826171875,1.0877995491027832,1.0761573314666748,-1.0,-4.8485107421875,6.827850029367255e-06,0.03368872404098511,100.0,27.0,0.0,7.799991607666016,3.918919801712036,1.0,1.0,39.695068359375,0.26544690132141113,20.0,4.3753603677032515e-05,0.0,73.9544677734375,1.7321492433547974,1.8179994821548462,0.00036938843550160527,0.6817498207092285,0.5432465076446533,24.43556022644043,8.919754028320312,9.588890075683594,2.037346839904785,0.0,28.555126190185547,44.898040771484375,284.35162353515625,165.4274139404297,0.9488851428031921,298.5737609863281,40.007659912109375,0.29459047317504883,292.55517578125,292.74359130859375,292.5516357421875,299.9416809082031,301.5548400878906,299.9442443847656,100.0,5.94966983795166,31.905141830444336,121.7713851928711,296.2484130859375,297.14923095703125,296.2479248046875,340.309326171875,37.85481262207031,28.96712875366211,121.7713851928711,0.0,0.21575981378555298,0.2573765814304352,0.21593809127807617,78.73955535888672,79.04295349121094,78.65441131591797,69.06378173828125,69.07581329345703,69.06136322021484,30.01096534729004,30.67437744140625,29.877567291259766,97.81945037841797,96.66402435302734,97.62271881103516,36.89999771118164,43.19999694824219,26.099998474121094,284.61224365234375,297.2965087890625,281.99664306640625,29.0,0.0,48.0,0.0,0.0,0.0,0.04017419368028641,0.0,0.0,41.0,78.36749267578125,68.79342651367188,186.8061981201172,36.52043151855469,9.999999974752427e-07,22.896148681640625,0.0,144.15933227539062,0.0,721.2236328125,40.1488151550293,23.76186752319336,0.0,9.472372055053711,77.78771209716797,1.0,0.9718385934829712,20.0,0.0,60.0,120.0,0.0,120.0,0.0,0.0,0.0,0.0,18.09010887145996,89.19754028320312,2.0,200.0,0,0,0,0,0,0,0,0,0,0,21,0,99999,99999,26,402,1800,180,1800,0,0,-7,5,23,0,0,0,806,1424,29,31,32,0,1,0,1,0,1,0,0,1,0,0,0,0,0,1,0,0,0,0,1,0,0,0,1,0,0,0,1,0,0,0,0,0,0,0,0,0,0,0,0,1,0,1,0,0,1,1,0,0,1,1,0,1,0,0,0,1,1,0,1,1,1,0,0,1,1,1,0,0,1,1,0,1,0,0,0,0,1,1,1,0,1,0,0,0,1,0,0,0,0,0,0,1,0,0,1,1,1,0,0,1,1,1,1,1,0,1,0,0,0,1,0,1,1,1,0,0,1,0,0,0,0,0,1,1,1,0,0,0,0,0,0,0,1,0,1,0,1,0,1,0,1,0,0,0,0,0,0,0,0,1,1,1,1,0,1,0,1,1,1,1,1,1,1,0,0,0,0,0,0,1,0,1,1,1,1,1,1,1,1,1,1,1,1,0,0,1,1,0,0,1,1,0,1,1,0,0,1,1,1,0,0,0,0,1,1,1,1,0,0,1,1,1,0,0,1,0,0,1,0,1,1,0,1,1,1,1,1,1,1,1,0,1,0,0,0,0,0,0,0,0,0,0,1,0,0,1,0,0,0,0,0,1,1,1,1,0,0,0,1,0,0,0,0,0,1,0,0,1,0,0,0,0,0,0,0,0,0,0,0,0,1,0,0,0,0,1,0,0,0,1,0,0,0,0,0,0,0,0,0,1,0,0,0,0,0,0,1,0,1,0,1,1,0,0,0,0,0,0,1,0,0,0,0,0,0,1,0,1,0,0,1,0,0,0,0,1,0,0,0,0,0,0,0,0,0,0,0,0,0,0,0,0,0,0,0,0,0,0,0,0,0,0,0,0,0,0,0,0,0,0,0,0,0,0,0,0,0,0,0,0,0,0,0,0,0,0,0,0,0,0,1,0,1,0,0,0,0,0,1,0,0,0,0,0,0,0,0,0,0,0,0,0,0,0,1,0,0,0,0,0,0,0,0,0,0,0,0,0,0,1,0,0,0,0,0,0,0,0,0,0,1,0,0,0,0,0,0,0,0,0,0,0,0,0,0,0,0,0,0,0,0,0,0,0,0,0,0,0,1,0,0,0,0,0,0,1,1,1,0,0,0,0,0,0,-1,0,0,0,0,0,0,0,0,-1,0,0,-1,0,0,0,0,0,0,0,0,0,0,0,0,0,0,0,0,0,0,1,0,0,0,0,0,0,0,0,0,0,0,0,0,0,0,0,1,1,0,-1,-1,-1,1,1,1,0,0,0,0,1,0,0,1,1,0,0,0,0,1,0,0,0,0,0,0,0,0,0,0,0,0,0,0,0,0,0,0,0,0,0,0,0,0,0,0,0,0,0,1,1,0,1,0,1,1,0,1,0,1,1,0,1,0,0,1,0,0,0,0,0,0,0,0,0,0,0,0,0,0,0,0,0,0,0,0,0,0,0,0,0,0
0,1,1,300,228,8,8,228,114,25,1,0,0.0020000000949949026,4000.0,1.0,0.04500000178813934,25.0,48.0,8.0,291.70001220703125,1.7000000476837158,-3.179999907843012e-07,0.007360000163316727,0.008080000057816505,8.0,0.33000001311302185,0.0333000011742115,1.0,9.999999747378752e-06,21.0,9.999999747378752e-06,2775000064.0,9.000000136438757e-05,4.999999980020986e-13,5.0,40.0,3.0,-3.3499999046325684,3.3499999046325684,0.5,0.0004799999878741801,292.3927001953125,492.6077880859375,-0.0036125299520790577,0.002354159951210022,0.0008944629807956517,0.013157900422811508,0.800646185874939,0.02024419978260994,2650129920.0,0.006539999973028898,0,0,0,0,0,0,0,0,0,0,0,0,0,0,0,0,0,0,0,0,0,0,0,0,0,0,0,0,0,0,0,0,0,0,0,0,0,0,0,0,0,0,0,0,0,0,0,0,0,0,0,0,0,1,4,4,0,0,0,0,0,0,0,0,2,0,0.0004018520121462643,293.19781494140625,319.12847900390625,324.202880859375,329.5057373046875,334.6453857421875,342.8680114746094,345.3082275390625,346.62640380859375,346.5660095214844,345.3300476074219,343.0983581542969,339.870849609375,336.2214050292969,332.486572265625,329.0028381347656,325.76922607421875,323.05657958984375,320.8155822753906,318.97119140625,317.4083557128906,316.080322265625,314.9278564453125,313.8782958984375,312.8589782714844,311.79730224609375,0.020086247473955154,0.04817240685224533,0.7717131972312927,-0.04069092124700546,0.7561298608779907,0.8921547532081604,4728.87109375,1.5885100310697453e-06,0.23851999640464783,0.031530313193798065,0.047761235386133194,0.04895823448896408,0.017758440226316452,1.0,-1.6815581571897805e-44,-4.660174369812012,0.0,99.25680541992188,2667.06787109375,0.9443994760513306,330.0044250488281,0.0,-72.0,-52.22700500488281,0.6000000238418579,0.0,291.70001220703125,280657.46875,-0.5499513745307922,6.306277275085449,130.28829956054688,10.0,7750000.0,8160000.0,86.12000274658203,119.0999984741211,0.5,9.999999747378752e-05,0.0,3.299999952316284,200.0,0.30000001192092896,309.20001220703125,2.439019908706541e-06,0,0,0,1,1,1,0,24,0,295.9823303222656,0.0,0.0,0.0,0.0,0.0,0.0,0.9278554916381836,0.8671739101409912,0.522076427936554,0.20288953185081482,0.020717551931738853,0.019626183435320854,0.2971104681491852,0.30549538135528564,0.29844701290130615,1.0,25.0,24.0,6726627.0,6728071.0,6726862.5,292.00482177734375,292.216552734375,292.00726318359375,299.35406494140625,300.959228515625,299.35198974609375,4400000.0,295.679443359375,296.587890625,295.67962646484375,7.3492431640625,8.74267578125,7.3447265625,298.2034912109375,4496.666015625,4445.24951171875,4505.47021484375,11.2865629196167,11.346478462219238,11.298879623413086,25.909820556640625,0.0,0.0,0.0020000000949949026,292.0762023925781,299.888427734375,-152.31593322753906,0.963159441947937,0.991020917892456,0.9675064086914062,224.25025939941406,39.0,40.0,42.0,41.0,0.0,0.0,6705987.0,6679414.5,58.40275573730469,5.0,0.014999999664723873,-180000.0,600.0,1000000.0,400000.0,0.17000000178813934,22000.0,786000.0,120000.0,0.0,40.0,30.0,36.810001373291016,0.5,18.399999618530273,50000.0,115692.3984375,15.113750457763672,0,0,1,0,0,0,0,11837772.0,0.0,0.0,0.0,0.0,0.0,-3530583.0,400000.0,1000000.0,1.0,1400000.0,0.0,0.3751771152019501,11869417.0,126869.6328125,11837772.0,340.31036376953125,40.007659912109375,3.7350730895996094,-3530583.0,0.0,0.0,0.0,2.8712987899780273,40.007659912109375,0.0,22230.939453125,1.2010046243667603,0.0,0.0,0.0,20.0,14.711517333984375,22.0,0.0,0.0,0.0,0.05000000074505806,0.02500000037252903,0.17000000178813934,15400000.0,0.5,6.25,0.0006667000125162303,2.0,2410000.0,4140000.0,4.734799861907959,0.15000000596046448,0.20000000298023224,0.2199999988079071,1.0,0.0,-1.0,0.0,5.0,20.0,30.0,50.0,74.0,80.0,86.0,9.800000190734863,500000.0,1.0499999802959792e-07,0.5,750.0,1000.0,600.0,1000.0,1150.0,32.0,32.0,37.400001525878906,10.0,10.0,0.007000000216066837,0.5049999952316284,82.0,189.26499938964844,0.0,1.5099999904632568,231.60000610351562,20.0,36.0,16.600000381469727,16.5,225.0,-0.1756729930639267,27.5,-0.1756729930639267,30.485509872436523,0.1561516970396042,11.10221004486084,-1.8332500457763672,-75.0,4.3520002365112305,13.857000350952148,189.26499938964844,93.30000305175781,2650000.0,0.8500000238418579,7.570000171661377,0,1,1,0,0,0,0,0,0,0,0,1,3,3,0,0,1,0,0,0,0,1,0,1,1,0,0,0,1,1,1,0,0,0,0,0,0,0,0,1,0,0,0,1,0,1,1,0,0,1,12.050816535949707,29049.76953125,2153.697509765625,0.0004148363950662315,0.0004361289902590215,0.0006248649442568421,0.29999983310699463,0.29999983310699463,0.0,0.0,0.0,0.0,0.6017317175865173,1.0,0.0,0.0,0.7500001192092896,1.0,0.0,0.0,1.0,1.0,0.0,1.0,0.24999983608722687,0.0,0.7500001192092896,0.24999983608722687,0.0,0.5281689763069153,0.6058984994888306,0.0006248649442568421,0.0,0.00061923818429932,0.0,99998.78125,99999.0,2329225.25,2410000.0,36.20000076293945,36.20000076293945,36.20000076293945,32.5376091003418,283.99481201171875,180.0633087158203,25.47528076171875,25.629796981811523,35.352203369140625,27.0,26.454023361206055,27.0,31.71184730529785,32.0,20.0,68.57752227783203,3446663.25,0.5432465076446533,7.559999942779541,0.2784968614578247,8.919754028320312,0.0,0.0,11.005288124084473,1.401298464324817e-45,2.1875052452087402,2.1875052452087402,0.5049998760223389,0.5049998760223389,0.5049998760223389,0.18937495350837708,0.18937495350837708,0.18937495350837708,0.0,3.6684255599975586,3.6684255599975586,3.6684255599975586,0.0,0.0,9.074999809265137,0.0,0.0,0.0,0.0,0.0,0.0,100.0,73.96058654785156,0.31129753589630127,0.0,20.0,8.46284008026123,2.1875052452087402,0.37820079922676086,0.0,0.0,0.0,0.007000000216066837,0.0,0.0,9.489648818969727,0.0,1.7322098016738892,1.401298464324817e-45,1.2253715991973877,0.0,0.0,0.0,0.0,0.0,0.0,20.0,0.0,0.0,11540450.0,0.0,0.0,0.0,0.0,0.0,0.0,0.0,0.351500004529953,18.93000030517578,23.030000686645508,7.69199959904654e-06,0.08500000089406967,0.009999999776482582,24.0,27.0,8.800000190734863,500000.0,0.05000000074505806,2.7000000013543968e-09,2.7000000013543968e-09,145100.0,120000.0,14650000.0,86400.0,17.0,34.5,48.70000076293945,321.8999938964844,83170.0,0.0,1.0,1.0,0.0010000000474974513,725.0,0.0,0.5,0.0,0.0,57.31999969482422,837142.875,9359.77734375,117376.1015625,2623.89794921875,83026.390625,725.0,1.0204100362898316e-05,740000000.0,1,0,1,0,1,1,0,0,1,0,0,8.799991607666016,27.0,4403.15576171875,0.0,0.0,0.0,0.0,1.768880009651184,0.00040172337321564555,0.0,0.033869072794914246,39.70396423339844,1.0,26016.609375,8338.892578125,4.398789315018803e-05,226675056.0,1052808192.0,1129503744.0,2436021760.0,-48.37866973876953,-847.8677368164062,-788441152.0,-1383213440.0,12.230648040771484,28.474903106689453,60.60932159423828,876.3426513671875,106381.3984375,4186.65966796875,146917.875,166756.65625,124016.609375,57.800148010253906,39.70396423339844,39.70396423339844,1.0,4.398789315018803e-05,8338.892578125,911541207040.0,0.20138931274414062,137600.0,137600.0,76465584.0,58.5730094909668,6627.52392578125,1.0,0.0,1700.0,250000.0,10000.0,1038.0,0.004999999888241291,400.0,5000.0,0,0,0,0,2959622.5,57.399410247802734,57.399410247802734,1216415.25,2779953.0,0.0,0.0,210694.28125,30.079505920410156,6700156.5,0.0,0.0,1.0,1.0,30.079505920410156,275.3855285644531,121.06320190429688,0.0,5957889.0,504421.5,121.06320190429688,1.0,1.0,1.0,0.0,580.0068969726562,0.0,578.2116088867188,1.0,0.0,7680000.0,282.6990966796875,298.3454284667969,285.25469970703125,0.7966618537902832,2779953.0,309.47198486328125,114.79882049560547,1.7966618537902832,0.0,282.61846923828125,1.0,0.0,-7.5742998123168945,0.0,0.0,9.999999974752427e-07,0.0,2.0,0.0003000000142492354,0.004999999888241291,0.0010000000474974513,2.0000000233721948e-07,2.0000000233721948e-07,0.0005555999814532697,993000000.0,1.0,0.05000000074505806,0.10000000149011612,0.0005000000237487257,0.0016700000269338489,0.009999999776482582,1.0,1.0,0.0010000000474974513,4.999999873689376e-05,0.00039999998989515007,0.019999999552965164,0.9891999959945679,0.9891999959945679,0.9950000047683716,0.9950000047683716,1,0,0,0,1,1,0,0,0,0,0,0,0,0,-0.007456978317350149,-7404779.5,5000.10791015625,210694.28125,0.0,2546223.0,0.0,1.0,2569281.25,0.0,0.0,60.0,180.0,1800.0,1800.0,0.0,0.0,0.0,0.0,-0.012236599810421467,0.0,0.0,0.0,0.0,0.0,0.0,0.0,0.0,0.0,0.0,0.0,6.602997746085748e-05,0.0,7.006492321624085e-44,1,1,0,1,1,1,1,1,1,1,1,0,1,0,1,1,1,1,0,1,0,1000,3,0,1,5001,15,0.0,0.0,120.0,120.0,0.0,0.0,0.4000000059604645,0.10000000149011612,0.10000000149011612,2.0,500.0,200.0,0.9900000095367432,300000.0,5000.0,45000.0,20000.0,0.019999999552965164,2.0,0.05000000074505806,0.019999999552965164,6.0,0.05000000074505806,0.019999999552965164,0.019999999552965164,88.30000305175781,0.10000000149011612,0.800000011920929,0.05000000074505806,0.009999999776482582,50.0,50.0,340.0,340.0,1000000.0,1,0,0,0,1,1,1,1,1,1,0,0,0,1,1,0,1.0,0.0,0.0,0.0,27.727251052856445,0.0,0.0,0.0,0.9178072214126587,0.9178072214126587,0.9178072214126587,5000.10595703125,3932003.25,3937003.25,50.0,27.614810943603516,0.4000000059604645,0.0,0.0,0.10000000149011612,0.17448323965072632,0.4925430119037628,22164.435546875,20.0,29.202341079711914,777827.625,23.62288475036621,3186.360107421875,721.2236328125,0.7778276205062866,0.917477548122406,9.472345352172852,1.0,3220597.5,3304239.0,9.71834945678711,20.0,0.27632713317871094,27.632713317871094,0.0,636.4223022460938,378.3612976074219,100000.0,50000.0,1115.300048828125,50000.0,700.0,2000.0,2800000.0,3500000.0,4000000.0,9.999999747378752e-05,4.999999873689376e-05,500.0,20000.0,100.0,500.0,60000.0,1200.0,1.0,120.0,150000.0,3000.0,300.0,1.0,300.0,0.019999999552965164,0.019999999552965164,0.009999999776482582,0.009999999776482582,0.009999999776482582,0.019999999552965164,1.100000023841858,0.019999999552965164,4.0,0.019999999552965164,88.0,1613.0,0.009999999776482582,0.20000000298023224,3.0,5.0,600.0,0.0010000000474974513,88.0,88.0,2000.0,2340.0,-0.11599799990653992,-0.03561130166053772,-0.04758000001311302,-0.01752999983727932,1,0,1,0,0,1,1,477.14263916015625,477.14263916015625,1.916229248046875,1.916229248046875,0.0043076882138848305,23.62288475036621,164.14527893066406,497.6010437011719,990.70263671875,247.80531311035156,247.80531311035156,0.995208740234375,0.995208740234375,603.8250122070312,423.7419128417969,0.0,0.0,2663660.25,20.00048065185547,20.00048065185547,125.43891143798828,125.43891143798828,65284.65625,65284.65625,1.0880775451660156,1.0880775451660156,15.039752960205078,15.039752960205078,24.28404426574707,24.28404426574707,101606.8828125,101606.8828125,24.286569595336914,142.6729278564453,149.10604858398438,2640773.0,20.00048065185547,20.00048065185547,172.55227661132812,172.55227661132812,153.41177368164062,153.41177368164062,641890.25,641890.25,0.0,105.69305419921875,105.69305419921875,211.39041137695312,158705.390625,158705.390625,1.058035969734192,1.058035969734192,185.65969848632812,153.41177368164062,0.0,0.0,0.0,174.10791015625,174.10791015625,348.2158203125,0.0,0.0,0.0,0.0,0.0,174.10791015625,174.10791015625,0.026315800845623016,0.0,0.20000000298023224,0.0,0.0,0.0,0.0,0.0,0.0,0.9599996209144592,1.0,1.0,1.0,0.9999998211860657,0.9999998211860657,0.9999998211860657,190828.984375,193239.828125,0.0,14.750001907348633,0.0,14.750001907348633,7.25,12.0,10.25,296.3810119628906,297.7510070800781,29.5,190824.890625,3225237.75,12224996.0,0.0,0.0,0.0,0.41249752044677734,0.41249752044677734,0.41249752044677734,0.4003586769104004,664455.3125,0.9959999918937683,0.9959999918937683,0.9959999918937683,0.9959999918937683,1555733.625,3141643.25,6680355.5,2158844.25,2606300.0,3798496.0,0.003932002931833267,0.007874006405472755,958.1177368164062,7.25,12.0,10.25,0.0,0.0,0.0,0.0,0.0,0.0,497.6053466796875,958.1295166015625,339.7460632324219,339.7460632324219,339.7460632324219,169.0528564453125,169.0528564453125,169.0528564453125,2.992791175842285,0.0,0.8191423416137695,2.9928669929504395,5.0,0.0040000081062316895,0.0040000081062316895,0.0040000081062316895,0.0040000081062316895,0.0,-0.4368000030517578,0.0,598558.25,164.14527893066406,164.14527893066406,0.0,20.0,2779700.25,7.25,12.0,10.25,20.0,20.0,20.0,0.0,0.0,0.7926306128501892,0.9211652278900146,10000.0,10000.0,0.011826000176370144,1038.5,0.027953999117016792,0.0,0.0,1.0878000259399414,1.0809999704360962,9.000000136438757e-05,103.0,33.220001220703125,1.8179999589920044,0.029999999329447746,49.0,8.329999923706055,4.159999847412109,58.0,302.0,4.5,0.699999988079071,0.4000000059604645,7.5,1.3799999952316284,2.492000102996826,7000.0,48.88999938964844,1.2000000476837158,45.0,62000.0,4590000.0,4250000.0,15900000.0,15100000.0,0.05000000074505806,0.17000000178813934,0.009999999776482582,15220000.0,1.6699999570846558,312.7799987792969,1.1100000143051147,4232.0,0.25,689000.0,4030000.0,9.829999923706055,8.550000190734863,12200000.0,231.10000610351562,88.3239974975586,633.0,1.1430000066757202,0.6858000159263611,-10.0,-3.7799999713897705,0.7799999713897705,295.5,4030000.0,12400000.0,0.9200000166893005,5.0,1,0,1,228,21,0,0,0,0,1,1,1,1,1,0,0,1,1,0,0,0,0,1,0,0,0,0,1,0,0,0,0,0,0,0,0,1,0,1,8,0,0,1,0,0.047761235386133194,6726627.0,1.0877995491027832,0.2281137853860855,1.0797315835952759,296.1689758300781,7.809441566467285,-0.008030449971556664,1,1,1,0,0,0,1,1,0,0,0,0,0,438,0.20000000298023224,0.20000000298023224,0.20000000298023224,0.0,2,0,0,0,0,0,0,0,0,0,0,0,0,0,0,0,0,0,0,0,0,0,0,0,0,0,0,0,0,0,0,0,0,0,0,0,0,0,0,0,0,0,0,0,0,0,0,0,0,0,0,1,0,0,0,0,0,0,0,0,0,0,0,0,0,0,0,0,0,0,0,0,0,0,0,0,0,0,0,0,0,0,0,0,0,0,0,0,0,0,0,0,0,0,0,0,0,0,0,0,0,0,0,0,0,0,0,0,0,0,0,0,0,0,0,0,0,0,0,0,0,0,0,0,0,0,0,0,0,0,0,0,0,0,0,0,0,0,0,0,0,0,0,1,0,0,0,0,0,0,0,0,0,0,0,-1,0,0,0,0,0,0,1,1,0,0,4.776123523712158,-4.660174369812012,0.0,-0.5499513745307922,-1.6815581571897805e-44,291.70001220703125,296.1689758300781,330.0044250488281,-0.04069092124700546,99.25680541992188,2667.06787109375,1.0877995491027832,1.0797315835952759,-1.0,-4.468963623046875,6.827850029367255e-06,0.033869072794914246,100.0,27.0,0.0,7.799991607666016,3.9211084842681885,1.0,1.0,39.70396423339844,0.2654761075973511,20.0,4.398789315018803e-05,0.0,73.96058654785156,1.7322098016738892,1.8179994821548462,0.00036938843550160527,0.6817498207092285,0.5432465076446533,23.767648696899414,8.919754028320312,7.87501859664917,1.0025886297225952,0.0,25.47528076171875,44.898040771484375,283.99481201171875,180.0633087158203,0.948505699634552,298.3216857910156,40.007659912109375,0.29459047317504883,292.19757080078125,292.40020751953125,292.19482421875,299.5365295410156,301.1459045410156,299.5387268066406,100.0,6.38795804977417,31.12975311279297,121.1167221069336,295.8670654296875,296.7730712890625,295.86676025390625,340.3099365234375,37.5177116394043,28.79717254638672,121.1167221069336,0.0,0.2143709808588028,0.25546181201934814,0.21451538801193237,78.6256103515625,78.94810485839844,78.54010772705078,68.6415786743164,68.65391540527344,68.63917541503906,29.844701766967773,30.549537658691406,29.71104621887207,97.90557861328125,96.64615631103516,97.7125015258789,36.89999771118164,43.19999694824219,26.099998474121094,285.0711669921875,298.0357360839844,282.4845275878906,29.0,0.0,48.0,0.0,0.0,0.0,0.0,0.0,0.0,41.0,78.36749267578125,68.36907196044922,185.65969848632812,36.29580307006836,9.999999974752427e-07,22.029064178466797,0.0,142.6729278564453,0.0,721.2236328125,40.17357635498047,23.62288475036621,0.0,9.472345352172852,77.78276062011719,1.0,0.9718349575996399,20.0,0.0,60.0,120.0,0.0,120.0,0.0,0.0,0.0,0.0,18.09010887145996,89.19754028320312,2.0,200.0,0,0,0,0,0,0,0,0,0,0,21,0,99999,99999,26,402,1800,180,1800,0,0,-7,4,23,0,0,0,806,1424,29,31,32,0,1,0,1,0,1,0,0,1,0,0,0,0,0,1,0,0,0,0,1,0,0,0,1,0,0,0,1,0,0,0,0,0,0,0,0,0,0,0,0,1,0,1,0,0,1,1,0,0,1,1,0,1,0,0,0,1,1,0,1,0,1,0,0,0,1,0,0,0,1,1,0,1,0,0,0,0,0,1,0,0,1,0,0,0,1,0,0,0,0,0,0,1,0,0,1,1,1,0,0,1,0,1,1,1,0,1,0,0,0,1,0,1,1,1,0,0,1,0,0,0,0,0,1,1,1,0,0,0,0,0,0,0,1,0,1,0,1,0,1,0,1,0,0,0,0,0,0,0,0,1,1,1,1,0,1,0,1,1,1,1,1,1,1,0,0,0,0,0,0,1,0,1,1,1,1,1,1,1,1,1,1,1,0,0,0,1,1,0,0,1,1,0,1,1,0,0,1,1,1,0,0,0,0,1,1,1,1,0,0,1,1,1,0,0,1,0,0,1,0,1,1,0,1,1,1,1,1,1,1,1,0,1,0,0,0,0,0,0,0,0,0,0,1,0,0,1,0,0,0,0,0,1,0,0,1,0,0,0,0,0,0,0,0,0,0,0,0,0,0,0,0,0,0,0,0,0,0,0,0,0,1,0,0,0,0,1,0,0,0,1,0,0,0,0,0,0,0,0,0,0,0,0,0,0,0,0,0,0,0,0,0,0,0,0,0,0,0,0,0,0,0,0,0,0,0,1,0,0,0,0,0,0,0,0,0,0,0,0,0,0,0,0,0,0,0,0,0,0,0,0,0,0,0,0,0,0,0,0,0,0,0,0,0,0,0,0,0,0,0,0,0,0,0,0,0,0,0,0,0,0,0,0,0,0,0,0,0,0,0,0,1,0,1,0,0,0,0,0,1,0,0,0,0,0,0,0,0,0,0,0,0,0,0,0,1,0,0,0,0,0,0,0,0,0,0,0,0,0,0,1,0,0,0,0,0,0,0,0,0,0,1,0,0,0,0,0,0,0,0,0,0,0,0,0,0,0,0,0,0,0,0,0,0,0,0,0,0,0,1,0,0,0,0,0,0,1,1,1,0,0,0,0,0,0,-1,0,0,0,0,0,0,0,0,-1,0,0,-1,0,0,0,0,0,0,0,0,0,0,0,0,0,0,0,0,0,0,1,0,0,0,0,0,0,0,0,0,0,0,0,0,0,0,0,1,1,0,-1,-1,-1,1,1,1,0,0,0,0,1,0,0,1,1,0,0,0,0,1,0,0,0,0,0,0,0,0,0,0,0,0,0,0,0,0,0,0,0,0,0,0,0,0,0,0,0,0,0,1,1,0,1,0,1,1,0,1,0,1,1,0,1,0,0,1,0,0,0,0,0,0,0,0,0,0,0,0,0,0,0,0,0,0,0,0,0,0,0,0,0,0
0,1,1,300,228,8,8,228,114,25,1,0,0.0020000000949949026,4000.0,1.0,0.04500000178813934,25.0,48.0,8.0,291.70001220703125,1.7000000476837158,-3.179999907843012e-07,0.007360000163316727,0.008080000057816505,8.0,0.33000001311302185,0.0333000011742115,1.0,9.999999747378752e-06,21.0,9.999999747378752e-06,2775000064.0,9.000000136438757e-05,4.999999980020986e-13,5.0,40.0,3.0,-3.3499999046325684,3.3499999046325684,0.5,0.0004799999878741801,292.3927001953125,492.6077880859375,-0.0036125299520790577,0.002354159951210022,0.0008944629807956517,0.013157900422811508,0.800646185874939,0.02024419978260994,2650129920.0,0.006539999973028898,0,0,0,0,0,0,0,0,0,0,0,0,0,0,0,0,0,0,0,0,0,0,0,0,0,0,0,0,0,0,0,0,0,0,0,0,0,0,0,0,0,0,0,0,0,0,0,0,0,0,0,0,0,1,4,4,0,0,0,0,0,0,0,0,2,0,0.0004018520121462643,292.9671630859375,317.525146484375,322.13470458984375,326.9480285644531,331.61578369140625,339.1175537109375,341.3843994140625,342.6662292480469,342.7090759277344,341.6860046386719,339.7512512207031,336.91595458984375,333.67529296875,330.33270263671875,327.191650390625,324.26983642578125,321.79541015625,319.72344970703125,317.98724365234375,316.48748779296875,315.1836853027344,314.02630615234375,312.9546813964844,311.9083557128906,310.8266906738281,0.0206416305154562,0.04657043516635895,0.7717003226280212,-0.04063324257731438,0.7561607956886292,0.8871520757675171,4491.484375,1.5065339766806574e-06,0.2341098189353943,0.029958900064229965,0.044497523456811905,0.04553520679473877,0.018119361251592636,1.0,-1.6815581571897805e-44,-4.691652297973633,0.0,99.2551498413086,2667.216064453125,0.9444381594657898,327.6800537109375,0.0,-8.0,-51.90422821044922,0.20000000298023224,0.0,291.70001220703125,280658.03125,-0.5498688220977783,6.302339553833008,130.28829956054688,10.0,7750000.0,8160000.0,86.12000274658203,119.0999984741211,0.5,9.999999747378752e-05,0.0,3.299999952316284,200.0,0.30000001192092896,309.20001220703125,2.439019908706541e-06,0,0,0,1,1,1,0,24,0,295.43426513671875,0.0,0.0,0.0,0.0,0.0,0.0,0.9324065446853638,0.8671578168869019,0.5224032998085022,0.2050016224384308,0.022740425541996956,0.021562518551945686,0.2949983775615692,0.30390381813049316,0.2963370680809021,1.0,25.0,24.0,6664984.5,6666459.5,6665218.0,291.4012451171875,291.6292724609375,291.40283203125,298.85809326171875,300.45794677734375,298.856201171875,4400000.0,295.1296691894531,296.0436096191406,295.1295166015625,7.45684814453125,8.82867431640625,7.453369140625,297.86602783203125,4502.8115234375,4444.8154296875,4511.357421875,11.265604972839355,11.328609466552734,11.277978897094727,25.61737060546875,0.0,0.0,0.0020000000949949026,291.477783203125,299.3907470703125,-150.63497924804688,0.956771731376648,0.9861841201782227,0.9611233472824097,230.17161560058594,39.0,40.0,42.0,41.0,0.0,0.0,6644686.0,6617817.0,58.36322021484375,5.0,0.014999999664723873,-180000.0,600.0,1000000.0,400000.0,0.17000000178813934,22000.0,786000.0,120000.0,0.0,40.0,30.0,36.810001373291016,0.5,18.399999618530273,50000.0,115692.3984375,15.113750457763672,0,0,1,0,0,0,0,11744271.0,0.0,0.0,0.0,0.0,0.0,-3624780.0,400000.0,1000000.0,1.0,1400000.0,0.0,0.37019219994544983,11775220.0,126869.6328125,11744271.0,340.3111572265625,40.007659912109375,3.6854476928710938,-3624780.0,0.0,0.0,0.0,2.8462796211242676,40.007659912109375,0.0,22230.939453125,1.2010046243667603,0.0,0.0,0.0,20.0,14.711517333984375,22.0,0.0,0.0,0.0,0.05000000074505806,0.02500000037252903,0.17000000178813934,15400000.0,0.5,6.25,0.0006667000125162303,2.0,2410000.0,4140000.0,4.734799861907959,0.15000000596046448,0.20000000298023224,0.2199999988079071,1.0,0.0,-1.0,0.0,5.0,20.0,30.0,50.0,74.0,80.0,86.0,9.800000190734863,500000.0,1.0499999802959792e-07,0.5,750.0,1000.0,600.0,1000.0,1150.0,32.0,32.0,37.400001525878906,10.0,10.0,0.007000000216066837,0.5049999952316284,82.0,189.26499938964844,0.0,1.5099999904632568,231.60000610351562,20.0,36.0,16.600000381469727,16.5,225.0,-0.1756729930639267,27.5,-0.1756729930639267,30.485509872436523,0.1561516970396042,11.10221004486084,-1.8332500457763672,-75.0,4.3520002365112305,13.857000350952148,189.26499938964844,93.30000305175781,2650000.0,0.8500000238418579,7.570000171661377,0,1,1,0,0,0,0,0,0,0,0,1,3,3,0,0,1,0,0,0,0,1,0,1,1,0,0,0,1,1,1,0,0,0,0,0,0,0,0,1,0,0,0,1,0,1,1,0,0,1,12.051180839538574,29050.6796875,2153.69384765625,0.0004148355219513178,0.0004361289902590215,0.0006248649442568421,0.14999984204769135,0.14999984204769135,0.0,0.0,0.0,0.0,0.6000968217849731,1.0,0.0,0.0,0.9000001549720764,1.0,0.0,0.0,1.0,1.0,0.0,1.0,0.09999984502792358,0.0,0.9000001549720764,0.09999984502792358,0.0,0.504842221736908,0.5992353558540344,0.0006248649442568421,0.0,0.0006211284780874848,0.0,99998.78125,99999.0,2226354.25,2410000.0,36.20000076293945,36.20000076293945,36.20000076293945,32.533416748046875,283.4072265625,205.0067138671875,22.803342819213867,24.84589385986328,33.649932861328125,27.0,26.141645431518555,27.0,31.808652877807617,32.0,20.0,68.57752227783203,3446657.0,0.5432465076446533,7.559999942779541,0.0,8.919754028320312,0.0,0.0,16.62352752685547,1.401298464324817e-45,1.4629709720611572,1.4629709720611572,0.5049998760223389,0.5049998760223389,0.5049998760223389,0.18937495350837708,0.18937495350837708,0.18937495350837708,0.0,5.541170120239258,5.541170120239258,5.541170120239258,0.0,0.0,9.074999809265137,0.0,0.0,0.0,0.0,0.0,0.0,100.0,73.9681625366211,0.2999831438064575,0.0,20.0,14.961177825927734,1.4629709720611572,0.11028321832418442,0.0,0.0,0.0,0.007000000216066837,0.0,0.0,9.120676040649414,0.0,1.7322847843170166,0.0,0.946874737739563,0.0,0.0,0.0,0.0,0.0,0.0,20.0,0.0,0.0,11446483.0,0.0,0.0,0.0,0.0,0.0,0.0,0.0,0.351500004529953,18.93000030517578,23.030000686645508,7.69199959904654e-06,0.08500000089406967,0.009999999776482582,24.0,27.0,8.800000190734863,500000.0,0.05000000074505806,2.7000000013543968e-09,2.7000000013543968e-09,145100.0,120000.0,14650000.0,86400.0,17.0,34.5,48.70000076293945,321.8999938964844,83170.0,0.0,1.0,1.0,0.0010000000474974513,725.0,0.0,0.5,0.0,0.0,57.31999969482422,837142.875,9359.77734375,117376.1015625,2623.89794921875,83026.390625,725.0,1.0204100362898316e-05,740000000.0,1,0,1,0,1,1,0,0,1,0,0,8.799991607666016,27.0,4438.28955078125,0.0,0.0,0.0,0.0,1.7829984426498413,0.000401724420953542,0.0,0.03413932025432587,39.71706008911133,1.0,26020.796875,8401.716796875,4.433895446709357e-05,221590720.0,1037859264.0,1113419776.0,2438848768.0,-42.32097625732422,-848.7053833007812,-787177408.0,-1400989568.0,17.570384979248047,28.474903106689453,59.891361236572266,877.1802978515625,106381.3984375,4189.42138671875,146950.234375,166811.65625,124020.796875,58.400150299072266,39.71706008911133,39.71706008911133,1.0,4.433895446709357e-05,8401.716796875,907504189440.0,0.20143575966358185,137600.0,137600.0,76224016.0,58.531036376953125,6631.65966796875,1.0,0.0,1700.0,250000.0,10000.0,1038.0,0.004999999888241291,400.0,5000.0,0,0,0,0,2959622.5,57.05569839477539,57.05569839477539,1216415.25,2780512.0,0.0,0.0,197704.703125,24.98355484008789,6638210.0,0.0,0.0,1.0,1.0,24.98355484008789,275.3855285644531,119.04156494140625,0.0,5957889.0,495684.4375,119.04156494140625,1.0,1.0,1.0,0.0,574.63623046875,0.0,572.8616943359375,1.0,0.0,7680000.0,283.15875244140625,298.9808349609375,285.66839599609375,0.8200994729995728,2780512.0,315.47259521484375,114.11139678955078,1.8200994729995728,0.0,281.9970397949219,1.0,0.0,-7.5742998123168945,0.0,0.0,9.999999974752427e-07,0.0,2.0,0.0003000000142492354,0.004999999888241291,0.0010000000474974513,2.0000000233721948e-07,2.0000000233721948e-07,0.0005555999814532697,993000000.0,1.0,0.05000000074505806,0.10000000149011612,0.0005000000237487257,0.0016700000269338489,0.009999999776482582,1.0,1.0,0.0010000000474974513,4.999999873689376e-05,0.00039999998989515007,0.019999999552965164,0.9891999959945679,0.9891999959945679,0.9950000047683716,0.9950000047683716,1,0,0,0,1,1,0,0,0,0,0,0,0,0,-0.007456978317350149,-7404779.5,5000.10205078125,197704.703125,0.0,2546223.0,0.0,1.0,2569281.25,0.0,0.0,60.0,180.0,1800.0,1800.0,0.0,0.0,0.0,0.0,-0.012236599810421467,0.0,0.0,0.0,0.0,0.0,0.0,0.0,0.0,0.0,0.0,0.0,6.602997746085748e-05,0.0,7.006492321624085e-44,1,1,0,1,1,1,1,1,1,1,1,0,1,0,1,1,1,1,0,1,0,1000,3,0,1,5001,18,0.0,0.0,120.0,120.0,0.0,0.0,0.4000000059604645,0.10000000149011612,0.10000000149011612,2.0,500.0,200.0,0.9900000095367432,300000.0,5000.0,45000.0,20000.0,0.019999999552965164,2.0,0.05000000074505806,0.019999999552965164,6.0,0.05000000074505806,0.019999999552965164,0.019999999552965164,88.30000305175781,0.10000000149011612,0.800000011920929,0.05000000074505806,0.009999999776482582,50.0,50.0,340.0,340.0,1000000.0,1,0,0,0,1,1,1,1,1,1,0,0,0,1,1,0,1.0,0.0,0.0,0.0,27.72724723815918,0.0,0.0,0.0,0.9177829027175903,0.9177829027175903,0.9177829027175903,5000.10009765625,3936272.5,3941272.5,50.0,27.614770889282227,0.4000000059604645,0.0,0.0,0.10000000149011612,0.17287005484104156,0.4925430119037628,22164.435546875,20.0,29.202341079711914,777757.1875,23.425642013549805,3154.505126953125,721.2236938476562,0.7777571678161621,0.9174274802207947,9.472305297851562,1.0,3220584.0,3304221.0,9.718297004699707,20.0,0.2763725817203522,27.637258529663086,0.0,636.4223022460938,391.924072265625,100000.0,50000.0,1115.300048828125,50000.0,700.0,2000.0,2800000.0,3500000.0,4000000.0,9.999999747378752e-05,4.999999873689376e-05,500.0,20000.0,100.0,500.0,60000.0,1200.0,1.0,120.0,150000.0,3000.0,300.0,1.0,300.0,0.019999999552965164,0.019999999552965164,0.009999999776482582,0.009999999776482582,0.009999999776482582,0.019999999552965164,1.100000023841858,0.019999999552965164,4.0,0.019999999552965164,88.0,1613.0,0.009999999776482582,0.20000000298023224,3.0,5.0,600.0,0.0010000000474974513,88.0,88.0,2000.0,2340.0,-0.11599799990653992,-0.03561130166053772,-0.04758000001311302,-0.01752999983727932,1,0,1,0,0,1,1,469.2602233886719,469.2602233886719,1.88458251953125,1.88458251953125,0.004065299406647682,23.425642013549805,164.14120483398438,470.0729675292969,980.3667602539062,234.09632873535156,234.09632873535156,0.940155029296875,0.940155029296875,569.85888671875,405.20904541015625,0.0,0.0,2663660.25,20.00048065185547,20.00048065185547,122.7117691040039,122.7117691040039,65229.953125,65229.953125,1.0871658325195312,1.0871658325195312,12.491777420043945,12.491777420043945,24.188356399536133,24.188356399536133,101206.515625,101206.515625,24.190731048583984,140.3902130126953,147.3365478515625,2641312.5,20.00048065185547,20.00048065185547,171.75430297851562,171.75430297851562,152.570068359375,152.570068359375,638368.5,638368.5,0.0,104.5989990234375,104.5989990234375,209.20205688476562,158635.515625,158635.515625,1.0575700998306274,1.0575700998306274,184.02737426757812,152.570068359375,0.0,0.0,0.0,172.71029663085938,172.71029663085938,345.42059326171875,0.0,0.0,0.0,0.0,0.0,172.71029663085938,172.71029663085938,0.026315800845623016,0.0,0.20000000298023224,0.0,0.0,0.0,0.0,0.0,0.0,0.9599996209144592,1.0,1.0,1.0,0.9999998211860657,0.9999998211860657,0.9999998211860657,190828.59375,193239.296875,0.0,14.750001907348633,0.0,14.750001907348633,7.25,12.0,10.25,296.3810119628906,297.7510070800781,29.5,190825.125,3765717.75,12224996.0,0.0,0.0,0.0,0.36495140194892883,0.36495140194892883,0.36495140194892883,0.40141260623931885,636512.5,0.9959999918937683,0.9959999918937683,0.9959999918937683,0.9959999918937683,1202369.875,3185681.25,6509831.5,2037650.0,2606300.0,3781386.5,0.003936272580176592,0.00788254477083683,942.2896118164062,7.25,12.0,10.25,0.0,0.0,0.0,0.0,0.0,0.0,470.0770263671875,942.3013916015625,338.38153076171875,338.38153076171875,338.38153076171875,159.68955993652344,159.68955993652344,159.68955993652344,2.99259614944458,0.0,0.8147760033607483,2.9926559925079346,5.0,0.0040000081062316895,0.0040000081062316895,0.0040000081062316895,0.0040000081062316895,0.0,-0.4368000030517578,0.0,598519.25,164.14120483398438,164.14120483398438,0.0,20.0,2780263.75,7.25,12.0,10.25,20.0,20.0,20.0,0.0,0.0,0.7926306128501892,0.9211652278900146,10000.0,10000.0,0.011826000176370144,1038.5,0.027953999117016792,0.0,0.0,1.0878000259399414,1.0809999704360962,9.000000136438757e-05,103.0,33.220001220703125,1.8179999589920044,0.029999999329447746,49.0,8.329999923706055,4.159999847412109,58.0,302.0,4.5,0.699999988079071,0.4000000059604645,7.5,1.3799999952316284,2.492000102996826,7000.0,48.88999938964844,1.2000000476837158,45.0,62000.0,4590000.0,4250000.0,15900000.0,15100000.0,0.05000000074505806,0.17000000178813934,0.009999999776482582,15220000.0,1.6699999570846558,312.7799987792969,1.1100000143051147,4232.0,0.25,689000.0,4030000.0,9.829999923706055,8.550000190734863,12200000.0,231.10000610351562,88.3239974975586,633.0,1.1430000066757202,0.6858000159263611,-10.0,-3.7799999713897705,0.7799999713897705,295.5,4030000.0,12400000.0,0.9200000166893005,5.0,1,0,1,228,21,0,0,0,0,1,1,1,1,1,0,0,1,1,0,0,0,0,1,0,0,0,0,1,0,0,0,0,0,0,0,0,1,0,1,8,0,0,1,0,0.044497523456811905,6664984.5,1.0877995491027832,0.2297608107328415,1.084892988204956,295.6151428222656,7.8658270835876465,-0.006747777573764324,1,1,1,0,0,0,1,1,0,0,0,0,0,441,0.20000000298023224,0.20000000298023224,0.20000000298023224,0.0,2,0,0,0,0,0,0,0,0,0,0,0,0,0,0,0,0,0,0,0,0,0,0,0,0,0,0,0,0,0,0,0,0,0,0,0,0,0,0,0,0,0,0,0,0,0,0,0,0,0,0,1,0,0,0,0,0,0,0,0,0,0,0,0,0,0,0,0,0,0,0,0,0,0,0,0,0,0,0,0,0,0,0,0,0,0,0,0,0,0,0,0,0,0,0,0,0,0,0,0,0,0,0,0,0,0,0,0,0,0,0,0,0,0,0,0,0,0,0,0,0,0,0,0,0,0,0,0,0,0,0,0,0,0,0,0,0,0,0,0,0,0,0,1,0,0,0,0,0,0,0,0,0,0,0,-1,0,0,0,0,0,0,1,1,0,0,4.449752330780029,-4.691652297973633,0.0,-0.5498688220977783,-1.6815581571897805e-44,291.70001220703125,295.6151428222656,327.6800537109375,-0.04063324257731438,99.2551498413086,2667.216064453125,1.0877995491027832,1.084892988204956,-1.0,-3.915130615234375,6.827850029367255e-06,0.03413932025432587,100.0,27.0,0.0,7.799991607666016,3.924368143081665,1.0,1.0,39.71706008911133,0.26551881432533264,20.0,4.433895446709357e-05,0.0,73.9681625366211,1.7322847843170166,1.8179994821548462,0.00036938843550160527,0.6817498207092285,0.5432465076446533,22.717941284179688,8.919754028320312,5.266695499420166,0.0,0.0,22.803342819213867,44.898040771484375,283.4072265625,205.0067138671875,0.9479194283485413,297.9765625,40.007659912109375,0.29459047317504883,291.60906982421875,291.8302001953125,291.60723876953125,299.01287841796875,300.61639404296875,299.01495361328125,100.0,7.020905494689941,29.998313903808594,120.15552520751953,295.31097412109375,296.2232971191406,295.31109619140625,340.31072998046875,37.01921844482422,28.545854568481445,120.15552520751953,0.0,0.2162652462720871,0.25664472579956055,0.2163793444633484,78.47322082519531,78.81903076171875,78.38728332519531,68.0125503540039,68.02522277832031,68.01016998291016,29.63370704650879,30.390380859375,29.49983787536621,98.03459930419922,96.63202667236328,97.84700012207031,36.89999771118164,43.19999694824219,26.099998474121094,285.56182861328125,298.8057556152344,283.0154113769531,29.0,0.0,48.0,0.0,0.0,0.0,0.0,0.0,0.0,41.0,78.36749267578125,67.7369613647461,184.02737426757812,35.959712982177734,9.999999974752427e-07,20.79238510131836,0.0,140.3902130126953,0.0,721.2236938476562,40.217140197753906,23.425642013549805,0.0,9.472305297851562,77.77571868896484,1.0,0.9718297123908997,20.0,0.0,60.0,120.0,0.0,120.0,0.0,0.0,0.0,0.0,18.09010887145996,89.19754028320312,2.0,200.0,0,0,0,0,0,0,0,0,0,0,21,0,99999,99999,25,402,1800,180,1800,0,0,-7,4,23,0,0,0,806,1424,29,31,32,0,1,0,1,0,1,0,0,1,0,0,0,0,0,1,0,0,0,0,1,0,0,0,1,0,0,0,1,0,0,0,0,0,0,0,0,0,0,0,0,1,0,1,0,0,1,1,0,0,1,1,0,1,0,0,0,1,1,0,1,1,1,0,0,1,1,1,0,0,1,1,0,1,0,0,0,0,1,1,1,0,1,0,0,0,1,0,0,0,0,0,0,1,0,0,1,1,1,0,0,1,1,1,1,1,0,1,0,0,0,1,0,1,1,1,0,0,1,0,0,0,0,0,1,1,1,0,0,0,0,0,0,0,1,0,1,0,1,0,1,0,1,0,0,0,0,0,0,0,0,1,1,1,1,0,1,0,1,1,1,1,1,1,1,0,0,0,0,0,0,1,0,1,1,1,1,1,1,1,1,1,1,1,1,0,0,1,1,0,0,1,1,0,1,1,0,0,1,1,1,0,0,0,0,1,1,1,1,0,0,1,1,1,0,0,1,0,0,1,0,1,1,0,1,1,1,1,1,1,1,1,0,1,0,0,0,0,0,0,0,0,0,0,1,0,0,1,0,0,0,0,0,0,1,1,0,0,0,0,1,0,0,0,0,0,1,0,0,1,0,0,0,0,0,0,0,0,0,0,0,0,0,0,0,0,0,0,0,0,0,0,0,0,0,0,0,0,0,0,0,1,0,0,0,0,0,0,1,0,1,0,1,1,0,0,0,0,0,0,1,0,0,0,0,0,0,0,0,1,0,0,1,0,0,0,0,1,0,0,0,0,0,0,0,0,0,0,0,0,0,0,0,0,0,0,0,0,0,0,0,0,0,0,0,0,0,0,0,0,0,0,0,0,0,0,0,0,0,0,0,0,0,0,0,0,0,0,0,0,0,0,1,0,1,0,0,0,0,0,1,0,0,0,0,0,0,0,0,0,0,0,0,0,0,0,1,0,0,0,0,0,0,0,0,0,0,0,0,0,0,1,0,0,0,0,0,0,0,0,0,0,1,0,0,0,0,0,0,0,0,0,0,0,0,0,0,0,0,0,0,0,0,0,0,0,0,0,0,0,1,0,0,0,0,0,0,1,1,1,0,0,0,0,0,0,-1,0,0,0,0,0,0,0,0,-1,0,0,-1,0,0,0,0,0,0,0,0,0,0,0,0,0,0,0,0,0,0,1,0,0,0,0,0,0,0,0,0,0,0,0,0,0,0,0,1,1,0,-1,-1,-1,1,1,1,0,0,0,0,1,0,0,1,1,0,0,0,0,1,0,0,0,0,0,0,0,0,0,0,0,0,0,0,0,0,0,0,0,0,0,0,0,0,0,0,0,0,0,1,1,0,1,0,1,1,0,1,0,1,1,0,1,0,0,1,0,0,0,0,0,0,0,0,0,0,0,0,0,0,0,0,0,0,0,0,0,0,0,0,0,0
0,1,1,300,228,8,8,228,114,25,1,0,0.0020000000949949026,4000.0,1.0,0.04500000178813934,25.0,48.0,8.0,291.70001220703125,1.7000000476837158,-3.179999907843012e-07,0.007360000163316727,0.008080000057816505,8.0,0.33000001311302185,0.0333000011742115,1.0,9.999999747378752e-06,21.0,9.999999747378752e-06,2775000064.0,9.000000136438757e-05,4.999999980020986e-13,5.0,40.0,3.0,-3.3499999046325684,3.3499999046325684,0.5,0.0004799999878741801,292.3927001953125,492.6077880859375,-0.0036125299520790577,0.002354159951210022,0.0008944629807956517,0.013157900422811508,0.800646185874939,0.02024419978260994,2650129920.0,0.006539999973028898,0,0,0,0,0,0,0,0,0,0,0,0,0,0,0,0,0,0,0,0,0,0,0,0,0,0,0,0,0,0,0,0,0,0,0,0,0,0,0,0,0,0,0,0,0,0,0,0,0,0,0,0,0,1,4,4,0,0,0,0,0,0,0,0,2,0,0.0004018520121462643,292.6377868652344,316.10321044921875,320.3346252441406,324.749755859375,329.0336608886719,335.94781494140625,338.0715637207031,339.31964111328125,339.44244384765625,338.5897216796875,336.89556884765625,334.3801574707031,331.4752197265625,328.4566955566406,325.6006774902344,322.94091796875,320.6690368652344,318.7425842285156,317.1009826660156,315.6573486328125,314.376220703125,313.2164306640625,312.12774658203125,311.0599365234375,309.962890625,0.021207552403211594,0.045062679797410965,0.7716874480247498,-0.04056521877646446,0.7561917304992676,0.882215142250061,4268.19189453125,1.4301774626801489e-06,0.22976601123809814,0.028484754264354706,0.041642237454652786,0.042554229497909546,0.018416034057736397,1.0,-1.6815581571897805e-44,-4.721056938171387,0.0,99.25349426269531,2667.364990234375,0.9444767832756042,325.6898193359375,0.0,-72.0,-5.331233024597168,0.800000011920929,0.0,291.70001220703125,280658.59375,-0.5498002767562866,6.298320770263672,130.28829956054688,10.0,7750000.0,8160000.0,86.12000274658203,119.0999984741211,0.5,9.999999747378752e-05,0.0,3.299999952316284,200.0,0.30000001192092896,309.20001220703125,2.439019908706541e-06,0,0,0,1,1,1,0,24,0,294.9003601074219,0.0,0.0,0.0,0.0,0.0,0.0,0.9361177682876587,0.8671415448188782,0.5227331519126892,0.20669230818748474,0.02478138543665409,0.023512648418545723,0.29330769181251526,0.3026027977466583,0.2946464717388153,1.0,25.0,24.0,6604610.0,6606105.0,6604842.5,290.76348876953125,291.00445556640625,290.76434326171875,298.4251708984375,300.0213623046875,298.42340087890625,4400000.0,294.5943298339844,295.5129089355469,294.5938720703125,7.66168212890625,9.01690673828125,7.6590576171875,297.53460693359375,4508.71435546875,4444.939453125,4517.005859375,11.247416496276855,11.312533378601074,11.259839057922363,25.368377685546875,0.0,0.0,0.0020000000949949026,290.8440856933594,298.9566345214844,-149.23402404785156,0.9516876935958862,0.9822250604629517,0.9560375213623047,235.45602416992188,39.0,40.0,42.0,41.0,0.0,0.0,6584879.5,6557728.5,58.359920501708984,5.0,0.014999999664723873,-180000.0,600.0,1000000.0,400000.0,0.17000000178813934,22000.0,786000.0,120000.0,0.0,40.0,30.0,36.810001373291016,0.5,18.399999618530273,50000.0,115692.3984375,15.113750457763672,0,0,1,0,0,0,0,11652672.0,0.0,0.0,0.0,0.0,0.0,-3716999.0,400000.0,1000000.0,1.0,1400000.0,0.0,0.3652670085430145,11683001.0,126869.6328125,11652672.0,340.31182861328125,40.007659912109375,3.6363649368286133,-3716999.0,0.0,0.0,0.0,2.8215341567993164,40.007659912109375,0.0,22230.939453125,1.2010046243667603,0.0,0.0,0.0,20.0,14.711517333984375,22.0,0.0,0.0,0.0,0.05000000074505806,0.02500000037252903,0.17000000178813934,15400000.0,0.5,6.25,0.0006667000125162303,2.0,2410000.0,4140000.0,4.734799861907959,0.15000000596046448,0.20000000298023224,0.2199999988079071,1.0,0.0,-1.0,0.0,5.0,20.0,30.0,50.0,74.0,80.0,86.0,9.800000190734863,500000.0,1.0499999802959792e-07,0.5,750.0,1000.0,600.0,1000.0,1150.0,32.0,32.0,37.400001525878906,10.0,10.0,0.007000000216066837,0.5049999952316284,82.0,189.26499938964844,0.0,1.5099999904632568,231.60000610351562,20.0,36.0,16.600000381469727,16.5,225.0,-0.1756729930639267,27.5,-0.1756729930639267,30.485509872436523,0.1561516970396042,11.10221004486084,-1.8332500457763672,-75.0,4.3520002365112305,13.857000350952148,189.26499938964844,93.30000305175781,2650000.0,0.8500000238418579,7.570000171661377,0,1,1,0,0,0,0,0,0,0,0,1,3,3,0,0,1,0,0,0,0,1,0,1,1,0,0,0,1,1,1,0,0,0,0,0,0,0,0,1,0,0,0,1,0,0,1,0,0,1,12.05141544342041,29051.265625,2153.687255859375,0.0004148347652517259,0.0004361289902590215,0.0006248649442568421,0.0,0.0,0.0,0.0,0.0,0.0,0.5983142852783203,1.0,0.0,0.0,1.0,1.0,0.0,0.0,1.0,1.0,0.0,1.0,0.0,0.0,1.0,0.0,0.0,0.4819703996181488,0.5913658738136292,0.0006248649442568421,0.0,0.0006220550276339054,0.0,99998.78125,99999.0,2125489.5,2410000.0,36.20000076293945,36.20000076293945,36.20000076293945,32.52870178222656,282.77838134765625,228.35845947265625,21.435312271118164,24.444547653198242,30.829132080078125,27.0,25.981708526611328,27.0,31.85610008239746,32.0,20.0,68.57752227783203,3446646.5,0.5432465076446533,7.559999942779541,0.0,8.919754028320312,0.0,0.0,22.13771629333496,1.401298464324817e-45,0.7805899381637573,0.7805899381637573,0.5049998760223389,0.5049998760223389,0.5049998760223389,0.18937495350837708,0.18937495350837708,0.18937495350837708,0.0,7.379230976104736,7.379230976104736,7.379230976104736,0.0,0.0,9.074999809265137,0.0,0.0,0.0,0.0,0.0,0.0,100.0,73.97314453125,0.28898611664772034,0.0,20.0,22.13771629333496,0.7805899381637573,0.0,0.0,0.0,0.0,0.007000000216066837,0.0,0.0,9.074999809265137,0.0,1.7323341369628906,0.0,0.946874737739563,0.0,0.0,0.0,0.0,0.0,0.0,20.0,0.0,0.0,11354716.0,0.0,0.0,0.0,0.0,0.0,0.0,0.0,0.351500004529953,18.93000030517578,23.030000686645508,7.69199959904654e-06,0.08500000089406967,0.009999999776482582,24.0,27.0,8.800000190734863,500000.0,0.05000000074505806,2.7000000013543968e-09,2.7000000013543968e-09,145100.0,120000.0,14650000.0,86400.0,17.0,34.5,48.70000076293945,321.8999938964844,83170.0,0.0,1.0,1.0,0.0010000000474974513,725.0,0.0,0.5,0.0,0.0,57.31999969482422,837142.875,9359.77734375,117376.1015625,2623.89794921875,83026.390625,725.0,1.0204100362898316e-05,740000000.0,1,0,1,0,1,1,0,0,1,0,0,8.799991607666016,27.0,4473.40576171875,0.0,0.0,0.0,0.0,1.7971099615097046,0.00040172546869143844,0.0,0.03440943360328674,39.72988510131836,1.0,26024.9375,8464.541015625,4.468984843697399e-05,217124560.0,1029329984.0,1103848576.0,2438817536.0,-36.166465759277344,-848.5242919921875,-787495808.0,-1409487488.0,23.08456802368164,28.474903106689453,59.251033782958984,876.9991455078125,106381.3984375,4192.12548828125,146982.640625,166865.515625,124024.9375,59.000152587890625,39.72988510131836,39.72988510131836,1.0,4.468984843697399e-05,8464.541015625,903586709504.0,0.20148225128650665,137600.0,137600.0,76018304.0,58.52607345581055,6635.71435546875,1.0,0.0,1700.0,250000.0,10000.0,1038.0,0.004999999888241291,400.0,5000.0,0,0,0,0,2959622.5,56.714046478271484,56.714046478271484,1216415.25,2781040.5,0.0,0.0,186212.34375,20.750940322875977,6577552.5,0.0,0.0,1.0,1.0,20.750940322875977,275.3855285644531,117.16348266601562,0.0,5957889.0,487580.75,117.16348266601562,1.0,1.0,1.0,0.0,569.353515625,0.0,567.6231689453125,1.0,0.0,7680000.0,283.4516906738281,299.3278503417969,285.9131164550781,0.8408355712890625,2781040.5,320.4002685546875,113.42809295654297,1.8408355712890625,0.0,281.38665771484375,1.0,0.0,-7.5742998123168945,0.0,0.0,9.999999974752427e-07,0.0,2.0,0.0003000000142492354,0.004999999888241291,0.0010000000474974513,2.0000000233721948e-07,2.0000000233721948e-07,0.0005555999814532697,993000000.0,1.0,0.05000000074505806,0.10000000149011612,0.0005000000237487257,0.0016700000269338489,0.009999999776482582,1.0,1.0,0.0010000000474974513,4.999999873689376e-05,0.00039999998989515007,0.019999999552965164,0.9891999959945679,0.9891999959945679,0.9950000047683716,0.9950000047683716,1,0,0,0,1,1,0,0,0,0,0,0,0,0,-0.007456978317350149,-7404779.5,5000.09619140625,186212.34375,0.0,2546223.0,0.0,1.0,2569281.25,0.0,0.0,60.0,180.0,1800.0,1800.0,0.0,0.0,0.0,0.0,-0.012236599810421467,0.0,0.0,0.0,0.0,0.0,0.0,0.0,0.0,0.0,0.0,0.0,6.602997746085748e-05,0.0,7.006492321624085e-44,1,1,0,1,1,1,1,1,1,1,1,0,1,0,1,1,1,1,0,1,0,1000,4,0,1,5001,21,0.0,0.0,120.0,120.0,0.0,0.0,0.4000000059604645,0.10000000149011612,0.10000000149011612,2.0,500.0,200.0,0.9900000095367432,300000.0,5000.0,45000.0,20000.0,0.019999999552965164,2.0,0.05000000074505806,0.019999999552965164,6.0,0.05000000074505806,0.019999999552965164,0.019999999552965164,88.30000305175781,0.10000000149011612,0.800000011920929,0.05000000074505806,0.009999999776482582,50.0,50.0,340.0,340.0,1000000.0,1,0,0,0,1,1,1,1,1,1,0,0,0,1,1,0,1.0,0.0,0.0,0.0,27.727243423461914,0.0,0.0,0.0,0.9177555441856384,0.9177555441856384,0.9177555441856384,5000.09423828125,3941324.5,3946324.5,50.0,27.614730834960938,0.4000000059604645,0.0,0.0,0.10000000149011612,0.17129042744636536,0.4925430119037628,22164.435546875,20.0,29.202341079711914,777691.9375,23.241086959838867,3124.827392578125,721.2237548828125,0.7776919603347778,0.917370617389679,9.47226619720459,1.0,3220570.5,3304203.0,9.718244552612305,20.0,0.27641916275024414,27.641916275024414,0.0,636.4223022460938,406.4072570800781,100000.0,50000.0,1115.300048828125,50000.0,700.0,2000.0,2800000.0,3500000.0,4000000.0,9.999999747378752e-05,4.999999873689376e-05,500.0,20000.0,100.0,500.0,60000.0,1200.0,1.0,120.0,150000.0,3000.0,300.0,1.0,300.0,0.019999999552965164,0.019999999552965164,0.009999999776482582,0.009999999776482582,0.009999999776482582,0.019999999552965164,1.100000023841858,0.019999999552965164,4.0,0.019999999552965164,88.0,1613.0,0.009999999776482582,0.20000000298023224,3.0,5.0,600.0,0.0010000000474974513,88.0,88.0,2000.0,2340.0,-0.11599799990653992,-0.03561130166053772,-0.04758000001311302,-0.01752999983727932,1,0,1,0,0,1,1,460.859130859375,460.859130859375,1.850830078125,1.850830078125,0.0038371658883988857,23.241086959838867,164.13685607910156,444.16375732421875,968.4364013671875,221.19354248046875,221.19354248046875,0.888336181640625,0.888336181640625,537.9420776367188,385.9079895019531,0.0,0.0,2663660.25,20.00048065185547,20.00048065185547,120.27357482910156,120.27357482910156,65174.46875,65174.46875,1.0862411260604858,1.0862411260604858,10.375470161437988,10.375470161437988,24.080915451049805,24.080915451049805,100756.96875,100756.96875,24.083148956298828,138.080810546875,145.5056610107422,2641824.5,20.00048065185547,20.00048065185547,171.0344696044922,171.0344696044922,151.61378479003906,151.61378479003906,634367.3125,634367.3125,0.0,103.48934936523438,103.48934936523438,206.98252868652344,158566.265625,158566.265625,1.0571084022521973,1.0571084022521973,182.497314453125,151.61378479003906,0.0,0.0,0.0,171.32521057128906,171.32521057128906,342.6504211425781,0.0,0.0,0.0,0.0,0.0,171.32521057128906,171.32521057128906,0.026315800845623016,0.0,0.20000000298023224,0.0,0.0,0.0,0.0,0.0,0.0,0.9599996209144592,1.0,1.0,1.0,0.9999998211860657,0.9999998211860657,0.9999998211860657,190828.21875,193238.796875,0.0,14.750001907348633,0.0,14.750001907348633,7.25,12.0,10.25,296.3810119628906,297.7510070800781,29.5,190825.3125,4274413.5,12224996.0,0.0,0.0,0.0,0.3228856027126312,0.3228856027126312,0.3228856027126312,0.40682822465896606,609625.8125,0.9959999918937683,0.9959999918937683,0.9959999918937683,0.9959999918937683,928257.375,3227001.75,6324322.5,1923583.125,2606300.0,3764871.75,0.0039413245394825935,0.007892648689448833,925.419921875,7.25,12.0,10.25,0.0,0.0,0.0,0.0,0.0,0.0,444.1676025390625,925.4317626953125,336.77081298828125,336.77081298828125,336.77081298828125,150.87672424316406,150.87672424316406,150.87672424316406,2.992449998855591,0.0,0.810302197933197,2.992493152618408,5.0,0.0040000081062316895,0.0040000081062316895,0.0040000081062316895,0.0040000081062316895,0.0,-0.4368000030517578,0.0,598490.0,164.13685607910156,164.13685607910156,0.0,20.0,2780797.0,7.25,12.0,10.25,20.0,20.0,20.0,0.0,0.0,0.7926306128501892,0.9211652278900146,10000.0,10000.0,0.011826000176370144,1038.5,0.027953999117016792,0.0,0.0,1.0878000259399414,1.0809999704360962,9.000000136438757e-05,103.0,33.220001220703125,1.8179999589920044,0.029999999329447746,49.0,8.329999923706055,4.159999847412109,58.0,302.0,4.5,0.699999988079071,0.4000000059604645,7.5,1.3799999952316284,2.492000102996826,7000.0,48.88999938964844,1.2000000476837158,45.0,62000.0,4590000.0,4250000.0,15900000.0,15100000.0,0.05000000074505806,0.17000000178813934,0.009999999776482582,15220000.0,1.6699999570846558,312.7799987792969,1.1100000143051147,4232.0,0.25,689000.0,4030000.0,9.829999923706055,8.550000190734863,12200000.0,231.10000610351562,88.3239974975586,633.0,1.1430000066757202,0.6858000159263611,-10.0,-3.7799999713897705,0.7799999713897705,295.5,4030000.0,12400000.0,0.9200000166893005,5.0,1,0,1,228,22,0,0,0,0,1,1,1,1,1,0,0,1,1,0,0,0,0,1,0,0,0,0,1,0,0,0,0,0,0,0,0,1,0,1,8,0,0,1,0,0.041642237454652786,6604610.0,1.0877995491027832,0.23479758203029633,1.0898476839065552,295.07684326171875,8.038260459899902,-0.0057626827619969845,1,1,1,0,0,0,1,1,0,0,0,0,0,444,0.20000000298023224,0.20000000298023224,0.20000000298023224,0.0,2,0,0,0,0,0,0,0,0,0,0,0,0,0,0,0,0,0,0,0,0,0,0,0,0,0,0,0,0,0,0,0,0,0,0,0,0,0,0,0,0,0,0,0,0,0,0,0,0,0,0,1,0,0,0,0,0,0,0,0,0,0,0,0,0,0,0,0,0,0,0,0,0,0,0,0,0,0,0,0,0,0,0,0,0,0,0,0,0,0,0,0,0,0,0,0,0,0,0,0,0,0,0,0,0,0,0,0,0,0,0,0,0,0,0,0,0,0,0,0,0,0,0,0,0,0,0,0,0,0,0,0,0,0,0,0,0,0,0,0,0,0,0,1,0,0,0,0,0,0,0,0,0,0,0,-1,0,0,0,0,0,0,1,1,0,0,4.164223670959473,-4.721056938171387,0.0,-0.5498002767562866,-1.6815581571897805e-44,291.70001220703125,295.07684326171875,325.6898193359375,-0.04056521877646446,99.25349426269531,2667.364990234375,1.0877995491027832,1.0898476839065552,-1.0,-3.3768310546875,6.827850029367255e-06,0.03440943360328674,100.0,27.0,0.0,7.799991607666016,3.9276034832000732,1.0,1.0,39.72988510131836,0.2655610740184784,20.0,4.468984843697399e-05,0.0,73.97314453125,1.7323341369628906,1.8179994821548462,0.00036938843550160527,0.6817498207092285,0.5432465076446533,21.68870735168457,8.919754028320312,2.8101236820220947,0.0,0.0,21.435312271118164,44.898040771484375,282.77838134765625,228.35845947265625,0.9473187923431396,297.6457824707031,40.007659912109375,0.29459047317504883,290.9793701171875,291.21527099609375,290.9783935546875,298.5624084472656,300.1614074707031,298.5642395019531,100.0,7.62808895111084,28.898611068725586,119.21451568603516,294.7708740234375,295.6883544921875,294.77130126953125,340.31158447265625,36.52669906616211,28.297542572021484,119.21451568603516,0.0,0.22150054574012756,0.2613166272640228,0.2215825617313385,78.34103393554688,78.70343017578125,78.2547607421875,67.39647674560547,67.40935516357422,67.39410400390625,29.46464729309082,30.26028060913086,29.330768585205078,98.15959167480469,96.63101196289062,97.97761535644531,36.89999771118164,43.19999694824219,26.099998474121094,285.8507385253906,299.2295837402344,283.3450622558594,29.0,0.0,48.0,0.0,0.0,0.0,0.0,0.0,0.0,41.0,78.36749267578125,67.11800384521484,182.497314453125,35.62913131713867,9.999999974752427e-07,19.628435134887695,0.0,138.080810546875,0.0,721.2237548828125,40.26869201660156,23.241086959838867,0.0,9.47226619720459,77.76919555664062,1.0,0.9718244671821594,20.0,0.0,60.0,120.0,0.0,120.0,0.0,0.0,0.0,0.0,18.09010887145996,89.19754028320312,2.0,200.0,0,0,0,0,0,0,0,0,0,0,22,0,99999,99999,25,402,1800,180,1800,0,0,-7,4,23,0,0,0,806,1424,29,31,32,0,1,0,1,0,1,0,0,1,0,0,0,0,0,1,0,0,0,0,1,0,0,0,1,0,0,0,1,0,0,0,0,0,0,0,0,0,0,0,0,1,0,1,0,0,1,1,0,0,1,1,0,1,0,0,0,1,1,0,0,1,1,0,0,1,0,1,0,0,1,1,0,1,0,0,0,0,1,0,1,0,1,0,0,0,1,0,0,0,0,0,0,1,0,0,1,0,1,0,0,1,1,0,1,0,0,1,0,0,0,1,0,1,1,1,0,0,1,0,0,0,0,0,1,1,1,0,0,0,0,0,0,0,1,0,1,0,1,0,1,0,1,0,0,0,0,0,0,0,0,1,1,1,1,0,1,0,1,1,1,1,1,1,1,0,0,0,0,0,0,1,0,1,1,1,1,1,1,1,1,1,1,1,1,0,0,1,1,0,0,1,1,0,1,1,0,0,1,1,1,0,0,0,0,1,1,1,1,0,0,1,1,1,0,0,1,0,0,1,0,1,1,0,1,1,1,1,1,1,1,1,0,1,0,0,0,0,0,0,0,0,0,0,1,0,0,1,0,0,0,0,0,1,1,1,1,0,0,0,1,0,0,0,0,0,1,0,0,1,0,0,0,0,0,0,0,0,0,0,0,0,1,0,0,0,0,1,0,0,0,1,0,0,0,0,0,0,0,0,0,1,0,0,0,0,0,0,1,0,1,0,1,1,0,0,0,0,0,0,1,0,0,0,0,0,0,1,0,1,0,0,1,0,0,0,0,1,0,0,0,0,0,0,0,0,0,0,0,0,0,0,0,0,0,0,0,0,0,0,0,0,0,0,0,0,0,0,0,0,0,0,0,0,0,0,0,0,0,0,0,0,0,0,0,0,0,0,0,0,0,0,1,0,1,0,0,0,0,0,1,0,0,0,0,0,0,0,0,0,0,0,0,0,0,0,1,0,0,0,0,0,0,0,0,0,0,0,0,0,0,1,0,0,0,0,0,0,0,0,0,0,1,0,0,0,0,0,0,0,0,0,0,0,0,0,0,0,0,0,0,0,0,0,0,0,0,0,0,0,1,0,0,0,0,0,0,1,1,1,0,0,0,0,0,0,-1,0,0,0,0,0,0,0,0,-1,0,0,-1,0,0,0,0,0,0,0,0,0,0,0,0,0,0,0,0,0,0,1,0,0,0,0,0,0,0,0,0,0,0,0,0,0,0,0,1,1,0,-1,-1,-1,1,1,1,0,0,0,0,1,0,0,1,1,0,0,0,0,1,0,0,0,0,0,0,0,0,0,0,0,0,0,0,0,0,0,0,0,0,0,0,0,0,0,0,0,0,0,1,1,0,1,0,1,1,0,1,0,1,1,0,1,0,0,1,0,0,0,0,0,0,0,0,0,0,0,0,0,0,0,0,0,0,0,0,0,0,0,0,0,0
0,1,1,300,228,8,8,228,114,25,1,0,0.0020000000949949026,4000.0,1.0,0.04500000178813934,25.0,48.0,8.0,291.70001220703125,1.7000000476837158,-3.179999907843012e-07,0.007360000163316727,0.008080000057816505,8.0,0.33000001311302185,0.0333000011742115,1.0,9.999999747378752e-06,21.0,9.999999747378752e-06,2775000064.0,9.000000136438757e-05,4.999999980020986e-13,5.0,40.0,3.0,-3.3499999046325684,3.3499999046325684,0.5,0.0004799999878741801,292.3927001953125,492.6077880859375,-0.0036125299520790577,0.002354159951210022,0.0008944629807956517,0.013157900422811508,0.800646185874939,0.02024419978260994,2650129920.0,0.006539999973028898,0,0,0,0,0,0,0,0,0,0,0,0,0,0,0,0,0,0,0,0,0,0,0,0,0,0,0,0,0,0,0,0,0,0,0,0,0,0,0,0,0,0,0,0,0,0,0,0,0,0,0,0,0,1,4,4,0,0,0,0,0,0,0,0,2,0,0.0004019168845843524,292.223876953125,314.80255126953125,318.7242126464844,322.8133239746094,326.7828369140625,333.21502685546875,335.2200622558594,336.437255859375,336.62274169921875,335.9078674316406,334.4109191894531,332.15924072265625,329.5330810546875,326.7855224609375,324.1695861816406,321.7330322265625,319.6357421875,317.83642578125,316.2789306640625,314.8862609863281,313.62701416015625,312.4672546386719,311.36578369140625,310.281494140625,309.17315673828125,0.021776888519525528,0.04364009201526642,0.7716745734214783,-0.040490418672561646,0.7562227249145508,0.8773454427719116,4058.16064453125,1.3589174159278627e-06,0.22548988461494446,0.027098363265395164,0.03911178559064865,0.03992336615920067,0.018659599125385284,1.0,-1.6815581571897805e-44,-4.748772621154785,0.0,99.25181579589844,2667.513427734375,0.9445154666900635,323.94683837890625,0.0,-72.0,-11.112268447875977,0.4000000059604645,0.0,291.70001220703125,280659.15625,-0.5497362613677979,6.2942352294921875,130.28829956054688,10.0,7750000.0,8160000.0,86.12000274658203,119.0999984741211,0.5,9.999999747378752e-05,0.0,3.299999952316284,200.0,0.30000001192092896,309.20001220703125,2.439019908706541e-06,0,0,0,1,1,1,0,24,0,294.3796691894531,0.0,0.0,0.0,0.0,0.0,0.0,0.9391232132911682,0.8671250939369202,0.5230653285980225,0.20802894234657288,0.026836691424250603,0.025474119931459427,0.2919710576534271,0.3015269637107849,0.293308287858963,1.0,25.0,24.0,6546114.0,6547619.5,6546344.5,290.11700439453125,290.3675537109375,290.11724853515625,298.0279846191406,299.6218566894531,298.0262756347656,4400000.0,294.072509765625,294.99468994140625,294.07177734375,7.910980224609375,9.254302978515625,7.909027099609375,297.1885070800781,4514.32568359375,4445.51025390625,4522.31494140625,11.231468200683594,11.297757148742676,11.243929862976074,25.172821044921875,0.0,0.0,0.0020000000949949026,290.2005920410156,298.5587158203125,-147.9965362548828,0.9476678371429443,0.9789190292358398,0.9520124197006226,240.15769958496094,39.0,40.0,42.0,41.0,0.0,0.0,6527107.5,6499701.0,58.365570068359375,5.0,0.014999999664723873,-180000.0,600.0,1000000.0,400000.0,0.17000000178813934,22000.0,786000.0,120000.0,0.0,40.0,30.0,36.810001373291016,0.5,18.399999618530273,50000.0,115692.3984375,15.113750457763672,0,0,1,0,0,0,0,11562838.0,0.0,0.0,0.0,0.0,0.0,-3807393.0,400000.0,1000000.0,1.0,1400000.0,0.0,0.3603915870189667,11592607.0,126869.6328125,11562838.0,340.3126220703125,40.007659912109375,3.587769031524658,-3807393.0,0.0,0.0,0.0,2.7970340251922607,40.007659912109375,0.0,22230.939453125,1.2010046243667603,0.0,0.0,0.0,20.0,14.711517333984375,22.0,0.0,0.0,0.0,0.05000000074505806,0.02500000037252903,0.17000000178813934,15400000.0,0.5,6.25,0.0006667000125162303,2.0,2410000.0,4140000.0,4.734799861907959,0.15000000596046448,0.20000000298023224,0.2199999988079071,1.0,0.0,-1.0,0.0,5.0,20.0,30.0,50.0,74.0,80.0,86.0,9.800000190734863,500000.0,1.0499999802959792e-07,0.5,750.0,1000.0,600.0,1000.0,1150.0,32.0,32.0,37.400001525878906,10.0,10.0,0.007000000216066837,0.5049999952316284,82.0,189.26499938964844,0.0,1.5099999904632568,231.60000610351562,20.0,36.0,16.600000381469727,16.5,225.0,-0.1756729930639267,27.5,-0.1756729930639267,30.485509872436523,0.1561516970396042,11.10221004486084,-1.8332500457763672,-75.0,4.3520002365112305,13.857000350952148,189.26499938964844,93.30000305175781,2650000.0,0.8500000238418579,7.570000171661377,0,1,1,0,0,0,0,0,0,0,0,1,3,3,0,0,1,0,0,0,0,1,0,1,1,0,0,0,1,1,1,0,0,0,0,0,0,0,0,1,0,0,0,1,0,0,1,0,0,1,12.05141544342041,29051.265625,2153.678466796875,0.00041483421227894723,0.0004361289902590215,0.0006248649442568421,0.0,0.0,0.0,0.0,0.0,0.0,0.5963895916938782,1.0,0.0,0.0,1.0,1.0,0.0,0.0,1.0,1.0,0.0,1.0,0.0,0.0,1.0,0.0,0.0,0.45556050539016724,0.5817757248878479,0.0006248649442568421,0.0,0.0006225070101208985,0.0,99998.78125,99999.0,2009021.875,2410000.0,36.20000076293945,36.20000076293945,36.20000076293945,32.52372741699219,282.13214111328125,20.0,20.734880447387695,24.23906135559082,27.0,27.0,25.89982032775879,27.0,31.879249572753906,32.0,20.0,68.57752227783203,3446632.25,0.5433341860771179,7.559999942779541,0.0,8.919666290283203,0.0,0.0,26.40103530883789,1.401298464324817e-45,0.0,0.0,0.5049998760223389,0.5049998760223389,0.5049998760223389,0.18937495350837708,0.18937495350837708,0.18937495350837708,0.0,8.800335884094238,8.800335884094238,8.800335884094238,0.0,0.0,9.074999809265137,0.0,0.0,0.0,0.0,0.0,0.0,100.0,73.97314453125,0.2782602608203888,0.0,20.0,26.40103530883789,0.0,0.0,0.0,0.0,0.0,0.007000000216066837,0.0,0.0,9.074999809265137,0.0,1.7323341369628906,0.0,0.946874737739563,0.0,0.0,0.0,0.0,0.0,0.0,20.0,0.0,0.0,11264632.0,0.0,0.0,0.0,0.0,0.0,0.0,0.0,0.351500004529953,18.93000030517578,23.030000686645508,7.69199959904654e-06,0.08500000089406967,0.009999999776482582,24.0,27.0,8.800000190734863,500000.0,0.05000000074505806,2.7000000013543968e-09,2.7000000013543968e-09,145100.0,120000.0,14650000.0,86400.0,17.0,34.5,48.70000076293945,321.8999938964844,83170.0,0.0,1.0,1.0,0.0010000000474974513,725.0,0.0,0.5,0.0,0.0,57.31999969482422,837142.875,9359.77734375,117376.1015625,2623.89794921875,83026.390625,725.0,1.0204100362898316e-05,740000000.0,1,0,1,0,1,1,0,0,1,0,0,8.799991607666016,27.0,4508.5224609375,0.0,0.0,0.0,0.0,1.8112232685089111,0.0004017265164293349,0.0,0.03467955440282822,39.74245071411133,1.0,26028.96875,8527.396484375,4.504074604483321e-05,212754928.0,1025347520.0,1098719616.0,2436374528.0,-31.183340072631836,-847.4861450195312,-789137728.0,-1411026944.0,27.347883224487305,28.474903106689453,58.53122329711914,875.9610595703125,106381.3984375,4194.77880859375,147015.09375,166918.296875,124028.96875,59.600154876708984,39.74245071411133,39.74245071411133,1.0,4.504074604483321e-05,8527.396484375,899797352448.0,0.20152874290943146,137600.0,137600.0,75820928.0,58.53122329711914,6639.69140625,1.0,0.0,1700.0,250000.0,10000.0,1038.0,0.004999999888241291,400.0,5000.0,0,0,0,0,2959622.5,56.37444305419922,56.37444305419922,1216415.25,2781535.25,0.0,0.0,176044.625,17.23539924621582,6518791.0,0.0,0.0,1.0,1.0,17.23539924621582,275.3855285644531,115.42391967773438,0.0,5957889.0,480086.0,115.42391967773438,1.0,1.0,1.0,0.0,564.2192993164062,0.0,562.54833984375,1.0,0.0,7680000.0,283.5530700683594,299.39886474609375,285.9759216308594,0.8591815233230591,2781535.25,324.353515625,112.74888610839844,1.859181523323059,0.0,280.7932434082031,1.0,0.0,-7.5742998123168945,0.0,0.0,9.999999974752427e-07,0.0,2.0,0.0003000000142492354,0.004999999888241291,0.0010000000474974513,2.0000000233721948e-07,2.0000000233721948e-07,0.0005555999814532697,993000000.0,1.0,0.05000000074505806,0.10000000149011612,0.0005000000237487257,0.0016700000269338489,0.009999999776482582,1.0,1.0,0.0010000000474974513,4.999999873689376e-05,0.00039999998989515007,0.019999999552965164,0.9891999959945679,0.9891999959945679,0.9950000047683716,0.9950000047683716,1,0,0,0,1,1,0,0,0,0,0,0,0,0,-0.007456978317350149,-7404779.5,5000.09033203125,176044.625,0.0,2546223.0,0.0,1.0,2569281.25,0.0,0.0,60.0,180.0,1800.0,1800.0,0.0,0.0,0.0,0.0,-0.012236599810421467,0.0,0.0,0.0,0.0,0.0,0.0,0.0,0.0,0.0,0.0,0.0,6.602997746085748e-05,0.0,7.006492321624085e-44,1,1,0,1,1,1,1,1,1,1,1,0,1,0,1,1,1,1,0,1,0,1000,4,0,1,5001,24,0.0,0.0,120.0,120.0,0.0,0.0,0.4000000059604645,0.10000000149011612,0.10000000149011612,2.0,500.0,200.0,0.9900000095367432,300000.0,5000.0,45000.0,20000.0,0.019999999552965164,2.0,0.05000000074505806,0.019999999552965164,6.0,0.05000000074505806,0.019999999552965164,0.019999999552965164,88.30000305175781,0.10000000149011612,0.800000011920929,0.05000000074505806,0.009999999776482582,50.0,50.0,340.0,340.0,1000000.0,1,0,0,0,1,1,1,1,1,1,0,0,0,1,1,0,1.0,0.0,0.0,0.0,27.72723960876465,0.0,0.0,0.0,0.917724609375,0.917724609375,0.917724609375,5000.08837890625,3947173.5,3952173.5,50.0,27.61469078063965,0.4000000059604645,0.0,0.0,0.10000000149011612,0.16976018249988556,0.4925430119037628,22164.435546875,20.0,29.202341079711914,777632.5,23.068382263183594,3097.167236328125,721.2238159179688,0.777632474899292,0.9173057675361633,9.4722261428833,1.0,3220557.0,3304185.0,9.718191146850586,20.0,0.2764657437801361,27.646574020385742,0.0,636.4223022460938,421.81024169921875,100000.0,50000.0,1115.300048828125,50000.0,700.0,2000.0,2800000.0,3500000.0,4000000.0,9.999999747378752e-05,4.999999873689376e-05,500.0,20000.0,100.0,500.0,60000.0,1200.0,1.0,120.0,150000.0,3000.0,300.0,1.0,300.0,0.019999999552965164,0.019999999552965164,0.009999999776482582,0.009999999776482582,0.009999999776482582,0.019999999552965164,1.100000023841858,0.019999999552965164,4.0,0.019999999552965164,88.0,1613.0,0.009999999776482582,0.20000000298023224,3.0,5.0,600.0,0.0010000000474974513,88.0,88.0,2000.0,2340.0,-0.11599799990653992,-0.03561130166053772,-0.04758000001311302,-0.01752999983727932,1,0,1,0,0,1,1,452.05841064453125,452.05841064453125,1.81549072265625,1.81549072265625,0.003622448304668069,23.068382263183594,164.1322021484375,419.7781982421875,955.085205078125,209.04954528808594,209.04954528808594,0.8395538330078125,0.8395538330078125,507.9399719238281,366.0859069824219,0.0,0.0,2663660.25,20.00048065185547,20.00048065185547,118.09222412109375,118.09222412109375,65118.4609375,65118.4609375,1.0853077173233032,1.0853077173233032,8.61769962310791,8.61769962310791,23.96042251586914,23.96042251586914,100252.8125,100252.8125,23.962526321411133,135.7784423828125,143.63548278808594,2642305.75,20.00048065185547,20.00048065185547,170.3848419189453,170.3848419189453,150.5509796142578,150.5509796142578,629920.4375,629920.4375,0.0,102.3692626953125,102.3692626953125,204.7421417236328,158497.640625,158497.640625,1.056650996208191,1.056650996208191,181.06607055664062,150.5509796142578,0.0,0.0,0.0,169.95298767089844,169.95298767089844,339.9059753417969,0.0,0.0,0.0,0.0,0.0,169.95298767089844,169.95298767089844,0.026315800845623016,0.0,0.20000000298023224,0.0,0.0,0.0,0.0,0.0,0.0,0.9599996209144592,1.0,1.0,1.0,0.9999998211860657,0.9999998211860657,0.9999998211860657,190827.8125,193238.265625,0.0,14.750001907348633,0.0,14.750001907348633,7.25,12.0,10.25,296.3810119628906,297.7510070800781,29.5,190825.46875,4753193.0,12224996.0,0.0,0.0,0.0,0.2856684923171997,0.2856684923171997,0.2856684923171997,0.41655638813972473,583815.5625,0.9959999918937683,0.9959999918937683,0.9959999918937683,0.9959999918937683,715773.5625,3265808.5,6133366.5,1816224.375,2606300.0,3748839.25,0.003947173245251179,0.007904347032308578,907.747802734375,7.25,12.0,10.25,0.0,0.0,0.0,0.0,0.0,0.0,419.7818298339844,907.7597045898438,334.9079895019531,334.9079895019531,334.9079895019531,142.58224487304688,142.58224487304688,142.58224487304688,2.992354393005371,0.0,0.805750846862793,2.9923806190490723,5.0,0.0040000081062316895,0.0040000081062316895,0.0040000081062316895,0.0040000081062316895,0.0,-0.4368000030517578,0.0,598470.875,164.1322021484375,164.1322021484375,0.0,20.0,2781297.5,7.25,12.0,10.25,20.0,20.0,20.0,0.0,0.0,0.7926306128501892,0.9211652278900146,10000.0,10000.0,0.011826000176370144,1038.5,0.027953999117016792,0.0,0.0,1.0878000259399414,1.0809999704360962,9.000000136438757e-05,103.0,33.220001220703125,1.8179999589920044,0.029999999329447746,49.0,8.329999923706055,4.159999847412109,58.0,302.0,4.5,0.699999988079071,0.4000000059604645,7.5,1.3799999952316284,2.492000102996826,7000.0,48.88999938964844,1.2000000476837158,45.0,62000.0,4590000.0,4250000.0,15900000.0,15100000.0,0.05000000074505806,0.17000000178813934,0.009999999776482582,15220000.0,1.6699999570846558,312.7799987792969,1.1100000143051147,4232.0,0.25,689000.0,4030000.0,9.829999923706055,8.550000190734863,12200000.0,231.10000610351562,88.3239974975586,633.0,1.1430000066757202,0.6858000159263611,-10.0,-3.7799999713897705,0.7799999713897705,295.5,4030000.0,12400000.0,0.9200000166893005,5.0,1,0,1,228,23,0,0,0,0,1,1,1,1,1,0,0,1,1,0,0,0,0,1,0,0,0,0,1,0,0,0,0,0,0,0,0,1,0,1,8,0,0,1,0,0.03911178559064865,6546114.0,1.0877995491027832,0.24167925119400024,1.0946382284164429,294.55181884765625,8.273853302001953,-0.004997014068067074,1,1,1,0,0,0,1,1,0,0,0,0,0,447,0.20000000298023224,0.20000000298023224,0.20000000298023224,0.0,2,0,0,0,0,0,0,0,0,0,0,0,0,0,0,0,0,0,0,0,0,0,0,0,0,0,0,0,0,0,0,0,0,0,0,0,0,0,0,0,0,0,0,0,0,0,0,0,0,0,0,1,0,0,0,0,0,0,0,0,0,0,0,0,0,0,0,0,0,0,0,0,0,0,0,0,0,0,0,0,0,0,0,0,0,0,0,0,0,0,0,0,0,0,0,0,0,0,0,0,0,0,0,0,0,0,0,0,0,0,0,0,0,0,0,0,0,0,0,0,0,0,0,0,0,0,0,0,0,0,0,0,0,0,0,0,0,0,0,0,0,0,0,1,0,0,0,0,0,0,0,0,0,0,0,-1,0,0,0,0,0,0,1,1,0,0,3.9111785888671875,-4.748772621154785,0.0,-0.5497362613677979,-1.6815581571897805e-44,291.70001220703125,294.55181884765625,323.94683837890625,-0.040490418672561646,99.25181579589844,2667.513427734375,1.0877995491027832,1.0946382284164429,-1.0,-2.851806640625,6.827850029367255e-06,0.03467955440282822,100.0,27.0,0.0,7.799991607666016,3.930816411972046,1.0,1.0,39.74245071411133,0.2656022012233734,20.0,4.504074604483321e-05,0.0,73.97314453125,1.7323341369628906,1.8179994821548462,0.00036938843550160527,0.6817498207092285,0.5433341860771179,20.500261306762695,8.919666290283203,0.0,0.0,0.0,20.734880447387695,44.898040771484375,282.13214111328125,20.0,0.9467073678970337,297.3064270019531,40.007659912109375,0.29459047317504883,290.33258056640625,290.579833984375,290.3321533203125,298.1561584472656,299.7523498535156,298.1578674316406,100.0,8.213132858276367,27.826026916503906,118.29212188720703,294.244384765625,295.16607666015625,294.2449951171875,340.3123779296875,36.03915786743164,28.051742553710938,118.29212188720703,0.0,0.22852671146392822,0.26792919635772705,0.22858910262584686,78.22569274902344,78.59808349609375,78.13912963867188,66.79955291748047,66.81256866455078,66.79720306396484,29.330829620361328,30.15269660949707,29.197105407714844,98.27764892578125,96.64042663574219,98.1017837524414,36.89999771118164,43.19999694824219,26.099998474121094,285.97393798828125,299.38848876953125,283.51666259765625,29.0,0.0,48.0,0.0,0.0,0.0,0.0,0.0,0.0,41.0,78.36749267578125,66.51839447021484,181.06607055664062,35.30784225463867,9.999999974752427e-07,18.532936096191406,0.0,135.7784423828125,0.0,721.2238159179688,40.32837677001953,23.068382263183594,0.0,9.4722261428833,77.76324462890625,1.0,0.9718191027641296,20.0,0.0,60.0,120.0,0.0,120.0,0.0,0.0,0.0,0.0,18.093027114868164,89.19666290283203,2.0,200.0,0,0,0,0,0,0,0,0,0,0,23,0,99999,99999,25,402,1800,180,1800,0,0,-7,3,23,0,0,0,806,1424,29,31,32,0,1,0,1,0,1,0,0,1,0,0,0,0,0,1,0,0,0,0,1,0,0,0,1,0,0,0,1,0,0,0,0,0,0,0,0,0,0,0,0,1,0,1,0,0,1,1,0,0,1,1,0,1,0,0,0,1,1,0,0,0,1,0,0,0,0,0,0,0,1,1,0,1,0,0,0,0,0,0,0,0,1,0,0,0,1,0,0,0,0,0,0,1,0,0,1,0,1,0,0,1,0,0,1,0,0,1,0,0,0,1,0,1,1,1,0,0,1,0,0,0,0,0,1,1,1,0,0,0,0,0,0,0,1,0,1,0,1,0,1,0,1,0,0,0,0,0,0,0,0,1,1,1,1,0,1,0,1,1,1,1,1,1,1,0,0,0,0,0,0,1,0,1,1,1,1,1,1,1,1,1,1,1,0,0,0,1,1,0,0,1,1,0,1,1,0,0,1,1,1,0,0,0,0,1,1,1,1,0,0,1,1,1,0,0,1,0,0,1,0,1,1,0,1,1,1,1,1,1,1,1,0,1,0,0,0,0,0,0,0,0,0,0,1,0,0,1,0,0,0,0,0,1,0,0,1,0,0,0,0,0,0,0,0,0,0,0,0,0,0,0,0,0,0,0,0,0,0,0,0,0,1,0,0,0,0,1,0,0,0,1,0,0,0,0,0,0,0,0,0,0,0,0,0,0,0,0,0,0,0,0,0,0,0,0,0,0,0,0,0,0,0,0,0,0,0,1,0,0,0,0,0,0,0,0,0,0,0,0,0,0,0,0,0,0,0,0,0,0,0,0,0,0,0,0,0,0,0,0,0,0,0,0,0,0,0,0,0,0,0,0,0,0,0,0,0,0,0,0,0,0,0,0,0,0,0,0,0,0,0,0,1,0,1,0,0,0,0,0,1,0,0,0,0,0,0,0,0,0,0,0,0,0,0,0,1,0,0,0,0,0,0,0,0,0,0,0,0,0,0,1,0,0,0,0,0,0,0,0,0,0,1,0,0,0,0,0,0,0,0,0,0,0,0,0,0,0,0,0,0,0,0,0,0,0,0,0,0,0,1,0,0,0,0,0,0,1,1,1,0,0,0,0,0,0,-1,0,0,0,0,0,0,0,0,-1,0,0,-1,0,0,0,0,0,0,0,0,0,0,0,0,0,0,0,0,0,0,1,0,0,0,0,0,0,0,0,0,0,0,0,0,0,0,0,1,1,0,-1,-1,-1,1,1,1,0,0,0,0,1,0,0,1,1,0,0,0,0,1,0,0,0,0,0,0,0,0,0,0,0,0,0,0,0,0,0,0,0,0,0,0,0,0,0,0,0,0,0,1,1,0,1,0,1,1,0,1,0,1,1,0,1,0,0,1,0,0,0,0,0,0,0,0,0,0,0,0,0,0,0,0,0,0,0,0,0,0,0,0,0,0
0,1,1,300,228,8,8,228,114,25,1,0,0.0020000000949949026,4000.0,1.0,0.04500000178813934,25.0,48.0,8.0,291.70001220703125,1.7000000476837158,-3.179999907843012e-07,0.007360000163316727,0.008080000057816505,8.0,0.33000001311302185,0.0333000011742115,1.0,9.999999747378752e-06,21.0,9.999999747378752e-06,2775000064.0,9.000000136438757e-05,4.999999980020986e-13,5.0,40.0,3.0,-3.3499999046325684,3.3499999046325684,0.5,0.0004799999878741801,292.3927001953125,492.6077880859375,-0.0036125299520790577,0.002354159951210022,0.0008944629807956517,0.013157900422811508,0.800646185874939,0.02024419978260994,2650129920.0,0.006539999973028898,0,0,0,0,0,0,0,0,0,0,0,0,0,0,0,0,0,0,0,0,0,0,0,0,0,0,0,0,0,0,0,0,0,0,0,0,0,0,0,0,0,0,0,0,0,0,0,0,0,0,0,0,0,1,4,4,0,0,0,0,0,0,0,0,2,0,0.0004019168845843524,291.74273681640625,313.5812683105469,317.2471618652344,321.0670471191406,324.77691650390625,330.81060791015625,332.7164306640625,333.90557861328125,334.1407165527344,333.53857421875,332.2051696777344,330.17340087890625,327.781494140625,325.2630615234375,322.8518371582031,320.6077880859375,318.66278076171875,316.9760437011719,315.4943542480469,314.1486511230469,312.91082763671875,311.7532958984375,310.6428527832031,309.5462646484375,308.4302673339844,0.022344160825014114,0.04230353236198425,0.7716615796089172,-0.04039553925395012,0.7562538385391235,0.87254399061203,3860.796875,1.2923314898216631e-06,0.22128209471702576,0.02580060437321663,0.03684516251087189,0.03757447749376297,0.018865274265408516,1.0,-1.6815581571897805e-44,-4.775106906890869,0.0,99.25012969970703,2667.662841796875,0.944554328918457,322.3838806152344,0.0,-72.0,-14.69010066986084,0.0,0.0,291.70001220703125,280659.71875,-0.549663782119751,6.290098667144775,130.28829956054688,10.0,7750000.0,8160000.0,86.12000274658203,119.0999984741211,0.5,9.999999747378752e-05,0.0,3.299999952316284,200.0,0.30000001192092896,309.20001220703125,2.439019908706541e-06,0,0,0,1,1,1,0,24,0,293.869384765625,0.0,0.0,0.0,0.0,0.0,0.0,0.9415917992591858,0.8671084642410278,0.5233993530273438,0.20909622311592102,0.028903385624289513,0.027445198968052864,0.290903776884079,0.30060040950775146,0.29223906993865967,1.0,25.0,24.0,6489885.0,6491393.0,6490113.5,289.47894287109375,289.7362060546875,289.478759765625,297.6429138183594,299.2381286621094,297.6413269042969,4400000.0,293.5609130859375,294.4871826171875,293.56005859375,8.163970947265625,9.501922607421875,8.162567138671875,296.8129577636719,4519.4658203125,4446.4521484375,4527.2607421875,11.217122077941895,11.283721923828125,11.229618072509766,25.032379150390625,0.0,0.0,0.0020000000949949026,289.56463623046875,298.1741027832031,-147.44711303710938,0.9444257020950317,0.976010799407959,0.9487626552581787,244.32418823242188,39.0,40.0,42.0,41.0,0.0,0.0,6471681.5,6444035.0,58.35586929321289,5.0,0.014999999664723873,-180000.0,600.0,1000000.0,400000.0,0.17000000178813934,22000.0,786000.0,120000.0,0.0,40.0,30.0,36.810001373291016,0.5,18.399999618530273,50000.0,115692.3984375,15.113750457763672,0,0,1,0,0,0,0,11474351.0,0.0,0.0,0.0,0.0,0.0,-3896273.0,400000.0,1000000.0,1.0,1400000.0,0.0,0.3555586040019989,11503727.0,126869.6328125,11474351.0,340.31353759765625,40.007659912109375,3.539532423019409,-3896273.0,0.0,0.0,0.0,2.772714853286743,40.007659912109375,0.0,22230.939453125,1.2010046243667603,0.0,0.0,0.0,20.0,14.711517333984375,22.0,0.0,0.0,0.0,0.05000000074505806,0.02500000037252903,0.17000000178813934,15400000.0,0.5,6.25,0.0006667000125162303,2.0,2410000.0,4140000.0,4.734799861907959,0.15000000596046448,0.20000000298023224,0.2199999988079071,1.0,0.0,-1.0,0.0,5.0,20.0,30.0,50.0,74.0,80.0,86.0,9.800000190734863,500000.0,1.0499999802959792e-07,0.5,750.0,1000.0,600.0,1000.0,1150.0,32.0,32.0,37.400001525878906,10.0,10.0,0.007000000216066837,0.5049999952316284,82.0,189.26499938964844,0.0,1.5099999904632568,231.60000610351562,20.0,36.0,16.600000381469727,16.5,225.0,-0.1756729930639267,27.5,-0.1756729930639267,30.485509872436523,0.1561516970396042,11.10221004486084,-1.8332500457763672,-75.0,4.3520002365112305,13.857000350952148,189.26499938964844,93.30000305175781,2650000.0,0.8500000238418579,7.570000171661377,1,1,1,0,0,0,0,0,0,0,0,1,3,3,0,0,1,0,0,0,0,1,0,1,1,0,0,0,1,1,1,0,0,0,0,0,0,0,0,1,0,0,0,1,0,0,1,0,0,1,12.05141544342041,29051.265625,2153.66796875,0.00041483380482532084,0.0004361289902590215,0.0006248649442568421,0.0,0.0,0.0,0.0,0.0,0.0,0.5943276882171631,1.0,0.0,0.0,1.0,1.0,0.0,0.0,1.0,1.0,0.0,1.0,0.0,0.0,1.0,0.0,0.0,0.4486425518989563,0.5724419951438904,0.0006248649442568421,0.0,0.000622760911937803,0.0,99998.78125,99999.0,1978513.625,2410000.0,36.20000076293945,36.20000076293945,36.20000076293945,32.51861572265625,281.49005126953125,20.0,20.376258850097656,24.133848190307617,27.0,27.0,25.857894897460938,27.0,31.892250061035156,32.0,20.0,68.57752227783203,3446615.75,0.5433341860771179,7.559999942779541,0.0,8.919666290283203,0.0,0.0,29.598247528076172,1.401298464324817e-45,0.0,0.0,0.5049998760223389,0.5049998760223389,0.5049998760223389,0.18937495350837708,0.18937495350837708,0.18937495350837708,0.0,9.866072654724121,9.866072654724121,9.866072654724121,0.0,0.0,9.074999809265137,0.0,0.0,0.0,0.0,0.0,0.0,100.0,73.97314453125,0.26777443289756775,0.0,20.0,29.598247528076172,0.0,0.0,0.0,0.0,0.0,0.007000000216066837,0.0,0.0,9.074999809265137,0.0,1.7323341369628906,0.0,0.946874737739563,0.0,0.0,0.0,0.0,0.0,0.0,20.0,0.0,0.0,11175509.0,0.0,0.0,0.0,0.0,0.0,0.0,0.0,0.351500004529953,18.93000030517578,23.030000686645508,7.69199959904654e-06,0.08500000089406967,0.009999999776482582,24.0,27.0,8.800000190734863,500000.0,0.05000000074505806,2.7000000013543968e-09,2.7000000013543968e-09,145100.0,120000.0,14650000.0,86400.0,17.0,34.5,48.70000076293945,321.8999938964844,83170.0,0.0,1.0,1.0,0.0010000000474974513,725.0,0.0,0.5,0.0,0.0,57.31999969482422,837142.875,9359.77734375,117376.1015625,2623.89794921875,83026.390625,725.0,1.0204100362898316e-05,740000000.0,1,0,1,0,1,1,0,0,1,0,0,8.799991607666016,27.0,4543.64013671875,0.0,0.0,0.0,0.0,1.8253376483917236,0.00040172762237489223,0.0,0.03494967892765999,39.7547607421875,1.0,26032.9609375,8590.28515625,4.539165092865005e-05,208516896.0,1024451904.0,1097608704.0,2432299520.0,-27.97600746154785,-845.8726806640625,-792521088.0,-1407847552.0,30.54509162902832,28.474903106689453,58.52109909057617,874.34765625,106381.3984375,4197.376953125,147047.609375,166970.0,124032.9609375,60.200157165527344,39.7547607421875,39.7547607421875,1.0,4.539165092865005e-05,8590.28515625,896132251648.0,0.20157529413700104,137600.0,137600.0,75605752.0,58.52109909057617,6643.591796875,1.0,0.0,1700.0,250000.0,10000.0,1038.0,0.004999999888241291,400.0,5000.0,0,0,0,0,2959622.5,56.0368766784668,56.0368766784668,1216415.25,2781996.0,0.0,0.0,167048.90625,14.315446853637695,6462317.0,0.0,0.0,1.0,1.0,14.315446853637695,275.3855285644531,113.8173828125,0.0,5957889.0,473173.875,113.8173828125,1.0,1.0,1.0,0.0,559.273681640625,0.0,557.671142578125,1.0,0.0,7680000.0,283.52880859375,299.28240966796875,285.9035339355469,0.8754128217697144,2781996.0,327.5645751953125,112.0737533569336,1.8754128217697144,0.0,280.22021484375,1.0,0.0,-7.5742998123168945,0.0,0.0,9.999999974752427e-07,0.0,2.0,0.0003000000142492354,0.004999999888241291,0.0010000000474974513,2.0000000233721948e-07,2.0000000233721948e-07,0.0005555999814532697,993000000.0,1.0,0.05000000074505806,0.10000000149011612,0.0005000000237487257,0.0016700000269338489,0.009999999776482582,1.0,1.0,0.0010000000474974513,4.999999873689376e-05,0.00039999998989515007,0.019999999552965164,0.9891999959945679,0.9891999959945679,0.9950000047683716,0.9950000047683716,1,0,0,0,1,1,0,0,0,0,0,0,0,0,-0.007456977851688862,-7404779.0,5000.08447265625,167048.90625,0.0,2546223.0,0.0,1.0,2569281.25,0.0,0.0,60.0,180.0,1800.0,1800.0,0.0,0.0,0.0,0.0,-0.012236599810421467,0.0,0.0,0.0,0.0,0.0,0.0,0.0,0.0,0.0,0.0,0.0,6.602997746085748e-05,0.0,7.006492321624085e-44,1,1,0,1,1,1,1,1,1,1,1,0,1,0,1,1,1,1,0,1,0,1000,5,0,1,5001,27,0.0,0.0,120.0,120.0,0.0,0.0,0.4000000059604645,0.10000000149011612,0.10000000149011612,2.0,500.0,200.0,0.9900000095367432,300000.0,5000.0,45000.0,20000.0,0.019999999552965164,2.0,0.05000000074505806,0.019999999552965164,6.0,0.05000000074505806,0.019999999552965164,0.019999999552965164,88.30000305175781,0.10000000149011612,0.800000011920929,0.05000000074505806,0.009999999776482582,50.0,50.0,340.0,340.0,1000000.0,1,0,0,0,1,1,1,1,1,1,0,0,0,1,1,0,1.0,0.0,0.0,0.0,27.727237701416016,0.0,0.0,0.0,0.9176895618438721,0.9176895618438721,0.9176895618438721,5000.0830078125,3953817.25,3958817.25,50.0,27.61465072631836,0.4000000059604645,0.0,0.0,0.10000000149011612,0.16828951239585876,0.4925430119037628,22164.435546875,20.0,29.202341079711914,777579.5,22.90675926208496,3071.37841796875,721.2238159179688,0.7775794863700867,0.9172317385673523,9.472186088562012,1.0,3220543.5,3304167.0,9.718138694763184,20.0,0.27651122212409973,27.651123046875,0.0,636.4223022460938,438.1324768066406,100000.0,50000.0,1115.300048828125,50000.0,700.0,2000.0,2800000.0,3500000.0,4000000.0,9.999999747378752e-05,4.999999873689376e-05,500.0,20000.0,100.0,500.0,60000.0,1200.0,1.0,120.0,150000.0,3000.0,300.0,1.0,300.0,0.019999999552965164,0.019999999552965164,0.009999999776482582,0.009999999776482582,0.009999999776482582,0.019999999552965164,1.100000023841858,0.019999999552965164,4.0,0.019999999552965164,88.0,1613.0,0.009999999776482582,0.20000000298023224,3.0,5.0,600.0,0.0010000000474974513,88.0,88.0,2000.0,2340.0,-0.11599799990653992,-0.03561130166053772,-0.04758000001311302,-0.01752999983727932,1,0,1,0,0,1,1,442.9651794433594,442.9651794433594,1.77899169921875,1.77899169921875,0.0034203575924038887,22.90675926208496,164.127197265625,396.82672119140625,940.501953125,197.6197052001953,197.6197052001953,0.7936553955078125,0.7936553955078125,479.7297668457031,345.9386291503906,0.0,0.0,2663660.25,20.00048065185547,20.00048065185547,116.13919067382812,116.13919067382812,65062.1328125,65062.1328125,1.0843688249588013,1.0843688249588013,7.157723426818848,7.157723426818848,23.82539176940918,23.82539176940918,99687.828125,99687.828125,23.827369689941406,133.50955200195312,141.74343872070312,2642754.0,20.00048065185547,20.00048065185547,169.79840087890625,169.79840087890625,149.39100646972656,149.39100646972656,625067.0,625067.0,0.0,101.24259185791016,101.24259185791016,202.4886016845703,158429.640625,158429.640625,1.0561976432800293,1.0561976432800293,179.72970581054688,149.39100646972656,0.0,0.0,0.0,168.59292602539062,168.59292602539062,337.18585205078125,0.0,0.0,0.0,0.0,0.0,168.59292602539062,168.59292602539062,0.026315800845623016,0.0,0.20000000298023224,0.0,0.0,0.0,0.0,0.0,0.0,0.9599996209144592,1.0,1.0,1.0,0.9999998211860657,0.9999998211860657,0.9999998211860657,190827.4375,193237.765625,0.0,14.750001907348633,0.0,14.750001907348633,7.25,12.0,10.25,296.3810119628906,297.7510070800781,29.5,190825.59375,5203817.0,12224996.0,0.0,0.0,0.0,0.2527411878108978,0.2527411878108978,0.2527411878108978,0.43049106001853943,559090.4375,0.9959999918937683,0.9959999918937683,0.9959999918937683,0.9959999918937683,0.0,3302288.25,5897436.5,1715179.0,2606300.0,3733216.5,0.0039538173004984856,0.007917634211480618,889.4883422851562,7.25,12.0,10.25,0.0,0.0,0.0,0.0,0.0,0.0,396.83013916015625,889.500244140625,332.7924499511719,332.7924499511719,332.7924499511719,658.1802368164062,658.1802368164062,658.1802368164062,2.9923107624053955,0.0,0.8011524081230164,2.992319345474243,5.0,0.0040000081062316895,0.0040000081062316895,0.0040000081062316895,0.0040000081062316895,0.0,-0.4368000030517578,0.0,598462.125,164.127197265625,164.127197265625,0.0,20.0,2781762.5,7.25,12.0,10.25,20.0,20.0,20.0,0.0,0.0,0.7926306128501892,0.9211652278900146,10000.0,10000.0,0.011826000176370144,1038.5,0.027953999117016792,0.0,0.0,1.0878000259399414,1.0809999704360962,9.000000136438757e-05,103.0,33.220001220703125,1.8179999589920044,0.029999999329447746,49.0,8.329999923706055,4.159999847412109,58.0,302.0,4.5,0.699999988079071,0.4000000059604645,7.5,1.3799999952316284,2.492000102996826,7000.0,48.88999938964844,1.2000000476837158,45.0,62000.0,4590000.0,4250000.0,15900000.0,15100000.0,0.05000000074505806,0.17000000178813934,0.009999999776482582,15220000.0,1.6699999570846558,312.7799987792969,1.1100000143051147,4232.0,0.25,689000.0,4030000.0,9.829999923706055,8.550000190734863,12200000.0,231.10000610351562,88.3239974975586,633.0,1.1430000066757202,0.6858000159263611,-10.0,-3.7799999713897705,0.7799999713897705,295.5,4030000.0,12400000.0,0.9200000166893005,5.0,1,0,1,228,24,0,0,0,0,1,1,1,1,1,0,0,1,1,0,0,0,0,1,0,0,0,0,1,0,0,0,0,0,0,0,0,1,0,1,8,0,0,1,0,0.03684516251087189,6489885.0,1.0877995491027832,0.24906785786151886,1.099273920059204,294.0385437011719,8.526801109313965,-0.0043924590572714806,1,1,1,0,0,0,1,1,0,0,0,0,0,450,0.20000000298023224,0.20000000298023224,0.20000000298023224,0.0,2,0,0,0,0,0,0,0,0,0,0,0,0,0,0,0,0,0,0,0,0,0,0,0,0,0,0,0,0,0,0,0,0,0,0,0,0,0,0,0,0,0,0,0,0,0,0,0,0,0,0,1,0,0,0,0,0,0,0,0,0,0,0,0,0,0,0,0,0,0,0,0,0,0,0,0,0,0,0,0,0,0,0,0,0,0,0,0,0,0,0,0,0,0,0,0,0,0,0,0,0,0,0,0,0,0,0,0,0,0,0,0,0,0,0,0,0,0,0,0,0,0,0,0,0,0,0,0,0,0,0,0,0,0,0,0,0,0,0,0,0,0,0,1,0,0,0,0,0,0,0,0,0,0,0,-1,0,0,0,0,0,0,1,1,0,0,3.684516191482544,-4.775106906890869,0.0,-0.549663782119751,-1.6815581571897805e-44,291.70001220703125,294.0385437011719,322.3838806152344,-0.04039553925395012,99.25012969970703,2667.662841796875,1.0877995491027832,1.099273920059204,-1.0,-2.338531494140625,6.827850029367255e-06,0.03494967892765999,100.0,27.0,0.0,7.799991607666016,3.9340076446533203,1.0,1.0,39.7547607421875,0.2656429409980774,20.0,4.539165092865005e-05,0.0,73.97314453125,1.7323341369628906,1.8179994821548462,0.00036938843550160527,0.6817498207092285,0.5433341860771179,20.18895149230957,8.919666290283203,0.0,0.0,0.0,20.376258850097656,44.898040771484375,281.49005126953125,20.0,0.9460869431495667,296.9420471191406,40.007659912109375,0.29459047317504883,289.69000244140625,289.94525146484375,289.6900634765625,297.7694396972656,299.3653869628906,297.7711486816406,100.0,8.778417587280273,26.777442932128906,117.38518524169922,293.729736328125,294.65533447265625,293.7305908203125,340.3131103515625,35.55585861206055,27.80808448791504,117.38518524169922,0.0,0.23600035905838013,0.2751621603965759,0.23604848980903625,78.12297821044922,78.49920654296875,78.03616333007812,66.22576904296875,66.23882293701172,66.22343444824219,29.223907470703125,30.060041427612305,29.090377807617188,98.38768768310547,96.65812683105469,98.21704864501953,36.89999771118164,43.19999694824219,26.099998474121094,285.94482421875,299.31939697265625,283.5309143066406,29.0,0.0,48.0,0.0,0.0,0.0,0.0,0.0,0.0,41.0,78.36749267578125,65.94213104248047,179.72970581054688,34.998355865478516,9.999999974752427e-07,17.50185775756836,0.0,133.50955200195312,0.0,721.2238159179688,40.39616775512695,22.90675926208496,0.0,9.472186088562012,77.75794982910156,1.0,0.9718138575553894,20.0,0.0,60.0,120.0,0.0,120.0,0.0,0.0,0.0,0.0,18.093027114868164,89.19666290283203,2.0,200.0,0,0,0,0,0,0,0,0,0,0,24,0,99999,99999,25,402,1800,180,1800,0,0,-7,3,23,0,0,0,806,1424,29,31,32,0,1,0,1,0,1,0,0,1,0,0,0,0,0,1,0,0,0,0,1,0,0,0,1,0,0,0,1,0,0,0,0,0,0,0,0,0,0,0,0,1,0,1,0,0,1,1,0,0,1,1,0,1,0,1,0,1,1,0,0,0,1,0,0,0,0,0,0,0,1,1,0,1,0,0,0,0,0,0,0,0,1,0,0,0,1,0,0,0,0,0,0,1,0,0,1,0,1,0,0,1,0,0,1,0,0,1,0,0,0,1,0,1,1,1,0,0,1,0,0,0,0,0,1,1,1,0,0,0,0,0,0,0,1,0,1,0,1,0,1,0,1,0,0,0,0,0,0,0,0,1,1,1,1,0,1,0,1,1,1,1,1,1,1,0,0,0,0,0,0,1,0,1,1,1,1,1,1,1,1,1,1,1,0,0,0,1,1,0,0,1,1,0,1,1,0,0,1,1,1,0,0,0,0,1,1,1,1,0,0,1,1,1,0,0,1,0,0,1,0,1,1,0,1,1,1,1,1,1,1,1,0,1,0,0,0,0,0,0,0,0,0,0,1,0,0,1,0,0,0,0,0,0,0,0,0,0,0,0,0,0,0,0,0,0,0,0,0,0,0,0,0,0,0,0,0,0,0,0,0,0,0,0,0,0,0,0,0,0,0,0,0,0,0,0,0,0,0,0,0,0,0,0,0,0,0,0,0,0,0,0,0,0,0,0,0,0,0,0,0,0,0,0,0,0,0,0,0,0,0,0,0,0,0,0,0,0,0,0,0,0,0,0,0,0,0,0,0,0,0,0,0,0,0,0,0,0,0,0,0,0,0,0,0,0,0,0,0,0,0,0,0,0,0,0,0,0,0,0,0,0,0,0,0,0,0,0,0,0,0,0,1,0,1,0,0,0,0,0,1,0,0,0,0,0,0,0,0,0,0,0,0,0,0,0,1,0,0,0,0,0,0,0,0,0,0,0,0,0,0,1,0,0,0,0,0,0,0,0,0,0,1,0,0,0,0,0,0,0,0,0,0,0,0,0,0,0,0,0,0,0,0,0,0,0,0,0,0,0,1,0,0,0,0,0,0,1,1,1,0,0,0,0,0,0,-1,0,0,0,0,0,0,0,0,-1,0,0,-1,0,0,0,0,0,0,0,0,0,0,0,0,0,0,0,0,0,0,1,0,0,0,0,0,0,0,0,0,0,0,0,0,0,0,0,1,1,0,-1,-1,-1,1,1,1,0,0,0,0,1,0,0,1,1,0,0,0,0,1,0,0,0,0,0,0,0,0,0,0,0,0,0,0,0,0,0,0,0,0,0,0,0,0,0,0,0,0,0,1,1,0,1,0,1,1,0,1,0,1,1,0,1,0,0,1,0,0,0,0,0,0,0,0,0,0,0,0,0,0,0,0,0,0,0,0,0,0,0,0,0,0
0,1,1,300,228,8,8,228,114,25,1,0,0.0020000000949949026,4000.0,1.0,0.04500000178813934,25.0,48.0,8.0,291.70001220703125,1.7000000476837158,-3.179999907843012e-07,0.007360000163316727,0.008080000057816505,8.0,0.33000001311302185,0.0333000011742115,1.0,9.999999747378752e-06,21.0,9.999999747378752e-06,2775000064.0,9.000000136438757e-05,4.999999980020986e-13,5.0,40.0,3.0,-3.3499999046325684,3.3499999046325684,0.5,0.0004799999878741801,292.3927001953125,492.6077880859375,-0.0036125299520790577,0.002354159951210022,0.0008944629807956517,0.013157900422811508,0.800646185874939,0.02024419978260994,2650129920.0,0.006539999973028898,0,0,0,0,0,0,0,0,0,0,0,0,0,0,0,0,0,0,0,0,0,0,0,0,0,0,0,0,0,0,0,0,0,0,0,0,0,0,0,0,0,0,0,0,0,0,0,0,0,0,0,0,0,1,4,4,0,0,0,0,0,0,0,0,2,0,0.0004019168845843524,291.39385986328125,312.79669189453125,316.31622314453125,319.982177734375,323.54351806640625,329.3489990234375,331.19757080078125,332.3695068359375,332.63201904296875,332.0939636230469,330.8544921875,328.94970703125,326.6938781738281,324.30938720703125,322.01861572265625,319.88885498046875,318.03521728515625,316.4168395996094,314.9818420410156,313.6655578613281,312.4418029785156,311.28680419921875,310.172119140625,309.06927490234375,307.94989013671875,0.022718094289302826,0.04145524650812149,0.77165287733078,-0.0403250977396965,0.7562745809555054,0.8693811893463135,3735.972900390625,1.2503763855420402e-06,0.2185150682926178,0.02497939206659794,0.03545738011598587,0.03613993898034096,0.01898418366909027,1.0,-1.6815581571897805e-44,-4.7920122146606445,0.0,99.24901580810547,2667.7626953125,0.9445802569389343,321.4164123535156,0.0,-72.0,-16.06203269958496,0.4000000059604645,0.0,291.70001220703125,280660.09375,-0.549606204032898,6.287330627441406,130.28829956054688,10.0,7750000.0,8160000.0,86.12000274658203,119.0999984741211,0.5,9.999999747378752e-05,0.0,3.299999952316284,200.0,0.30000001192092896,309.20001220703125,2.439019908706541e-06,0,0,0,1,1,1,0,24,0,293.5325012207031,0.0,0.0,0.0,0.0,0.0,0.0,0.9430294036865234,0.8670973777770996,0.5236228704452515,0.209703266620636,0.030286451801657677,0.028764089569449425,0.290296733379364,0.3000255227088928,0.2916300892829895,1.0,25.0,24.0,6453758.0,6455267.0,6453983.5,289.06231689453125,289.322509765625,289.061767578125,297.38385009765625,298.98223876953125,297.38232421875,4400000.0,293.22308349609375,294.1523742675781,293.2220458984375,8.321533203125,9.65972900390625,8.320556640625,296.54193115234375,4522.615234375,4447.2392578125,4530.3310546875,11.208114624023438,11.274494171142578,11.22063159942627,24.97100830078125,0.0,0.0,0.0020000000949949026,289.14886474609375,297.9161376953125,-147.20608520507812,0.9425457715988159,0.9741628170013428,0.9468761682510376,246.82701110839844,39.0,40.0,42.0,41.0,0.0,0.0,6436107.5,6408314.0,58.33761215209961,5.0,0.014999999664723873,-180000.0,600.0,1000000.0,400000.0,0.17000000178813934,22000.0,786000.0,120000.0,0.0,40.0,30.0,36.810001373291016,0.5,18.399999618530273,50000.0,115692.3984375,15.113750457763672,0,0,1,0,0,0,0,11415935.0,0.0,0.0,0.0,0.0,0.0,-3954917.0,400000.0,1000000.0,1.0,1400000.0,0.0,0.3523493707180023,11445083.0,126869.6328125,11415935.0,340.31390380859375,40.007659912109375,3.5074708461761475,-3954917.0,0.0,0.0,0.0,2.7565507888793945,40.007659912109375,0.0,22230.939453125,1.2010046243667603,0.0,0.0,0.0,20.0,14.711517333984375,22.0,0.0,0.0,0.0,0.05000000074505806,0.02500000037252903,0.17000000178813934,15400000.0,0.5,6.25,0.0006667000125162303,2.0,2410000.0,4140000.0,4.734799861907959,0.15000000596046448,0.20000000298023224,0.2199999988079071,1.0,0.0,-1.0,0.0,5.0,20.0,30.0,50.0,74.0,80.0,86.0,9.800000190734863,500000.0,1.0499999802959792e-07,0.5,750.0,1000.0,600.0,1000.0,1150.0,32.0,32.0,37.400001525878906,10.0,10.0,0.007000000216066837,0.5049999952316284,82.0,189.26499938964844,0.0,1.5099999904632568,231.60000610351562,20.0,36.0,16.600000381469727,16.5,225.0,-0.1756729930639267,27.5,-0.1756729930639267,30.485509872436523,0.1561516970396042,11.10221004486084,-1.8332500457763672,-75.0,4.3520002365112305,13.857000350952148,189.26499938964844,93.30000305175781,2650000.0,0.8500000238418579,7.570000171661377,1,1,1,0,0,0,0,0,0,0,0,1,3,3,0,0,1,0,0,0,0,1,0,1,1,0,0,0,1,1,1,0,0,0,0,0,0,0,0,1,0,0,0,1,0,0,1,0,0,1,12.05141544342041,29051.265625,2153.660400390625,0.00041483360109850764,0.0004361289902590215,0.0006248649442568421,0.0,0.0,0.0,0.0,0.0,0.0,0.5928787589073181,1.0,0.0,0.0,1.0,1.0,0.0,0.0,1.0,1.0,0.0,1.0,0.0,0.0,1.0,0.0,0.0,0.44382256269454956,0.5663014650344849,0.0006248649442568421,0.0,0.0006228737765923142,0.0,99998.78125,99999.0,1957257.5,2410000.0,36.20000076293945,36.20000076293945,36.20000076293945,32.515167236328125,281.06951904296875,20.0,20.24080467224121,24.094112396240234,27.0,27.0,25.842058181762695,27.0,31.89803123474121,32.0,20.0,68.57752227783203,3446603.75,0.5433341860771179,7.559999942779541,0.0,8.919666290283203,0.0,0.0,31.2824649810791,1.401298464324817e-45,0.0,0.0,0.5049998760223389,0.5049998760223389,0.5049998760223389,0.18937495350837708,0.18937495350837708,0.18937495350837708,0.0,10.427477836608887,10.427477836608887,10.427477836608887,0.0,0.0,9.074999809265137,0.0,0.0,0.0,0.0,0.0,0.0,100.0,73.97314453125,0.26087284088134766,0.0,20.0,31.2824649810791,0.0,0.0,0.0,0.0,0.0,0.007000000216066837,0.0,0.0,9.074999809265137,0.0,1.7323341369628906,0.0,0.946874737739563,0.0,0.0,0.0,0.0,0.0,0.0,20.0,0.0,0.0,11116923.0,0.0,0.0,0.0,0.0,0.0,0.0,0.0,0.351500004529953,18.93000030517578,23.030000686645508,7.69199959904654e-06,0.08500000089406967,0.009999999776482582,24.0,27.0,8.800000190734863,500000.0,0.05000000074505806,2.7000000013543968e-09,2.7000000013543968e-09,145100.0,120000.0,14650000.0,86400.0,17.0,34.5,48.70000076293945,321.8999938964844,83170.0,0.0,1.0,1.0,0.0010000000474974513,725.0,0.0,0.5,0.0,0.0,57.31999969482422,837142.875,9359.77734375,117376.1015625,2623.89794921875,83026.390625,725.0,1.0204100362898316e-05,740000000.0,1,0,1,0,1,1,0,0,1,0,0,8.799991607666016,27.0,4567.046875,0.0,0.0,0.0,0.0,1.8347452878952026,0.0004017283790744841,0.0,0.03512972220778465,39.7628173828125,1.0,26035.5703125,8632.216796875,4.5625540224136785e-05,205770080.0,1024758784.0,1097759488.0,2428700928.0,-26.272953033447266,-844.486572265625,-794920768.0,-1403942144.0,32.22930908203125,28.474903106689453,58.502262115478516,872.96142578125,106381.3984375,4199.07958984375,147069.3125,167003.828125,124035.5703125,60.60015869140625,39.7628173828125,39.7628173828125,1.0,4.5625540224136785e-05,8632.216796875,893751853056.0,0.20160633325576782,137600.0,137600.0,75449504.0,58.502262115478516,6646.1474609375,1.0,0.0,1700.0,250000.0,10000.0,1038.0,0.004999999888241291,400.0,5000.0,0,0,0,0,2959622.5,55.81295394897461,55.81295394897461,1216415.25,2782283.0,0.0,0.0,161635.46875,12.649128913879395,6426041.0,0.0,0.0,1.0,1.0,12.649128913879395,275.3855285644531,112.81736755371094,0.0,5957889.0,468875.96875,112.81736755371094,1.0,1.0,1.0,0.0,556.09228515625,0.0,554.5382690429688,1.0,0.0,7680000.0,283.421875,299.09197998046875,285.7608642578125,0.8851804733276367,2782283.0,329.2890930175781,111.62590789794922,1.8851804733276367,0.0,279.8505859375,1.0,0.0,-7.5742998123168945,0.0,0.0,9.999999974752427e-07,0.0,2.0,0.0003000000142492354,0.004999999888241291,0.0010000000474974513,2.0000000233721948e-07,2.0000000233721948e-07,0.0005555999814532697,993000000.0,1.0,0.05000000074505806,0.10000000149011612,0.0005000000237487257,0.0016700000269338489,0.009999999776482582,1.0,1.0,0.0010000000474974513,4.999999873689376e-05,0.00039999998989515007,0.019999999552965164,0.9891999959945679,0.9891999959945679,0.9950000047683716,0.9950000047683716,1,0,0,0,1,1,0,0,0,0,0,0,0,0,-0.007456977851688862,-7404779.0,5000.08154296875,161635.46875,0.0,2546223.0,0.0,1.0,2569281.25,0.0,0.0,60.0,180.0,1800.0,1800.0,0.0,0.0,0.0,0.0,-0.012236599810421467,0.0,0.0,0.0,0.0,0.0,0.0,0.0,0.0,0.0,0.0,0.0,6.602997746085748e-05,0.0,7.006492321624085e-44,1,1,0,1,1,1,1,1,1,1,1,0,1,0,1,1,1,1,0,1,0,1000,5,0,1,5001,29,0.0,0.0,120.0,120.0,0.0,0.0,0.4000000059604645,0.10000000149011612,0.10000000149011612,2.0,500.0,200.0,0.9900000095367432,300000.0,5000.0,45000.0,20000.0,0.019999999552965164,2.0,0.05000000074505806,0.019999999552965164,6.0,0.05000000074505806,0.019999999552965164,0.019999999552965164,88.30000305175781,0.10000000149011612,0.800000011920929,0.05000000074505806,0.009999999776482582,50.0,50.0,340.0,340.0,1000000.0,1,0,0,0,1,1,1,1,1,1,0,0,0,1,1,0,1.0,0.0,0.0,0.0,27.727235794067383,0.0,0.0,0.0,0.9176636338233948,0.9176636338233948,0.9176636338233948,5000.080078125,3958680.5,3963680.5,50.0,27.6146240234375,0.4000000059604645,0.0,0.0,0.10000000149011612,0.1673448234796524,0.4925430119037628,22164.435546875,20.0,29.202341079711914,777548.0,22.8048038482666,3055.15771484375,721.223876953125,0.7775480151176453,0.9171767830848694,9.472160339355469,1.0,3220534.5,3304155.0,9.71810245513916,20.0,0.2765422463417053,27.654224395751953,0.0,636.4223022460938,449.4472961425781,100000.0,50000.0,1115.300048828125,50000.0,700.0,2000.0,2800000.0,3500000.0,4000000.0,9.999999747378752e-05,4.999999873689376e-05,500.0,20000.0,100.0,500.0,60000.0,1200.0,1.0,120.0,150000.0,3000.0,300.0,1.0,300.0,0.019999999552965164,0.019999999552965164,0.009999999776482582,0.009999999776482582,0.009999999776482582,0.019999999552965164,1.100000023841858,0.019999999552965164,4.0,0.019999999552965164,88.0,1613.0,0.009999999776482582,0.20000000298023224,3.0,5.0,600.0,0.0010000000474974513,88.0,88.0,2000.0,2340.0,-0.11599799990653992,-0.03561130166053772,-0.04758000001311302,-0.01752999983727932,1,0,1,0,0,1,1,436.7882995605469,436.7882995605469,1.754180908203125,1.754180908203125,0.0032922769896686077,22.8048038482666,164.1236572265625,382.28057861328125,930.1910400390625,190.375732421875,190.375732421875,0.764556884765625,0.764556884765625,461.86236572265625,332.41168212890625,0.0,0.0,2663660.25,20.00048065185547,20.00048065185547,114.95133972167969,114.95133972167969,65024.48828125,65024.48828125,1.0837414264678955,1.0837414264678955,6.324564456939697,6.324564456939697,23.72646713256836,23.72646713256836,99273.921875,99273.921875,23.728363037109375,132.02581787109375,140.47683715820312,2643034.25,20.00048065185547,20.00048065185547,169.43943786621094,169.43943786621094,148.56858825683594,148.56858825683594,621625.875,621625.875,0.0,100.48971557617188,100.48971557617188,200.98272705078125,158384.640625,158384.640625,1.05589759349823,1.05589759349823,178.88943481445312,148.56858825683594,0.0,0.0,0.0,167.69277954101562,167.69277954101562,335.38555908203125,0.0,0.0,0.0,0.0,0.0,167.69277954101562,167.69277954101562,0.026315800845623016,0.0,0.20000000298023224,0.0,0.0,0.0,0.0,0.0,0.0,0.9599996209144592,1.0,1.0,1.0,0.9999998211860657,0.9999998211860657,0.9999998211860657,190827.171875,193237.390625,0.0,14.750001907348633,0.0,14.750001907348633,7.25,12.0,10.25,296.3810119628906,297.7510070800781,29.5,190825.65625,5489412.5,12224996.0,0.0,0.0,0.0,0.23292627930641174,0.23292627930641174,0.23292627930641174,0.4420456290245056,543209.875,0.9959999918937683,0.9959999918937683,0.9959999918937683,0.9959999918937683,0.0,3325403.25,5759134.0,1651138.625,2606300.0,3723095.5,0.00395868020132184,0.007927360944449902,877.0849609375,7.25,12.0,10.25,0.0,0.0,0.0,0.0,0.0,0.0,382.28387451171875,877.0968627929688,331.2428283691406,331.2428283691406,331.2428283691406,606.578857421875,606.578857421875,606.578857421875,2.9923110008239746,0.0,0.7980761528015137,2.9923079013824463,5.0,0.0040000081062316895,0.0040000081062316895,0.0040000081062316895,0.0040000081062316895,0.0,-0.4368000030517578,0.0,598462.1875,164.1236572265625,164.1236572265625,0.0,20.0,2782053.5,7.25,12.0,10.25,20.0,20.0,20.0,0.0,0.0,0.7926306128501892,0.9211652278900146,10000.0,10000.0,0.011826000176370144,1038.5,0.027953999117016792,0.0,0.0,1.0878000259399414,1.0809999704360962,9.000000136438757e-05,103.0,33.220001220703125,1.8179999589920044,0.029999999329447746,49.0,8.329999923706055,4.159999847412109,58.0,302.0,4.5,0.699999988079071,0.4000000059604645,7.5,1.3799999952316284,2.492000102996826,7000.0,48.88999938964844,1.2000000476837158,45.0,62000.0,4590000.0,4250000.0,15900000.0,15100000.0,0.05000000074505806,0.17000000178813934,0.009999999776482582,15220000.0,1.6699999570846558,312.7799987792969,1.1100000143051147,4232.0,0.25,689000.0,4030000.0,9.829999923706055,8.550000190734863,12200000.0,231.10000610351562,88.3239974975586,633.0,1.1430000066757202,0.6858000159263611,-10.0,-3.7799999713897705,0.7799999713897705,295.5,4030000.0,12400000.0,0.9200000166893005,5.0,1,0,1,228,25,0,0,0,0,1,1,1,1,1,0,0,1,1,0,0,0,0,1,0,0,0,0,1,0,0,0,0,0,0,0,0,1,0,1,8,0,0,1,0,0.03545738011598587,6453758.0,1.0877995491027832,0.2538294494152069,1.1023117303848267,293.7007141113281,8.689813613891602,-0.004057911224663258,1,1,1,0,0,0,1,1,0,0,0,0,0,452,0.20000000298023224,0.20000000298023224,0.20000000298023224,0.0,2,0,0,0,0,0,0,0,0,0,0,0,0,0,0,0,0,0,0,0,0,0,0,0,0,0,0,0,0,0,0,0,0,0,0,0,0,0,0,0,0,0,0,0,0,0,0,0,0,0,0,1,0,0,0,0,0,0,0,0,0,0,0,0,0,0,0,0,0,0,0,0,0,0,0,0,0,0,0,0,0,0,0,0,0,0,0,0,0,0,0,0,0,0,0,0,0,0,0,0,0,0,0,0,0,0,0,0,0,0,0,0,0,0,0,0,0,0,0,0,0,0,0,0,0,0,0,0,0,0,0,0,0,0,0,0,0,0,0,0,0,0,0,1,0,0,0,0,0,0,0,0,0,0,0,-1,0,0,0,0,0,0,1,1,0,0,3.5457379817962646,-4.7920122146606445,0.0,-0.549606204032898,-1.6815581571897805e-44,291.70001220703125,293.7007141113281,321.4164123535156,-0.0403250977396965,99.24901580810547,2667.7626953125,1.0877995491027832,1.1023117303848267,-1.0,-2.000701904296875,6.827850029367255e-06,0.03512972220778465,100.0,27.0,0.0,7.799991607666016,3.936122417449951,1.0,1.0,39.7628173828125,0.265669584274292,20.0,4.5625540224136785e-05,0.0,73.97314453125,1.7323341369628906,1.8179994821548462,0.00036938843550160527,0.6817498207092285,0.5433341860771179,19.9720516204834,8.919666290283203,0.0,0.0,0.0,20.24080467224121,44.898040771484375,281.06951904296875,20.0,0.9456712007522583,296.6796875,40.007659912109375,0.29459047317504883,289.26934814453125,289.5284423828125,289.26953125,297.51239013671875,299.110595703125,297.5140380859375,100.0,9.147652626037598,26.087284088134766,116.78677368164062,293.390869140625,294.31951904296875,293.39178466796875,340.313720703125,35.23493576049805,27.646289825439453,116.78677368164062,0.0,0.24077925086021423,0.2798946797847748,0.24082203209400177,78.05925750732422,78.43492889404297,77.9722900390625,65.85709381103516,65.87019348144531,65.85479736328125,29.163009643554688,30.002552032470703,29.029672622680664,98.45658874511719,96.67414855957031,98.28800964355469,36.89999771118164,43.19999694824219,26.099998474121094,285.8265075683594,299.1627197265625,283.4495544433594,29.0,0.0,48.0,0.0,0.0,0.0,0.0,0.0,0.0,41.0,78.36749267578125,65.57196807861328,178.88943481445312,34.79926681518555,9.999999974752427e-07,16.848384857177734,0.0,132.02581787109375,0.0,721.223876953125,40.44579315185547,22.8048038482666,0.0,9.472160339355469,77.75479888916016,1.0,0.9718102216720581,20.0,0.0,60.0,120.0,0.0,120.0,0.0,0.0,0.0,0.0,18.093027114868164,89.19666290283203,2.0,200.0,0,0,0,0,0,0,0,0,0,0,25,0,99999,99999,24,402,1800,180,1800,0,0,-7,3,23,0,0,0,806,1424,29,31,32,0,1,0,1,0,1,0,0,1,0,0,0,0,0,1,0,0,0,0,1,0,0,0,1,0,0,0,1,0,0,0,0,0,0,0,0,0,0,0,0,1,0,1,0,0,1,1,0,0,1,1,0,1,0,1,0,1,1,0,0,1,1,0,0,1,0,1,0,0,1,1,0,1,0,0,0,0,1,0,1,0,1,0,0,0,1,0,0,0,0,0,0,1,0,0,1,0,1,0,0,1,1,0,1,0,0,1,0,0,0,1,0,1,1,1,0,0,1,0,0,0,0,0,1,1,1,0,0,0,0,0,0,0,1,0,1,0,1,0,1,0,1,0,0,0,0,0,0,0,0,1,1,1,1,0,1,0,1,1,1,1,1,1,1,0,0,0,0,0,0,1,0,1,1,1,1,1,1,1,1,1,1,1,1,0,0,1,1,0,0,1,1,0,1,1,0,0,1,1,1,0,0,0,0,1,1,1,1,0,0,1,1,1,0,0,1,0,0,1,0,1,1,0,1,1,1,1,1,1,1,1,0,1,0,0,0,0,0,0,0,0,0,0,1,0,0,1,0,0,0,0,0,1,1,1,1,0,0,0,1,0,0,0,0,0,1,0,0,1,0,0,0,0,0,0,0,0,0,0,0,0,1,0,0,0,0,1,0,0,0,1,0,0,0,0,0,0,0,0,0,1,0,0,0,0,0,0,1,0,1,0,1,1,0,0,0,0,0,0,1,0,0,0,0,0,0,1,0,1,0,0,1,0,0,0,0,1,0,0,0,0,0,0,0,0,0,0,0,0,0,0,0,0,0,0,0,0,0,0,0,0,0,0,0,0,0,0,0,0,0,0,0,0,0,0,0,0,0,0,0,0,0,0,0,0,0,0,0,0,0,0,1,0,1,0,0,0,0,0,1,0,0,0,0,0,0,0,0,0,0,0,0,0,0,0,1,0,0,0,0,0,0,0,0,0,0,0,0,0,0,1,0,0,0,0,0,0,0,0,0,0,1,0,0,0,0,0,0,0,0,0,0,0,0,0,0,0,0,0,0,0,0,0,0,0,0,0,0,0,1,0,0,0,0,0,0,1,1,1,0,0,0,0,0,0,-1,0,0,0,0,0,0,0,0,-1,0,0,-1,0,0,0,0,0,0,0,0,0,0,0,0,0,0,0,0,0,0,1,0,0,0,0,0,0,0,0,0,0,0,0,0,0,0,0,1,1,0,-1,-1,-1,1,1,1,0,0,0,0,1,0,0,1,1,0,0,0,0,1,0,0,0,0,0,0,0,0,0,0,0,0,0,0,0,0,0,0,0,0,0,0,0,0,0,0,0,0,0,1,1,0,1,0,1,1,0,1,0,1,1,0,1,0,0,1,0,0,0,0,0,0,0,0,0,0,0,0,0,0,0,0,0,0,0,0,0,0,0,0,0,0
0,1,1,300,228,8,8,228,114,25,1,0,0.0020000000949949026,4000.0,1.0,0.04500000178813934,25.0,48.0,8.0,291.70001220703125,1.7000000476837158,-3.179999907843012e-07,0.007360000163316727,0.008080000057816505,8.0,0.33000001311302185,0.0333000011742115,1.0,9.999999747378752e-06,21.0,9.999999747378752e-06,2775000064.0,9.000000136438757e-05,4.999999980020986e-13,5.0,40.0,3.0,-3.3499999046325684,3.3499999046325684,0.5,0.0004799999878741801,292.3927001953125,492.6077880859375,-0.0036125299520790577,0.002354159951210022,0.0008944629807956517,0.013157900422811508,0.800646185874939,0.02024419978260994,2650129920.0,0.006539999973028898,0,0,0,0,0,0,0,0,0,0,0,0,0,0,0,0,0,0,0,0,0,0,0,0,0,0,0,0,0,0,0,0,0,0,0,0,0,0,0,0,0,0,0,0,0,0,0,0,0,0,0,0,0,1,4,4,0,0,0,0,0,0,0,0,2,0,0.0004020068154204637,290.8412780761719,311.65032958984375,314.9796447753906,318.4454345703125,321.813720703125,327.3221740722656,329.0956726074219,330.24365234375,330.54052734375,330.085205078125,328.96844482421875,327.2301330566406,325.15386962890625,322.9470520019531,320.81707763671875,318.84130859375,317.1119689941406,315.5875244140625,314.2175598144531,312.9430236816406,311.7400207519531,310.59002685546875,309.4711608886719,308.3614196777344,307.2388916015625,0.023271122947335243,0.040242284536361694,0.7716398239135742,-0.040210530161857605,0.7563056945800781,0.8646942377090454,3558.2666015625,1.1908069836863433e-06,0.21442177891731262,0.023808632045984268,0.03353310003876686,0.034155115485191345,0.01914013735949993,1.0,-1.6815581571897805e-44,-4.816544055938721,0.0,99.24734497070312,2667.91162109375,0.9446191191673279,320.0482177734375,0.0,-72.0,-16.854928970336914,0.0,0.0,291.70001220703125,280660.65625,-0.5495007634162903,6.2831878662109375,130.28829956054688,10.0,7750000.0,8160000.0,86.12000274658203,119.0999984741211,0.5,9.999999747378752e-05,0.0,3.299999952316284,200.0,0.30000001192092896,309.20001220703125,2.439019908706541e-06,0,0,0,1,1,1,0,24,0,293.0282897949219,0.0,0.0,0.0,0.0,0.0,0.0,0.9450138807296753,0.867080569267273,0.5239592790603638,0.21052730083465576,0.032368004322052,0.030749471858143806,0.28947269916534424,0.29916954040527344,0.2908022403717041,1.0,25.0,24.0,6401627.5,6403134.5,6401849.0,288.453369140625,288.71685791015625,288.45257568359375,296.98095703125,298.58660888671875,296.9793701171875,4400000.0,292.7171630859375,293.6517333984375,292.7159729003906,8.527587890625,9.8697509765625,8.52679443359375,296.100341796875,4526.9296875,4448.560546875,4534.57666015625,11.194952011108398,11.260446548461914,11.207493782043457,24.924224853515625,0.0,0.0,0.0020000000949949026,288.5409240722656,297.5156555175781,-146.67593383789062,0.9399255514144897,0.9713423252105713,0.9442421197891235,250.2000732421875,39.0,40.0,42.0,41.0,0.0,0.0,6384789.0,6356793.0,58.28908157348633,5.0,0.014999999664723873,-180000.0,600.0,1000000.0,400000.0,0.17000000178813934,22000.0,786000.0,120000.0,0.0,40.0,30.0,36.810001373291016,0.5,18.399999618530273,50000.0,115692.3984375,15.113750457763672,0,0,1,0,0,0,0,11329221.0,0.0,0.0,0.0,0.0,0.0,-4042004.0,400000.0,1000000.0,1.0,1400000.0,0.0,0.34754762053489685,11357996.0,126869.6328125,11329221.0,340.314697265625,40.007659912109375,3.4595115184783936,-4042004.0,0.0,0.0,0.0,2.7323715686798096,40.007659912109375,0.0,22230.939453125,1.2010046243667603,0.0,0.0,0.0,20.0,14.711517333984375,22.0,0.0,0.0,0.0,0.05000000074505806,0.02500000037252903,0.17000000178813934,15400000.0,0.5,6.25,0.0006667000125162303,2.0,2410000.0,4140000.0,4.734799861907959,0.15000000596046448,0.20000000298023224,0.2199999988079071,1.0,0.0,-1.0,0.0,5.0,20.0,30.0,50.0,74.0,80.0,86.0,9.800000190734863,500000.0,1.0499999802959792e-07,0.5,750.0,1000.0,600.0,1000.0,1150.0,32.0,32.0,37.400001525878906,10.0,10.0,0.007000000216066837,0.5049999952316284,82.0,189.26499938964844,0.0,1.5099999904632568,231.60000610351562,20.0,36.0,16.600000381469727,16.5,225.0,-0.1756729930639267,27.5,-0.1756729930639267,30.485509872436523,0.1561516970396042,11.10221004486084,-1.8332500457763672,-75.0,4.3520002365112305,13.857000350952148,189.26499938964844,93.30000305175781,2650000.0,0.8500000238418579,7.570000171661377,1,1,1,0,0,0,0,0,0,0,0,1,3,3,0,0,1,0,0,0,0,1,0,1,1,0,0,0,1,1,1,0,0,0,0,0,0,0,0,1,0,0,0,1,0,0,1,0,0,1,12.05141544342041,29051.265625,2153.6484375,0.000414833368267864,0.0004361289902590215,0.0006248649442568421,0.0,0.0,0.0,0.0,0.0,0.0,0.5905953049659729,1.0,0.0,0.0,1.0,1.0,0.0,0.0,1.0,1.0,0.0,1.0,0.0,0.0,1.0,0.0,0.0,0.43669986724853516,0.5572139620780945,0.0006248649442568421,0.0,0.0006229941500350833,0.0,99998.78125,99999.0,1925846.375,2410000.0,36.20000076293945,36.20000076293945,36.20000076293945,32.50996017456055,280.4541015625,20.0,20.123292922973633,24.05963897705078,27.0,27.0,25.828319549560547,27.0,31.90419578552246,32.0,20.0,68.57752227783203,3446584.5,0.5433341860771179,7.559999942779541,0.0,8.919666290283203,0.0,0.0,33.300777435302734,1.401298464324817e-45,0.0,0.0,0.5049998760223389,0.5049998760223389,0.5049998760223389,0.18937495350837708,0.18937495350837708,0.18937495350837708,0.0,11.100247383117676,11.100247383117676,11.100247383117676,0.0,0.0,9.074999809265137,0.0,0.0,0.0,0.0,0.0,0.0,100.0,73.97314453125,0.2505709230899811,0.0,20.0,33.300777435302734,0.0,0.0,0.0,0.0,0.0,0.007000000216066837,0.0,0.0,9.074999809265137,0.0,1.7323341369628906,0.0,0.946874737739563,0.0,0.0,0.0,0.0,0.0,0.0,20.0,0.0,0.0,11030142.0,0.0,0.0,0.0,0.0,0.0,0.0,0.0,0.351500004529953,18.93000030517578,23.030000686645508,7.69199959904654e-06,0.08500000089406967,0.009999999776482582,24.0,27.0,8.800000190734863,500000.0,0.05000000074505806,2.7000000013543968e-09,2.7000000013543968e-09,145100.0,120000.0,14650000.0,86400.0,17.0,34.5,48.70000076293945,321.8999938964844,83170.0,0.0,1.0,1.0,0.0010000000474974513,725.0,0.0,0.5,0.0,0.0,57.31999969482422,837142.875,9359.77734375,117376.1015625,2623.89794921875,83026.390625,725.0,1.0204100362898316e-05,740000000.0,1,0,1,0,1,1,0,0,1,0,0,8.799991607666016,27.0,4602.1396484375,0.0,0.0,0.0,0.0,1.8488495349884033,0.0004017295141238719,0.0,0.0353996567428112,39.7746696472168,1.0,26039.4140625,8695.103515625,4.5976194087415934e-05,201776976.0,1025660032.0,1098404992.0,2422570752.0,-24.205562591552734,-842.1533203125,-798341184.0,-1396910848.0,34.24761962890625,28.474903106689453,58.453182220458984,870.6282958984375,106381.3984375,4201.58447265625,147101.90625,167053.609375,124039.4140625,61.20016098022461,39.7746696472168,39.7746696472168,1.0,4.5976194087415934e-05,8695.103515625,890265796608.0,0.2016529142856598,137600.0,137600.0,75193760.0,58.453182220458984,6649.9091796875,1.0,0.0,1700.0,250000.0,10000.0,1038.0,0.004999999888241291,400.0,5000.0,0,0,0,0,2959622.5,55.47874450683594,55.47874450683594,1216415.25,2782687.5,0.0,0.0,154300.578125,10.506163597106934,6373696.5,0.0,0.0,1.0,1.0,10.506163597106934,275.3855285644531,111.4193115234375,0.0,5957889.0,462873.3125,111.4193115234375,1.0,1.0,1.0,0.0,551.500732421875,0.0,550.0176391601562,1.0,0.0,7680000.0,283.1611633300781,298.6983337402344,285.44732666015625,0.8984150886535645,2782687.5,331.45135498046875,110.95748901367188,1.8984150886535645,0.0,279.3147277832031,1.0,0.0,-7.5742998123168945,0.0,0.0,9.999999974752427e-07,0.0,2.0,0.0003000000142492354,0.004999999888241291,0.0010000000474974513,2.0000000233721948e-07,2.0000000233721948e-07,0.0005555999814532697,993000000.0,1.0,0.05000000074505806,0.10000000149011612,0.0005000000237487257,0.0016700000269338489,0.009999999776482582,1.0,1.0,0.0010000000474974513,4.999999873689376e-05,0.00039999998989515007,0.019999999552965164,0.9891999959945679,0.9891999959945679,0.9950000047683716,0.9950000047683716,1,0,0,0,1,1,0,0,0,0,0,0,0,0,-0.007456977851688862,-7404779.0,5000.0771484375,154300.578125,0.0,2546223.0,0.0,1.0,2569281.25,0.0,0.0,60.0,180.0,1800.0,1800.0,0.0,0.0,0.0,0.0,-0.012236599810421467,0.0,0.0,0.0,0.0,0.0,0.0,0.0,0.0,0.0,0.0,0.0,6.602997746085748e-05,0.0,7.006492321624085e-44,1,1,0,1,1,1,1,1,1,1,1,0,1,0,1,1,1,1,0,1,0,1000,6,0,1,5001,32,0.0,0.0,120.0,120.0,0.0,0.0,0.4000000059604645,0.10000000149011612,0.10000000149011612,2.0,500.0,200.0,0.9900000095367432,300000.0,5000.0,45000.0,20000.0,0.019999999552965164,2.0,0.05000000074505806,0.019999999552965164,6.0,0.05000000074505806,0.019999999552965164,0.019999999552965164,88.30000305175781,0.10000000149011612,0.800000011920929,0.05000000074505806,0.009999999776482582,50.0,50.0,340.0,340.0,1000000.0,1,0,0,0,1,1,1,1,1,1,0,0,0,1,1,0,1.0,0.0,0.0,0.0,27.727231979370117,0.0,0.0,0.0,0.9176204800605774,0.9176204800605774,0.9176204800605774,5000.07568359375,3966608.0,3971608.0,50.0,27.61458396911621,0.4000000059604645,0.0,0.0,0.10000000149011612,0.16598168015480042,0.4925430119037628,22164.435546875,20.0,29.202341079711914,777506.625,22.66005516052246,3032.19189453125,721.223876953125,0.7775066494941711,0.9170848727226257,9.47212028503418,1.0,3220521.0,3304137.0,9.718050003051758,20.0,0.2765888273715973,27.65888214111328,0.0,636.4223022460938,466.9921569824219,100000.0,50000.0,1115.300048828125,50000.0,700.0,2000.0,2800000.0,3500000.0,4000000.0,9.999999747378752e-05,4.999999873689376e-05,500.0,20000.0,100.0,500.0,60000.0,1200.0,1.0,120.0,150000.0,3000.0,300.0,1.0,300.0,0.019999999552965164,0.019999999552965164,0.009999999776482582,0.009999999776482582,0.009999999776482582,0.019999999552965164,1.100000023841858,0.019999999552965164,4.0,0.019999999552965164,88.0,1613.0,0.009999999776482582,0.20000000298023224,3.0,5.0,600.0,0.0010000000474974513,88.0,88.0,2000.0,2340.0,-0.11599799990653992,-0.03561130166053772,-0.04758000001311302,-0.01752999983727932,1,0,1,0,0,1,1,427.4151306152344,427.4151306152344,1.716522216796875,1.716522216796875,0.0031096029561012983,22.66005516052246,164.11802673339844,361.5342712402344,913.9840087890625,180.0440673828125,180.0440673828125,0.7230682373046875,0.7230682373046875,436.39227294921875,312.09149169921875,0.0,0.0,2663660.25,20.00048065185547,20.00048065185547,113.32380676269531,113.32380676269531,64967.99609375,64967.99609375,1.0827999114990234,1.0827999114990234,5.253081798553467,5.253081798553467,23.563322067260742,23.563322067260742,98591.3046875,98591.3046875,23.565109252929688,129.85540771484375,138.57728576660156,2643428.25,20.00048065185547,20.00048065185547,168.94479370117188,168.94479370117188,147.26890563964844,147.26890563964844,616187.875,616187.875,0.0,99.35989379882812,99.35989379882812,198.722900390625,158317.65625,158317.65625,1.0554510354995728,1.0554510354995728,177.70179748535156,147.26890563964844,0.0,0.0,0.0,166.3531036376953,166.3531036376953,332.7062072753906,0.0,0.0,0.0,0.0,0.0,166.3531036376953,166.3531036376953,0.026315800845623016,0.0,0.20000000298023224,0.0,0.0,0.0,0.0,0.0,0.0,0.9599996209144592,1.0,1.0,1.0,0.9999998211860657,0.9999998211860657,0.9999998211860657,190826.78125,193236.890625,0.0,14.750001907348633,0.0,14.750001907348633,7.25,12.0,10.25,296.3810119628906,297.7510070800781,29.5,190825.734375,5896740.5,12224996.0,0.0,0.0,0.0,0.20607824623584747,0.20607824623584747,0.20607824623584747,0.46264150738716125,520287.625,0.9959999918937683,0.9959999918937683,0.9959999918937683,0.9959999918937683,355391.3125,3358394.5,5573116.0,1559801.625,2606300.0,3708465.25,0.0039666080847382545,0.007943215779960155,858.2633056640625,7.25,12.0,10.25,0.0,0.0,0.0,0.0,0.0,0.0,361.5373840332031,858.2752075195312,328.71392822265625,328.71392822265625,328.71392822265625,122.7712173461914,122.7712173461914,122.7712173461914,2.9923548698425293,0.0,0.7934691309928894,2.9923343658447266,5.0,0.0040000081062316895,0.0040000081062316895,0.0040000081062316895,0.0040000081062316895,0.0,-0.4368000030517578,0.0,598471.0,164.11802673339844,164.11802673339844,0.0,20.0,2782463.0,7.25,12.0,10.25,20.0,20.0,20.0,0.0,0.0,0.7926306128501892,0.9211652278900146,10000.0,10000.0,0.011826000176370144,1038.5,0.027953999117016792,0.0,0.0,1.0878000259399414,1.0809999704360962,9.000000136438757e-05,103.0,33.220001220703125,1.8179999589920044,0.029999999329447746,49.0,8.329999923706055,4.159999847412109,58.0,302.0,4.5,0.699999988079071,0.4000000059604645,7.5,1.3799999952316284,2.492000102996826,7000.0,48.88999938964844,1.2000000476837158,45.0,62000.0,4590000.0,4250000.0,15900000.0,15100000.0,0.05000000074505806,0.17000000178813934,0.009999999776482582,15220000.0,1.6699999570846558,312.7799987792969,1.1100000143051147,4232.0,0.25,689000.0,4030000.0,9.829999923706055,8.550000190734863,12200000.0,231.10000610351562,88.3239974975586,633.0,1.1430000066757202,0.6858000159263611,-10.0,-3.7799999713897705,0.7799999713897705,295.5,4030000.0,12400000.0,0.9200000166893005,5.0,1,0,1,228,26,0,0,0,0,1,1,1,1,1,0,0,1,1,0,0,0,0,1,0,0,0,0,1,0,0,0,0,0,0,0,0,1,0,1,8,0,0,1,0,0.03353310003876686,6401627.5,1.0877995491027832,0.26026275753974915,1.106887936592102,293.1964416503906,8.910057067871094,-0.0036356847267597914,1,1,1,0,0,0,1,1,0,0,0,0,0,455,0.20000000298023224,0.20000000298023224,0.20000000298023224,0.0,2,0,0,0,0,0,0,0,0,0,0,0,0,0,0,0,0,0,0,0,0,0,0,0,0,0,0,0,0,0,0,0,0,0,0,0,0,0,0,0,0,0,0,0,0,0,0,0,0,0,0,1,0,0,0,0,0,0,0,0,0,0,0,0,0,0,0,0,0,0,0,0,0,0,0,0,0,0,0,0,0,0,0,0,0,0,0,0,0,0,0,0,0,0,0,0,0,0,0,0,0,0,0,0,0,0,0,0,0,0,0,0,0,0,0,0,0,0,0,0,0,0,0,0,0,0,0,0,0,0,0,0,0,0,0,0,0,0,0,0,0,0,0,1,0,0,0,0,0,0,0,0,0,0,0,-1,0,0,0,0,0,0,1,1,0,0,3.3533101081848145,-4.816544055938721,0.0,-0.5495007634162903,-1.6815581571897805e-44,291.70001220703125,293.1964416503906,320.0482177734375,-0.040210530161857605,99.24734497070312,2667.91162109375,1.0877995491027832,1.106887936592102,-1.0,-1.496429443359375,6.827850029367255e-06,0.0353996567428112,100.0,27.0,0.0,7.799991607666016,3.939274787902832,1.0,1.0,39.7746696472168,0.2657088041305542,20.0,4.5976194087415934e-05,0.0,73.97314453125,1.7323341369628906,1.8179994821548462,0.00036938843550160527,0.6817498207092285,0.5433341860771179,19.65152931213379,8.919666290283203,0.0,0.0,0.0,20.123292922973633,44.898040771484375,280.4541015625,20.0,0.9450476169586182,296.2522277832031,40.007659912109375,0.29459047317504883,288.65338134765625,288.9166259765625,288.65411376953125,297.1161193847656,298.7206115722656,297.1178283691406,100.0,9.697669982910156,25.057092666625977,115.89813232421875,292.884765625,293.818603515625,292.885986328125,340.31439208984375,34.7547607421875,27.40420150756836,115.89813232421875,0.0,0.24719657003879547,0.28637441992759705,0.2472250908613205,77.96727752685547,78.33808898925781,77.88011932373047,65.32511138916016,65.33822631835938,65.3228530883789,29.080223083496094,29.916954040527344,28.947269439697266,98.55191040039062,96.70181274414062,98.38531494140625,36.89999771118164,43.19999694824219,26.099998474121094,285.5661315917969,298.81878662109375,283.2442321777344,29.0,0.0,48.0,0.0,0.0,0.0,0.0,0.0,0.0,41.0,78.36749267578125,65.037841796875,177.70179748535156,34.51193618774414,9.999999974752427e-07,15.916372299194336,0.0,129.85540771484375,0.0,721.223876953125,40.52668762207031,22.66005516052246,0.0,9.47212028503418,77.75066375732422,1.0,0.9718049764633179,20.0,0.0,60.0,120.0,0.0,120.0,0.0,0.0,0.0,0.0,18.093027114868164,89.19666290283203,2.0,200.0,0,0,0,0,0,0,0,0,0,0,26,0,99999,99999,24,402,1800,180,1800,0,0,-7,3,23,0,0,0,806,1424,29,31,32,0,1,0,1,0,1,0,0,1,0,0,0,0,0,1,0,0,0,0,1,0,0,0,1,0,0,0,1,0,0,0,0,0,0,0,0,0,0,0,0,1,0,1,0,0,1,1,0,0,1,1,0,1,0,1,0,1,1,0,0,0,1,0,0,0,0,0,0,0,1,1,0,1,0,0,0,0,0,0,0,0,1,0,0,0,1,0,0,0,0,0,0,1,0,0,1,0,1,0,0,1,0,0,1,0,0,1,0,0,0,1,0,1,1,1,0,0,1,0,0,0,0,0,1,1,1,0,0,0,0,0,0,0,1,0,1,0,1,0,1,0,1,0,0,0,0,0,0,0,0,1,1,1,1,0,1,0,1,1,1,1,1,1,1,0,0,0,0,0,0,1,0,1,1,1,1,1,1,1,1,1,1,1,0,0,0,1,1,0,0,1,1,0,1,1,0,0,1,1,1,0,0,0,0,1,1,1,1,0,0,1,1,1,0,0,1,0,0,1,0,1,1,0,1,1,1,1,1,1,1,1,0,1,0,0,0,0,0,0,0,0,0,0,1,0,0,1,0,0,0,0,0,1,0,0,1,0,0,0,0,0,0,0,0,0,0,0,0,0,0,0,0,0,0,0,0,0,0,0,0,0,1,0,0,0,0,1,0,0,0,1,0,0,0,0,0,0,0,0,0,0,0,0,0,0,0,0,0,0,0,0,0,1,0,0,0,0,0,0,0,0,0,0,0,0,0,1,0,0,0,0,0,0,0,0,0,0,0,0,0,0,0,0,0,0,0,0,0,0,0,0,0,0,0,0,0,0,0,0,0,0,0,0,0,0,0,0,0,0,0,0,0,0,0,0,0,0,0,0,0,0,0,0,0,0,0,0,0,0,0,0,1,0,1,0,0,0,0,0,1,0,0,0,0,0,0,0,0,0,0,0,0,0,0,0,1,0,0,0,0,0,0,0,0,0,0,0,0,0,0,1,0,0,0,0,0,0,0,0,0,0,1,0,0,0,0,0,0,0,0,0,0,0,0,0,0,0,0,0,0,0,0,0,0,0,0,0,0,0,1,0,0,0,0,0,0,1,1,1,0,0,0,0,0,0,-1,0,0,0,0,0,0,0,0,-1,0,0,-1,0,0,0,0,0,0,0,0,0,0,0,0,0,0,0,0,0,0,1,0,0,0,0,0,0,0,0,0,0,0,0,0,0,0,0,1,1,0,-1,-1,-1,1,1,1,0,0,0,0,1,0,0,1,1,0,0,0,0,1,0,0,0,0,0,0,0,0,0,0,0,0,0,0,0,0,0,0,0,0,0,0,0,0,0,0,0,0,0,1,1,0,1,0,1,1,0,1,0,1,1,0,1,0,0,1,0,0,0,0,0,0,0,0,0,0,0,0,0,0,0,0,0,0,0,0,0,0,0,0,0,0
0,1,1,300,228,8,8,228,114,25,1,0,0.0020000000949949026,4000.0,1.0,0.04500000178813934,25.0,48.0,8.0,291.70001220703125,1.7000000476837158,-3.179999907843012e-07,0.007360000163316727,0.008080000057816505,8.0,0.33000001311302185,0.0333000011742115,1.0,9.999999747378752e-06,21.0,9.999999747378752e-06,2775000064.0,9.000000136438757e-05,4.999999980020986e-13,5.0,40.0,3.0,-3.3499999046325684,3.3499999046325684,0.5,0.0004799999878741801,292.3927001953125,492.6077880859375,-0.0036125299520790577,0.002354159951210022,0.0008944629807956517,0.013157900422811508,0.800646185874939,0.02024419978260994,2650129920.0,0.006539999973028898,0,0,0,0,0,0,0,0,0,0,0,0,0,0,0,0,0,0,0,0,0,0,0,0,0,0,0,0,0,0,0,0,0,0,0,0,0,0,0,0,0,0,0,0,0,0,0,0,0,0,0,0,0,1,4,4,0,0,0,0,0,0,0,0,2,0,0.0004020068154204637,290.2674560546875,310.5301513671875,313.6976013183594,316.99310302734375,320.1971435546875,325.4525451660156,327.1614074707031,328.2872314453125,328.61187744140625,328.22625732421875,327.2141418457031,325.61871337890625,323.69769287109375,321.64556884765625,319.6566467285156,317.8172607421875,316.19927978515625,314.75994873046875,313.44976806640625,312.2143249511719,311.031494140625,309.88763427734375,308.7665710449219,307.6522216796875,306.5284729003906,0.023812999948859215,0.03909146785736084,0.7716267704963684,-0.040096864104270935,0.7563368678092957,0.8600762486457825,3391.026611328125,1.134878857556032e-06,0.21039709448814392,0.022701481357216835,0.03177015110850334,0.03234124183654785,0.019271066412329674,1.0,-1.6815581571897805e-44,-4.840243339538574,0.0,99.24565887451172,2668.06201171875,0.9446580410003662,318.75408935546875,0.0,-72.0,-0.7883013486862183,0.6000000238418579,0.0,291.70001220703125,280661.21875,-0.5493688583374023,6.279046058654785,130.28829956054688,10.0,7750000.0,8160000.0,86.12000274658203,119.0999984741211,0.5,9.999999747378752e-05,0.0,3.299999952316284,200.0,0.30000001192092896,309.20001220703125,2.439019908706541e-06,0,0,0,1,1,1,0,24,0,292.5218505859375,0.0,0.0,0.0,0.0,0.0,0.0,0.9469531178474426,0.8670636415481567,0.5242969989776611,0.21132805943489075,0.0344574935734272,0.0327436625957489,0.28867194056510925,0.29825538396835327,0.2899974286556244,1.0,25.0,24.0,6351896.5,6353404.0,6352114.0,287.8656005859375,288.1302490234375,287.8642578125,296.5528564453125,298.166748046875,296.55133056640625,4400000.0,292.209228515625,293.14849853515625,292.2077941894531,8.687255859375,10.0364990234375,8.68707275390625,295.61773681640625,4530.79248046875,4449.97119140625,4538.40625,11.181639671325684,11.245726585388184,11.194211959838867,24.92431640625,0.0,0.0,0.0020000000949949026,287.953369140625,297.0903015136719,-145.8740692138672,0.9372872114181519,0.9682642221450806,0.9415906667709351,253.1488800048828,39.0,40.0,42.0,41.0,0.0,0.0,6335820.0,6307641.5,58.21367645263672,5.0,0.014999999664723873,-180000.0,600.0,1000000.0,400000.0,0.17000000178813934,22000.0,786000.0,120000.0,0.0,40.0,30.0,36.810001373291016,0.5,18.399999618530273,50000.0,115692.3984375,15.113750457763672,0,0,1,0,0,0,0,11243744.0,0.0,0.0,0.0,0.0,0.0,-4127910.0,400000.0,1000000.0,1.0,1400000.0,0.0,0.3427658975124359,11272090.0,126869.6328125,11243744.0,340.3153076171875,40.007659912109375,3.4117796421051025,-4127910.0,0.0,0.0,0.0,2.7083067893981934,40.007659912109375,0.0,22230.939453125,1.2010046243667603,0.0,0.0,0.0,20.0,14.711517333984375,22.0,0.0,0.0,0.0,0.05000000074505806,0.02500000037252903,0.17000000178813934,15400000.0,0.5,6.25,0.0006667000125162303,2.0,2410000.0,4140000.0,4.734799861907959,0.15000000596046448,0.20000000298023224,0.2199999988079071,1.0,0.0,-1.0,0.0,5.0,20.0,30.0,50.0,74.0,80.0,86.0,9.800000190734863,500000.0,1.0499999802959792e-07,0.5,750.0,1000.0,600.0,1000.0,1150.0,32.0,32.0,37.400001525878906,10.0,10.0,0.007000000216066837,0.5049999952316284,82.0,189.26499938964844,0.0,1.5099999904632568,231.60000610351562,20.0,36.0,16.600000381469727,16.5,225.0,-0.1756729930639267,27.5,-0.1756729930639267,30.485509872436523,0.1561516970396042,11.10221004486084,-1.8332500457763672,-75.0,4.3520002365112305,13.857000350952148,189.26499938964844,93.30000305175781,2650000.0,0.8500000238418579,7.570000171661377,1,1,1,0,0,0,0,0,0,0,0,1,3,3,0,0,1,0,0,0,0,1,0,1,1,0,0,0,1,1,1,0,0,0,0,0,0,0,0,1,0,0,0,1,0,0,1,0,0,1,12.05141544342041,29051.265625,2153.6357421875,0.00041483319364488125,0.0004361289902590215,0.0006248649442568421,0.0,0.0,0.0,0.0,0.0,0.0,0.5881792902946472,1.0,0.0,0.0,1.0,1.0,0.0,0.0,1.0,1.0,0.0,1.0,0.0,0.0,1.0,0.0,0.0,0.4296921491622925,0.5482723116874695,0.0006248649442568421,0.0,0.0006230773869901896,0.0,99998.78125,99999.0,1894942.375,2410000.0,36.20000076293945,36.20000076293945,36.20000076293945,32.50473403930664,279.859130859375,20.0,20.063125610351562,24.041990280151367,27.0,27.0,25.821285247802734,27.0,31.908456802368164,32.0,20.0,68.57752227783203,3446564.0,0.5434557795524597,7.559999942779541,0.0,8.919544219970703,0.0,0.0,34.8558235168457,1.401298464324817e-45,0.0,0.0,0.5049998760223389,0.5049998760223389,0.5049998760223389,0.18937495350837708,0.18937495350837708,0.18937495350837708,0.0,11.618596076965332,11.618596076965332,11.618596076965332,0.0,0.0,9.074999809265137,0.0,0.0,0.0,0.0,0.0,0.0,100.0,73.97314453125,0.24024656414985657,0.0,20.0,34.8558235168457,0.0,0.0,0.0,0.0,0.0,0.007000000216066837,0.0,0.0,9.074999809265137,0.0,1.7323341369628906,0.0,0.946874737739563,0.0,0.0,0.0,0.0,0.0,0.0,20.0,0.0,0.0,10944677.0,0.0,0.0,0.0,0.0,0.0,0.0,0.0,0.351500004529953,18.93000030517578,23.030000686645508,7.69199959904654e-06,0.08500000089406967,0.009999999776482582,24.0,27.0,8.800000190734863,500000.0,0.05000000074505806,2.7000000013543968e-09,2.7000000013543968e-09,145100.0,120000.0,14650000.0,86400.0,17.0,34.5,48.70000076293945,321.8999938964844,83170.0,0.0,1.0,1.0,0.0010000000474974513,725.0,0.0,0.5,0.0,0.0,57.31999969482422,837142.875,9359.77734375,117376.1015625,2623.89794921875,83026.390625,725.0,1.0204100362898316e-05,740000000.0,1,0,1,0,1,1,0,0,1,0,0,8.799991607666016,27.0,4637.197265625,0.0,0.0,0.0,0.0,1.8629430532455444,0.00040173076558858156,0.0,0.035669319331645966,39.78622817993164,1.0,26043.15625,8757.9482421875,4.6326505980687216e-05,197928528.0,1026067200.0,1098528896.0,2415493888.0,-22.57427215576172,-839.490234375,-801087680.0,-1389426560.0,35.80266571044922,28.474903106689453,58.37693786621094,867.965087890625,106381.3984375,4204.02783203125,147134.515625,167102.15625,124043.15625,61.80016326904297,39.78622817993164,39.78622817993164,1.0,4.6326505980687216e-05,8757.9482421875,886867886080.0,0.20169946551322937,137600.0,137600.0,74910496.0,58.37693786621094,6653.58154296875,1.0,0.0,1700.0,250000.0,10000.0,1038.0,0.004999999888241291,400.0,5000.0,0,0,0,0,2959622.5,55.14653396606445,55.14653396606445,1216415.25,2783061.25,0.0,0.0,147811.15625,8.726251602172852,6323776.5,0.0,0.0,1.0,1.0,8.726251602172852,275.3855285644531,110.13792419433594,0.0,5957889.0,457377.6875,110.13792419433594,1.0,1.0,1.0,0.0,547.1210327148438,0.0,545.7063598632812,1.0,0.0,7680000.0,282.7640686035156,298.1712646484375,284.9990539550781,0.9101241827011108,2783061.25,333.0785827636719,110.2930679321289,1.9101241827011108,0.0,278.8005065917969,1.0,0.0,-7.5742998123168945,0.0,0.0,9.999999974752427e-07,0.0,2.0,0.0003000000142492354,0.004999999888241291,0.0010000000474974513,2.0000000233721948e-07,2.0000000233721948e-07,0.0005555999814532697,993000000.0,1.0,0.05000000074505806,0.10000000149011612,0.0005000000237487257,0.0016700000269338489,0.009999999776482582,1.0,1.0,0.0010000000474974513,4.999999873689376e-05,0.00039999998989515007,0.019999999552965164,0.9891999959945679,0.9891999959945679,0.9950000047683716,0.9950000047683716,1,0,0,0,1,1,0,0,0,0,0,0,0,0,-0.007456977851688862,-7404779.0,5000.07275390625,147811.15625,0.0,2546223.0,0.0,1.0,2569281.25,0.0,0.0,60.0,180.0,1800.0,1800.0,0.0,0.0,0.0,0.0,-0.012236599810421467,0.0,0.0,0.0,0.0,0.0,0.0,0.0,0.0,0.0,0.0,0.0,6.602997746085748e-05,0.0,7.006492321624085e-44,1,1,0,1,1,1,1,1,1,1,1,0,1,0,1,1,1,1,0,1,0,1000,7,0,1,5001,35,0.0,0.0,120.0,120.0,0.0,0.0,0.4000000059604645,0.10000000149011612,0.10000000149011612,2.0,500.0,200.0,0.9900000095367432,300000.0,5000.0,45000.0,20000.0,0.019999999552965164,2.0,0.05000000074505806,0.019999999552965164,6.0,0.05000000074505806,0.019999999552965164,0.019999999552965164,88.30000305175781,0.10000000149011612,0.800000011920929,0.05000000074505806,0.009999999776482582,50.0,50.0,340.0,340.0,1000000.0,1,0,0,0,1,1,1,1,1,1,0,0,0,1,1,0,1.0,0.0,0.0,0.0,27.727230072021484,0.0,0.0,0.0,0.9175717830657959,0.9175717830657959,0.9175717830657959,5000.0712890625,3975263.75,3980263.75,50.0,27.614543914794922,0.4000000059604645,0.0,0.0,0.10000000149011612,0.16468167304992676,0.4925430119037628,22164.435546875,20.0,29.202341079711914,777472.625,22.524560928344727,3010.759765625,721.2239379882812,0.7774726152420044,0.9169807434082031,9.472081184387207,1.0,3220507.5,3304119.0,9.717996597290039,20.0,0.27663540840148926,27.66353988647461,0.0,636.4223022460938,485.2239685058594,100000.0,50000.0,1115.300048828125,50000.0,700.0,2000.0,2800000.0,3500000.0,4000000.0,9.999999747378752e-05,4.999999873689376e-05,500.0,20000.0,100.0,500.0,60000.0,1200.0,1.0,120.0,150000.0,3000.0,300.0,1.0,300.0,0.019999999552965164,0.019999999552965164,0.009999999776482582,0.009999999776482582,0.009999999776482582,0.019999999552965164,1.100000023841858,0.019999999552965164,4.0,0.019999999552965164,88.0,1613.0,0.009999999776482582,0.20000000298023224,3.0,5.0,600.0,0.0010000000474974513,88.0,88.0,2000.0,2340.0,-0.11599799990653992,-0.03561130166053772,-0.04758000001311302,-0.01752999983727932,1,0,1,0,0,1,1,417.981201171875,417.981201171875,1.67864990234375,1.67864990234375,0.0029376717284321785,22.524560928344727,164.1119842529297,342.00799560546875,897.0535278320312,170.31997680664062,170.31997680664062,0.68402099609375,0.68402099609375,412.431884765625,291.8568115234375,0.0,0.0,2663660.25,20.00048065185547,20.00048065185547,111.86300659179688,111.86300659179688,64911.57421875,64911.57421875,1.0818595886230469,1.0818595886230469,4.363125801086426,4.363125801086426,23.380582809448242,23.380582809448242,97826.703125,97826.703125,23.38226318359375,127.76199340820312,136.68577575683594,2643793.0,20.00048065185547,20.00048065185547,168.49819946289062,168.49819946289062,145.89894104003906,145.89894104003906,610455.8125,610455.8125,0.0,98.23150634765625,98.23150634765625,196.46595764160156,158251.265625,158251.265625,1.0550084114074707,1.0550084114074707,176.59747314453125,145.89894104003906,0.0,0.0,0.0,165.02523803710938,165.02523803710938,330.05047607421875,0.0,0.0,0.0,0.0,0.0,165.02523803710938,165.02523803710938,0.026315800845623016,0.0,0.20000000298023224,0.0,0.0,0.0,0.0,0.0,0.0,0.9599996209144592,1.0,1.0,1.0,0.9999998211860657,0.9999998211860657,0.9999998211860657,190826.390625,193236.359375,0.0,14.750001907348633,0.0,14.750001907348633,7.25,12.0,10.25,296.3810119628906,297.7510070800781,29.5,190825.78125,6280114.5,12224996.0,0.0,0.0,0.0,0.1823248416185379,0.1823248416185379,0.1823248416185379,0.4869706928730011,498431.3125,0.9959999918937683,0.9959999918937683,0.9959999918937683,0.9959999918937683,0.0,3389513.5,5390267.0,1473836.0,2606300.0,3694640.25,0.003975263796746731,0.007960527203977108,839.3197021484375,7.25,12.0,10.25,0.0,0.0,0.0,0.0,0.0,0.0,342.01092529296875,839.3316040039062,325.9477844238281,325.9477844238281,325.9477844238281,474.8042907714844,474.8042907714844,474.8042907714844,2.9924521446228027,0.0,0.7888992428779602,2.9924139976501465,5.0,0.0040000081062316895,0.0040000081062316895,0.0040000081062316895,0.0040000081062316895,0.0,-0.4368000030517578,0.0,598490.4375,164.1119842529297,164.1119842529297,0.0,20.0,2782843.0,7.25,12.0,10.25,20.0,20.0,20.0,0.0,0.0,0.7926306128501892,0.9211652278900146,10000.0,10000.0,0.011826000176370144,1038.5,0.027953999117016792,0.0,0.0,1.0878000259399414,1.0809999704360962,9.000000136438757e-05,103.0,33.220001220703125,1.8179999589920044,0.029999999329447746,49.0,8.329999923706055,4.159999847412109,58.0,302.0,4.5,0.699999988079071,0.4000000059604645,7.5,1.3799999952316284,2.492000102996826,7000.0,48.88999938964844,1.2000000476837158,45.0,62000.0,4590000.0,4250000.0,15900000.0,15100000.0,0.05000000074505806,0.17000000178813934,0.009999999776482582,15220000.0,1.6699999570846558,312.7799987792969,1.1100000143051147,4232.0,0.25,689000.0,4030000.0,9.829999923706055,8.550000190734863,12200000.0,231.10000610351562,88.3239974975586,633.0,1.1430000066757202,0.6858000159263611,-10.0,-3.7799999713897705,0.7799999713897705,295.5,4030000.0,12400000.0,0.9200000166893005,5.0,1,0,1,228,27,0,0,0,0,1,1,1,1,1,0,0,1,1,0,0,0,0,1,0,0,0,0,1,0,0,0,0,0,0,0,0,1,0,1,8,0,0,1,0,0.03177015110850334,6351896.5,1.0877995491027832,0.26547008752822876,1.1116023063659668,292.6910705566406,9.088329315185547,-0.0032893281895667315,1,1,1,0,0,0,1,1,0,0,0,0,0,458,0.20000000298023224,0.20000000298023224,0.20000000298023224,0.0,2,0,0,0,0,0,0,0,0,0,0,0,0,0,0,0,0,0,0,0,0,0,0,0,0,0,0,0,0,0,0,0,0,0,0,0,0,0,0,0,0,0,0,0,0,0,0,0,0,0,0,1,0,0,0,0,0,0,0,0,0,0,0,0,0,0,0,0,0,0,0,0,0,0,0,0,0,0,0,0,0,0,0,0,0,0,0,0,0,0,0,0,0,0,0,0,0,0,0,0,0,0,0,0,0,0,0,0,0,0,0,0,0,0,0,0,0,0,0,0,0,0,0,0,0,0,0,0,0,0,0,0,0,0,0,0,0,0,0,0,0,0,0,1,0,0,0,0,0,0,0,0,0,0,0,-1,0,0,0,0,0,0,1,1,0,0,3.1770150661468506,-4.840243339538574,0.0,-0.5493688583374023,-1.6815581571897805e-44,291.70001220703125,292.6910705566406,318.75408935546875,-0.040096864104270935,99.24565887451172,2668.06201171875,1.0877995491027832,1.1116023063659668,-1.0,-0.991058349609375,6.827850029367255e-06,0.035669319331645966,100.0,27.0,0.0,7.799991607666016,3.9424023628234863,1.0,1.0,39.78622817993164,0.26574698090553284,20.0,4.6326505980687216e-05,0.0,73.97314453125,1.7323341369628906,1.8179994821548462,0.00036938843550160527,0.6817498207092285,0.5434557795524597,19.336181640625,8.919544219970703,0.0,0.0,0.0,20.063125610351562,44.898040771484375,279.859130859375,20.0,0.9444248080253601,295.78314208984375,40.007659912109375,0.29459047317504883,288.05792236328125,288.323486328125,288.05914306640625,296.69720458984375,298.30987548828125,296.69873046875,100.0,10.251933097839355,24.024656295776367,115.02153778076172,292.3775634765625,293.3166809082031,292.3789367675781,340.3150634765625,34.276588439941406,27.16312599182129,115.02153778076172,0.0,0.2523534297943115,0.29170241951942444,0.25236234068870544,77.87569427490234,78.23759460449219,77.78833770751953,64.81761169433594,64.83077239990234,64.81539154052734,28.99974250793457,29.825538635253906,28.8671932220459,98.63822174072266,96.73223876953125,98.47249603271484,36.89999771118164,43.19999694824219,26.099998474121094,285.15478515625,298.3319396972656,282.8910827636719,29.0,0.0,48.0,0.0,0.0,0.0,0.0,0.0,0.0,41.0,78.36749267578125,64.52845001220703,176.59747314453125,34.23786163330078,9.999999974752427e-07,15.039170265197754,0.0,127.76199340820312,0.0,721.2239379882812,40.61500930786133,22.524560928344727,0.0,9.472081184387207,77.74726104736328,1.0,0.9717996716499329,20.0,0.0,60.0,120.0,0.0,120.0,0.0,0.0,0.0,0.0,18.097076416015625,89.19544219970703,2.0,200.0,0,0,0,0,0,0,0,0,0,0,27,0,99999,99999,24,402,1800,180,1800,0,0,-7,3,23,0,0,0,806,1424,29,31,32,0,1,0,1,0,1,0,0,1,0,0,0,0,0,1,0,0,0,0,1,0,0,0,1,0,0,0,1,0,0,0,0,0,0,0,0,0,0,0,0,1,0,1,0,0,1,1,0,0,1,1,0,1,0,1,0,1,1,0,0,0,1,0,0,0,0,0,0,0,1,1,0,1,0,0,0,0,0,0,0,0,1,0,0,0,1,0,0,0,0,0,0,1,0,0,1,0,1,0,0,1,0,0,1,0,0,1,0,0,0,1,0,1,1,1,0,0,1,0,0,0,0,0,1,1,1,0,0,0,0,0,0,0,1,0,1,0,1,0,1,0,1,0,0,0,0,0,0,0,0,1,1,1,1,0,1,0,1,1,1,1,1,1,1,0,0,0,0,0,0,1,0,1,1,1,1,1,1,1,1,1,1,1,0,0,0,1,1,0,0,1,1,0,1,1,0,0,1,1,1,0,0,0,0,1,1,1,1,0,0,1,1,1,0,0,1,0,0,1,0,1,1,0,1,1,1,1,1,1,1,1,0,1,0,0,0,0,0,0,0,0,0,0,1,0,0,1,0,0,0,0,0,0,0,0,0,0,0,0,0,0,0,0,0,0,0,0,0,0,0,0,0,0,0,0,0,0,0,0,0,0,0,0,0,0,0,0,0,0,0,0,0,0,0,0,0,0,0,0,0,0,0,0,0,0,0,0,0,0,0,0,0,0,0,0,0,0,0,0,0,0,0,0,0,0,0,0,0,0,0,0,0,0,0,0,0,0,0,0,0,0,0,0,0,0,0,0,0,0,0,0,0,0,0,0,0,0,0,0,0,0,0,0,0,0,0,0,0,0,0,0,0,0,0,0,0,0,0,0,0,0,0,0,0,0,0,0,0,0,0,0,1,0,1,0,0,0,0,0,1,0,0,0,0,0,0,0,0,0,0,0,0,0,0,0,1,0,0,0,0,0,0,0,0,0,0,0,0,0,0,1,0,0,0,0,0,0,0,0,0,0,1,0,0,0,0,0,0,0,0,0,0,0,0,0,0,0,0,0,0,0,0,0,0,0,0,0,0,0,1,0,0,0,0,0,0,1,1,1,0,0,0,0,0,0,-1,0,0,0,0,0,0,0,0,-1,0,0,-1,0,0,0,0,0,0,0,0,0,0,0,0,0,0,0,0,0,0,1,0,0,0,0,0,0,0,0,0,0,0,0,0,0,0,0,1,1,0,-1,-1,-1,1,1,1,0,0,0,0,1,0,0,1,1,0,0,0,0,1,0,0,0,0,0,0,0,0,0,0,0,0,0,0,0,0,0,0,0,0,0,0,0,0,0,0,0,0,0,1,1,0,1,0,1,1,0,1,0,1,1,0,1,0,0,1,0,0,0,0,0,0,0,0,0,0,0,0,0,0,0,0,0,0,0,0,0,0,0,0,0,0
0,1,1,300,228,8,8,228,114,25,1,0,0.0020000000949949026,4000.0,1.0,0.04500000178813934,25.0,48.0,8.0,291.70001220703125,1.7000000476837158,-3.179999907843012e-07,0.007360000163316727,0.008080000057816505,8.0,0.33000001311302185,0.0333000011742115,1.0,9.999999747378752e-06,21.0,9.999999747378752e-06,2775000064.0,9.000000136438757e-05,4.999999980020986e-13,5.0,40.0,3.0,-3.3499999046325684,3.3499999046325684,0.5,0.0004799999878741801,292.3927001953125,492.6077880859375,-0.0036125299520790577,0.002354159951210022,0.0008944629807956517,0.013157900422811508,0.800646185874939,0.02024419978260994,2650129920.0,0.006539999973028898,0,0,0,0,0,0,0,0,0,0,0,0,0,0,0,0,0,0,0,0,0,0,0,0,0,0,0,0,0,0,0,0,0,0,0,0,0,0,0,0,0,0,0,0,0,0,0,0,0,0,0,0,0,1,4,4,0,0,0,0,0,0,0,0,2,0,0.0004020068154204637,289.6847229003906,309.4310302734375,312.458984375,315.6077880859375,318.6703186035156,323.70733642578125,325.3597106933594,326.46490478515625,326.8120422363281,326.4854736328125,325.5635986328125,324.0918884277344,322.30633544921875,320.38995361328125,318.5257263183594,316.80804443359375,315.29022216796875,313.9283752441406,312.67327880859375,311.47418212890625,310.31085205078125,309.1737365722656,308.05194091796875,306.9347229003906,305.8111267089844,0.024343881756067276,0.03800596296787262,0.7716137170791626,-0.039969246834516525,0.7563681602478027,0.8555267453193665,3233.755615234375,1.0823326874742634e-06,0.20644067227840424,0.021661268547177315,0.030146731063723564,0.030673613771796227,0.019387289881706238,1.0,-1.6815581571897805e-44,-4.863234996795654,0.0,99.24398803710938,2668.211669921875,0.9446971416473389,317.5142822265625,0.0,-72.0,-2.0857715606689453,0.20000000298023224,0.0,291.70001220703125,280661.78125,-0.5492072701454163,6.2749223709106445,130.28829956054688,10.0,7750000.0,8160000.0,86.12000274658203,119.0999984741211,0.5,9.999999747378752e-05,0.0,3.299999952316284,200.0,0.30000001192092896,309.20001220703125,2.439019908706541e-06,0,0,0,1,1,1,0,24,0,292.01068115234375,0.0,0.0,0.0,0.0,0.0,0.0,0.9490116238594055,0.8670466542243958,0.5246360301971436,0.21218779683113098,0.03655524551868439,0.0347476489841938,0.287812203168869,0.29722124338150024,0.289133757352829,1.0,25.0,24.0,6304387.5,6305897.5,6304600.5,287.2991943359375,287.56396484375,287.29736328125,296.09417724609375,297.7166748046875,296.0926513671875,4400000.0,291.6966857910156,292.64031982421875,291.69500732421875,8.79498291015625,10.1527099609375,8.7952880859375,295.09765625,4534.22802734375,4451.38818359375,4541.82568359375,11.167625427246094,11.22990894317627,11.180232048034668,24.96197509765625,0.0,0.0,0.0020000000949949026,287.3868408203125,296.6344909667969,-144.88226318359375,0.934375524520874,0.9647301435470581,0.9386667013168335,255.70672607421875,39.0,40.0,42.0,41.0,0.0,0.0,6289006.0,6260666.5,58.111690521240234,5.0,0.014999999664723873,-180000.0,600.0,1000000.0,400000.0,0.17000000178813934,22000.0,786000.0,120000.0,0.0,40.0,30.0,36.810001373291016,0.5,18.399999618530273,50000.0,115692.3984375,15.113750457763672,0,0,1,0,0,0,0,11159642.0,0.0,0.0,0.0,0.0,0.0,-4212482.0,400000.0,1000000.0,1.0,1400000.0,0.0,0.3380129039287567,11187518.0,126869.6328125,11159642.0,340.3160400390625,40.007659912109375,3.3643600940704346,-4212482.0,0.0,0.0,0.0,2.6843998432159424,40.007659912109375,0.0,22230.939453125,1.2010046243667603,0.0,0.0,0.0,20.0,14.711517333984375,22.0,0.0,0.0,0.0,0.05000000074505806,0.02500000037252903,0.17000000178813934,15400000.0,0.5,6.25,0.0006667000125162303,2.0,2410000.0,4140000.0,4.734799861907959,0.15000000596046448,0.20000000298023224,0.2199999988079071,1.0,0.0,-1.0,0.0,5.0,20.0,30.0,50.0,74.0,80.0,86.0,9.800000190734863,500000.0,1.0499999802959792e-07,0.5,750.0,1000.0,600.0,1000.0,1150.0,32.0,32.0,37.400001525878906,10.0,10.0,0.007000000216066837,0.5049999952316284,82.0,189.26499938964844,0.0,1.5099999904632568,231.60000610351562,20.0,36.0,16.600000381469727,16.5,225.0,-0.1756729930639267,27.5,-0.1756729930639267,30.485509872436523,0.1561516970396042,11.10221004486084,-1.8332500457763672,-75.0,4.3520002365112305,13.857000350952148,189.26499938964844,93.30000305175781,2650000.0,0.8500000238418579,7.570000171661377,1,1,1,0,0,0,0,0,0,0,0,1,3,3,0,0,1,0,0,0,0,1,0,1,1,0,0,0,1,1,1,0,0,0,0,0,0,0,0,1,0,0,0,1,0,0,1,0,0,1,12.05141544342041,29051.265625,2153.62255859375,0.0004148330772295594,0.0004361289902590215,0.0006248649442568421,0.0,0.0,0.0,0.0,0.0,0.0,0.5856285691261292,1.0,0.0,0.0,1.0,1.0,0.0,0.0,1.0,1.0,0.0,1.0,0.0,0.0,1.0,0.0,0.0,0.42279675602912903,0.5394740700721741,0.0006248649442568421,0.0,0.0006231374572962523,0.0,99998.78125,99999.0,1864533.75,2410000.0,36.20000076293945,36.20000076293945,36.20000076293945,32.49949264526367,279.28558349609375,20.0,20.03232192993164,24.0329532623291,27.0,27.0,25.817684173583984,27.0,31.91153335571289,32.0,20.0,68.57752227783203,3446542.75,0.5434557795524597,7.559999942779541,0.0,8.919544219970703,0.0,0.0,36.07103729248047,1.401298464324817e-45,0.0,0.0,0.5049998760223389,0.5049998760223389,0.5049998760223389,0.18937495350837708,0.18937495350837708,0.18937495350837708,0.0,12.023666381835938,12.023666381835938,12.023666381835938,0.0,0.0,9.074999809265137,0.0,0.0,0.0,0.0,0.0,0.0,100.0,73.97314453125,0.22983931005001068,0.0,20.0,36.07103729248047,0.0,0.0,0.0,0.0,0.0,0.007000000216066837,0.0,0.0,9.074999809265137,0.0,1.7323341369628906,0.0,0.946874737739563,0.0,0.0,0.0,0.0,0.0,0.0,20.0,0.0,0.0,10860552.0,0.0,0.0,0.0,0.0,0.0,0.0,0.0,0.351500004529953,18.93000030517578,23.030000686645508,7.69199959904654e-06,0.08500000089406967,0.009999999776482582,24.0,27.0,8.800000190734863,500000.0,0.05000000074505806,2.7000000013543968e-09,2.7000000013543968e-09,145100.0,120000.0,14650000.0,86400.0,17.0,34.5,48.70000076293945,321.8999938964844,83170.0,0.0,1.0,1.0,0.0010000000474974513,725.0,0.0,0.5,0.0,0.0,57.31999969482422,837142.875,9359.77734375,117376.1015625,2623.89794921875,83026.390625,725.0,1.0204100362898316e-05,740000000.0,1,0,1,0,1,1,0,0,1,0,0,8.799991607666016,27.0,4672.20361328125,0.0,0.0,0.0,0.0,1.8770159482955933,0.00040173213346861303,0.0,0.03593858703970909,39.79747009277344,1.0,26046.7890625,8820.71875,4.6676308556925505e-05,194253200.0,1025312128.0,1097463808.0,2407662592.0,-21.256023406982422,-836.56591796875,-802825984.0,-1382350336.0,37.01787567138672,28.474903106689453,58.27389907836914,865.040771484375,106381.3984375,4206.40576171875,147167.140625,167149.375,124046.7890625,62.40016555786133,39.79747009277344,39.79747009277344,1.0,4.6676308556925505e-05,8820.71875,883543441408.0,0.20174598693847656,137600.0,137600.0,74600608.0,58.27389907836914,6657.15625,1.0,0.0,1700.0,250000.0,10000.0,1038.0,0.004999999888241291,400.0,5000.0,0,0,0,0,2959622.5,54.816314697265625,54.816314697265625,1216415.25,2783408.0,0.0,0.0,142069.71875,7.247884750366211,6276099.5,0.0,0.0,1.0,1.0,7.247884750366211,275.3855285644531,108.96661376953125,0.0,5957889.0,452359.25,108.96661376953125,1.0,1.0,1.0,0.0,542.9406127929688,0.0,541.5888671875,1.0,0.0,7680000.0,282.2276916503906,297.5339050292969,284.400390625,0.9204835891723633,2783408.0,334.2493896484375,109.63262939453125,1.9204835891723633,0.0,278.3062744140625,1.0,0.0,-7.5742998123168945,0.0,0.0,9.999999974752427e-07,0.0,2.0,0.0003000000142492354,0.004999999888241291,0.0010000000474974513,2.0000000233721948e-07,2.0000000233721948e-07,0.0005555999814532697,993000000.0,1.0,0.05000000074505806,0.10000000149011612,0.0005000000237487257,0.0016700000269338489,0.009999999776482582,1.0,1.0,0.0010000000474974513,4.999999873689376e-05,0.00039999998989515007,0.019999999552965164,0.9891999959945679,0.9891999959945679,0.9950000047683716,0.9950000047683716,1,0,0,0,1,1,0,0,0,0,0,0,0,0,-0.007456977851688862,-7404779.0,5000.068359375,142069.71875,0.0,2546223.0,0.0,1.0,2569281.25,0.0,0.0,60.0,180.0,1800.0,1800.0,0.0,0.0,0.0,0.0,-0.012236599810421467,0.0,0.0,0.0,0.0,0.0,0.0,0.0,0.0,0.0,0.0,0.0,6.602997746085748e-05,0.0,7.006492321624085e-44,1,1,0,1,1,1,1,1,1,1,1,0,1,0,1,1,1,1,0,1,0,1000,7,0,1,5001,38,0.0,0.0,120.0,120.0,0.0,0.0,0.4000000059604645,0.10000000149011612,0.10000000149011612,2.0,500.0,200.0,0.9900000095367432,300000.0,5000.0,45000.0,20000.0,0.019999999552965164,2.0,0.05000000074505806,0.019999999552965164,6.0,0.05000000074505806,0.019999999552965164,0.019999999552965164,88.30000305175781,0.10000000149011612,0.800000011920929,0.05000000074505806,0.009999999776482582,50.0,50.0,340.0,340.0,1000000.0,1,0,0,0,1,1,1,1,1,1,0,0,0,1,1,0,1.0,0.0,0.0,0.0,27.851593017578125,0.0,0.0,0.0,0.9175170063972473,0.9175170063972473,0.9175170063972473,5000.06689453125,3984606.75,3989606.75,50.0,27.614503860473633,0.4000000059604645,0.0,0.0,0.10000000149011612,0.16344009339809418,0.4925430119037628,22164.435546875,20.0,29.202341079711914,777446.125,22.397716522216797,2990.753662109375,721.2239379882812,0.7774461507797241,0.9168632626533508,9.472041130065918,1.0,3220494.0,3304101.0,9.717944145202637,20.0,0.2766808867454529,27.668088912963867,0.0,636.4223022460938,504.14263916015625,100000.0,50000.0,1115.300048828125,50000.0,700.0,2000.0,2800000.0,3500000.0,4000000.0,9.999999747378752e-05,4.999999873689376e-05,500.0,20000.0,100.0,500.0,60000.0,1200.0,1.0,120.0,150000.0,3000.0,300.0,1.0,300.0,0.019999999552965164,0.019999999552965164,0.009999999776482582,0.009999999776482582,0.009999999776482582,0.019999999552965164,1.100000023841858,0.019999999552965164,4.0,0.019999999552965164,88.0,1613.0,0.009999999776482582,0.20000000298023224,3.0,5.0,600.0,0.0010000000474974513,88.0,88.0,2000.0,2340.0,-0.11599799990653992,-0.03561130166053772,-0.04758000001311302,-0.01752999983727932,1,0,1,0,0,1,1,408.5550231933594,408.5550231933594,1.640777587890625,1.640777587890625,0.0027758514042943716,22.397716522216797,164.10552978515625,323.6300354003906,879.5762939453125,161.16775512695312,161.16775512695312,0.6472625732421875,0.6472625732421875,389.88916015625,271.83038330078125,0.0,0.0,2663660.25,20.00048065185547,20.00048065185547,110.5504150390625,110.5504150390625,64855.32421875,64855.32421875,1.0809221267700195,1.0809221267700195,3.6239423751831055,3.6239423751831055,23.175867080688477,23.175867080688477,96970.15625,96970.15625,23.17745018005371,125.75434112548828,134.8090057373047,2644130.5,20.00048065185547,20.00048065185547,168.09507751464844,168.09507751464844,144.468505859375,144.468505859375,604470.75,604470.75,0.0,97.10655212402344,97.10655212402344,194.21588134765625,158185.46875,158185.46875,1.0545698404312134,1.0545698404312134,175.572021484375,144.468505859375,0.0,0.0,0.0,163.7095184326172,163.7095184326172,327.4190368652344,0.0,0.0,0.0,0.0,0.0,163.7095184326172,163.7095184326172,0.026315800845623016,0.0,0.20000000298023224,0.0,0.0,0.0,0.0,0.0,0.0,0.9599996209144592,1.0,1.0,1.0,0.9999998211860657,0.9999998211860657,0.9999998211860657,190826.015625,193235.859375,0.0,14.750001907348633,0.0,14.750001907348633,7.25,12.0,10.25,296.3810119628906,297.7510070800781,29.5,170098.265625,6495850.5,12224996.0,0.0,0.0,0.0,0.16130933165550232,0.16130933165550232,0.16130933165550232,0.5148056745529175,477621.875,0.9959999918937683,0.9959999918937683,0.9959999918937683,0.9959999918937683,208490.875,3418915.25,5234810.5,1392925.875,2606300.0,3681797.75,0.003984606824815273,0.007979213260114193,820.3916015625,7.25,12.0,10.25,0.0,0.0,0.0,0.0,0.0,0.0,323.6328125,820.403564453125,322.9551696777344,322.9551696777344,322.9551696777344,109.8785400390625,109.8785400390625,109.8785400390625,2.9926016330718994,0.0,0.7843981385231018,2.9925458431243896,5.0,0.0040000081062316895,0.0040000081062316895,0.0040000081062316895,0.0040000081062316895,0.0,-0.4368000030517578,0.0,598520.3125,164.10552978515625,164.10552978515625,0.0,20.0,2783194.25,7.25,12.0,10.25,20.0,20.0,20.0,0.0,0.0,0.7926306128501892,0.9211652278900146,10000.0,10000.0,0.011826000176370144,1038.5,0.027953999117016792,0.0,0.0,1.0878000259399414,1.0809999704360962,9.000000136438757e-05,103.0,33.220001220703125,1.8179999589920044,0.029999999329447746,49.0,8.329999923706055,4.159999847412109,58.0,302.0,4.5,0.699999988079071,0.4000000059604645,7.5,1.3799999952316284,2.492000102996826,7000.0,48.88999938964844,1.2000000476837158,45.0,62000.0,4590000.0,4250000.0,15900000.0,15100000.0,0.05000000074505806,0.17000000178813934,0.009999999776482582,15220000.0,1.6699999570846558,312.7799987792969,1.1100000143051147,4232.0,0.25,689000.0,4030000.0,9.829999923706055,8.550000190734863,12200000.0,231.10000610351562,88.3239974975586,633.0,1.1430000066757202,0.6858000159263611,-10.0,-3.7799999713897705,0.7799999713897705,295.5,4030000.0,12400000.0,0.9200000166893005,5.0,1,0,1,228,28,0,0,0,0,1,1,1,1,1,0,0,1,1,0,0,0,0,1,0,0,0,0,1,0,0,0,0,0,0,0,0,1,0,1,8,0,0,1,0,0.030146731063723564,6304387.5,1.0877995491027832,0.269214004278183,1.1165435314178467,292.181640625,9.216501235961914,-0.002999348333105445,1,1,1,0,0,0,1,1,0,0,0,0,0,461,0.20000000298023224,0.20000000298023224,0.20000000298023224,0.0,2,0,0,0,0,0,0,0,0,0,0,0,0,0,0,0,0,0,0,0,0,0,0,0,0,0,0,0,0,0,0,0,0,0,0,0,0,0,0,0,0,0,0,0,0,0,0,0,0,0,0,1,0,0,0,0,0,0,0,0,0,0,0,0,0,0,0,0,0,0,0,0,0,0,0,0,0,0,0,0,0,0,0,0,0,0,0,0,0,0,0,0,0,0,0,0,0,0,0,0,0,0,0,0,0,0,0,0,0,0,0,0,0,0,0,0,0,0,0,0,0,0,0,0,0,0,0,0,0,0,0,0,0,0,0,0,0,0,0,0,0,0,0,1,0,0,0,0,0,0,0,0,0,0,0,-1,0,0,0,0,0,0,1,1,0,0,3.0146729946136475,-4.863234996795654,0.0,-0.5492072701454163,-1.6815581571897805e-44,291.70001220703125,292.181640625,317.5142822265625,-0.039969246834516525,99.24398803710938,2668.211669921875,1.0877995491027832,1.1165435314178467,-1.0,-0.48162841796875,6.827850029367255e-06,0.03593858703970909,100.0,27.0,0.0,7.799991607666016,3.9455039501190186,1.0,1.0,39.79747009277344,0.26578405499458313,20.0,4.6676308556925505e-05,0.0,73.97314453125,1.7323341369628906,1.8179994821548462,0.00036938843550160527,0.6817498207092285,0.5434557795524597,19.025890350341797,8.919544219970703,0.0,0.0,0.0,20.03232192993164,44.898040771484375,279.28558349609375,20.0,0.943803608417511,295.27490234375,40.007659912109375,0.29459047317504883,287.48394775390625,287.75048828125,287.485595703125,296.2490234375,297.87017822265625,296.2506103515625,100.0,10.81735897064209,22.983930587768555,114.15855407714844,291.8664855957031,292.8103332519531,291.86810302734375,340.3157958984375,33.80128860473633,26.92349624633789,114.15855407714844,0.0,0.25602784752845764,0.2955961227416992,0.2560260593891144,77.78050231933594,78.13046264648438,77.69290161132812,64.33277893066406,64.34600830078125,64.33060455322266,28.913375854492188,29.722124099731445,28.781219482421875,98.7152328491211,96.7627944946289,98.55020141601562,36.89999771118164,43.19999694824219,26.099998474121094,284.60968017578125,297.7416076660156,282.4025573730469,29.0,0.0,48.0,0.0,0.0,0.0,0.0,0.0,0.0,41.0,78.36749267578125,64.04194641113281,175.572021484375,33.976261138916016,9.999999974752427e-07,14.213555335998535,0.0,125.75434112548828,0.0,721.2239379882812,40.71034622192383,22.397716522216797,0.0,9.472041130065918,77.74461364746094,1.0,0.9717944264411926,20.0,0.0,60.0,120.0,0.0,120.0,0.0,0.0,0.0,0.0,18.097076416015625,89.19544219970703,2.0,200.0,0,0,0,0,0,0,0,0,0,0,28,0,99999,99999,24,402,1800,180,1800,0,0,-7,3,23,0,0,0,806,1424,29,31,32,0,1,0,1,0,1,0,0,1,0,0,0,0,0,1,0,0,0,0,1,0,0,0,1,0,0,0,1,0,0,0,0,0,0,0,0,0,0,0,0,1,0,1,0,0,1,1,0,0,1,1,0,1,0,1,0,1,1,0,0,1,1,0,0,1,0,1,0,0,1,1,0,1,0,0,0,0,1,0,1,0,1,0,0,0,1,0,0,0,0,0,0,1,0,0,1,0,1,0,0,1,1,0,1,0,0,1,0,0,0,1,0,1,1,1,0,0,1,0,0,0,0,0,1,1,1,0,0,0,0,0,0,0,1,0,1,0,1,0,1,0,1,0,0,0,0,0,0,0,0,1,1,1,1,0,1,0,1,1,1,1,1,1,1,0,0,0,0,0,0,1,0,1,1,1,1,1,1,1,1,1,1,1,1,0,0,1,1,0,0,1,1,0,1,1,0,0,1,1,1,0,0,0,0,1,1,1,1,0,0,1,1,1,0,0,1,0,0,1,0,1,1,0,1,1,1,1,1,1,1,1,0,1,0,0,0,0,0,0,0,0,0,0,1,0,0,1,0,0,0,0,0,1,1,1,1,0,0,0,1,0,0,0,0,0,1,0,0,1,0,0,0,0,0,0,0,0,0,0,0,0,1,0,0,0,0,1,0,0,0,1,0,0,0,0,0,0,0,0,0,1,0,0,0,0,0,0,1,0,1,0,1,1,0,0,0,0,0,0,1,0,0,0,0,0,0,1,0,1,0,0,1,0,0,0,0,1,0,0,0,0,0,0,0,0,0,0,0,0,0,0,0,0,0,0,0,0,0,0,0,0,0,0,0,0,0,0,0,0,0,0,0,0,0,0,0,0,0,0,0,0,0,0,0,0,0,0,0,0,0,0,1,0,1,0,0,0,0,0,1,0,0,0,0,0,0,0,0,0,0,0,0,0,0,0,1,0,0,0,0,0,0,0,0,0,0,0,0,0,0,1,0,0,0,0,0,0,0,0,0,0,1,0,0,0,0,0,0,0,0,0,0,0,0,0,0,0,0,0,0,0,0,0,0,0,0,0,0,0,1,0,0,0,0,0,0,1,1,1,0,0,0,0,0,0,-1,0,0,0,0,0,0,0,0,-1,0,0,-1,0,0,0,0,0,0,0,0,0,0,0,0,0,0,0,0,0,0,1,0,0,0,0,0,0,0,0,0,0,0,0,0,0,0,0,1,1,0,-1,-1,-1,1,1,1,0,0,0,0,1,0,0,1,1,0,0,0,0,1,0,0,0,0,0,0,0,0,0,0,0,0,0,0,0,0,0,0,0,0,0,0,0,0,0,0,0,0,0,1,1,0,1,0,1,1,0,1,0,1,1,0,1,0,0,1,0,0,0,0,0,0,0,0,0,0,0,0,0,0,0,0,0,0,0,0,0,0,0,0,0,0
0,1,1,300,228,8,8,228,114,25,1,0,0.0020000000949949026,4000.0,1.0,0.04500000178813934,25.0,48.0,8.0,291.70001220703125,1.7000000476837158,-3.179999907843012e-07,0.007360000163316727,0.008080000057816505,8.0,0.33000001311302185,0.0333000011742115,1.0,9.999999747378752e-06,21.0,9.999999747378752e-06,2775000064.0,9.000000136438757e-05,4.999999980020986e-13,5.0,40.0,3.0,-3.3499999046325684,3.3499999046325684,0.5,0.0004799999878741801,292.3927001953125,492.6077880859375,-0.0036125299520790577,0.002354159951210022,0.0008944629807956517,0.013157900422811508,0.800646185874939,0.02024419978260994,2650129920.0,0.006539999973028898,0,0,0,0,0,0,0,0,0,0,0,0,0,0,0,0,0,0,0,0,0,0,0,0,0,0,0,0,0,0,0,0,0,0,0,0,0,0,0,0,0,0,0,0,0,0,0,0,0,0,0,0,0,1,4,4,0,0,0,0,0,0,0,0,2,0,0.0004020068154204637,289.1025085449219,308.3513488769531,311.257568359375,314.2784423828125,317.2173767089844,322.0633544921875,323.66571044921875,324.75140380859375,325.1167297363281,324.8406677246094,323.9970703125,322.6334533691406,320.96710205078125,319.1708679199219,317.4176940917969,315.8092041015625,314.38201904296875,313.09088134765625,311.88653564453125,310.7214050292969,309.57666015625,308.44659423828125,307.3250732421875,306.20611572265625,305.0836181640625,0.024864602833986282,0.036976948380470276,0.7716006636619568,-0.03983956202864647,0.7563994526863098,0.8510454893112183,3085.68896484375,1.0328880080123781e-06,0.20255205035209656,0.020678754895925522,0.028644055128097534,0.029132526367902756,0.019488628953695297,1.0,-1.6815581571897805e-44,-4.885622024536133,0.0,99.24227905273438,2668.361572265625,0.9447362422943115,316.3166198730469,0.0,0.0,0.0,0.800000011920929,0.0,291.70001220703125,280662.34375,-0.5490174293518066,6.270815372467041,130.28829956054688,10.0,7750000.0,8160000.0,86.12000274658203,119.0999984741211,0.5,9.999999747378752e-05,0.0,3.299999952316284,200.0,0.30000001192092896,309.20001220703125,2.439019908706541e-06,0,0,0,1,1,1,0,24,0,291.4940185546875,0.0,0.0,0.0,0.0,0.0,0.0,0.9513300061225891,0.8670294880867004,0.5249764919281006,0.21317675709724426,0.03866231441497803,0.03676300123333931,0.28682324290275574,0.29601097106933594,0.28814172744750977,1.0,25.0,24.0,6258865.5,6260379.0,6259076.5,286.753662109375,287.017578125,286.751220703125,295.6040954589844,297.2348327636719,295.6026306152344,4400000.0,291.17889404296875,292.126220703125,291.17694091796875,8.850433349609375,10.217254638671875,8.851409912109375,294.5461120605469,4537.298828125,4452.75732421875,4544.8720703125,11.152456283569336,11.212645530700684,11.165111541748047,25.027801513671875,0.0,0.0,0.0020000000949949026,286.8408203125,296.1471862792969,-143.69015502929688,0.9309793710708618,0.9605724811553955,0.9352626800537109,257.9029541015625,39.0,40.0,42.0,41.0,0.0,0.0,6244088.0,6215606.0,57.986061096191406,5.0,0.014999999664723873,-180000.0,600.0,1000000.0,400000.0,0.17000000178813934,22000.0,786000.0,120000.0,0.0,40.0,30.0,36.810001373291016,0.5,18.399999618530273,50000.0,115692.3984375,15.113750457763672,0,0,1,0,0,0,0,11076999.0,0.0,0.0,0.0,0.0,0.0,-4295624.0,400000.0,1000000.0,1.0,1400000.0,0.0,0.3332946002483368,11104376.0,126869.6328125,11076999.0,340.31646728515625,40.007659912109375,3.3173069953918457,-4295624.0,0.0,0.0,0.0,2.660677433013916,40.007659912109375,0.0,22230.939453125,1.2010046243667603,0.0,0.0,0.0,20.0,14.711517333984375,22.0,0.0,0.0,0.0,0.05000000074505806,0.02500000037252903,0.17000000178813934,15400000.0,0.5,6.25,0.0006667000125162303,2.0,2410000.0,4140000.0,4.734799861907959,0.15000000596046448,0.20000000298023224,0.2199999988079071,1.0,0.0,-1.0,0.0,5.0,20.0,30.0,50.0,74.0,80.0,86.0,9.800000190734863,500000.0,1.0499999802959792e-07,0.5,750.0,1000.0,600.0,1000.0,1150.0,32.0,32.0,37.400001525878906,10.0,10.0,0.007000000216066837,0.5049999952316284,82.0,189.26499938964844,0.0,1.5099999904632568,231.60000610351562,20.0,36.0,16.600000381469727,16.5,225.0,-0.1756729930639267,27.5,-0.1756729930639267,30.485509872436523,0.1561516970396042,11.10221004486084,-1.8332500457763672,-75.0,4.3520002365112305,13.857000350952148,189.26499938964844,93.30000305175781,2650000.0,0.8500000238418579,7.570000171661377,1,1,1,0,0,0,0,0,0,0,0,1,3,3,0,0,1,0,0,0,0,1,0,1,1,0,0,0,1,1,1,0,0,0,0,0,0,0,0,1,0,0,0,1,0,0,1,0,0,1,12.05141544342041,29051.265625,2153.60888671875,0.00041483298991806805,0.0004361289902590215,0.0006248649442568421,0.0,0.0,0.0,0.0,0.0,0.0,0.5829453468322754,1.0,0.0,0.0,1.0,1.0,0.0,0.0,1.0,1.0,0.0,1.0,0.0,0.0,1.0,0.0,0.0,0.4160120487213135,0.5308170318603516,0.0006248649442568421,0.0,0.0006231823354028165,0.0,99998.78125,99999.0,1834613.125,2410000.0,36.20000076293945,36.20000076293945,36.20000076293945,32.4942512512207,278.73321533203125,20.0,20.016550064086914,24.028322219848633,27.0,27.0,25.815841674804688,27.0,31.91383171081543,32.0,20.0,68.57752227783203,3446521.0,0.5434557795524597,7.559999942779541,0.0,8.919544219970703,0.0,0.0,37.0363655090332,1.401298464324817e-45,0.0,0.0,0.5049998760223389,0.5049998760223389,0.5049998760223389,0.18937495350837708,0.18937495350837708,0.18937495350837708,0.0,12.345441818237305,12.345441818237305,12.345441818237305,0.0,0.0,9.074999809265137,0.0,0.0,0.0,0.0,0.0,0.0,100.0,73.97314453125,0.2199999988079071,0.0,20.0,37.0363655090332,0.0,0.0,0.0,0.0,0.0,0.007000000216066837,0.0,0.0,9.074999809265137,0.0,1.7323341369628906,0.0,0.946874737739563,0.0,0.0,0.0,0.0,0.0,0.0,20.0,0.0,0.0,10778009.0,0.0,0.0,0.0,0.0,0.0,0.0,0.0,0.351500004529953,18.93000030517578,23.030000686645508,7.69199959904654e-06,0.08500000089406967,0.009999999776482582,24.0,27.0,8.800000190734863,500000.0,0.05000000074505806,2.7000000013543968e-09,2.7000000013543968e-09,145100.0,120000.0,14650000.0,86400.0,17.0,34.5,48.70000076293945,321.8999938964844,83170.0,0.0,1.0,1.0,0.0010000000474974513,725.0,0.0,0.5,0.0,0.0,57.31999969482422,837142.875,9359.77734375,117376.1015625,2623.89794921875,83026.390625,725.0,1.0204100362898316e-05,740000000.0,1,0,1,0,1,1,0,0,1,0,0,8.799991607666016,27.0,4707.1435546875,0.0,0.0,0.0,0.0,1.8910620212554932,0.00040173358866013587,0.0,0.036207348108291626,39.80836868286133,1.0,26050.34375,8883.3828125,4.702544174506329e-05,190735264.0,1022870528.0,1094689024.0,2399344640.0,-20.16336441040039,-833.4749145507812,-803196160.0,-1376473984.0,37.98320007324219,28.474903106689453,58.14656448364258,861.9498291015625,106381.3984375,4208.71240234375,147199.765625,167195.15625,124050.34375,63.00016784667969,39.80836868286133,39.80836868286133,1.0,4.702544174506329e-05,8883.3828125,880278568960.0,0.20179247856140137,137600.0,137600.0,74267368.0,58.14656448364258,6660.62744140625,1.0,0.0,1700.0,250000.0,10000.0,1038.0,0.004999999888241291,400.0,5000.0,0,0,0,0,2959622.5,54.48807144165039,54.48807144165039,1216415.25,2783730.5,0.0,0.0,136990.0625,6.01997709274292,6230428.5,0.0,0.0,1.0,1.0,6.01997709274292,275.3855285644531,107.89872741699219,0.0,5957889.0,447788.1875,107.89872741699219,1.0,1.0,1.0,0.0,538.9415283203125,0.0,537.6446533203125,1.0,0.0,7680000.0,281.5654602050781,296.78021240234375,283.6913757324219,0.9296488761901855,2783730.5,335.0717468261719,108.97614288330078,1.9296488761901855,0.0,277.82958984375,1.0,0.0,-7.5742998123168945,0.0,0.0,9.999999974752427e-07,0.0,2.0,0.0003000000142492354,0.004999999888241291,0.0010000000474974513,2.0000000233721948e-07,2.0000000233721948e-07,0.0005555999814532697,993000000.0,1.0,0.05000000074505806,0.10000000149011612,0.0005000000237487257,0.0016700000269338489,0.009999999776482582,1.0,1.0,0.0010000000474974513,4.999999873689376e-05,0.00039999998989515007,0.019999999552965164,0.9891999959945679,0.9891999959945679,0.9950000047683716,0.9950000047683716,1,0,0,0,1,1,0,0,0,0,0,0,0,0,-0.007456977851688862,-7404779.0,5000.06396484375,136990.0625,0.0,2546223.0,0.0,1.0,2569281.25,0.0,0.0,60.0,180.0,1800.0,1800.0,0.0,0.0,0.0,0.0,-0.012236599810421467,0.0,0.0,0.0,0.0,0.0,0.0,0.0,0.0,0.0,0.0,0.0,6.602997746085748e-05,0.0,7.006492321624085e-44,1,1,0,1,1,1,1,1,1,1,1,0,1,0,1,1,1,1,0,1,0,1000,8,0,1,5001,41,0.0,0.0,120.0,120.0,0.0,0.0,0.4000000059604645,0.10000000149011612,0.10000000149011612,2.0,500.0,200.0,0.9900000095367432,300000.0,5000.0,45000.0,20000.0,0.019999999552965164,2.0,0.05000000074505806,0.019999999552965164,6.0,0.05000000074505806,0.019999999552965164,0.019999999552965164,88.30000305175781,0.10000000149011612,0.800000011920929,0.05000000074505806,0.009999999776482582,50.0,50.0,340.0,340.0,1000000.0,1,0,0,0,1,1,1,1,1,1,0,0,0,1,1,0,1.0,0.0,0.0,0.0,28.030128479003906,0.0,0.0,0.0,0.9174556136131287,0.9174556136131287,0.9174556136131287,5000.0625,3994588.5,3999588.5,50.0,27.614463806152344,0.4000000059604645,0.0,0.0,0.10000000149011612,0.16225074231624603,0.4925430119037628,22164.435546875,20.0,29.202341079711914,777427.25,22.278959274291992,2972.072265625,721.2239990234375,0.7774272561073303,0.9167314171791077,9.472002029418945,1.0,3220480.5,3304083.0,9.717891693115234,20.0,0.27672743797302246,27.672744750976562,0.0,636.4223022460938,523.7479858398438,100000.0,50000.0,1115.300048828125,50000.0,700.0,2000.0,2800000.0,3500000.0,4000000.0,9.999999747378752e-05,4.999999873689376e-05,500.0,20000.0,100.0,500.0,60000.0,1200.0,1.0,120.0,150000.0,3000.0,300.0,1.0,300.0,0.019999999552965164,0.019999999552965164,0.009999999776482582,0.009999999776482582,0.009999999776482582,0.019999999552965164,1.100000023841858,0.019999999552965164,4.0,0.019999999552965164,88.0,1613.0,0.009999999776482582,0.20000000298023224,3.0,5.0,600.0,0.0010000000474974513,88.0,88.0,2000.0,2340.0,-0.11599799990653992,-0.03561130166053772,-0.04758000001311302,-0.01752999983727932,1,0,1,0,0,1,1,399.1956787109375,399.1956787109375,1.60321044921875,1.60321044921875,0.0026235473342239857,22.278959274291992,164.09866333007812,306.33282470703125,861.7164916992188,152.55374145507812,152.55374145507812,0.6126708984375,0.6126708984375,368.678466796875,252.12252807617188,0.0,0.0,2663660.25,20.00048065185547,20.00048065185547,109.36957550048828,109.36957550048828,64799.33203125,64799.33203125,1.0799888372421265,1.0799888372421265,3.00998854637146,3.00998854637146,22.946483612060547,22.946483612060547,96010.390625,96010.390625,22.947973251342773,123.83827209472656,132.95193481445312,2644444.25,20.00048065185547,20.00048065185547,167.73143005371094,167.73143005371094,142.98690795898438,142.98690795898438,598271.5625,598271.5625,0.0,95.98660278320312,95.98660278320312,191.975830078125,158120.265625,158120.265625,1.0541350841522217,1.0541350841522217,174.62103271484375,142.98690795898438,0.0,0.0,0.0,162.40525817871094,162.40525817871094,324.8105163574219,0.0,0.0,0.0,0.0,0.0,162.40525817871094,162.40525817871094,0.026315800845623016,0.0,0.20000000298023224,0.0,0.0,0.0,0.0,0.0,0.0,0.9599996209144592,1.0,1.0,1.0,0.9999998211860657,0.9999998211860657,0.9999998211860657,190825.625,193235.34375,0.0,14.750001907348633,0.0,14.750001907348633,7.25,12.0,10.25,296.3810119628906,297.7510070800781,29.5,140342.03125,6627166.5,12224996.0,0.0,0.0,0.0,0.1427161544561386,0.1427161544561386,0.1427161544561386,0.5458997488021851,457835.5625,0.9959999918937683,0.9959999918937683,0.9959999918937683,0.9959999918937683,0.0,3446748.25,5086747.5,1316773.875,2606300.0,3670131.0,0.003994588274508715,0.00799917709082365,801.5977783203125,7.25,12.0,10.25,0.0,0.0,0.0,0.0,0.0,0.0,306.33544921875,801.6097412109375,319.7489929199219,319.7489929199219,319.7489929199219,371.65667724609375,371.65667724609375,371.65667724609375,2.992802381515503,0.0,0.7799969911575317,2.992729663848877,5.0,0.0040000081062316895,0.0040000081062316895,0.0040000081062316895,0.0040000081062316895,0.0,-0.4368000030517578,0.0,598560.5,164.09866333007812,164.09866333007812,0.0,20.0,2783522.25,7.25,12.0,10.25,20.0,20.0,20.0,0.0,0.0,0.7926306128501892,0.9211652278900146,10000.0,10000.0,0.011826000176370144,1038.5,0.027953999117016792,0.0,0.0,1.0878000259399414,1.0809999704360962,9.000000136438757e-05,103.0,33.220001220703125,1.8179999589920044,0.029999999329447746,49.0,8.329999923706055,4.159999847412109,58.0,302.0,4.5,0.699999988079071,0.4000000059604645,7.5,1.3799999952316284,2.492000102996826,7000.0,48.88999938964844,1.2000000476837158,45.0,62000.0,4590000.0,4250000.0,15900000.0,15100000.0,0.05000000074505806,0.17000000178813934,0.009999999776482582,15220000.0,1.6699999570846558,312.7799987792969,1.1100000143051147,4232.0,0.25,689000.0,4030000.0,9.829999923706055,8.550000190734863,12200000.0,231.10000610351562,88.3239974975586,633.0,1.1430000066757202,0.6858000159263611,-10.0,-3.7799999713897705,0.7799999713897705,295.5,4030000.0,12400000.0,0.9200000166893005,5.0,1,0,1,228,29,0,0,0,0,1,1,1,1,1,0,0,1,1,0,0,0,0,1,0,0,0,0,1,0,0,0,0,0,0,0,0,1,0,1,8,0,0,1,0,0.028644055128097534,6258865.5,1.0877995491027832,0.0,1.1217535734176636,291.6668395996094,0.0,-0.002753341570496559,1,1,1,0,0,0,1,1,0,0,0,0,0,464,0.20000000298023224,0.20000000298023224,0.20000000298023224,0.0,2,0,0,0,0,0,0,0,0,0,0,0,0,0,0,0,0,0,0,0,0,0,0,0,0,0,0,0,0,0,0,0,0,0,0,0,0,0,0,0,0,0,0,0,0,0,0,0,0,0,0,1,0,0,0,0,0,0,0,0,0,0,0,0,0,0,0,0,0,0,0,0,0,0,0,0,0,0,0,0,0,0,0,0,0,0,0,0,0,0,0,0,0,0,0,0,0,0,0,0,0,0,0,0,0,0,0,0,0,0,0,0,0,0,0,0,0,0,0,0,0,0,0,0,0,0,0,0,0,0,0,0,0,0,0,0,0,0,0,0,0,0,0,1,0,0,0,0,0,0,0,0,0,0,0,-1,0,0,0,0,0,0,1,1,0,0,2.864405632019043,-4.885622024536133,0.0,-0.5490174293518066,-1.6815581571897805e-44,291.70001220703125,291.6668395996094,316.3166198730469,-0.03983956202864647,99.24227905273438,2668.361572265625,1.0877995491027832,1.1217535734176636,-1.0,0.033172607421875,6.827850029367255e-06,0.036207348108291626,100.0,27.0,0.0,7.799991607666016,3.948578357696533,1.0,1.0,39.80836868286133,0.26582032442092896,20.0,4.702544174506329e-05,0.0,73.97314453125,1.7323341369628906,1.8179994821548462,0.00036938843550160527,0.6817498207092285,0.5434557795524597,18.720577239990234,8.919544219970703,0.0,0.0,0.0,20.016550064086914,44.898040771484375,278.73321533203125,20.0,0.9431851506233215,294.7330627441406,40.007659912109375,0.29459047317504883,286.93096923828125,287.1976318359375,286.9332275390625,295.7694396972656,297.3989562988281,295.7709045410156,100.0,11.329460144042969,22.0,113.31016540527344,291.3502197265625,292.29827880859375,291.35205078125,340.3162841796875,33.32946014404297,26.685619354248047,113.31016540527344,0.0,0.0,0.0,0.0,77.67827606201172,78.01398468017578,77.59040832519531,63.86824417114258,63.881534576416016,63.866092681884766,28.814172744750977,29.601097106933594,28.682323455810547,98.78441619873047,96.79310607910156,98.61943054199219,36.89999771118164,43.19999694824219,26.099998474121094,283.9427490234375,297.0294494628906,281.78271484375,29.0,0.0,48.0,0.0,0.0,0.0,0.0,0.0,0.0,41.0,78.36749267578125,63.5759162902832,174.62103271484375,33.72600555419922,9.999999974752427e-07,13.436492919921875,0.0,123.83827209472656,0.0,721.2239990234375,40.81220245361328,22.278959274291992,0.0,9.472002029418945,77.74272918701172,1.0,0.9717891812324524,20.0,0.0,60.0,120.0,0.0,120.0,0.0,0.0,0.0,0.0,18.097076416015625,89.19544219970703,2.0,200.0,0,0,0,0,0,0,0,0,0,0,29,0,99999,99999,25,402,1800,180,1800,0,0,-7,2,23,0,0,0,806,1424,29,31,32,0,1,0,1,0,1,0,0,1,0,0,0,0,0,1,0,0,0,0,1,0,0,0,1,0,0,0,1,0,0,0,0,0,0,0,0,0,0,0,0,1,0,1,0,0,1,1,0,0,1,1,0,1,0,1,0,1,1,0,0,1,1,0,0,1,0,1,0,0,1,1,0,1,0,0,0,0,1,0,1,0,1,0,0,0,1,0,0,0,0,0,0,1,0,0,1,0,1,0,0,1,1,0,1,0,0,1,0,0,0,1,0,1,1,1,0,0,1,0,0,0,0,0,1,1,1,0,0,0,0,0,0,0,1,0,1,0,1,0,1,0,1,0,0,0,0,0,0,0,0,1,1,1,1,0,1,0,1,1,1,1,1,1,1,0,0,0,0,0,0,1,0,1,1,1,1,1,1,1,1,1,1,1,1,0,0,1,1,0,0,1,1,0,1,1,0,0,1,1,1,0,0,0,0,1,1,1,1,0,0,1,1,1,0,0,1,0,0,1,0,1,1,0,1,1,1,1,1,1,1,1,0,1,0,0,0,0,0,0,0,0,0,0,1,0,0,1,0,0,0,0,0,0,1,1,0,0,0,0,1,0,0,0,0,0,1,0,0,1,0,0,0,0,0,0,0,0,0,0,0,0,0,0,0,0,0,0,0,0,0,0,0,0,0,0,0,0,0,0,0,1,0,0,0,0,0,0,1,0,1,0,1,0,0,0,0,0,0,0,1,0,0,0,0,0,0,0,0,1,0,0,1,0,0,0,0,1,0,0,0,0,0,0,0,0,0,0,0,0,0,0,0,0,0,0,0,0,0,0,0,0,0,0,0,0,0,0,0,0,0,0,0,0,0,0,0,0,0,0,0,0,0,0,0,0,0,0,0,0,0,0,1,0,1,0,0,0,0,0,1,0,0,0,0,0,0,0,0,0,0,0,0,0,0,0,1,0,0,0,0,0,0,0,0,0,0,0,0,0,0,1,0,0,0,0,0,0,0,0,0,0,1,0,0,0,0,0,0,0,0,0,0,0,0,0,0,0,0,0,0,0,0,0,0,0,0,0,0,0,1,0,0,0,0,0,0,1,1,1,0,0,0,0,0,0,-1,0,0,0,0,0,0,0,0,-1,0,0,-1,0,0,0,0,0,0,0,0,0,0,0,0,0,0,0,0,0,0,1,0,0,0,0,0,0,0,0,0,0,0,0,0,0,0,0,1,1,0,-1,-1,-1,1,1,1,0,0,0,0,1,0,0,1,1,0,0,0,0,1,0,0,0,0,0,0,0,0,0,0,0,0,0,0,0,0,0,0,0,0,0,0,0,0,0,0,0,0,0,1,1,0,1,0,1,1,0,1,0,1,1,0,1,0,0,1,0,0,0,0,0,0,0,0,0,0,0,0,0,0,0,0,0,0,0,0,0,0,0,0,0,0
0,1,1,300,228,8,8,228,114,25,1,0,0.0020000000949949026,4000.0,1.0,0.04500000178813934,25.0,48.0,8.0,291.70001220703125,1.7000000476837158,-3.179999907843012e-07,0.007360000163316727,0.008080000057816505,8.0,0.33000001311302185,0.0333000011742115,1.0,9.999999747378752e-06,21.0,9.999999747378752e-06,2775000064.0,9.000000136438757e-05,4.999999980020986e-13,5.0,40.0,3.0,-3.3499999046325684,3.3499999046325684,0.5,0.0004799999878741801,292.3927001953125,492.6077880859375,-0.0036125299520790577,0.002354159951210022,0.0008944629807956517,0.013157900422811508,0.800646185874939,0.02024419978260994,2650129920.0,0.006539999973028898,0,0,0,0,0,0,0,0,0,0,0,0,0,0,0,0,0,0,0,0,0,0,0,0,0,0,0,0,0,0,0,0,0,0,0,0,0,0,0,0,0,0,0,0,0,0,0,0,0,0,0,0,0,1,4,4,0,0,0,0,0,0,0,0,2,0,0.00040210687438957393,288.71807861328125,307.6424865722656,310.4755554199219,313.4195861816406,316.2843322753906,321.01531982421875,322.5871887207031,323.66033935546875,324.03582763671875,323.78948974609375,322.9925537109375,321.6937561035156,320.0992431640625,318.3757629394531,316.6901550292969,315.1484680175781,313.777099609375,312.52972412109375,311.3569641113281,310.213134765625,309.0802001953125,307.95477294921875,306.8337707519531,305.7140808105469,304.592529296875,0.025206640362739563,0.03631630167365074,0.7715919613838196,-0.03976316750049591,0.7564203143119812,0.8480956554412842,2991.66650390625,1.0015083944381331e-06,0.19999703764915466,0.02004951238632202,0.027701297774910927,0.028167303651571274,0.019545571878552437,1.0,-1.6815581571897805e-44,-4.900254726409912,0.0,99.24116516113281,2668.46142578125,0.9447622895240784,315.5378112792969,0.0,0.0,0.0,1.2000000476837158,0.0,291.70001220703125,280662.71875,-0.5488780736923218,6.2680816650390625,130.28829956054688,10.0,7750000.0,8160000.0,86.12000274658203,119.0999984741211,0.5,9.999999747378752e-05,0.0,3.299999952316284,200.0,0.30000001192092896,309.20001220703125,2.439019908706541e-06,0,0,0,1,1,1,0,24,0,291.1465759277344,0.0,0.0,0.0,0.0,0.0,0.0,0.9530752301216125,0.8670179843902588,0.5252044796943665,0.21393537521362305,0.04007299989461899,0.038113873451948166,0.28606462478637695,0.2950844168663025,0.2873821556568146,1.0,25.0,24.0,6229490.0,6231004.0,6229699.0,286.40069580078125,286.66387939453125,286.39794921875,295.2610168457031,296.8965148925781,295.2593078613281,4400000.0,290.83087158203125,291.78021240234375,290.82861328125,8.860321044921875,10.232635498046875,8.861358642578125,294.1648254394531,4539.16162109375,4453.62939453125,4546.73193359375,11.141530990600586,11.200203895568848,11.15422534942627,25.083221435546875,0.0,0.0,0.0020000000949949026,286.4875183105469,295.8056335449219,-142.71359252929688,0.9283660650253296,0.957391619682312,0.9326467514038086,259.179931640625,39.0,40.0,42.0,41.0,0.0,0.0,6215061.5,6186494.0,57.89091873168945,5.0,0.014999999664723873,-180000.0,600.0,1000000.0,400000.0,0.17000000178813934,22000.0,786000.0,120000.0,0.0,40.0,30.0,36.810001373291016,0.5,18.399999618530273,50000.0,115692.3984375,15.113750457763672,0,0,1,0,0,0,0,11022804.0,0.0,0.0,0.0,0.0,0.0,-4350195.0,400000.0,1000000.0,1.0,1400000.0,0.0,0.330171674489975,11049805.0,126869.6328125,11022804.0,340.31689453125,40.007659912109375,3.286179542541504,-4350195.0,0.0,0.0,0.0,2.644984245300293,40.007659912109375,0.0,22230.939453125,1.2010046243667603,0.0,0.0,0.0,20.0,14.711517333984375,22.0,0.0,0.0,0.0,0.05000000074505806,0.02500000037252903,0.17000000178813934,15400000.0,0.5,6.25,0.0006667000125162303,2.0,2410000.0,4140000.0,4.734799861907959,0.15000000596046448,0.20000000298023224,0.2199999988079071,1.0,0.0,-1.0,0.0,5.0,20.0,30.0,50.0,74.0,80.0,86.0,9.800000190734863,500000.0,1.0499999802959792e-07,0.5,750.0,1000.0,600.0,1000.0,1150.0,32.0,32.0,37.400001525878906,10.0,10.0,0.007000000216066837,0.5049999952316284,82.0,189.26499938964844,0.0,1.5099999904632568,231.60000610351562,20.0,36.0,16.600000381469727,16.5,225.0,-0.1756729930639267,27.5,-0.1756729930639267,30.485509872436523,0.1561516970396042,11.10221004486084,-1.8332500457763672,-75.0,4.3520002365112305,13.857000350952148,189.26499938964844,93.30000305175781,2650000.0,0.8500000238418579,7.570000171661377,1,1,1,0,0,0,0,0,0,0,0,1,3,3,0,0,1,0,0,0,0,1,0,1,1,0,0,0,1,1,1,0,0,0,0,0,0,0,0,1,0,0,0,1,0,0,1,0,0,1,12.05141544342041,29051.265625,2153.599609375,0.00041483293171040714,0.0004361289902590215,0.0006248649442568421,0.0,0.0,0.0,0.0,0.0,0.0,0.5811701416969299,1.0,0.0,0.0,1.0,1.0,0.0,0.0,1.0,1.0,0.0,1.0,0.0,0.0,1.0,0.0,0.0,0.41154953837394714,0.5251230001449585,0.0006248649442568421,0.0,0.0006232063751667738,0.0,99998.78125,99999.0,1814933.5,2410000.0,36.20000076293945,36.20000076293945,36.20000076293945,32.49075698852539,278.37603759765625,20.0,20.01059341430664,24.026580810546875,27.0,27.0,25.815143585205078,27.0,31.915061950683594,32.0,20.0,68.57752227783203,3446506.0,0.5435910820960999,7.559999942779541,0.0,8.919408798217773,0.0,0.0,37.574241638183594,1.401298464324817e-45,0.0,0.0,0.5049998760223389,0.5049998760223389,0.5049998760223389,0.18937495350837708,0.18937495350837708,0.18937495350837708,0.0,12.524734497070312,12.524734497070312,12.524734497070312,0.0,0.0,9.074999809265137,0.0,0.0,0.0,0.0,0.0,0.0,100.0,73.97314453125,0.2199999988079071,0.0,20.0,37.574241638183594,0.0,0.0,0.0,0.0,0.0,0.007000000216066837,0.0,0.0,9.074999809265137,0.0,1.7323341369628906,0.0,0.946874737739563,0.0,0.0,0.0,0.0,0.0,0.0,20.0,0.0,0.0,10723954.0,0.0,0.0,0.0,0.0,0.0,0.0,0.0,0.351500004529953,18.93000030517578,23.030000686645508,7.69199959904654e-06,0.08500000089406967,0.009999999776482582,24.0,27.0,8.800000190734863,500000.0,0.05000000074505806,2.7000000013543968e-09,2.7000000013543968e-09,145100.0,120000.0,14650000.0,86400.0,17.0,34.5,48.70000076293945,321.8999938964844,83170.0,0.0,1.0,1.0,0.0010000000474974513,725.0,0.0,0.5,0.0,0.0,57.31999969482422,837142.875,9359.77734375,117376.1015625,2623.89794921875,83026.390625,725.0,1.0204100362898316e-05,740000000.0,1,0,1,0,1,1,0,0,1,0,0,8.799991607666016,27.0,4730.39306640625,0.0,0.0,0.0,0.0,1.900409460067749,0.00040173460729420185,0.0,0.03638618066906929,39.81543731689453,1.0,26052.640625,8925.083984375,4.725775579572655e-05,188462240.0,1020189376.0,1091774976.0,2393472000.0,-19.52889633178711,-831.3011474609375,-802576448.0,-1373282816.0,38.521080017089844,28.474903106689453,58.04997634887695,859.7760009765625,106381.3984375,4210.208984375,147221.53125,167224.84375,124052.640625,63.400169372558594,39.81543731689453,39.81543731689453,1.0,4.725775579572655e-05,8925.083984375,878128988160.0,0.20182344317436218,137600.0,137600.0,74034424.0,58.04997634887695,6662.87890625,1.0,0.0,1700.0,250000.0,10000.0,1038.0,0.004999999888241291,400.0,5000.0,0,0,0,0,2959622.5,54.27033996582031,54.27033996582031,1216415.25,2783933.25,0.0,0.0,133933.234375,5.319252014160156,6200963.5,0.0,0.0,1.0,1.0,5.319252014160156,275.3855285644531,107.24092102050781,0.0,5957889.0,444974.46875,107.24092102050781,1.0,1.0,1.0,0.0,536.364501953125,0.0,535.0999145507812,1.0,0.0,7680000.0,281.0592041015625,296.2130432128906,283.1507568359375,0.9351644515991211,2783933.25,335.4165954589844,108.54067993164062,1.935164451599121,0.0,277.5202331542969,1.0,0.0,-7.5742998123168945,0.0,0.0,9.999999974752427e-07,0.0,2.0,0.0003000000142492354,0.004999999888241291,0.0010000000474974513,2.0000000233721948e-07,2.0000000233721948e-07,0.0005555999814532697,993000000.0,1.0,0.05000000074505806,0.10000000149011612,0.0005000000237487257,0.0016700000269338489,0.009999999776482582,1.0,1.0,0.0010000000474974513,4.999999873689376e-05,0.00039999998989515007,0.019999999552965164,0.9891999959945679,0.9891999959945679,0.9950000047683716,0.9950000047683716,1,0,0,0,1,1,0,0,0,0,0,0,0,0,-0.007456977851688862,-7404779.0,5000.06103515625,133933.234375,0.0,2546223.0,0.0,1.0,2569281.25,0.0,0.0,60.0,180.0,1800.0,1800.0,0.0,0.0,0.0,0.0,-0.012236599810421467,0.0,0.0,0.0,0.0,0.0,0.0,0.0,0.0,0.0,0.0,0.0,6.602997746085748e-05,0.0,7.006492321624085e-44,1,1,0,1,1,1,1,1,1,1,1,0,1,0,1,1,1,1,0,1,0,1000,8,0,1,5001,43,0.0,0.0,120.0,120.0,0.0,0.0,0.4000000059604645,0.10000000149011612,0.10000000149011612,2.0,500.0,200.0,0.9900000095367432,300000.0,5000.0,45000.0,20000.0,0.019999999552965164,2.0,0.05000000074505806,0.019999999552965164,6.0,0.05000000074505806,0.019999999552965164,0.019999999552965164,88.30000305175781,0.10000000149011612,0.800000011920929,0.05000000074505806,0.009999999776482582,50.0,50.0,340.0,340.0,1000000.0,1,0,0,0,1,1,1,1,1,1,0,0,0,1,1,0,1.0,0.0,0.0,0.0,28.144033432006836,0.0,0.0,0.0,0.9174107909202576,0.9174107909202576,0.9174107909202576,5000.0595703125,4001572.0,4006572.0,50.0,27.614437103271484,0.4000000059604645,0.0,0.0,0.10000000149011612,0.16148342192173004,0.4925430119037628,22164.435546875,20.0,29.202341079711914,777418.875,22.204015731811523,2960.308349609375,721.2239990234375,0.777418851852417,0.9166351556777954,9.47197437286377,1.0,3220471.5,3304071.0,9.717855453491211,20.0,0.2767573893070221,27.675739288330078,0.0,636.4223022460938,537.1996459960938,100000.0,50000.0,1115.300048828125,50000.0,700.0,2000.0,2800000.0,3500000.0,4000000.0,9.999999747378752e-05,4.999999873689376e-05,500.0,20000.0,100.0,500.0,60000.0,1200.0,1.0,120.0,150000.0,3000.0,300.0,1.0,300.0,0.019999999552965164,0.019999999552965164,0.009999999776482582,0.009999999776482582,0.009999999776482582,0.019999999552965164,1.100000023841858,0.019999999552965164,4.0,0.019999999552965164,88.0,1613.0,0.009999999776482582,0.20000000298023224,3.0,5.0,600.0,0.0010000000474974513,88.0,88.0,2000.0,2340.0,-0.11599799990653992,-0.03561130166053772,-0.04758000001311302,-0.01752999983727932,1,0,1,0,0,1,1,393.01861572265625,393.01861572265625,1.578399658203125,1.578399658203125,0.002527020638808608,22.204015731811523,164.09384155273438,295.3702392578125,849.6722412109375,147.09437561035156,147.09437561035156,0.5907440185546875,0.5907440185546875,355.23822021484375,239.21099853515625,0.0,0.0,2663660.25,20.00048065185547,20.00048065185547,108.64824676513672,108.64824676513672,64762.1796875,64762.1796875,1.0793696641921997,1.0793696641921997,2.659626007080078,2.659626007080078,22.77837371826172,22.77837371826172,95307.0,95307.0,22.779808044433594,122.61353302001953,131.72665405273438,2644641.25,20.00048065185547,20.00048065185547,167.50914001464844,167.50914001464844,141.97508239746094,141.97508239746094,594038.0,594038.0,0.0,95.24359893798828,95.24359893798828,190.48973083496094,158077.109375,158077.109375,1.0538474321365356,1.0538474321365356,174.0262451171875,141.97508239746094,0.0,0.0,0.0,161.54229736328125,161.54229736328125,323.0845947265625,0.0,0.0,0.0,0.0,0.0,161.54229736328125,161.54229736328125,0.026315800845623016,0.0,0.20000000298023224,0.0,0.0,0.0,0.0,0.0,0.0,0.9599996209144592,1.0,1.0,1.0,0.9999998211860657,0.9999998211860657,0.9999998211860657,190825.34375,193234.984375,0.0,14.750001907348633,0.0,14.750001907348633,7.25,12.0,10.25,296.3810119628906,297.7510070800781,29.5,121357.5546875,6709512.0,12224996.0,0.0,0.0,0.0,0.13152720034122467,0.13152720034122467,0.13152720034122467,0.5683112144470215,445199.625,0.9959999918937683,0.9959999918937683,0.9959999918937683,0.9959999918937683,0.0,3464502.25,4998904.0,1268510.375,2606300.0,3663108.75,0.004001571796834469,0.008013144135475159,789.1940307617188,7.25,12.0,10.25,0.0,0.0,0.0,0.0,0.0,0.0,295.3727722167969,789.2060546875,317.4999694824219,317.4999694824219,317.4999694824219,342.5187683105469,342.5187683105469,342.5187683105469,2.992964744567871,0.0,0.7771337032318115,2.9928810596466064,5.0,0.0040000081062316895,0.0040000081062316895,0.0040000081062316895,0.0040000081062316895,0.0,-0.4368000030517578,0.0,598592.9375,164.09384155273438,164.09384155273438,0.0,20.0,2783728.75,7.25,12.0,10.25,20.0,20.0,20.0,0.0,0.0,0.7926306128501892,0.9211652278900146,10000.0,10000.0,0.011826000176370144,1038.5,0.027953999117016792,0.0,0.0,1.0878000259399414,1.0809999704360962,9.000000136438757e-05,103.0,33.220001220703125,1.8179999589920044,0.029999999329447746,49.0,8.329999923706055,4.159999847412109,58.0,302.0,4.5,0.699999988079071,0.4000000059604645,7.5,1.3799999952316284,2.492000102996826,7000.0,48.88999938964844,1.2000000476837158,45.0,62000.0,4590000.0,4250000.0,15900000.0,15100000.0,0.05000000074505806,0.17000000178813934,0.009999999776482582,15220000.0,1.6699999570846558,312.7799987792969,1.1100000143051147,4232.0,0.25,689000.0,4030000.0,9.829999923706055,8.550000190734863,12200000.0,231.10000610351562,88.3239974975586,633.0,1.1430000066757202,0.6858000159263611,-10.0,-3.7799999713897705,0.7799999713897705,295.5,4030000.0,12400000.0,0.9200000166893005,5.0,1,0,1,228,0,0,0,0,0,1,1,1,1,1,0,0,1,1,0,0,0,0,1,0,0,0,0,1,0,0,0,0,0,0,0,0,1,0,1,8,0,0,1,0,0.027701297774910927,6229490.0,1.0877995491027832,0.0,1.1253838539123535,291.3205871582031,0.0,-0.0026095458306372166,1,1,1,0,0,0,1,1,0,0,0,0,0,466,0.20000000298023224,0.20000000298023224,0.20000000298023224,0.0,2,0,0,0,0,0,0,0,0,0,0,0,0,0,0,0,0,0,0,0,0,0,0,0,0,0,0,0,0,0,0,0,0,0,0,0,0,0,0,0,0,0,0,0,0,0,0,0,0,0,0,1,0,0,0,0,0,0,0,0,0,0,0,0,0,0,0,0,0,0,0,0,0,0,0,0,0,0,0,0,0,0,0,0,0,0,0,0,0,0,0,0,0,0,0,0,0,0,0,0,0,0,0,0,0,0,0,0,0,0,0,0,0,0,0,0,0,0,0,0,0,0,0,0,0,0,0,0,0,0,0,0,0,0,0,0,0,0,0,0,0,0,0,1,0,0,0,0,0,0,0,0,0,0,0,-1,0,0,0,0,0,0,1,1,0,0,2.770129680633545,-4.900254726409912,0.0,-0.5488780736923218,-1.6815581571897805e-44,291.70001220703125,291.3205871582031,315.5378112792969,-0.03976316750049591,99.24116516113281,2668.46142578125,1.0877995491027832,1.1253838539123535,-1.0,0.379425048828125,6.827850029367255e-06,0.03638618066906929,100.0,27.0,0.0,7.799991607666016,3.9506123065948486,1.0,1.0,39.81543731689453,0.2658437490463257,20.0,4.725775579572655e-05,0.0,73.97314453125,1.7323341369628906,1.8179994821548462,0.00036938843550160527,0.6817498207092285,0.5435910820960999,18.519763946533203,8.919408798217773,0.0,0.0,0.0,20.01059341430664,44.898040771484375,278.37603759765625,20.0,0.9427747130393982,294.3565979003906,40.007659912109375,0.29459047317504883,286.5736083984375,286.83978271484375,286.5760498046875,295.4325256347656,297.0674133300781,295.4341125488281,100.0,11.017168045043945,22.0,112.7533187866211,291.0030517578125,291.95361328125,291.00506591796875,340.31683349609375,33.01716613769531,26.528175354003906,112.7533187866211,0.0,0.0,0.0,0.0,77.60494232177734,77.93016052246094,77.51680755615234,63.56847381591797,63.581790924072266,63.566341400146484,28.738216400146484,29.508441925048828,28.606462478637695,98.8261947631836,96.8124008178711,98.66143035888672,36.89999771118164,43.19999694824219,26.099998474121094,283.42962646484375,296.48272705078125,281.302978515625,29.0,0.0,48.0,0.0,0.0,0.0,0.0,0.0,0.0,41.0,78.36749267578125,63.27525329589844,174.0262451171875,33.56473922729492,9.999999974752427e-07,12.94400691986084,0.0,122.61353302001953,0.0,721.2239990234375,40.883460998535156,22.204015731811523,0.0,9.47197437286377,77.74188232421875,1.0,0.9717855453491211,20.0,0.0,60.0,120.0,0.0,120.0,0.0,0.0,0.0,0.0,18.10158348083496,89.194091796875,2.0,200.0,0,0,0,0,0,0,0,0,0,0,0,0,99999,99999,25,402,1800,180,1800,0,0,-7,2,23,0,0,0,806,1424,29,31,32,0,1,0,1,0,1,0,0,1,0,0,0,0,0,1,0,0,0,0,1,0,0,0,1,0,0,0,1,0,0,0,0,0,0,0,0,0,0,0,0,1,0,1,0,0,1,1,0,0,1,1,0,1,0,1,0,1,1,0,0,0,1,0,0,0,0,0,0,0,1,1,0,1,0,0,0,0,0,0,0,0,1,0,0,0,1,0,0,0,0,0,0,1,0,0,1,0,1,0,0,1,0,0,1,0,0,1,0,0,0,1,0,1,1,1,0,0,1,0,0,0,0,0,1,1,1,0,0,0,0,0,0,0,1,0,1,0,1,0,1,0,1,0,0,0,0,0,0,0,0,1,1,1,1,0,1,0,1,1,1,1,1,1,1,0,0,0,0,0,0,1,0,1,1,1,1,1,1,1,1,1,1,1,0,0,0,1,1,0,0,1,1,0,1,1,0,0,1,1,1,0,0,0,0,1,1,1,1,0,0,1,1,1,0,0,1,0,0,1,0,1,1,0,1,1,1,1,1,1,1,1,0,1,0,0,0,0,0,0,0,0,0,0,1,0,0,1,0,0,0,0,0,0,0,0,0,0,0,0,0,0,0,0,0,0,0,0,0,0,0,0,0,0,0,0,0,0,0,0,0,0,0,0,0,0,0,0,0,0,0,0,0,0,0,0,0,0,0,0,0,0,0,0,0,0,0,0,0,0,0,0,0,0,0,0,0,0,0,0,0,0,0,0,0,0,0,0,0,0,0,0,0,0,0,0,0,0,0,0,0,0,0,0,0,0,0,0,0,0,0,0,0,0,0,0,0,0,0,0,0,0,0,0,0,0,0,0,0,0,0,0,0,0,0,0,0,0,0,0,0,0,0,0,0,0,0,0,0,0,0,0,1,0,1,0,0,0,0,0,1,0,0,0,0,0,0,0,0,0,0,0,0,0,0,0,1,0,0,0,0,0,0,0,0,0,0,0,0,0,0,1,0,0,0,0,0,0,0,0,0,0,1,0,0,0,0,0,0,0,0,0,0,0,0,0,0,0,0,0,0,0,0,0,0,0,0,0,0,0,1,0,0,0,0,0,0,1,1,1,0,0,0,0,0,0,-1,0,0,0,0,0,0,0,0,-1,0,0,-1,0,0,0,0,0,0,0,0,0,0,0,0,0,0,0,0,0,0,1,0,0,0,0,0,0,0,0,0,0,0,0,0,0,0,0,1,1,0,-1,-1,-1,1,1,1,0,0,0,0,1,0,0,1,1,0,0,0,0,1,0,0,0,0,0,0,0,0,0,0,0,0,0,0,0,0,0,0,0,0,0,0,0,0,0,0,0,0,0,1,1,0,1,0,1,1,0,1,0,1,1,0,1,0,0,1,0,0,0,0,0,0,0,0,0,0,0,0,0,0,0,0,0,0,0,0,0,0,0,0,0,0
0,1,1,300,228,8,8,228,114,25,1,0,0.0020000000949949026,4000.0,1.0,0.04500000178813934,25.0,48.0,8.0,291.70001220703125,1.7000000476837158,-3.179999907843012e-07,0.007360000163316727,0.008080000057816505,8.0,0.33000001311302185,0.0333000011742115,1.0,9.999999747378752e-06,21.0,9.999999747378752e-06,2775000064.0,9.000000136438757e-05,4.999999980020986e-13,5.0,40.0,3.0,-3.3499999046325684,3.3499999046325684,0.5,0.0004799999878741801,292.3927001953125,492.6077880859375,-0.0036125299520790577,0.002354159951210022,0.0008944629807956517,0.013157900422811508,0.800646185874939,0.02024419978260994,2650129920.0,0.006539999973028898,0,0,0,0,0,0,0,0,0,0,0,0,0,0,0,0,0,0,0,0,0,0,0,0,0,0,0,0,0,0,0,0,0,0,0,0,0,0,0,0,0,0,0,0,0,0,0,0,0,0,0,0,0,1,4,4,0,0,0,0,0,0,0,0,2,0,0.00040210687438957393,288.1503601074219,306.59698486328125,309.33026123046875,312.16949462890625,314.93304443359375,319.5068054199219,321.0365295410156,322.09149169921875,322.47967529296875,322.2728271484375,321.5389099121094,320.3280334472656,318.8315124511719,317.20770263671875,315.6150207519531,314.1657409667969,312.87188720703125,311.6855773925781,310.55718994140625,309.443359375,308.3271484375,307.20855712890625,306.0885925292969,304.9681396484375,303.84832763671875,0.025714317336678505,0.03537290543317795,0.7715789079666138,-0.039635222405195236,0.7564516067504883,0.8437269926071167,2857.07568359375,9.56548888098041e-07,0.19622009992599487,0.019154272973537445,0.026366671547293663,0.026801392436027527,0.019628632813692093,1.0,-1.6815581571897805e-44,-4.921842575073242,0.0,99.23947143554688,2668.61181640625,0.944801390171051,314.3956298828125,0.0,0.0,0.0,1.8000001907348633,0.0,291.70001220703125,280663.28125,-0.548647940158844,6.263989448547363,130.28829956054688,10.0,7750000.0,8160000.0,86.12000274658203,119.0999984741211,0.5,9.999999747378752e-05,0.0,3.299999952316284,200.0,0.30000001192092896,309.20001220703125,2.439019908706541e-06,0,0,0,1,1,1,0,24,0,290.6216125488281,0.0,0.0,0.0,0.0,0.0,0.0,0.9560464024543762,0.8670006394386292,0.5255481600761414,0.21524912118911743,0.04219946637749672,0.04015284776687622,0.28475087881088257,0.29349422454833984,0.28606653213500977,1.0,25.0,24.0,6186677.0,6188190.0,6186878.5,285.88629150390625,286.14788818359375,285.88311767578125,294.724365234375,296.36553955078125,294.72265625,4400000.0,290.3053283691406,291.2567138671875,290.3028869628906,8.83807373046875,10.2176513671875,8.83953857421875,293.578369140625,4541.71044921875,4454.85400390625,4549.26708984375,11.123771667480469,11.180033683776855,11.136528968811035,25.177978515625,0.0,0.0,0.0020000000949949026,285.9724426269531,295.2708435058594,-140.9962615966797,0.9238483905792236,0.9519503116607666,0.9281258583068848,260.8343811035156,39.0,40.0,42.0,41.0,0.0,0.0,6172700.5,6144016.0,57.73314666748047,5.0,0.014999999664723873,-180000.0,600.0,1000000.0,400000.0,0.17000000178813934,22000.0,786000.0,120000.0,0.0,40.0,30.0,36.810001373291016,0.5,18.399999618530273,50000.0,115692.3984375,15.113750457763672,0,0,1,0,0,0,0,10942990.0,0.0,0.0,0.0,0.0,0.0,-4430614.0,400000.0,1000000.0,1.0,1400000.0,0.0,0.3255285918712616,10969386.0,126869.6328125,10942990.0,340.3173828125,40.007659912109375,3.2399349212646484,-4430614.0,0.0,0.0,0.0,2.6216695308685303,40.007659912109375,0.0,22230.939453125,1.2010046243667603,0.0,0.0,0.0,20.0,14.711517333984375,22.0,0.0,0.0,0.0,0.05000000074505806,0.02500000037252903,0.17000000178813934,15400000.0,0.5,6.25,0.0006667000125162303,2.0,2410000.0,4140000.0,4.734799861907959,0.15000000596046448,0.20000000298023224,0.2199999988079071,1.0,0.0,-1.0,0.0,5.0,20.0,30.0,50.0,74.0,80.0,86.0,9.800000190734863,500000.0,1.0499999802959792e-07,0.5,750.0,1000.0,600.0,1000.0,1150.0,32.0,32.0,37.400001525878906,10.0,10.0,0.007000000216066837,0.5049999952316284,82.0,189.26499938964844,0.0,1.5099999904632568,231.60000610351562,20.0,36.0,16.600000381469727,16.5,225.0,-0.1756729930639267,27.5,-0.1756729930639267,30.485509872436523,0.1561516970396042,11.10221004486084,-1.8332500457763672,-75.0,4.3520002365112305,13.857000350952148,189.26499938964844,93.30000305175781,2650000.0,0.8500000238418579,7.570000171661377,1,1,1,0,0,0,0,0,0,0,0,1,3,3,0,0,1,0,0,0,0,1,0,1,1,0,0,0,1,1,1,0,0,0,0,0,0,0,0,1,0,0,0,1,0,0,1,0,0,1,12.05141544342041,29051.265625,2153.585693359375,0.00041483284439891577,0.0004361289902590215,0.0006248649442568421,0.0,0.0,0.0,0.0,0.0,0.0,0.5786004066467285,1.0,0.0,0.0,1.0,1.0,0.0,0.0,1.0,1.0,0.0,1.0,0.0,0.0,1.0,0.0,0.0,0.40494534373283386,0.5166962742805481,0.0006248649442568421,0.0,0.0006232360028661788,0.0,99998.78125,99999.0,1785809.0,2410000.0,36.20000076293945,36.20000076293945,36.20000076293945,32.48551559448242,277.8558349609375,20.0,20.005422592163086,24.025056838989258,27.0,27.0,25.81454086303711,27.0,31.916580200195312,32.0,20.0,68.57752227783203,3446483.5,0.5435910820960999,7.559999942779541,0.0,8.919408798217773,0.0,0.0,38.2596549987793,1.401298464324817e-45,0.0,0.0,0.5049998760223389,0.5049998760223389,0.5049998760223389,0.18937495350837708,0.18937495350837708,0.18937495350837708,0.0,12.753205299377441,12.753205299377441,12.753205299377441,0.0,0.0,9.074999809265137,0.0,0.0,0.0,0.0,0.0,0.0,100.0,73.97314453125,0.2199999988079071,0.0,20.0,38.2596549987793,0.0,0.0,0.0,0.0,0.0,0.007000000216066837,0.0,0.0,9.074999809265137,0.0,1.7323341369628906,0.0,0.946874737739563,0.0,0.0,0.0,0.0,0.0,0.0,20.0,0.0,0.0,10644316.0,0.0,0.0,0.0,0.0,0.0,0.0,0.0,0.351500004529953,18.93000030517578,23.030000686645508,7.69199959904654e-06,0.08500000089406967,0.009999999776482582,24.0,27.0,8.800000190734863,500000.0,0.05000000074505806,2.7000000013543968e-09,2.7000000013543968e-09,145100.0,120000.0,14650000.0,86400.0,17.0,34.5,48.70000076293945,321.8999938964844,83170.0,0.0,1.0,1.0,0.0010000000474974513,725.0,0.0,0.5,0.0,0.0,57.31999969482422,837142.875,9359.77734375,117376.1015625,2623.89794921875,83026.390625,725.0,1.0204100362898316e-05,740000000.0,1,0,1,0,1,1,0,0,1,0,0,8.799991607666016,27.0,4765.19140625,0.0,0.0,0.0,0.0,1.9144022464752197,0.00040173629531636834,0.0,0.036653850227594376,39.825740814208984,1.0,26055.9765625,8987.509765625,4.7605477448087186e-05,185197200.0,1014491456.0,1085714432.0,2384313856.0,-18.68372344970703,-827.920654296875,-800276288.0,-1369822336.0,39.20649337768555,28.474903106689453,57.89021682739258,856.3955688476562,106381.3984375,4212.390625,147254.140625,167268.109375,124055.9765625,64.00016784667969,39.825740814208984,39.825740814208984,1.0,4.7605477448087186e-05,8987.509765625,874937516032.0,0.20186980068683624,137600.0,137600.0,73671856.0,57.89021682739258,6666.1650390625,1.0,0.0,1700.0,250000.0,10000.0,1038.0,0.004999999888241291,400.0,5000.0,0,0,0,0,2959622.5,53.945369720458984,53.945369720458984,1216415.25,2784222.0,0.0,0.0,129791.421875,4.41808557510376,6158027.0,0.0,0.0,1.0,1.0,4.41808557510376,275.3855285644531,106.3304443359375,0.0,5957889.0,441082.5625,106.3304443359375,1.0,1.0,1.0,0.0,532.6144409179688,0.0,531.391845703125,1.0,0.0,7680000.0,280.22509765625,295.26336669921875,282.253662109375,0.9426376819610596,2784222.0,335.6965637207031,107.89073944091797,1.9426376819610596,0.0,277.06695556640625,1.0,0.0,-7.5742998123168945,0.0,0.0,9.999999974752427e-07,0.0,2.0,0.0003000000142492354,0.004999999888241291,0.0010000000474974513,2.0000000233721948e-07,2.0000000233721948e-07,0.0005555999814532697,993000000.0,1.0,0.05000000074505806,0.10000000149011612,0.0005000000237487257,0.0016700000269338489,0.009999999776482582,1.0,1.0,0.0010000000474974513,4.999999873689376e-05,0.00039999998989515007,0.019999999552965164,0.9891999959945679,0.9891999959945679,0.9950000047683716,0.9950000047683716,1,0,0,0,1,1,0,0,0,0,0,0,0,0,-0.007456977851688862,-7404779.0,5000.0576171875,129791.421875,0.0,2546223.0,0.0,1.0,2569281.25,0.0,0.0,60.0,180.0,1800.0,1800.0,0.0,0.0,0.0,0.0,-0.012236599810421467,0.0,0.0,0.0,0.0,0.0,0.0,0.0,0.0,0.0,0.0,0.0,6.602997746085748e-05,0.0,7.006492321624085e-44,1,1,0,1,1,1,1,1,1,1,1,0,1,0,1,1,1,1,0,1,0,1000,9,0,1,5001,46,0.0,0.0,120.0,120.0,0.0,0.0,0.4000000059604645,0.10000000149011612,0.10000000149011612,2.0,500.0,200.0,0.9900000095367432,300000.0,5000.0,45000.0,20000.0,0.019999999552965164,2.0,0.05000000074505806,0.019999999552965164,6.0,0.05000000074505806,0.019999999552965164,0.019999999552965164,88.30000305175781,0.10000000149011612,0.800000011920929,0.05000000074505806,0.009999999776482582,50.0,50.0,340.0,340.0,1000000.0,1,0,0,0,1,1,1,1,1,1,0,0,0,1,1,0,1.0,0.0,0.0,0.0,28.307580947875977,0.0,0.0,0.0,0.9173374772071838,0.9173374772071838,0.9173374772071838,5000.056640625,4012499.5,4017499.5,50.0,27.614397048950195,0.4000000059604645,0.0,0.0,0.10000000149011612,0.1603652834892273,0.4925430119037628,22164.435546875,20.0,29.202341079711914,777412.5625,22.09757423400879,2943.632080078125,721.2240600585938,0.7774125337600708,0.916477382183075,9.471935272216797,1.0,3220458.0,3304053.0,9.717803001403809,20.0,0.27680397033691406,27.680397033691406,0.0,636.4223022460938,557.8723754882812,100000.0,50000.0,1115.300048828125,50000.0,700.0,2000.0,2800000.0,3500000.0,4000000.0,9.999999747378752e-05,4.999999873689376e-05,500.0,20000.0,100.0,500.0,60000.0,1200.0,1.0,120.0,150000.0,3000.0,300.0,1.0,300.0,0.019999999552965164,0.019999999552965164,0.009999999776482582,0.009999999776482582,0.009999999776482582,0.019999999552965164,1.100000023841858,0.019999999552965164,4.0,0.019999999552965164,88.0,1613.0,0.009999999776482582,0.20000000298023224,3.0,5.0,600.0,0.0010000000474974513,88.0,88.0,2000.0,2340.0,-0.11599799990653992,-0.03561130166053772,-0.04758000001311302,-0.01752999983727932,1,0,1,0,0,1,1,383.8793029785156,383.8793029785156,1.54168701171875,1.54168701171875,0.002389349974691868,22.09757423400879,164.08624267578125,279.73492431640625,831.50146484375,139.30799865722656,139.30799865722656,0.5594635009765625,0.5594635009765625,336.0721740722656,220.2539825439453,0.0,0.0,2663660.25,20.00048065185547,20.00048065185547,107.65531921386719,107.65531921386719,64706.7578125,64706.7578125,1.0784459114074707,1.0784459114074707,2.20904278755188,2.20904278755188,22.500959396362305,22.500959396362305,94146.2734375,94146.2734375,22.50231170654297,120.85668182373047,129.91015625,2644921.25,20.00048065185547,20.00048065185547,167.2035675048828,167.2035675048828,140.4272003173828,140.4272003173828,587561.5,587561.5,0.0,94.13509368896484,94.13509368896484,188.2725830078125,158012.890625,158012.890625,1.0534192323684692,1.0534192323684692,173.18972778320312,140.4272003173828,0.0,0.0,0.0,160.2576904296875,160.2576904296875,320.515380859375,0.0,0.0,0.0,0.0,0.0,160.2576904296875,160.2576904296875,0.026315800845623016,0.0,0.20000000298023224,0.0,0.0,0.0,0.0,0.0,0.0,0.9599996209144592,1.0,1.0,1.0,0.9999998211860657,0.9999998211860657,0.9999998211860657,190824.96875,193234.484375,0.0,14.750001907348633,0.0,14.750001907348633,7.25,12.0,10.25,296.3810119628906,297.7510070800781,29.5,94099.1640625,6825683.0,12224996.0,0.0,0.0,0.0,0.11636684089899063,0.11636684089899063,0.11636684089899063,0.6042507290840149,427055.84375,0.9959999918937683,0.9959999918937683,0.9959999918937683,0.9959999918937683,100895.171875,3490031.25,4880586.0,1199675.0,2606300.0,3653872.75,0.0040124994702637196,0.008034998551011086,770.8419799804688,7.25,12.0,10.25,0.0,0.0,0.0,0.0,0.0,0.0,279.7373046875,770.8540649414062,313.97113037109375,313.97113037109375,313.97113037109375,94.94811248779297,94.94811248779297,94.94811248779297,2.9932494163513184,0.0,0.7729672789573669,2.9931490421295166,5.0,0.0040000081062316895,0.0040000081062316895,0.0040000081062316895,0.0040000081062316895,0.0,-0.4368000030517578,0.0,598649.875,164.08624267578125,164.08624267578125,0.0,20.0,2784023.0,7.25,12.0,10.25,20.0,20.0,20.0,0.0,0.0,0.7926306128501892,0.9211652278900146,10000.0,10000.0,0.011826000176370144,1038.5,0.027953999117016792,0.0,0.0,1.0878000259399414,1.0809999704360962,9.000000136438757e-05,103.0,33.220001220703125,1.8179999589920044,0.029999999329447746,49.0,8.329999923706055,4.159999847412109,58.0,302.0,4.5,0.699999988079071,0.4000000059604645,7.5,1.3799999952316284,2.492000102996826,7000.0,48.88999938964844,1.2000000476837158,45.0,62000.0,4590000.0,4250000.0,15900000.0,15100000.0,0.05000000074505806,0.17000000178813934,0.009999999776482582,15220000.0,1.6699999570846558,312.7799987792969,1.1100000143051147,4232.0,0.25,689000.0,4030000.0,9.829999923706055,8.550000190734863,12200000.0,231.10000610351562,88.3239974975586,633.0,1.1430000066757202,0.6858000159263611,-10.0,-3.7799999713897705,0.7799999713897705,295.5,4030000.0,12400000.0,0.9200000166893005,5.0,1,0,1,228,0,0,0,0,0,1,1,1,1,1,0,0,1,1,0,0,0,0,1,0,0,0,0,1,0,0,0,0,0,0,0,0,1,0,1,8,0,0,1,0,0.026366671547293663,6186677.0,1.0877995491027832,0.0,1.1310672760009766,290.7970886230469,0.0,-0.002417906653136015,1,1,1,0,0,0,1,1,0,0,0,0,0,469,0.20000000298023224,0.20000000298023224,0.20000000298023224,0.0,2,0,0,0,0,0,0,0,0,0,0,0,0,0,0,0,0,0,0,0,0,0,0,0,0,0,0,0,0,0,0,0,0,0,0,0,0,0,0,0,0,0,0,0,0,0,0,0,0,0,0,1,0,0,0,0,0,0,0,0,0,0,0,0,0,0,0,0,0,0,0,0,0,0,0,0,0,0,0,0,0,0,0,0,0,0,0,0,0,0,0,0,0,0,0,0,0,0,0,0,0,0,0,0,0,0,0,0,0,0,0,0,0,0,0,0,0,0,0,0,0,0,0,0,0,0,0,0,0,0,0,0,0,0,0,0,0,0,0,0,0,0,0,1,0,0,0,0,0,0,0,0,0,0,0,-1,0,0,0,0,0,0,1,1,0,0,2.636667251586914,-4.921842575073242,0.0,-0.548647940158844,-1.6815581571897805e-44,291.70001220703125,290.7970886230469,314.3956298828125,-0.039635222405195236,99.23947143554688,2668.61181640625,1.0877995491027832,1.1310672760009766,-1.0,0.902923583984375,6.827850029367255e-06,0.036653850227594376,100.0,27.0,0.0,7.799991607666016,3.953639268875122,1.0,1.0,39.825740814208984,0.2658778131008148,20.0,4.7605477448087186e-05,0.0,73.97314453125,1.7323341369628906,1.8179994821548462,0.00036938843550160527,0.6817498207092285,0.5435910820960999,18.22257423400879,8.919408798217773,0.0,0.0,0.0,20.005422592163086,44.898040771484375,277.8558349609375,20.0,0.9421588182449341,293.77532958984375,40.007659912109375,0.29459047317504883,286.0528564453125,286.31805419921875,286.05584716796875,294.904296875,296.54547119140625,294.906005859375,100.0,10.55285930633545,22.0,111.9327163696289,290.47857666015625,291.4317626953125,290.4809265136719,340.3173828125,32.552860260009766,26.294086456298828,111.9327163696289,0.0,0.0,0.0,0.0,77.48578643798828,77.7941665649414,77.39724731445312,63.13153076171875,63.14491271972656,63.12947463989258,28.606653213500977,29.349422454833984,28.475088119506836,98.88336944580078,96.8397445678711,98.71890258789062,36.89999771118164,43.19999694824219,26.099998474121094,282.56005859375,295.5780944824219,280.50482177734375,29.0,0.0,48.0,0.0,0.0,0.0,0.0,0.0,0.0,41.0,78.36749267578125,62.83712387084961,173.18972778320312,33.3300666809082,9.999999974752427e-07,12.24160385131836,0.0,120.85668182373047,0.0,721.2240600585938,40.99496841430664,22.09757423400879,0.0,9.471935272216797,77.74125671386719,1.0,0.9717803001403809,20.0,0.0,60.0,120.0,0.0,120.0,0.0,0.0,0.0,0.0,18.10158348083496,89.194091796875,2.0,200.0,0,0,0,0,0,0,0,0,0,0,0,0,99999,99999,25,402,1800,180,1800,0,0,-7,2,23,0,0,0,806,1424,29,31,32,0,1,0,1,0,1,0,0,1,0,0,0,0,0,1,0,0,0,0,1,0,0,0,1,0,0,0,1,0,0,0,0,0,0,0,0,0,0,0,0,1,0,1,0,0,1,1,0,0,1,1,0,1,0,1,0,1,1,0,0,1,1,0,0,1,0,1,0,0,1,1,0,1,0,0,0,0,1,0,1,0,1,0,0,0,1,0,0,0,0,0,0,1,0,0,1,0,1,0,0,1,1,0,1,0,0,1,0,0,0,1,0,1,1,1,0,0,1,0,0,0,0,0,1,1,1,0,0,0,0,0,0,0,1,0,1,0,1,0,1,0,1,0,0,0,0,0,0,0,0,1,1,1,1,0,1,0,1,1,1,1,1,1,1,0,0,0,0,0,0,1,0,1,1,1,1,1,1,1,1,1,1,1,1,0,0,1,1,0,0,1,1,0,1,1,0,0,1,1,1,0,0,0,0,1,1,1,1,0,0,1,1,1,0,0,1,0,0,1,0,1,1,0,1,1,1,1,1,1,1,1,0,1,0,0,0,0,0,0,0,0,0,0,1,0,0,1,0,0,0,0,0,1,1,1,1,0,0,0,1,0,0,0,0,0,1,0,0,1,0,0,0,0,0,0,0,0,0,0,0,0,1,0,0,0,0,1,0,0,0,1,0,0,0,0,0,0,0,0,0,1,0,0,0,0,0,0,1,0,1,0,1,1,0,0,0,0,0,0,1,0,0,0,0,0,0,1,0,1,0,0,1,0,0,0,0,1,0,0,0,0,0,0,0,0,0,0,0,0,0,0,0,0,0,0,0,0,0,0,0,0,0,0,0,0,0,0,0,0,0,0,0,0,0,0,0,0,0,0,0,0,0,0,0,0,0,0,0,0,0,0,1,0,1,0,0,0,0,0,1,0,0,0,0,0,0,0,0,0,0,0,0,0,0,0,1,0,0,0,0,0,0,0,0,0,0,0,0,0,0,1,0,0,0,0,0,0,0,0,0,0,1,0,0,0,0,0,0,0,0,0,0,0,0,0,0,0,0,0,0,0,0,0,0,0,0,0,0,0,1,0,0,0,0,0,0,1,1,1,0,0,0,0,0,0,-1,0,0,0,0,0,0,0,0,-1,0,0,-1,0,0,0,0,0,0,0,0,0,0,0,0,0,0,0,0,0,0,1,0,0,0,0,0,0,0,0,0,0,0,0,0,0,0,0,1,1,0,-1,-1,-1,1,1,1,0,0,0,0,1,0,0,1,1,0,0,0,0,1,0,0,0,0,0,0,0,0,0,0,0,0,0,0,0,0,0,0,0,0,0,0,0,0,0,0,0,0,0,1,1,0,1,0,1,1,0,1,0,1,1,0,1,0,0,1,0,0,0,0,0,0,0,0,0,0,0,0,0,0,0,0,0,0,0,0,0,0,0,0,0,0
0,1,1,300,228,8,8,228,114,25,1,0,0.0020000000949949026,4000.0,1.0,0.04500000178813934,25.0,48.0,8.0,291.70001220703125,1.7000000476837158,-3.179999907843012e-07,0.007360000163316727,0.008080000057816505,8.0,0.33000001311302185,0.0333000011742115,1.0,9.999999747378752e-06,21.0,9.999999747378752e-06,2775000064.0,9.000000136438757e-05,4.999999980020986e-13,5.0,40.0,3.0,-3.3499999046325684,3.3499999046325684,0.5,0.0004799999878741801,292.3927001953125,492.6077880859375,-0.0036125299520790577,0.002354159951210022,0.0008944629807956517,0.013157900422811508,0.800646185874939,0.02024419978260994,2650129920.0,0.006539999973028898,0,0,0,0,0,0,0,0,0,0,0,0,0,0,0,0,0,0,0,0,0,0,0,0,0,0,0,0,0,0,0,0,0,0,0,0,0,0,0,0,0,0,0,0,0,0,0,0,0,0,0,0,0,1,4,4,0,0,0,0,0,0,0,0,2,0,0.00040210687438957393,287.59600830078125,305.57501220703125,308.218505859375,310.96343994140625,313.63592529296875,318.0677795410156,319.558837890625,320.59625244140625,320.9945068359375,320.82208251953125,320.1439514160156,319.01153564453125,317.6029357910156,316.0689697265625,314.56036376953125,313.19525146484375,311.9722900390625,310.8420715332031,309.7546081542969,308.66851806640625,307.5679016113281,306.45574951171875,305.3368225097656,304.2159423828125,303.0978088378906,0.026217371225357056,0.03447648510336876,0.771565854549408,-0.039510682225227356,0.7564829587936401,0.8394249677658081,2729.996337890625,9.140823067355086e-07,0.19250927865505219,0.018306804820895195,0.025119049474596977,0.025525838136672974,0.019702855497598648,1.0,-1.6815581571897805e-44,-4.943019866943359,0.0,99.23779296875,2668.7626953125,0.9448404908180237,313.2836608886719,0.0,0.0,0.0,2.4000003337860107,0.0,291.70001220703125,280663.84375,-0.5483978390693665,6.2599029541015625,130.28829956054688,10.0,7750000.0,8160000.0,86.12000274658203,119.0999984741211,0.5,9.999999747378752e-05,0.0,3.299999952316284,200.0,0.30000001192092896,309.20001220703125,2.439019908706541e-06,0,0,0,1,1,1,0,24,0,290.0936279296875,0.0,0.0,0.0,0.0,0.0,0.0,0.9595012664794922,0.8669831156730652,0.5258941650390625,0.21680355072021484,0.04434050992131233,0.04220925644040108,0.28319644927978516,0.2916472554206848,0.28451472520828247,1.0,25.0,24.0,6145129.0,6146647.0,6145331.0,285.38787841796875,285.647705078125,285.38409423828125,294.16650390625,295.810791015625,294.1646728515625,4400000.0,289.7771911621094,290.729248046875,289.7743835449219,8.77862548828125,10.1630859375,8.78057861328125,292.98077392578125,4544.0126953125,4455.998046875,4551.56396484375,11.104182243347168,11.157978057861328,11.117036819458008,25.28045654296875,0.0,0.0,0.0020000000949949026,285.4732360839844,294.7139892578125,-139.0817413330078,0.9185224771499634,0.9456654787063599,0.9228105545043945,262.1966857910156,39.0,40.0,42.0,41.0,0.0,0.0,6131513.0,6102730.5,57.56058883666992,5.0,0.014999999664723873,-180000.0,600.0,1000000.0,400000.0,0.17000000178813934,22000.0,786000.0,120000.0,0.0,40.0,30.0,36.810001373291016,0.5,18.399999618530273,50000.0,115692.3984375,15.113750457763672,0,0,1,0,0,0,0,10865065.0,0.0,0.0,0.0,0.0,0.0,-4509175.0,400000.0,1000000.0,1.0,1400000.0,0.0,0.3209441602230072,10890825.0,126869.6328125,10865065.0,340.31793212890625,40.007659912109375,3.1943016052246094,-4509175.0,0.0,0.0,0.0,2.598662853240967,40.007659912109375,0.0,22230.939453125,1.2010046243667603,0.0,0.0,0.0,20.0,14.711517333984375,22.0,0.0,0.0,0.0,0.05000000074505806,0.02500000037252903,0.17000000178813934,15400000.0,0.5,6.25,0.0006667000125162303,2.0,2410000.0,4140000.0,4.734799861907959,0.15000000596046448,0.20000000298023224,0.2199999988079071,1.0,0.0,-1.0,0.0,5.0,20.0,30.0,50.0,74.0,80.0,86.0,9.800000190734863,500000.0,1.0499999802959792e-07,0.5,750.0,1000.0,600.0,1000.0,1150.0,32.0,32.0,37.400001525878906,10.0,10.0,0.007000000216066837,0.5049999952316284,82.0,189.26499938964844,0.0,1.5099999904632568,231.60000610351562,20.0,36.0,16.600000381469727,16.5,225.0,-0.1756729930639267,27.5,-0.1756729930639267,30.485509872436523,0.1561516970396042,11.10221004486084,-1.8332500457763672,-75.0,4.3520002365112305,13.857000350952148,189.26499938964844,93.30000305175781,2650000.0,0.8500000238418579,7.570000171661377,1,1,1,0,0,0,0,0,0,0,0,1,3,3,0,0,1,0,0,0,0,1,0,1,1,0,0,0,1,1,1,0,0,0,0,0,0,0,0,1,0,0,0,1,0,0,1,0,0,1,12.05141544342041,29051.265625,2153.571044921875,0.00041483284439891577,0.0004361289902590215,0.0006248649442568421,0.0,0.0,0.0,0.0,0.0,0.0,0.5761411786079407,1.0,0.0,0.0,1.0,1.0,0.0,0.0,1.0,1.0,0.0,1.0,0.0,0.0,1.0,0.0,0.0,0.39844709634780884,0.5084047317504883,0.0006248649442568421,0.0,0.0006232599844224751,0.0,99998.78125,99999.0,1757151.75,2410000.0,36.20000076293945,36.20000076293945,36.20000076293945,32.48027420043945,277.35235595703125,20.0,20.002775192260742,24.02428436279297,27.0,27.0,25.81422996520996,27.0,31.917808532714844,32.0,20.0,68.57752227783203,3446460.25,0.5435910820960999,7.559999942779541,0.0,8.919408798217773,0.0,0.0,38.832672119140625,1.401298464324817e-45,0.0,0.0,0.5049998760223389,0.5049998760223389,0.5049998760223389,0.18937495350837708,0.18937495350837708,0.18937495350837708,0.0,12.94421100616455,12.94421100616455,12.94421100616455,0.0,0.0,9.074999809265137,0.0,0.0,0.0,0.0,0.0,0.0,100.0,73.97314453125,0.2199999988079071,0.0,20.0,38.832672119140625,0.0,0.0,0.0,0.0,0.0,0.007000000216066837,0.0,0.0,9.074999809265137,0.0,1.7323341369628906,0.0,0.946874737739563,0.0,0.0,0.0,0.0,0.0,0.0,20.0,0.0,0.0,10566542.0,0.0,0.0,0.0,0.0,0.0,0.0,0.0,0.351500004529953,18.93000030517578,23.030000686645508,7.69199959904654e-06,0.08500000089406967,0.009999999776482582,24.0,27.0,8.800000190734863,500000.0,0.05000000074505806,2.7000000013543968e-09,2.7000000013543968e-09,145100.0,120000.0,14650000.0,86400.0,17.0,34.5,48.70000076293945,321.8999938964844,83170.0,0.0,1.0,1.0,0.0010000000474974513,725.0,0.0,0.5,0.0,0.0,57.31999969482422,837142.875,9359.77734375,117376.1015625,2623.89794921875,83026.390625,725.0,1.0204100362898316e-05,740000000.0,1,0,1,0,1,1,0,0,1,0,0,8.799991607666016,27.0,4799.8916015625,0.0,0.0,0.0,0.0,1.9283552169799805,0.00040173809975385666,0.0,0.03692076355218887,39.83566665649414,1.0,26059.234375,9049.7626953125,4.795220957021229e-05,182076752.0,1007092864.0,1077940480.0,2374673408.0,-17.93578338623047,-824.3729248046875,-796538560.0,-1367580288.0,39.779510498046875,28.474903106689453,57.715293884277344,852.8478393554688,106381.3984375,4214.494140625,147286.734375,167309.796875,124059.234375,64.60015869140625,39.83566665649414,39.83566665649414,1.0,4.795220957021229e-05,9049.7626953125,871777697792.0,0.20191608369350433,137600.0,137600.0,73296440.0,57.715293884277344,6669.33203125,1.0,0.0,1700.0,250000.0,10000.0,1038.0,0.004999999888241291,400.0,5000.0,0,0,0,0,2959622.5,53.622344970703125,53.622344970703125,1216415.25,2784494.75,0.0,0.0,126127.015625,3.669590950012207,6116375.5,0.0,0.0,1.0,1.0,3.669590950012207,275.3855285644531,105.50558471679688,0.0,5957889.0,437559.125,105.50558471679688,1.0,1.0,1.0,0.0,528.9832153320312,0.0,527.794677734375,1.0,0.0,7680000.0,279.2528991699219,294.22979736328125,281.2542419433594,0.9492496252059937,2784494.75,335.68609619140625,107.24468994140625,1.9492496252059937,0.0,276.6241455078125,1.0,0.0,-7.5742998123168945,0.0,0.0,9.999999974752427e-07,0.0,2.0,0.0003000000142492354,0.004999999888241291,0.0010000000474974513,2.0000000233721948e-07,2.0000000233721948e-07,0.0005555999814532697,993000000.0,1.0,0.05000000074505806,0.10000000149011612,0.0005000000237487257,0.0016700000269338489,0.009999999776482582,1.0,1.0,0.0010000000474974513,4.999999873689376e-05,0.00039999998989515007,0.019999999552965164,0.9891999959945679,0.9891999959945679,0.9950000047683716,0.9950000047683716,1,0,0,0,1,1,0,0,0,0,0,0,0,0,-0.007456977851688862,-7404779.0,5000.0546875,126127.015625,0.0,2546223.0,0.0,1.0,2569281.25,0.0,0.0,60.0,180.0,1800.0,1800.0,0.0,0.0,0.0,0.0,-0.012236599810421467,0.0,0.0,0.0,0.0,0.0,0.0,0.0,0.0,0.0,0.0,0.0,6.602997746085748e-05,0.0,7.006492321624085e-44,1,1,0,1,1,1,1,1,1,1,1,0,1,0,1,1,1,1,0,1,0,1000,9,0,1,5001,49,0.0,0.0,120.0,120.0,0.0,0.0,0.4000000059604645,0.10000000149011612,0.10000000149011612,2.0,500.0,200.0,0.9900000095367432,300000.0,5000.0,45000.0,20000.0,0.019999999552965164,2.0,0.05000000074505806,0.019999999552965164,6.0,0.05000000074505806,0.019999999552965164,0.019999999552965164,88.30000305175781,0.10000000149011612,0.800000011920929,0.05000000074505806,0.009999999776482582,50.0,50.0,340.0,340.0,1000000.0,1,0,0,0,1,1,1,1,1,1,0,0,0,1,1,0,1.0,0.0,0.0,0.0,28.462779998779297,0.0,0.0,0.0,0.9172562956809998,0.9172562956809998,0.9172562956809998,5000.0537109375,4023918.0,4028918.0,50.0,27.614356994628906,0.4000000059604645,0.0,0.0,0.10000000149011612,0.15928061306476593,0.4925430119037628,22164.435546875,20.0,29.202341079711914,777413.6875,21.997882843017578,2928.048095703125,721.2240600585938,0.7774136662483215,0.9163029789924622,9.471895217895508,1.0,3220444.5,3304035.0,9.71774959564209,20.0,0.2768494188785553,27.6849422454834,0.0,636.4223022460938,579.0009155273438,100000.0,50000.0,1115.300048828125,50000.0,700.0,2000.0,2800000.0,3500000.0,4000000.0,9.999999747378752e-05,4.999999873689376e-05,500.0,20000.0,100.0,500.0,60000.0,1200.0,1.0,120.0,150000.0,3000.0,300.0,1.0,300.0,0.019999999552965164,0.019999999552965164,0.009999999776482582,0.009999999776482582,0.009999999776482582,0.019999999552965164,1.100000023841858,0.019999999552965164,4.0,0.019999999552965164,88.0,1613.0,0.009999999776482582,0.20000000298023224,3.0,5.0,600.0,0.0010000000474974513,88.0,88.0,2000.0,2340.0,-0.11599799990653992,-0.03561130166053772,-0.04758000001311302,-0.01752999983727932,1,0,1,0,0,1,1,374.9242858886719,374.9242858886719,1.5057373046875,1.5057373046875,0.00225977529771626,21.997882843017578,164.0782012939453,265.01910400390625,813.3160400390625,131.97950744628906,131.97950744628906,0.5300445556640625,0.5300445556640625,318.0359802246094,201.8679962158203,0.0,0.0,2663660.25,20.00048065185547,20.00048065185547,106.75872802734375,106.75872802734375,64651.7421875,64651.7421875,1.0775290727615356,1.0775290727615356,1.8347954750061035,1.8347954750061035,22.18996810913086,22.18996810913086,92845.0546875,92845.0546875,22.191246032714844,119.19635009765625,128.12159729003906,2645185.5,20.00048065185547,20.00048065185547,166.9288330078125,166.9288330078125,138.84991455078125,138.84991455078125,580962.0,580962.0,0.0,93.0348892211914,93.0348892211914,186.07203674316406,157949.234375,157949.234375,1.0529948472976685,1.0529948472976685,172.41636657714844,138.84991455078125,0.0,0.0,0.0,158.9845428466797,158.9845428466797,317.9690856933594,0.0,0.0,0.0,0.0,0.0,158.9845428466797,158.9845428466797,0.026315800845623016,0.0,0.20000000298023224,0.0,0.0,0.0,0.0,0.0,0.0,0.9599996209144592,1.0,1.0,1.0,0.9999998211860657,0.9999998211860657,0.9999998211860657,190824.578125,193233.953125,0.0,14.750001907348633,0.0,14.750001907348633,7.25,12.0,10.25,296.3810119628906,297.7510070800781,29.5,68232.2109375,6933541.5,12224996.0,0.0,0.0,0.0,0.10295393317937851,0.10295393317937851,0.10295393317937851,0.6427281498908997,409855.53125,0.9959999918937683,0.9959999918937683,0.9959999918937683,0.9959999918937683,0.0,3514354.0,4771202.0,1134887.625,2606300.0,3646399.0,0.004023917950689793,0.008057835511863232,752.8600463867188,7.25,12.0,10.25,0.0,0.0,0.0,0.0,0.0,0.0,265.0213623046875,752.8721313476562,310.2693176269531,310.2693176269531,310.2693176269531,268.10919189453125,268.10919189453125,268.10919189453125,2.993582248687744,0.0,0.7689813375473022,2.9934659004211426,5.0,0.0040000081062316895,0.0040000081062316895,0.0040000081062316895,0.0040000081062316895,0.0,-0.4368000030517578,0.0,598716.4375,164.0782012939453,164.0782012939453,0.0,20.0,2784300.25,7.25,12.0,10.25,20.0,20.0,20.0,0.0,0.0,0.7926306128501892,0.9211652278900146,10000.0,10000.0,0.011826000176370144,1038.5,0.027953999117016792,0.0,0.0,1.0878000259399414,1.0809999704360962,9.000000136438757e-05,103.0,33.220001220703125,1.8179999589920044,0.029999999329447746,49.0,8.329999923706055,4.159999847412109,58.0,302.0,4.5,0.699999988079071,0.4000000059604645,7.5,1.3799999952316284,2.492000102996826,7000.0,48.88999938964844,1.2000000476837158,45.0,62000.0,4590000.0,4250000.0,15900000.0,15100000.0,0.05000000074505806,0.17000000178813934,0.009999999776482582,15220000.0,1.6699999570846558,312.7799987792969,1.1100000143051147,4232.0,0.25,689000.0,4030000.0,9.829999923706055,8.550000190734863,12200000.0,231.10000610351562,88.3239974975586,633.0,1.1430000066757202,0.6858000159263611,-10.0,-3.7799999713897705,0.7799999713897705,295.5,4030000.0,12400000.0,0.9200000166893005,5.0,1,0,1,228,0,0,0,0,0,1,1,1,1,1,0,0,1,1,0,0,0,0,1,0,0,0,0,1,0,0,0,0,0,0,0,0,1,0,1,8,0,0,1,0,0.025119049474596977,6145129.0,1.0877995491027832,0.0,1.1370179653167725,290.2698669433594,0.0,-0.002249412704259157,1,1,1,0,0,0,1,1,0,0,0,0,0,472,0.20000000298023224,0.20000000298023224,0.20000000298023224,0.0,2,0,0,0,0,0,0,0,0,0,0,0,0,0,0,0,0,0,0,0,0,0,0,0,0,0,0,0,0,0,0,0,0,0,0,0,0,0,0,0,0,0,0,0,0,0,0,0,0,0,0,1,0,0,0,0,0,0,0,0,0,0,0,0,0,0,0,0,0,0,0,0,0,0,0,0,0,0,0,0,0,0,0,0,0,0,0,0,0,0,0,0,0,0,0,0,0,0,0,0,0,0,0,0,0,0,0,0,0,0,0,0,0,0,0,0,0,0,0,0,0,0,0,0,0,0,0,0,0,0,0,0,0,0,0,0,0,0,0,0,0,0,0,1,0,0,0,0,0,0,0,0,0,0,0,-1,0,0,0,0,0,0,1,1,0,0,2.5119049549102783,-4.943019866943359,0.0,-0.5483978390693665,-1.6815581571897805e-44,291.70001220703125,290.2698669433594,313.2836608886719,-0.039510682225227356,99.23779296875,2668.7626953125,1.0877995491027832,1.1370179653167725,-1.0,1.430145263671875,6.827850029367255e-06,0.03692076355218887,100.0,27.0,0.0,7.799991607666016,3.956637144088745,1.0,1.0,39.83566665649414,0.2659110426902771,20.0,4.795220957021229e-05,0.0,73.97314453125,1.7323341369628906,1.8179994821548462,0.00036938843550160527,0.6817498207092285,0.5435910820960999,17.930152893066406,8.919408798217773,0.0,0.0,0.0,20.002775192260742,44.898040771484375,277.35235595703125,20.0,0.9415439963340759,293.18072509765625,40.007659912109375,0.29459047317504883,285.54876708984375,285.812744140625,285.5523681640625,294.35272216796875,295.99798583984375,294.35455322265625,100.0,10.094415664672852,22.0,111.13107299804688,289.95074462890625,290.9053649902344,289.9534606933594,340.31768798828125,32.094417572021484,26.062957763671875,111.13107299804688,0.0,0.0,0.0,0.0,77.3544921875,77.64514923095703,77.26533508300781,62.70757293701172,62.721004486083984,62.70551300048828,28.451473236083984,29.16472625732422,28.319644927978516,98.9349365234375,96.86515808105469,98.77059173583984,36.89999771118164,43.19999694824219,26.099998474121094,281.6034851074219,294.5657653808594,279.57830810546875,29.0,0.0,48.0,0.0,0.0,0.0,0.0,0.0,0.0,41.0,78.36749267578125,62.412109375,172.41636657714844,33.10282897949219,9.999999974752427e-07,11.580507278442383,0.0,119.19635009765625,0.0,721.2240600585938,41.11148452758789,21.997882843017578,0.0,9.471895217895508,77.74136352539062,1.0,0.9717749357223511,20.0,0.0,60.0,120.0,0.0,120.0,0.0,0.0,0.0,0.0,18.10158348083496,89.194091796875,2.0,200.0,0,0,0,0,0,0,0,0,0,0,0,0,99999,99999,25,402,1800,180,1800,0,0,-7,2,23,0,0,0,806,1424,29,31,32,0,1,0,1,0,1,0,0,1,0,0,0,0,0,1,0,0,0,0,1,0,0,0,1,0,0,0,1,0,0,0,0,0,0,0,0,0,0,0,0,1,0,1,0,0,1,1,0,0,1,1,0,1,0,1,0,1,1,0,0,1,1,0,0,1,0,1,0,0,1,1,0,1,0,0,0,0,1,0,1,0,1,0,0,0,1,0,0,0,0,0,0,1,0,0,1,0,1,0,0,1,1,0,1,0,0,1,0,0,0,1,0,1,1,1,0,0,1,0,0,0,0,0,1,1,1,0,0,0,0,0,0,0,1,0,1,0,1,0,1,0,1,0,0,0,0,0,0,0,0,1,1,1,1,0,1,0,1,1,1,1,1,1,1,0,0,0,0,0,0,1,0,1,1,1,1,1,1,1,1,1,1,1,1,0,0,1,1,0,0,1,1,0,1,1,0,0,1,1,1,0,0,0,0,1,1,1,1,0,0,1,1,1,0,0,1,0,0,1,0,1,1,0,1,1,1,1,1,1,1,1,0,1,0,0,0,0,0,0,0,0,0,0,1,0,0,1,0,0,0,0,0,0,1,1,0,0,0,0,1,0,0,0,0,0,1,0,0,1,0,0,0,0,0,0,0,0,0,0,0,0,0,0,0,0,0,0,0,0,0,0,0,0,0,0,0,0,0,0,0,1,0,0,0,0,0,0,1,0,1,0,1,0,0,0,0,0,0,0,1,0,0,0,0,0,0,0,0,1,0,0,1,0,0,0,0,1,0,0,0,0,0,0,0,0,0,0,0,0,0,0,0,0,0,0,0,0,0,0,0,0,0,0,0,0,0,0,0,0,0,0,0,0,0,0,0,0,0,0,0,0,0,0,0,0,0,0,0,0,0,0,1,0,1,0,0,0,0,0,1,0,0,0,0,0,0,0,0,0,0,0,0,0,0,0,1,0,0,0,0,0,0,0,0,0,0,0,0,0,0,1,0,0,0,0,0,0,0,0,0,0,1,0,0,0,0,0,0,0,0,0,0,0,0,0,0,0,0,0,0,0,0,0,0,0,0,0,0,0,1,0,0,0,0,0,0,1,1,1,0,0,0,0,0,0,-1,0,0,0,0,0,0,0,0,-1,0,0,-1,0,0,0,0,0,0,0,0,0,0,0,0,0,0,0,0,0,0,1,0,0,0,0,0,0,0,0,0,0,0,0,0,0,0,0,1,1,0,-1,-1,-1,1,1,1,0,0,0,0,1,0,0,1,1,0,0,0,0,1,0,0,0,0,0,0,0,0,0,0,0,0,0,0,0,0,0,0,0,0,0,0,0,0,0,0,0,0,0,1,1,0,1,0,1,1,0,1,0,1,1,0,1,0,0,1,0,0,0,0,0,0,0,0,0,0,0,0,0,0,0,0,0,0,0,0,0,0,0,0,0,0
0,1,1,300,228,8,8,228,114,25,1,0,0.0020000000949949026,4000.0,1.0,0.04500000178813934,25.0,48.0,8.0,291.70001220703125,1.7000000476837158,-3.179999907843012e-07,0.007360000163316727,0.008080000057816505,8.0,0.33000001311302185,0.0333000011742115,1.0,9.999999747378752e-06,21.0,9.999999747378752e-06,2775000064.0,9.000000136438757e-05,4.999999980020986e-13,5.0,40.0,3.0,-3.3499999046325684,3.3499999046325684,0.5,0.0004799999878741801,292.3927001953125,492.6077880859375,-0.0036125299520790577,0.002354159951210022,0.0008944629807956517,0.013157900422811508,0.800646185874939,0.02024419978260994,2650129920.0,0.006539999973028898,0,0,0,0,0,0,0,0,0,0,0,0,0,0,0,0,0,0,0,0,0,0,0,0,0,0,0,0,0,0,0,0,0,0,0,0,0,0,0,0,0,0,0,0,0,0,0,0,0,0,0,0,0,1,4,4,0,0,0,0,0,0,0,0,2,0,0.00040221176459454,287.0563659667969,304.57867431640625,307.1405944824219,309.7998962402344,312.38958740234375,316.6920166015625,318.14739990234375,319.1678466796875,319.5741271972656,319.4318542480469,318.803466796875,317.74151611328125,316.412353515625,314.9598388671875,313.5278015136719,312.2395324707031,311.08160400390625,310.0030822753906,308.953369140625,307.8929138183594,306.8067321777344,305.7005920410156,304.58270263671875,303.4613952636719,302.34490966796875,0.026717443019151688,0.03362416476011276,0.7715528011322021,-0.039390772581100464,0.7565144300460815,0.8351889848709106,2609.84033203125,8.739089025766589e-07,0.18886378407478333,0.017504114657640457,0.023949570953845978,0.024331195279955864,0.01976991817355156,1.0,-1.6815581571897805e-44,-4.963836669921875,0.0,99.23611450195312,2668.9130859375,0.9448798298835754,312.2012634277344,0.0,0.0,0.0,3.000000476837158,0.0,291.70001220703125,280664.40625,-0.5481318831443787,6.25581169128418,130.28829956054688,10.0,7750000.0,8160000.0,86.12000274658203,119.0999984741211,0.5,9.999999747378752e-05,0.0,3.299999952316284,200.0,0.30000001192092896,309.20001220703125,2.439019908706541e-06,0,0,0,1,1,1,0,24,0,289.5641784667969,0.0,0.0,0.0,0.0,0.0,0.0,0.9634701609611511,0.8669654130935669,0.5262429118156433,0.2186136245727539,0.0464986190199852,0.04428566247224808,0.2813863754272461,0.2895401120185852,0.2827099561691284,1.0,25.0,24.0,6104589.5,6106114.5,6104789.0,284.9031982421875,285.16094970703125,284.8988037109375,293.5928955078125,295.238037109375,293.59112548828125,4400000.0,289.248046875,290.1994934082031,289.2449645996094,8.689697265625,10.07708740234375,8.69232177734375,292.37908935546875,4546.123046875,4457.07373046875,4553.66552734375,11.082710266113281,11.134047508239746,11.095687866210938,25.386138916015625,0.0,0.0,0.0020000000949949026,284.9876403808594,294.14068603515625,-136.98834228515625,0.9123595952987671,0.9385373592376709,0.9166685342788696,263.28558349609375,39.0,40.0,42.0,41.0,0.0,0.0,6091266.5,6062398.5,57.377357482910156,5.0,0.014999999664723873,-180000.0,600.0,1000000.0,400000.0,0.17000000178813934,22000.0,786000.0,120000.0,0.0,40.0,30.0,36.810001373291016,0.5,18.399999618530273,50000.0,115692.3984375,15.113750457763672,0,0,1,0,0,0,0,10789105.0,0.0,0.0,0.0,0.0,0.0,-4585800.0,400000.0,1000000.0,1.0,1400000.0,0.0,0.31642457842826843,10814200.0,126869.6328125,10789105.0,340.31829833984375,40.007659912109375,3.1493356227874756,-4585800.0,0.0,0.0,0.0,2.5759928226470947,40.007659912109375,0.0,22230.939453125,1.2010046243667603,0.0,0.0,0.0,20.0,14.711517333984375,22.0,0.0,0.0,0.0,0.05000000074505806,0.02500000037252903,0.17000000178813934,15400000.0,0.5,6.25,0.0006667000125162303,2.0,2410000.0,4140000.0,4.734799861907959,0.15000000596046448,0.20000000298023224,0.2199999988079071,1.0,0.0,-1.0,0.0,5.0,20.0,30.0,50.0,74.0,80.0,86.0,9.800000190734863,500000.0,1.0499999802959792e-07,0.5,750.0,1000.0,600.0,1000.0,1150.0,32.0,32.0,37.400001525878906,10.0,10.0,0.007000000216066837,0.5049999952316284,82.0,189.26499938964844,0.0,1.5099999904632568,231.60000610351562,20.0,36.0,16.600000381469727,16.5,225.0,-0.1756729930639267,27.5,-0.1756729930639267,30.485509872436523,0.1561516970396042,11.10221004486084,-1.8332500457763672,-75.0,4.3520002365112305,13.857000350952148,189.26499938964844,93.30000305175781,2650000.0,0.8500000238418579,7.570000171661377,1,1,1,0,0,0,0,0,0,0,0,1,3,3,0,0,1,0,0,0,0,1,0,1,1,0,0,0,1,1,1,0,0,0,0,0,0,0,0,1,0,0,0,1,0,0,1,0,0,1,12.05141544342041,29051.265625,2153.556396484375,0.00041483284439891577,0.0004361289902590215,0.0006248649442568421,0.0,0.0,0.0,0.0,0.0,0.0,0.573790967464447,1.0,0.0,0.0,1.0,1.0,0.0,0.0,1.0,1.0,0.0,1.0,0.0,0.0,1.0,0.0,0.0,0.39205315709114075,0.5002462863922119,0.0006248649442568421,0.0,0.0006232798914425075,0.0,99998.78125,99999.0,1728954.375,2410000.0,36.20000076293945,36.20000076293945,36.20000076293945,32.475032806396484,276.86334228515625,20.0,20.001420974731445,24.02388572692871,27.0,27.0,25.814071655273438,27.0,31.918827056884766,32.0,20.0,68.57752227783203,3446437.0,0.5435910820960999,7.559999942779541,0.0,8.919408798217773,0.0,0.0,39.321353912353516,1.401298464324817e-45,0.0,0.0,0.5049998760223389,0.5049998760223389,0.5049998760223389,0.18937495350837708,0.18937495350837708,0.18937495350837708,0.0,13.107104301452637,13.107104301452637,13.107104301452637,0.0,0.0,9.074999809265137,0.0,0.0,0.0,0.0,0.0,0.0,100.0,73.97314453125,0.2199999988079071,0.0,20.0,39.321353912353516,0.0,0.0,0.0,0.0,0.0,0.007000000216066837,0.0,0.0,9.074999809265137,0.0,1.7323341369628906,0.0,0.946874737739563,0.0,0.0,0.0,0.0,0.0,0.0,20.0,0.0,0.0,10490776.0,0.0,0.0,0.0,0.0,0.0,0.0,0.0,0.351500004529953,18.93000030517578,23.030000686645508,7.69199959904654e-06,0.08500000089406967,0.009999999776482582,24.0,27.0,8.800000190734863,500000.0,0.05000000074505806,2.7000000013543968e-09,2.7000000013543968e-09,145100.0,120000.0,14650000.0,86400.0,17.0,34.5,48.70000076293945,321.8999938964844,83170.0,0.0,1.0,1.0,0.0010000000474974513,725.0,0.0,0.5,0.0,0.0,57.31999969482422,837142.875,9359.77734375,117376.1015625,2623.89794921875,83026.390625,725.0,1.0204100362898316e-05,740000000.0,1,0,1,0,1,1,0,0,1,0,0,8.799991607666016,27.0,4834.48388671875,0.0,0.0,0.0,0.0,1.9422650337219238,0.0004017400206066668,0.0,0.03718684986233711,39.84521484375,1.0,26062.3515625,9111.8271484375,4.82978684885893e-05,179095152.0,998060544.0,1068524416.0,2364564992.0,-17.261173248291016,-820.66259765625,-791370432.0,-1366504448.0,40.2681884765625,28.474903106689453,57.529361724853516,849.1375732421875,106381.3984375,4216.51708984375,147319.3125,167349.90625,124062.3515625,65.20014953613281,39.84521484375,39.84521484375,1.0,4.82978684885893e-05,9111.8271484375,868642324480.0,0.20196226239204407,137600.0,137600.0,72912760.0,57.529361724853516,6672.38232421875,1.0,0.0,1700.0,250000.0,10000.0,1038.0,0.004999999888241291,400.0,5000.0,0,0,0,0,2959622.5,53.30125427246094,53.30125427246094,1216415.25,2784752.25,0.0,0.0,122884.984375,3.047903537750244,6075746.5,0.0,0.0,1.0,1.0,3.047903537750244,275.3855285644531,104.75984191894531,0.0,5957889.0,434375.71875,104.75984191894531,1.0,1.0,1.0,0.0,525.4468994140625,0.0,524.2858276367188,1.0,0.0,7680000.0,278.1769104003906,293.1145935058594,280.13507080078125,0.95509934425354,2784752.25,335.4153137207031,106.60250854492188,1.95509934425354,0.0,276.189453125,1.0,0.0,-7.5742998123168945,0.0,0.0,9.999999974752427e-07,0.0,2.0,0.0003000000142492354,0.004999999888241291,0.0010000000474974513,2.0000000233721948e-07,2.0000000233721948e-07,0.0005555999814532697,993000000.0,1.0,0.05000000074505806,0.10000000149011612,0.0005000000237487257,0.0016700000269338489,0.009999999776482582,1.0,1.0,0.0010000000474974513,4.999999873689376e-05,0.00039999998989515007,0.019999999552965164,0.9891999959945679,0.9891999959945679,0.9950000047683716,0.9950000047683716,1,0,0,0,1,1,0,0,0,0,0,0,0,0,-0.007456977851688862,-7404779.0,5000.0517578125,122884.984375,0.0,2546223.0,0.0,1.0,2569281.25,0.0,0.0,60.0,180.0,1800.0,1800.0,0.0,0.0,0.0,0.0,-0.012236599810421467,0.0,0.0,0.0,0.0,0.0,0.0,0.0,0.0,0.0,0.0,0.0,6.602997746085748e-05,0.0,7.006492321624085e-44,1,1,0,1,1,1,1,1,1,1,1,0,1,0,1,1,1,1,0,1,0,1000,10,0,1,5001,52,0.0,0.0,120.0,120.0,0.0,0.0,0.4000000059604645,0.10000000149011612,0.10000000149011612,2.0,500.0,200.0,0.9900000095367432,300000.0,5000.0,45000.0,20000.0,0.019999999552965164,2.0,0.05000000074505806,0.019999999552965164,6.0,0.05000000074505806,0.019999999552965164,0.019999999552965164,88.30000305175781,0.10000000149011612,0.800000011920929,0.05000000074505806,0.009999999776482582,50.0,50.0,340.0,340.0,1000000.0,1,0,0,0,1,1,1,1,1,1,0,0,0,1,1,0,1.0,0.0,0.0,0.0,28.610088348388672,0.0,0.0,0.0,0.9171670079231262,0.9171670079231262,0.9171670079231262,5000.05078125,4035768.25,4040768.25,50.0,27.614316940307617,0.4000000059604645,0.0,0.0,0.10000000149011612,0.15822257101535797,0.4925430119037628,22164.435546875,20.0,29.202341079711914,777422.0625,21.904495239257812,2913.479248046875,721.22412109375,0.7774220705032349,0.9161112904548645,9.471855163574219,1.0,3220431.0,3304017.0,9.717697143554688,20.0,0.27689599990844727,27.689599990844727,0.0,636.4223022460938,600.585205078125,100000.0,50000.0,1115.300048828125,50000.0,700.0,2000.0,2800000.0,3500000.0,4000000.0,9.999999747378752e-05,4.999999873689376e-05,500.0,20000.0,100.0,500.0,60000.0,1200.0,1.0,120.0,150000.0,3000.0,300.0,1.0,300.0,0.019999999552965164,0.019999999552965164,0.009999999776482582,0.009999999776482582,0.009999999776482582,0.019999999552965164,1.100000023841858,0.019999999552965164,4.0,0.019999999552965164,88.0,1613.0,0.009999999776482582,0.20000000298023224,3.0,5.0,600.0,0.0010000000474974513,88.0,88.0,2000.0,2340.0,-0.11599799990653992,-0.03561130166053772,-0.04758000001311302,-0.01752999983727932,1,0,1,0,0,1,1,366.18408203125,366.18408203125,1.470611572265625,1.470611572265625,0.002137820702046156,21.904495239257812,164.06973266601562,251.16868591308594,795.2262573242188,125.0820083618164,125.0820083618164,0.5023345947265625,0.5023345947265625,301.0624084472656,184.13720703125,0.0,0.0,2663660.25,20.00048065185547,20.00048065185547,105.94786071777344,105.94786071777344,64597.1796875,64597.1796875,1.0766196250915527,1.0766196250915527,1.523951768875122,1.523951768875122,21.841337203979492,21.841337203979492,91386.3515625,91386.3515625,21.84254264831543,117.63163757324219,126.36334228515625,2645434.25,20.00048065185547,20.00048065185547,166.68240356445312,166.68240356445312,137.25018310546875,137.25018310546875,574268.5625,574268.5625,0.0,91.94355010986328,91.94355010986328,183.8892364501953,157886.140625,157886.140625,1.0525742769241333,1.0525742769241333,171.7022247314453,137.25018310546875,0.0,0.0,0.0,157.7228240966797,157.7228240966797,315.4456481933594,0.0,0.0,0.0,0.0,0.0,157.7228240966797,157.7228240966797,0.026315800845623016,0.0,0.20000000298023224,0.0,0.0,0.0,0.0,0.0,0.0,0.9599996209144592,1.0,1.0,1.0,0.9999998211860657,0.9999998211860657,0.9999998211860657,190824.1875,193233.4375,0.0,14.750001907348633,0.0,14.750001907348633,7.25,12.0,10.25,296.3810119628906,297.7510070800781,29.5,43680.359375,7033614.5,12224996.0,0.0,0.0,0.0,0.09108704328536987,0.09108704328536987,0.09108704328536987,0.6834559440612793,393564.8125,0.9959999918937683,0.9959999918937683,0.9959999918937683,0.9959999918937683,57678.6953125,3537596.5,4676765.5,1073910.375,2606300.0,3640928.5,0.0040357680991292,0.008081535808742046,735.3093872070312,7.25,12.0,10.25,0.0,0.0,0.0,0.0,0.0,0.0,251.1708221435547,735.3214721679688,306.4115905761719,306.4115905761719,306.4115905761719,85.2315673828125,85.2315673828125,85.2315673828125,2.9939608573913574,0.0,0.7652044296264648,2.9938297271728516,5.0,0.0040000081062316895,0.0040000081062316895,0.0040000081062316895,0.0040000081062316895,0.0,-0.4368000030517578,0.0,598792.1875,164.06973266601562,164.06973266601562,0.0,20.0,2784563.5,7.25,12.0,10.25,20.0,20.0,20.0,0.0,0.0,0.7926306128501892,0.9211652278900146,10000.0,10000.0,0.011826000176370144,1038.5,0.027953999117016792,0.0,0.0,1.0878000259399414,1.0809999704360962,9.000000136438757e-05,103.0,33.220001220703125,1.8179999589920044,0.029999999329447746,49.0,8.329999923706055,4.159999847412109,58.0,302.0,4.5,0.699999988079071,0.4000000059604645,7.5,1.3799999952316284,2.492000102996826,7000.0,48.88999938964844,1.2000000476837158,45.0,62000.0,4590000.0,4250000.0,15900000.0,15100000.0,0.05000000074505806,0.17000000178813934,0.009999999776482582,15220000.0,1.6699999570846558,312.7799987792969,1.1100000143051147,4232.0,0.25,689000.0,4030000.0,9.829999923706055,8.550000190734863,12200000.0,231.10000610351562,88.3239974975586,633.0,1.1430000066757202,0.6858000159263611,-10.0,-3.7799999713897705,0.7799999713897705,295.5,4030000.0,12400000.0,0.9200000166893005,5.0,1,0,1,228,0,0,0,0,0,1,1,1,1,1,0,0,1,1,0,0,0,0,1,0,0,0,0,1,0,0,0,0,0,0,0,0,1,0,1,8,0,0,1,0,0.023949570953845978,6104589.5,1.0877995491027832,0.0,1.1431987285614014,289.7406921386719,0.0,-0.0020999081898480654,1,1,1,0,0,0,1,1,0,0,0,0,0,475,0.20000000298023224,0.20000000298023224,0.20000000298023224,0.0,2,0,0,0,0,0,0,0,0,0,0,0,0,0,0,0,0,0,0,0,0,0,0,0,0,0,0,0,0,0,0,0,0,0,0,0,0,0,0,0,0,0,0,0,0,0,0,0,0,0,0,1,0,0,0,0,0,0,0,0,0,0,0,0,0,0,0,0,0,0,0,0,0,0,0,0,0,0,0,0,0,0,0,0,0,0,0,0,0,0,0,0,0,0,0,0,0,0,0,0,0,0,0,0,0,0,0,0,0,0,0,0,0,0,0,0,0,0,0,0,0,0,0,0,0,0,0,0,0,0,0,0,0,0,0,0,0,0,0,0,0,0,0,1,0,0,0,0,0,0,0,0,0,0,0,-1,0,0,0,0,0,0,1,1,0,0,2.3949570655822754,-4.963836669921875,0.0,-0.5481318831443787,-1.6815581571897805e-44,291.70001220703125,289.7406921386719,312.2012634277344,-0.039390772581100464,99.23611450195312,2668.9130859375,1.0877995491027832,1.1431987285614014,-1.0,1.959320068359375,6.827850029367255e-06,0.03718684986233711,100.0,27.0,0.0,7.799991607666016,3.9596054553985596,1.0,1.0,39.84521484375,0.26594284176826477,20.0,4.82978684885893e-05,0.0,73.97314453125,1.7323341369628906,1.8179994821548462,0.00036938843550160527,0.6817498207092285,0.5435910820960999,17.642423629760742,8.919408798217773,0.0,0.0,0.0,20.001420974731445,44.898040771484375,276.86334228515625,20.0,0.9409283399581909,292.5798645019531,40.007659912109375,0.29459047317504883,285.05914306640625,285.32183837890625,285.0633544921875,293.7837219238281,295.4305725097656,293.7854309082031,100.0,9.642457962036133,22.0,110.34918212890625,289.42144775390625,290.376220703125,289.42437744140625,340.318115234375,31.642457962036133,25.835098266601562,110.34918212890625,0.0,0.0,0.0,0.0,77.21034240722656,77.48307800292969,77.12039184570312,62.293880462646484,62.307403564453125,62.29184341430664,28.27099609375,28.954011917114258,28.13863754272461,98.98194885253906,96.88920593261719,98.81791687011719,36.89999771118164,43.19999694824219,26.099998474121094,280.52117919921875,293.4791259765625,278.5343017578125,29.0,0.0,48.0,0.0,0.0,0.0,0.0,0.0,0.0,41.0,78.36749267578125,61.997528076171875,171.7022247314453,32.881534576416016,9.999999974752427e-07,10.95828914642334,0.0,117.63163757324219,0.0,721.22412109375,41.23240661621094,21.904495239257812,0.0,9.471855163574219,77.7422103881836,1.0,0.9717696905136108,20.0,0.0,60.0,120.0,0.0,120.0,0.0,0.0,0.0,0.0,18.10158348083496,89.194091796875,2.0,200.0,0,0,0,0,0,0,0,0,0,0,0,0,99999,99999,25,402,1800,180,1800,0,0,-7,2,23,0,0,0,806,1424,29,31,32,0,1,0,1,0,1,0,0,1,0,0,0,0,0,1,0,0,0,0,1,0,0,0,1,0,0,0,1,0,0,0,0,0,0,0,0,0,0,0,0,1,0,1,0,0,1,1,0,0,1,1,0,1,0,1,0,1,1,0,0,0,1,0,0,0,0,0,0,0,1,1,0,1,0,0,0,0,0,0,0,0,1,0,0,0,1,0,0,0,0,0,0,1,0,0,1,0,1,0,0,1,0,0,1,0,0,1,0,0,0,1,0,1,1,1,0,0,1,0,0,0,0,0,1,1,1,0,0,0,0,0,0,0,1,0,1,0,1,0,1,0,1,0,0,0,0,0,0,0,0,1,1,1,1,0,1,0,1,1,1,1,1,1,1,0,0,0,0,0,0,1,0,1,1,1,1,1,1,1,1,1,1,1,0,0,0,1,1,0,0,1,1,0,1,1,0,0,1,1,1,0,0,0,0,1,1,1,1,0,0,1,1,1,0,0,1,0,0,1,0,1,1,0,1,1,1,1,1,1,1,1,0,1,0,0,0,0,0,0,0,0,0,0,1,0,0,1,0,0,0,0,0,0,0,0,0,0,0,0,0,0,0,0,0,0,0,0,0,0,0,0,0,0,0,0,0,0,0,0,0,0,0,0,0,0,0,0,0,0,0,0,0,0,0,0,0,0,0,0,0,0,0,0,0,0,0,0,0,0,0,0,0,0,0,0,0,0,0,0,0,0,0,0,0,0,0,0,0,0,0,0,0,0,0,0,0,0,0,0,0,0,0,0,0,0,0,0,0,0,0,0,0,0,0,0,0,0,0,0,0,0,0,0,0,0,0,0,0,0,0,0,0,0,0,0,0,0,0,0,0,0,0,0,0,0,0,0,0,0,0,0,1,0,1,0,0,0,0,0,1,0,0,0,0,0,0,0,0,0,0,0,0,0,0,0,1,0,0,0,0,0,0,0,0,0,0,0,0,0,0,1,0,0,0,0,0,0,0,0,0,0,1,0,0,0,0,0,0,0,0,0,0,0,0,0,0,0,0,0,0,0,0,0,0,0,0,0,0,0,1,0,0,0,0,0,0,1,1,1,0,0,0,0,0,0,-1,0,0,0,0,0,0,0,0,-1,0,0,-1,0,0,0,0,0,0,0,0,0,0,0,0,0,0,0,0,0,0,1,0,0,0,0,0,0,0,0,0,0,0,0,0,0,0,0,1,1,0,-1,-1,-1,1,1,1,0,0,0,0,1,0,0,1,1,0,0,0,0,1,0,0,0,0,0,0,0,0,0,0,0,0,0,0,0,0,0,0,0,0,0,0,0,0,0,0,0,0,0,1,1,0,1,0,1,1,0,1,0,1,1,0,1,0,0,1,0,0,0,0,0,0,0,0,0,0,0,0,0,0,0,0,0,0,0,0,0,0,0,0,0,0
0,1,1,300,228,8,8,228,114,25,1,0,0.0020000000949949026,4000.0,1.0,0.04500000178813934,25.0,48.0,8.0,291.70001220703125,1.7000000476837158,-3.179999907843012e-07,0.007360000163316727,0.008080000057816505,8.0,0.33000001311302185,0.0333000011742115,1.0,9.999999747378752e-06,21.0,9.999999747378752e-06,2775000064.0,9.000000136438757e-05,4.999999980020986e-13,5.0,40.0,3.0,-3.3499999046325684,3.3499999046325684,0.5,0.0004799999878741801,292.3927001953125,492.6077880859375,-0.0036125299520790577,0.002354159951210022,0.0008944629807956517,0.013157900422811508,0.800646185874939,0.02024419978260994,2650129920.0,0.006539999973028898,0,0,0,0,0,0,0,0,0,0,0,0,0,0,0,0,0,0,0,0,0,0,0,0,0,0,0,0,0,0,0,0,0,0,0,0,0,0,0,0,0,0,0,0,0,0,0,0,0,0,0,0,0,1,4,4,0,0,0,0,0,0,0,0,2,0,0.00040221176459454,286.5315856933594,303.609375,306.096435546875,308.67730712890625,311.191162109375,315.37469482421875,316.79681396484375,317.80072021484375,318.21337890625,318.09765625,317.5140686035156,316.51580810546875,315.25885009765625,313.88067626953125,312.5187072753906,311.3011169433594,310.203125,309.17230224609375,308.1575012207031,307.1208190917969,306.0479431152344,304.94732666015625,303.8303527832031,302.7086486816406,301.5936584472656,0.027216101065278053,0.032809823751449585,0.7715397477149963,-0.03928668051958084,0.756545901298523,0.8310182094573975,2495.901611328125,8.35802779874939e-07,0.1852828711271286,0.016739819198846817,0.022849678993225098,0.023208800703287125,0.019827894866466522,1.0,-1.6815581571897805e-44,-4.984347343444824,0.0,99.23442840576172,2669.06396484375,0.9449191093444824,311.1484375,0.0,0.0,0.0,3.6000006198883057,0.0,291.70001220703125,280664.96875,-0.5478550791740417,6.2517409324646,130.28829956054688,10.0,7750000.0,8160000.0,86.12000274658203,119.0999984741211,0.5,9.999999747378752e-05,0.0,3.299999952316284,200.0,0.30000001192092896,309.20001220703125,2.439019908706541e-06,0,0,0,1,1,1,0,24,0,289.0351257324219,0.0,0.0,0.0,0.0,0.0,0.0,0.9679547548294067,0.8669474720954895,0.526594877243042,0.22067993879318237,0.048676345497369766,0.046384625136852264,0.2793200612068176,0.2871778607368469,0.28065186738967896,1.0,25.0,24.0,6064859.0,6066392.0,6065057.0,284.4295654296875,284.68560791015625,284.4246826171875,293.0097961425781,294.6532287597656,293.0079650878906,4400000.0,288.71966552734375,289.66943359375,288.71630859375,8.580230712890625,9.967620849609375,8.583282470703125,291.7789611816406,4548.1064453125,4458.1337890625,4555.6279296875,11.059394836425781,11.108314514160156,11.072518348693848,25.49151611328125,0.0,0.0,0.0020000000949949026,284.5132751464844,293.5570068359375,-134.69309997558594,0.9053722620010376,0.9305933713912964,0.909711480140686,264.121826171875,39.0,40.0,42.0,41.0,0.0,0.0,6051768.5,6022822.0,57.187477111816406,5.0,0.014999999664723873,-180000.0,600.0,1000000.0,400000.0,0.17000000178813934,22000.0,786000.0,120000.0,0.0,40.0,30.0,36.810001373291016,0.5,18.399999618530273,50000.0,115692.3984375,15.113750457763672,0,0,1,0,0,0,0,10715212.0,0.0,0.0,0.0,0.0,0.0,-4660397.0,400000.0,1000000.0,1.0,1400000.0,0.0,0.31197604537010193,10739603.0,126869.6328125,10715212.0,340.31878662109375,40.007659912109375,3.105100154876709,-4660397.0,0.0,0.0,0.0,2.5536911487579346,40.007659912109375,0.0,22230.939453125,1.2010046243667603,0.0,0.0,0.0,20.0,14.711517333984375,22.0,0.0,0.0,0.0,0.05000000074505806,0.02500000037252903,0.17000000178813934,15400000.0,0.5,6.25,0.0006667000125162303,2.0,2410000.0,4140000.0,4.734799861907959,0.15000000596046448,0.20000000298023224,0.2199999988079071,1.0,0.0,-1.0,0.0,5.0,20.0,30.0,50.0,74.0,80.0,86.0,9.800000190734863,500000.0,1.0499999802959792e-07,0.5,750.0,1000.0,600.0,1000.0,1150.0,32.0,32.0,37.400001525878906,10.0,10.0,0.007000000216066837,0.5049999952316284,82.0,189.26499938964844,0.0,1.5099999904632568,231.60000610351562,20.0,36.0,16.600000381469727,16.5,225.0,-0.1756729930639267,27.5,-0.1756729930639267,30.485509872436523,0.1561516970396042,11.10221004486084,-1.8332500457763672,-75.0,4.3520002365112305,13.857000350952148,189.26499938964844,93.30000305175781,2650000.0,0.8500000238418579,7.570000171661377,1,1,1,0,0,0,0,0,0,0,0,1,3,3,0,0,1,0,0,0,0,1,0,1,1,0,0,0,1,1,1,0,0,0,0,0,0,0,0,1,0,0,0,1,0,0,1,0,0,1,12.05141544342041,29051.265625,2153.541748046875,0.00041483284439891577,0.0004361289902590215,0.0006248649442568421,0.0,0.0,0.0,0.0,0.0,0.0,0.5715480446815491,1.0,0.0,0.0,1.0,1.0,0.0,0.0,1.0,1.0,0.0,1.0,0.0,0.0,1.0,0.0,0.0,0.3857617974281311,0.4922187626361847,0.0006248649442568421,0.0,0.0006232967716641724,0.0,99998.78125,99999.0,1701209.5,2410000.0,36.20000076293945,36.20000076293945,36.20000076293945,32.469791412353516,276.38641357421875,20.0,20.000728607177734,24.023681640625,27.0,27.0,25.81399154663086,27.0,31.919692993164062,32.0,20.0,68.57752227783203,3446413.25,0.5437328219413757,7.559999942779541,0.0,8.919267654418945,0.0,0.0,39.74614334106445,1.401298464324817e-45,0.0,0.0,0.5049998760223389,0.5049998760223389,0.5049998760223389,0.18937495350837708,0.18937495350837708,0.18937495350837708,0.0,13.248701095581055,13.248701095581055,13.248701095581055,0.0,0.0,9.074999809265137,0.0,0.0,0.0,0.0,0.0,0.0,100.0,73.97314453125,0.2199999988079071,0.0,20.0,39.74614334106445,0.0,0.0,0.0,0.0,0.0,0.007000000216066837,0.0,0.0,9.074999809265137,0.0,1.7323341369628906,0.0,0.946874737739563,0.0,0.0,0.0,0.0,0.0,0.0,20.0,0.0,0.0,10417144.0,0.0,0.0,0.0,0.0,0.0,0.0,0.0,0.351500004529953,18.93000030517578,23.030000686645508,7.69199959904654e-06,0.08500000089406967,0.009999999776482582,24.0,27.0,8.800000190734863,500000.0,0.05000000074505806,2.7000000013543968e-09,2.7000000013543968e-09,145100.0,120000.0,14650000.0,86400.0,17.0,34.5,48.70000076293945,321.8999938964844,83170.0,0.0,1.0,1.0,0.0010000000474974513,725.0,0.0,0.5,0.0,0.0,57.31999969482422,837142.875,9359.77734375,117376.1015625,2623.89794921875,83026.390625,725.0,1.0204100362898316e-05,740000000.0,1,0,1,0,1,1,0,0,1,0,0,8.799991607666016,27.0,4868.962890625,0.0,0.0,0.0,0.0,1.9561330080032349,0.00040174208697862923,0.0,0.03745206072926521,39.85438537597656,1.0,26065.3359375,9173.689453125,4.8642399633536115e-05,176234464.0,987696320.0,1057772160.0,2354123520.0,-16.64305877685547,-816.8372802734375,-784898624.0,-1366427008.0,40.69297790527344,28.474903106689453,57.336036682128906,845.3121337890625,106381.3984375,4218.4619140625,147351.84375,167388.421875,124065.3359375,65.80014038085938,39.85438537597656,39.85438537597656,1.0,4.8642399633536115e-05,9173.689453125,865526415360.0,0.20200833678245544,137600.0,137600.0,72524656.0,57.336036682128906,6675.31494140625,1.0,0.0,1700.0,250000.0,10000.0,1038.0,0.004999999888241291,400.0,5000.0,0,0,0,0,2959622.5,52.982086181640625,52.982086181640625,1216415.25,2784997.25,0.0,0.0,120016.640625,2.5315399169921875,6035938.0,0.0,0.0,1.0,1.0,2.5315399169921875,275.3855285644531,104.08700561523438,0.0,5957889.0,431505.28125,104.08700561523438,1.0,1.0,1.0,0.0,521.9871215820312,0.0,520.847900390625,1.0,0.0,7680000.0,277.0357971191406,291.92724609375,278.9473571777344,0.9602748155593872,2784997.25,334.9493408203125,105.96417236328125,1.9602748155593872,0.0,275.76080322265625,1.0,0.0,-7.5742998123168945,0.0,0.0,9.999999974752427e-07,0.0,2.0,0.0003000000142492354,0.004999999888241291,0.0010000000474974513,2.0000000233721948e-07,2.0000000233721948e-07,0.0005555999814532697,993000000.0,1.0,0.05000000074505806,0.10000000149011612,0.0005000000237487257,0.0016700000269338489,0.009999999776482582,1.0,1.0,0.0010000000474974513,4.999999873689376e-05,0.00039999998989515007,0.019999999552965164,0.9891999959945679,0.9891999959945679,0.9950000047683716,0.9950000047683716,1,0,0,0,1,1,0,0,0,0,0,0,0,0,-0.007456977851688862,-7404779.0,5000.048828125,120016.640625,0.0,2546223.0,0.0,1.0,2569281.25,0.0,0.0,60.0,180.0,1800.0,1800.0,0.0,0.0,0.0,0.0,-0.012236599810421467,0.0,0.0,0.0,0.0,0.0,0.0,0.0,0.0,0.0,0.0,0.0,6.602997746085748e-05,0.0,7.006492321624085e-44,1,1,0,1,1,1,1,1,1,1,1,0,1,0,1,1,1,1,0,1,0,1000,11,0,1,5001,55,0.0,0.0,120.0,120.0,0.0,0.0,0.4000000059604645,0.10000000149011612,0.10000000149011612,2.0,500.0,200.0,0.9900000095367432,300000.0,5000.0,45000.0,20000.0,0.019999999552965164,2.0,0.05000000074505806,0.019999999552965164,6.0,0.05000000074505806,0.019999999552965164,0.019999999552965164,88.30000305175781,0.10000000149011612,0.800000011920929,0.05000000074505806,0.009999999776482582,50.0,50.0,340.0,340.0,1000000.0,1,0,0,0,1,1,1,1,1,1,0,0,0,1,1,0,1.0,0.0,0.0,0.0,28.74994468688965,0.0,0.0,0.0,0.9170691967010498,0.9170691967010498,0.9170691967010498,5000.0478515625,4047990.75,4052990.75,50.0,27.614276885986328,0.4000000059604645,0.0,0.0,0.10000000149011612,0.1571858823299408,0.4925430119037628,22164.435546875,20.0,29.202341079711914,777437.5,21.816987991333008,2899.854248046875,721.22412109375,0.7774375081062317,0.9159015417098999,9.471816062927246,1.0,3220417.5,3303999.0,9.717644691467285,20.0,0.27694258093833923,27.694257736206055,0.0,636.4223022460938,622.6255493164062,100000.0,50000.0,1115.300048828125,50000.0,700.0,2000.0,2800000.0,3500000.0,4000000.0,9.999999747378752e-05,4.999999873689376e-05,500.0,20000.0,100.0,500.0,60000.0,1200.0,1.0,120.0,150000.0,3000.0,300.0,1.0,300.0,0.019999999552965164,0.019999999552965164,0.009999999776482582,0.009999999776482582,0.009999999776482582,0.019999999552965164,1.100000023841858,0.019999999552965164,4.0,0.019999999552965164,88.0,1613.0,0.009999999776482582,0.20000000298023224,3.0,5.0,600.0,0.0010000000474974513,88.0,88.0,2000.0,2340.0,-0.11599799990653992,-0.03561130166053772,-0.04758000001311302,-0.01752999983727932,1,0,1,0,0,1,1,357.6824951171875,357.6824951171875,1.436492919921875,1.436492919921875,0.0020230377558618784,21.816987991333008,164.06082153320312,238.13278198242188,777.3280029296875,118.59012603759766,118.59012603759766,0.47626495361328125,0.47626495361328125,285.0885009765625,167.14218139648438,0.0,0.0,2663660.25,20.00048065185547,20.00048065185547,105.21333312988281,105.21333312988281,64543.08984375,64543.08984375,1.0757181644439697,1.0757181644439697,1.2657699584960938,1.2657699584960938,21.450584411621094,21.450584411621094,89751.3984375,89751.3984375,21.451725006103516,116.16057586669922,124.63797760009766,2645671.25,20.00048065185547,20.00048065185547,166.46200561523438,166.46200561523438,135.634521484375,135.634521484375,567508.4375,567508.4375,0.0,90.86180114746094,90.86180114746094,181.7256317138672,157823.609375,157823.609375,1.0521574020385742,1.0521574020385742,171.0435333251953,135.634521484375,0.0,0.0,0.0,156.47219848632812,156.47219848632812,312.94439697265625,0.0,0.0,0.0,0.0,0.0,156.47219848632812,156.47219848632812,0.026315800845623016,0.0,0.20000000298023224,0.0,0.0,0.0,0.0,0.0,0.0,0.9599996209144592,1.0,1.0,1.0,0.9999998211860657,0.9999998211860657,0.9999998211860657,190823.8125,193232.90625,0.0,14.750001907348633,0.0,14.750001907348633,7.25,12.0,10.25,296.3810119628906,297.7510070800781,29.5,20370.69140625,7126391.0,12224996.0,0.0,0.0,0.0,0.08058798313140869,0.08058798313140869,0.08058798313140869,0.7261397242546082,378148.3125,0.9959999918937683,0.9959999918937683,0.9959999918937683,0.9959999918937683,0.0,3559878.75,4590969.0,1016518.9375,2606300.0,3637708.75,0.0040479907765984535,0.008105981163680553,718.2379760742188,7.25,12.0,10.25,0.0,0.0,0.0,0.0,0.0,0.0,238.1348114013672,718.2501220703125,302.4148254394531,302.4148254394531,302.4148254394531,209.86456298828125,209.86456298828125,209.86456298828125,2.9943840503692627,0.0,0.7616636753082275,2.9942381381988525,5.0,0.0040000081062316895,0.0040000081062316895,0.0040000081062316895,0.0040000081062316895,0.0,-0.4368000030517578,0.0,598876.8125,164.06082153320312,164.06082153320312,0.0,20.0,2784814.25,7.25,12.0,10.25,20.0,20.0,20.0,0.0,0.0,0.7926306128501892,0.9211652278900146,10000.0,10000.0,0.011826000176370144,1038.5,0.027953999117016792,0.0,0.0,1.0878000259399414,1.0809999704360962,9.000000136438757e-05,103.0,33.220001220703125,1.8179999589920044,0.029999999329447746,49.0,8.329999923706055,4.159999847412109,58.0,302.0,4.5,0.699999988079071,0.4000000059604645,7.5,1.3799999952316284,2.492000102996826,7000.0,48.88999938964844,1.2000000476837158,45.0,62000.0,4590000.0,4250000.0,15900000.0,15100000.0,0.05000000074505806,0.17000000178813934,0.009999999776482582,15220000.0,1.6699999570846558,312.7799987792969,1.1100000143051147,4232.0,0.25,689000.0,4030000.0,9.829999923706055,8.550000190734863,12200000.0,231.10000610351562,88.3239974975586,633.0,1.1430000066757202,0.6858000159263611,-10.0,-3.7799999713897705,0.7799999713897705,295.5,4030000.0,12400000.0,0.9200000166893005,5.0,1,0,1,228,0,0,0,0,0,1,1,1,1,1,0,1,1,1,0,0,0,0,1,0,0,0,0,1,0,0,0,0,0,0,0,0,1,0,1,8,0,0,1,0,0.022849678993225098,6064859.0,1.0877995491027832,0.0,1.1495740413665771,289.2113037109375,0.0,-0.001967016141861677,1,1,1,0,0,0,1,1,0,0,0,0,0,478,0.20000000298023224,0.20000000298023224,0.20000000298023224,0.0,2,0,0,0,0,0,0,0,0,0,0,0,0,0,0,0,0,0,0,0,0,0,0,0,0,0,0,0,0,0,0,0,0,0,0,0,0,0,0,0,0,0,0,0,0,0,0,0,0,0,0,1,0,0,0,0,0,0,0,0,0,0,0,0,0,0,0,0,0,0,0,0,0,0,0,0,0,0,0,0,0,0,0,0,0,0,0,0,0,0,0,0,0,0,0,0,0,0,0,0,0,0,0,0,0,0,0,0,0,0,0,0,0,0,0,0,0,0,0,0,0,0,0,0,0,0,0,0,0,0,0,0,0,0,0,0,0,0,0,0,0,0,0,1,0,0,0,0,0,0,0,0,0,0,0,-1,0,0,0,0,0,0,1,1,0,0,2.2849678993225098,-4.984347343444824,0.0,-0.5478550791740417,-1.6815581571897805e-44,291.70001220703125,289.2113037109375,311.1484375,-0.03928668051958084,99.23442840576172,2669.06396484375,1.0877995491027832,1.1495740413665771,-1.0,2.48870849609375,6.827850029367255e-06,0.03745206072926521,100.0,27.0,0.0,7.799991607666016,3.9625439643859863,1.0,1.0,39.85438537597656,0.265973299741745,20.0,4.8642399633536115e-05,0.0,73.97314453125,1.7323341369628906,1.8179994821548462,0.00036938843550160527,0.6817498207092285,0.5437328219413757,17.359312057495117,8.919267654418945,0.0,0.0,0.0,20.000728607177734,44.898040771484375,276.38641357421875,20.0,0.9403150677680969,291.978515625,40.007659912109375,0.29459047317504883,284.58160400390625,284.84283447265625,284.58642578125,293.2030029296875,294.8492431640625,293.20477294921875,100.0,9.19760513305664,22.0,109.5879898071289,288.8923034667969,289.8460388183594,288.8955993652344,340.318603515625,31.19760513305664,25.610820770263672,109.5879898071289,0.0,0.0,0.0,0.0,77.05338287353516,77.30821228027344,76.96247100830078,61.888450622558594,61.90207290649414,61.88642883300781,28.065187454223633,28.71778678894043,27.9320068359375,99.02546691894531,96.91204071044922,98.86165618896484,36.89999771118164,43.19999694824219,26.099998474121094,279.35394287109375,292.3197326660156,277.4025573730469,29.0,0.0,48.0,0.0,0.0,0.0,0.0,0.0,0.0,41.0,78.36749267578125,61.59131622314453,171.0435333251953,32.6650276184082,9.999999974752427e-07,10.372661590576172,0.0,116.16057586669922,0.0,721.22412109375,41.35712432861328,21.816987991333008,0.0,9.471816062927246,77.7437515258789,1.0,0.9717644453048706,20.0,0.0,60.0,120.0,0.0,120.0,0.0,0.0,0.0,0.0,18.10630226135254,89.19267272949219,2.0,200.0,0,0,0,0,0,0,0,0,0,0,0,0,99999,99999,25,402,1800,180,1800,0,0,-7,2,23,0,0,0,806,1424,29,31,32,0,1,0,1,0,1,0,0,1,0,0,0,0,0,1,0,0,0,0,1,0,0,0,1,0,0,0,1,0,0,0,0,0,0,0,0,0,0,0,0,1,0,1,0,0,1,1,0,0,1,1,0,1,0,1,0,1,1,0,0,0,1,0,0,0,0,0,0,0,1,1,0,1,0,0,0,0,0,0,0,0,1,0,0,0,1,0,0,0,0,0,0,1,0,0,1,0,1,0,0,1,0,0,1,0,0,1,0,0,0,1,0,1,1,1,0,0,1,0,0,0,0,0,1,1,1,0,0,0,0,0,0,0,1,0,1,0,1,0,1,0,1,0,0,0,0,0,0,0,0,1,1,1,1,0,1,0,1,1,1,1,1,1,1,0,0,0,0,0,0,1,0,1,1,1,1,1,1,1,1,1,1,1,0,0,0,1,1,0,0,1,1,0,1,1,0,0,1,1,1,0,0,0,0,1,1,1,1,0,1,1,1,1,0,0,1,0,0,1,0,1,1,0,1,1,1,1,1,1,1,1,0,1,0,0,0,0,0,0,0,0,0,0,1,0,0,1,0,0,0,0,0,1,0,0,1,0,0,0,0,0,0,0,0,0,0,0,0,0,0,0,0,0,0,0,0,0,0,0,0,0,1,0,0,0,0,1,0,0,0,1,0,0,0,0,0,0,0,0,0,0,0,0,0,0,0,0,0,0,0,0,0,0,0,0,0,0,0,0,0,0,0,0,0,0,0,1,0,0,0,0,0,0,0,0,0,0,0,0,0,0,0,0,0,0,0,0,0,0,0,0,0,0,0,0,0,0,0,0,0,0,0,0,0,0,0,0,0,0,0,0,0,0,0,0,0,0,0,0,0,0,0,0,0,0,0,0,0,0,0,0,1,0,1,0,0,0,0,0,1,0,0,0,0,0,0,0,0,0,0,0,0,0,0,0,1,0,0,0,0,0,0,0,0,0,0,0,0,0,0,1,0,0,0,0,0,0,0,0,0,0,1,0,0,0,0,0,0,0,0,0,0,0,0,0,0,0,0,0,0,0,0,0,0,0,0,0,0,0,1,0,0,0,0,0,0,1,1,1,0,0,0,0,0,0,-1,0,0,0,0,0,0,0,0,-1,0,0,-1,0,0,0,0,0,0,0,0,0,0,0,0,0,0,0,0,0,0,1,0,0,0,0,0,0,0,0,0,0,0,0,0,0,0,0,1,1,0,-1,-1,-1,1,1,1,0,0,0,0,1,0,0,1,1,0,0,0,0,1,0,0,0,0,0,0,0,0,0,0,0,0,0,0,0,0,0,0,0,0,0,0,0,0,0,0,0,0,0,1,1,0,1,0,1,1,0,1,0,1,1,0,1,0,0,1,0,0,0,0,0,0,0,0,0,0,0,0,0,0,0,0,0,0,0,0,0,0,0,0,0,0
0,1,1,300,228,8,8,228,114,25,1,0,0.0020000000949949026,4000.0,1.0,0.04500000178813934,25.0,48.0,8.0,291.70001220703125,1.7000000476837158,-3.179999907843012e-07,0.007360000163316727,0.008080000057816505,8.0,0.33000001311302185,0.0333000011742115,1.0,9.999999747378752e-06,21.0,9.999999747378752e-06,2775000064.0,9.000000136438757e-05,4.999999980020986e-13,5.0,40.0,3.0,-3.3499999046325684,3.3499999046325684,0.5,0.0004799999878741801,292.3927001953125,492.6077880859375,-0.0036125299520790577,0.002354159951210022,0.0008944629807956517,0.013157900422811508,0.800646185874939,0.02024419978260994,2650129920.0,0.006539999973028898,0,0,0,0,0,0,0,0,0,0,0,0,0,0,0,0,0,0,0,0,0,0,0,0,0,0,0,0,0,0,0,0,0,0,0,0,0,0,0,0,0,0,0,0,0,0,0,0,0,0,0,0,0,1,4,4,0,0,0,0,0,0,0,0,2,0,0.00040221176459454,286.18994140625,302.97906494140625,305.4195251464844,307.9515075683594,310.4181213378906,314.52740478515625,315.92852783203125,316.9217529296875,317.33782958984375,317.2381896972656,316.68194580078125,315.7230224609375,314.5107116699219,313.1785583496094,311.8600769042969,310.68646240234375,309.6258544921875,308.6248474121094,307.6318664550781,306.6100158691406,305.54547119140625,304.4482421875,303.3318786621094,302.20989990234375,301.09576416015625,0.027547692880034447,0.0322914719581604,0.7715310454368591,-0.03921327739953995,0.7565668821334839,0.8282735347747803,2423.335205078125,8.115131322483649e-07,0.18293103575706482,0.016255220398306847,0.02215287648141384,0.02249777317047119,0.0198668222874403,1.0,-1.6815581571897805e-44,-4.997860431671143,0.0,99.23328399658203,2669.164794921875,0.9449453353881836,310.46337890625,0.0,0.0,0.0,4.000000476837158,0.0,291.70001220703125,280665.34375,-0.5476639270782471,6.249030113220215,130.28829956054688,10.0,7750000.0,8160000.0,86.12000274658203,119.0999984741211,0.5,9.999999747378752e-05,0.0,3.299999952316284,200.0,0.30000001192092896,309.20001220703125,2.439019908706541e-06,0,0,0,1,1,1,0,24,0,288.6833190917969,0.0,0.0,0.0,0.0,0.0,0.0,0.9712217450141907,0.8669354319572449,0.5268314480781555,0.22219514846801758,0.05014029145240784,0.04779766872525215,0.2778048515319824,0.2854679822921753,0.27914363145828247,1.0,25.0,24.0,6038742.0,6040280.0,6038938.5,284.1190185546875,284.3739013671875,284.1136474609375,292.61834716796875,294.25872802734375,292.6163330078125,4400000.0,288.3686828613281,289.3163146972656,288.364990234375,8.49932861328125,9.88482666015625,8.502685546875,291.38165283203125,4549.35693359375,4458.830078125,4556.8798828125,11.042877197265625,11.09021282196045,11.056106567382812,25.562042236328125,0.0,0.0,0.0020000000949949026,284.2021789550781,293.1644592285156,-132.9542999267578,0.9002766609191895,0.9248676300048828,0.9046404361724854,264.54937744140625,39.0,40.0,42.0,41.0,0.0,0.0,6025781.5,5996792.0,57.05977249145508,5.0,0.014999999664723873,-180000.0,600.0,1000000.0,400000.0,0.17000000178813934,22000.0,786000.0,120000.0,0.0,40.0,30.0,36.810001373291016,0.5,18.399999618530273,50000.0,115692.3984375,15.113750457763672,0,0,1,0,0,0,0,10667176.0,0.0,0.0,0.0,0.0,0.0,-4708934.0,400000.0,1000000.0,1.0,1400000.0,0.0,0.309052973985672,10691066.0,126869.6328125,10667176.0,340.319091796875,40.007659912109375,3.076054573059082,-4708934.0,0.0,0.0,0.0,2.5390472412109375,40.007659912109375,0.0,22230.939453125,1.2010046243667603,0.0,0.0,0.0,20.0,14.711517333984375,22.0,0.0,0.0,0.0,0.05000000074505806,0.02500000037252903,0.17000000178813934,15400000.0,0.5,6.25,0.0006667000125162303,2.0,2410000.0,4140000.0,4.734799861907959,0.15000000596046448,0.20000000298023224,0.2199999988079071,1.0,0.0,-1.0,0.0,5.0,20.0,30.0,50.0,74.0,80.0,86.0,9.800000190734863,500000.0,1.0499999802959792e-07,0.5,750.0,1000.0,600.0,1000.0,1150.0,32.0,32.0,37.400001525878906,10.0,10.0,0.007000000216066837,0.5049999952316284,82.0,189.26499938964844,0.0,1.5099999904632568,231.60000610351562,20.0,36.0,16.600000381469727,16.5,225.0,-0.1756729930639267,27.5,-0.1756729930639267,30.485509872436523,0.1561516970396042,11.10221004486084,-1.8332500457763672,-75.0,4.3520002365112305,13.857000350952148,189.26499938964844,93.30000305175781,2650000.0,0.8500000238418579,7.570000171661377,1,1,1,0,0,0,0,0,0,0,0,1,3,3,0,0,1,0,0,0,0,1,0,1,1,0,0,0,1,1,1,0,0,0,0,0,0,0,0,1,0,0,0,1,0,0,1,0,0,1,12.05141544342041,29051.265625,2153.531982421875,0.00041483284439891577,0.0004361289902590215,0.0006248649442568421,0.0,0.0,0.0,0.0,0.0,0.0,0.5701115727424622,1.0,0.0,0.0,1.0,1.0,0.0,0.0,1.0,1.0,0.0,1.0,0.0,0.0,1.0,0.0,0.0,0.381623774766922,0.4869387745857239,0.0006248649442568421,0.0,0.0006233067251741886,0.0,99998.78125,99999.0,1682960.875,2410000.0,36.20000076293945,36.20000076293945,36.20000076293945,32.4662971496582,276.07379150390625,20.0,20.00046730041504,24.023605346679688,27.0,27.0,25.813961029052734,27.0,31.920204162597656,32.0,20.0,68.57752227783203,3446397.25,0.5437328219413757,7.559999942779541,0.0,8.919267654418945,0.0,0.0,40.00135803222656,1.401298464324817e-45,0.0,0.0,0.5049998760223389,0.5049998760223389,0.5049998760223389,0.18937495350837708,0.18937495350837708,0.18937495350837708,0.0,13.333771705627441,13.333771705627441,13.333771705627441,0.0,0.0,9.074999809265137,0.0,0.0,0.0,0.0,0.0,0.0,100.0,73.97314453125,0.2199999988079071,0.0,20.0,40.00135803222656,0.0,0.0,0.0,0.0,0.0,0.007000000216066837,0.0,0.0,9.074999809265137,0.0,1.7323341369628906,0.0,0.946874737739563,0.0,0.0,0.0,0.0,0.0,0.0,20.0,0.0,0.0,10369358.0,0.0,0.0,0.0,0.0,0.0,0.0,0.0,0.351500004529953,18.93000030517578,23.030000686645508,7.69199959904654e-06,0.08500000089406967,0.009999999776482582,24.0,27.0,8.800000190734863,500000.0,0.05000000074505806,2.7000000013543968e-09,2.7000000013543968e-09,145100.0,120000.0,14650000.0,86400.0,17.0,34.5,48.70000076293945,321.8999938964844,83170.0,0.0,1.0,1.0,0.0010000000474974513,725.0,0.0,0.5,0.0,0.0,57.31999969482422,837142.875,9359.77734375,117376.1015625,2623.89794921875,83026.390625,725.0,1.0204100362898316e-05,740000000.0,1,0,1,0,1,1,0,0,1,0,0,8.799991607666016,27.0,4891.88427734375,0.0,0.0,0.0,0.0,1.9653522968292236,0.0004017435712739825,0.0,0.03762837126851082,39.86029052734375,1.0,26067.296875,9214.81640625,4.88714431412518e-05,174406800.0,980192128.0,1050010240.0,2346917632.0,-16.257892608642578,-814.2015380859375,-779955264.0,-1366725632.0,40.94819259643555,28.474903106689453,57.206085205078125,842.676513671875,106381.3984375,4219.71435546875,147373.515625,167413.21875,124067.296875,66.20013427734375,39.86029052734375,39.86029052734375,1.0,4.88714431412518e-05,9214.81640625,863458295808.0,0.2020389884710312,137600.0,137600.0,72266928.0,57.206085205078125,6677.20361328125,1.0,0.0,1700.0,250000.0,10000.0,1038.0,0.004999999888241291,400.0,5000.0,0,0,0,0,2959622.5,52.77037048339844,52.77037048339844,1216415.25,2785154.0,0.0,0.0,118290.5390625,2.2368686199188232,6009775.5,0.0,0.0,1.0,1.0,2.2368686199188232,275.3855285644531,103.67594909667969,0.0,5957889.0,429752.375,103.67594909667969,1.0,1.0,1.0,0.0,519.7151489257812,0.0,518.5884399414062,1.0,0.0,7680000.0,276.2138671875,291.0912780761719,278.11309814453125,0.9633892774581909,2785154.0,334.5180358886719,105.54074096679688,1.963389277458191,0.0,275.4777526855469,1.0,0.0,-7.5742998123168945,0.0,0.0,9.999999974752427e-07,0.0,2.0,0.0003000000142492354,0.004999999888241291,0.0010000000474974513,2.0000000233721948e-07,2.0000000233721948e-07,0.0005555999814532697,993000000.0,1.0,0.05000000074505806,0.10000000149011612,0.0005000000237487257,0.0016700000269338489,0.009999999776482582,1.0,1.0,0.0010000000474974513,4.999999873689376e-05,0.00039999998989515007,0.019999999552965164,0.9891999959945679,0.9891999959945679,0.9950000047683716,0.9950000047683716,1,0,0,0,1,1,0,0,0,0,0,0,0,0,-0.007456977851688862,-7404779.0,5000.046875,118290.5390625,0.0,2546223.0,0.0,1.0,2569281.25,0.0,0.0,60.0,180.0,1800.0,1800.0,0.0,0.0,0.0,0.0,-0.012236599810421467,0.0,0.0,0.0,0.0,0.0,0.0,0.0,0.0,0.0,0.0,0.0,6.602997746085748e-05,0.0,7.006492321624085e-44,1,1,0,1,1,1,1,1,1,1,1,0,1,0,1,1,1,1,0,1,0,1000,11,0,1,5001,57,0.0,0.0,120.0,120.0,0.0,0.0,0.4000000059604645,0.10000000149011612,0.10000000149011612,2.0,500.0,200.0,0.9900000095367432,300000.0,5000.0,45000.0,20000.0,0.019999999552965164,2.0,0.05000000074505806,0.019999999552965164,6.0,0.05000000074505806,0.019999999552965164,0.019999999552965164,88.30000305175781,0.10000000149011612,0.800000011920929,0.05000000074505806,0.009999999776482582,50.0,50.0,340.0,340.0,1000000.0,1,0,0,0,1,1,1,1,1,1,0,0,0,1,1,0,1.0,0.0,0.0,0.0,28.839248657226562,0.0,0.0,0.0,0.9169990420341492,0.9169990420341492,0.9169990420341492,5000.0458984375,4056316.75,4061316.75,50.0,27.61425018310547,0.4000000059604645,0.0,0.0,0.10000000149011612,0.1565045714378357,0.4925430119037628,22164.435546875,20.0,29.202341079711914,777451.625,21.7617244720459,2891.262451171875,721.22412109375,0.7774516344070435,0.9157515168190002,9.471790313720703,1.0,3220408.5,3303987.0,9.717608451843262,20.0,0.2769736349582672,27.697362899780273,0.0,636.4223022460938,637.572509765625,100000.0,50000.0,1115.300048828125,50000.0,700.0,2000.0,2800000.0,3500000.0,4000000.0,9.999999747378752e-05,4.999999873689376e-05,500.0,20000.0,100.0,500.0,60000.0,1200.0,1.0,120.0,150000.0,3000.0,300.0,1.0,300.0,0.019999999552965164,0.019999999552965164,0.009999999776482582,0.009999999776482582,0.009999999776482582,0.019999999552965164,1.100000023841858,0.019999999552965164,4.0,0.019999999552965164,88.0,1613.0,0.009999999776482582,0.20000000298023224,3.0,5.0,600.0,0.0010000000474974513,88.0,88.0,2000.0,2340.0,-0.11599799990653992,-0.03561130166053772,-0.04758000001311302,-0.01752999983727932,1,0,1,0,0,1,1,352.1564636230469,352.1564636230469,1.414276123046875,1.414276123046875,0.001950290985405445,21.7617244720459,164.0546417236328,229.8709259033203,765.5431518554688,114.47572326660156,114.47572326660156,0.45973968505859375,0.45973968505859375,274.9652099609375,156.25946044921875,0.0,0.0,2663660.25,20.00048065185547,20.00048065185547,104.76190185546875,104.76190185546875,64507.30859375,64507.30859375,1.0751217603683472,1.0751217603683472,1.1184343099594116,1.1184343099594116,21.164281845092773,21.164281845092773,88553.4765625,88553.4765625,21.165380477905273,115.23059844970703,123.50753784179688,2645822.75,20.00048065185547,20.00048065185547,166.32850646972656,166.32850646972656,134.55157470703125,134.55157470703125,562977.3125,562977.3125,0.0,90.14611053466797,90.14611053466797,180.29417419433594,157782.234375,157782.234375,1.0518815517425537,1.0518815517425537,170.63345336914062,134.55157470703125,0.0,0.0,0.0,155.6446533203125,155.6446533203125,311.289306640625,0.0,0.0,0.0,0.0,0.0,155.6446533203125,155.6446533203125,0.026315800845623016,0.0,0.20000000298023224,0.0,0.0,0.0,0.0,0.0,0.0,0.9599996209144592,1.0,1.0,1.0,0.9999998211860657,0.9999998211860657,0.9999998211860657,190823.546875,193232.578125,0.0,14.750001907348633,0.0,14.750001907348633,7.25,12.0,10.25,296.3810119628906,297.7510070800781,29.5,5486.52880859375,7184414.0,12224996.0,0.0,0.0,0.0,0.07426987588405609,0.07426987588405609,0.07426987588405609,0.7555344104766846,368338.46875,0.9959999918937683,0.9959999918937683,0.9959999918937683,0.9959999918937683,0.0,3574257.25,4540111.0,980145.5625,2606300.0,3636935.75,0.004056316800415516,0.008122633211314678,707.1414794921875,7.25,12.0,10.25,0.0,0.0,0.0,0.0,0.0,0.0,229.8728790283203,707.1536254882812,299.68115234375,299.68115234375,299.68115234375,193.41116333007812,193.41116333007812,193.41116333007812,2.994689464569092,0.0,0.7594473361968994,2.9945342540740967,5.0,0.0040000081062316895,0.0040000081062316895,0.0040000081062316895,0.0040000081062316895,0.0,-0.4368000030517578,0.0,598937.875,164.0546417236328,164.0546417236328,0.0,20.0,2784974.75,7.25,12.0,10.25,20.0,20.0,20.0,0.0,0.0,0.7926306128501892,0.9211652278900146,10000.0,10000.0,0.011826000176370144,1038.5,0.027953999117016792,0.0,0.0,1.0878000259399414,1.0809999704360962,9.000000136438757e-05,103.0,33.220001220703125,1.8179999589920044,0.029999999329447746,49.0,8.329999923706055,4.159999847412109,58.0,302.0,4.5,0.699999988079071,0.4000000059604645,7.5,1.3799999952316284,2.492000102996826,7000.0,48.88999938964844,1.2000000476837158,45.0,62000.0,4590000.0,4250000.0,15900000.0,15100000.0,0.05000000074505806,0.17000000178813934,0.009999999776482582,15220000.0,1.6699999570846558,312.7799987792969,1.1100000143051147,4232.0,0.25,689000.0,4030000.0,9.829999923706055,8.550000190734863,12200000.0,231.10000610351562,88.3239974975586,633.0,1.1430000066757202,0.6858000159263611,-10.0,-3.7799999713897705,0.7799999713897705,295.5,4030000.0,12400000.0,0.9200000166893005,5.0,1,0,1,228,0,0,0,0,0,1,1,1,1,1,0,1,1,1,0,0,0,0,1,0,0,0,0,1,0,0,0,0,0,0,0,0,1,0,1,8,0,0,1,0,0.02215287648141384,6038742.0,1.0877995491027832,0.0,1.1539185047149658,288.85906982421875,0.0,-0.0018853116780519485,1,1,1,0,0,0,1,1,0,0,0,0,0,480,0.20000000298023224,0.20000000298023224,0.20000000298023224,0.0,2,0,0,0,0,0,0,0,0,0,0,0,0,0,0,0,0,0,0,0,0,0,0,0,0,0,0,0,0,0,0,0,0,0,0,0,0,0,0,0,0,0,0,0,0,0,0,0,0,0,0,1,0,0,0,0,0,0,0,0,0,0,0,0,0,0,0,0,0,0,0,0,0,0,0,0,0,0,0,0,0,0,0,0,0,0,0,0,0,0,0,0,0,0,0,0,0,0,0,0,0,0,0,0,0,0,0,0,0,0,0,0,0,0,0,0,0,0,0,0,0,0,0,0,0,0,0,0,0,0,0,0,0,0,0,0,0,0,0,0,0,0,0,1,0,0,0,0,0,0,0,0,0,0,0,-1,0,0,0,0,0,0,1,1,0,0,2.215287685394287,-4.997860431671143,0.0,-0.5476639270782471,-1.6815581571897805e-44,291.70001220703125,288.85906982421875,310.46337890625,-0.03921327739953995,99.23328399658203,2669.164794921875,1.0877995491027832,1.1539185047149658,-1.0,2.8409423828125,6.827850029367255e-06,0.03762837126851082,100.0,27.0,0.0,7.799991607666016,3.964486598968506,1.0,1.0,39.86029052734375,0.2659933269023895,20.0,4.88714431412518e-05,0.0,73.97314453125,1.7323341369628906,1.8179994821548462,0.00036938843550160527,0.6817498207092285,0.5437328219413757,17.1731014251709,8.919267654418945,0.0,0.0,0.0,20.00046730041504,44.898040771484375,276.07379150390625,20.0,0.9399075508117676,291.5799255371094,40.007659912109375,0.29459047317504883,284.26861572265625,284.52923583984375,284.2738037109375,292.8122253417969,294.4563903808594,292.8141784667969,100.0,8.90529727935791,22.0,109.09271240234375,288.5404052734375,289.4927978515625,288.54400634765625,340.31884765625,30.905298233032227,25.463451385498047,109.09271240234375,0.0,0.0,0.0,0.0,76.9418716430664,77.1849136352539,76.85025787353516,61.62193298339844,61.635623931884766,61.619930267333984,27.914363861083984,28.546798706054688,27.780485153198242,99.0531234741211,96.92738342285156,98.88953399658203,36.89999771118164,43.19999694824219,26.099998474121094,278.5298767089844,291.4934997558594,276.60479736328125,29.0,0.0,48.0,0.0,0.0,0.0,0.0,0.0,0.0,41.0,78.36749267578125,61.3243522644043,170.63345336914062,32.522850036621094,9.999999974752427e-07,10.001503944396973,0.0,115.23059844970703,0.0,721.22412109375,41.44208526611328,21.7617244720459,0.0,9.471790313720703,77.74516296386719,1.0,0.9717608690261841,20.0,0.0,60.0,120.0,0.0,120.0,0.0,0.0,0.0,0.0,18.10630226135254,89.19267272949219,2.0,200.0,0,0,0,0,0,0,0,0,0,0,0,0,99999,99999,25,402,1800,180,1800,0,0,-7,2,23,0,0,0,806,1424,29,31,32,0,1,0,1,0,1,0,0,1,0,0,0,0,0,1,0,0,0,0,1,0,0,0,1,0,0,0,1,0,0,0,0,0,0,0,0,0,0,0,0,1,0,1,0,0,1,1,0,0,1,1,0,1,0,1,0,1,1,0,0,1,1,0,0,1,0,1,0,0,1,1,0,1,0,0,0,0,1,0,1,0,1,0,0,0,1,0,0,0,0,0,0,1,0,0,1,0,1,0,0,1,1,0,1,0,0,1,0,0,0,1,0,1,1,1,0,0,1,0,0,0,0,0,1,1,1,0,0,0,0,0,0,0,1,0,1,0,1,0,1,0,1,0,0,0,0,0,0,0,0,1,1,1,1,0,1,0,1,1,1,1,1,1,1,0,0,0,0,0,0,1,0,1,1,1,1,1,1,1,1,1,1,1,1,0,0,1,1,0,0,1,1,0,1,1,0,0,1,1,1,0,0,0,0,1,1,1,1,0,1,1,1,1,0,0,1,0,0,1,0,1,1,0,1,1,1,1,1,1,1,1,0,1,0,0,0,0,0,0,0,0,0,0,1,0,0,1,0,0,0,0,0,0,1,1,0,0,0,0,1,0,0,0,0,0,1,0,0,1,0,0,0,0,0,0,0,0,0,0,0,0,0,0,0,0,0,0,0,0,0,0,0,0,0,0,0,0,0,0,0,1,0,0,0,0,0,0,1,0,1,0,1,1,0,0,0,0,0,0,1,0,0,0,0,0,0,0,0,1,0,0,1,0,0,0,0,1,0,0,0,0,0,0,0,0,0,0,0,0,0,0,0,0,0,0,0,0,0,0,0,0,0,0,0,0,0,0,0,0,0,0,0,0,0,0,0,0,0,0,0,0,0,0,0,0,0,0,0,0,0,0,1,0,1,0,0,0,0,0,1,0,0,0,0,0,0,0,0,0,0,0,0,0,0,0,1,0,0,0,0,0,0,0,0,0,0,0,0,0,0,1,0,0,0,0,0,0,0,0,0,0,1,0,0,0,0,0,0,0,0,0,0,0,0,0,0,0,0,0,0,0,0,0,0,0,0,0,0,0,1,0,0,0,0,0,0,1,1,1,0,0,0,0,0,0,-1,0,0,0,0,0,0,0,0,-1,0,0,-1,0,0,0,0,0,0,0,0,0,0,0,0,0,0,0,0,0,0,1,0,0,0,0,0,0,0,0,0,0,0,0,0,0,0,0,1,1,0,-1,-1,-1,1,1,1,0,0,0,0,1,0,0,1,1,0,0,0,0,1,0,0,0,0,0,0,0,0,0,0,0,0,0,0,0,0,0,0,0,0,0,0,0,0,0,0,0,0,0,1,1,0,1,0,1,1,0,1,0,1,1,0,1,0,0,1,0,0,0,0,0,0,0,0,0,0,0,0,0,0,0,0,0,0,0,0,0,0,0,0,0,0
0,1,1,300,228,8,8,228,114,25,1,0,0.0020000000949949026,4000.0,1.0,0.04500000178813934,25.0,48.0,8.0,291.70001220703125,1.7000000476837158,-3.179999907843012e-07,0.007360000163316727,0.008080000057816505,8.0,0.33000001311302185,0.0333000011742115,1.0,9.999999747378752e-06,21.0,9.999999747378752e-06,2775000064.0,9.000000136438757e-05,4.999999980020986e-13,5.0,40.0,3.0,-3.3499999046325684,3.3499999046325684,0.5,0.0004799999878741801,292.3927001953125,492.6077880859375,-0.0036125299520790577,0.002354159951210022,0.0008944629807956517,0.013157900422811508,0.800646185874939,0.02024419978260994,2650129920.0,0.006539999973028898,0,0,0,0,0,0,0,0,0,0,0,0,0,0,0,0,0,0,0,0,0,0,0,0,0,0,0,0,0,0,0,0,0,0,0,0,0,0,0,0,0,0,0,0,0,0,0,0,0,0,0,0,0,1,4,4,0,0,0,0,0,0,0,0,2,0,0.00040221176459454,285.68878173828125,302.0577392578125,304.4326171875,306.8958740234375,309.2960205078125,313.3006591796875,314.67193603515625,315.6495056152344,316.0697937011719,315.9920959472656,315.4738464355469,314.5694580078125,313.4194641113281,312.1517333984375,310.89422607421875,309.7824401855469,308.7744140625,307.81536865234375,306.8531799316406,305.8522644042969,304.7994079589844,303.7069396972656,302.59130859375,301.46881103515625,300.35589599609375,0.02804436907172203,0.03154546022415161,0.771517813205719,-0.0391077920794487,0.7565983533859253,0.8242097496986389,2319.31591796875,7.766833505229442e-07,0.17945587635040283,0.015560202300548553,0.021158337593078613,0.021483339369297028,0.019922146573662758,1.0,-1.6815581571897805e-44,-5.017898082733154,0.0,99.23158264160156,2669.31591796875,0.9449846744537354,309.4613952636719,0.0,0.0,0.0,4.599999904632568,0.0,291.70001220703125,280665.90625,-0.5473712086677551,6.244964599609375,130.28829956054688,10.0,7750000.0,8160000.0,86.12000274658203,119.0999984741211,0.5,9.999999747378752e-05,0.0,3.299999952316284,200.0,0.30000001192092896,309.20001220703125,2.439019908706541e-06,0,0,0,1,1,1,0,24,0,288.1581115722656,0.0,0.0,0.0,0.0,0.0,0.0,0.9765140414237976,0.8669171333312988,0.5271895527839661,0.22466224431991577,0.052356138825416565,0.049939557909965515,0.27533775568008423,0.2827131152153015,0.2766894996166229,1.0,25.0,24.0,6000033.5,6001576.0,6000225.5,283.65924072265625,283.912841796875,283.65338134765625,292.0308532714844,293.6635437011719,292.0287780761719,4400000.0,287.84503173828125,288.7882080078125,287.841064453125,8.371612548828125,9.750701904296875,8.375396728515625,290.7928161621094,4551.18505859375,4459.91455078125,4558.6904296875,11.016732215881348,11.061744689941406,11.030143737792969,25.6658935546875,0.0,0.0,0.0020000000949949026,283.7418212890625,292.5743713378906,-130.1197509765625,0.8920185565948486,0.9156802892684937,0.8964269161224365,265.00921630859375,39.0,40.0,42.0,41.0,0.0,0.0,5987237.5,5958185.0,56.868133544921875,5.0,0.014999999664723873,-180000.0,600.0,1000000.0,400000.0,0.17000000178813934,22000.0,786000.0,120000.0,0.0,40.0,30.0,36.810001373291016,0.5,18.399999618530273,50000.0,115692.3984375,15.113750457763672,0,0,1,0,0,0,0,10597093.0,0.0,0.0,0.0,0.0,0.0,-4779816.0,400000.0,1000000.0,1.0,1400000.0,0.0,0.3047406077384949,10620184.0,126869.6328125,10597093.0,340.31939697265625,40.007659912109375,3.033238410949707,-4779816.0,0.0,0.0,0.0,2.517461061477661,40.007659912109375,0.0,22230.939453125,1.2010046243667603,0.0,0.0,0.0,20.0,14.711517333984375,22.0,0.0,0.0,0.0,0.05000000074505806,0.02500000037252903,0.17000000178813934,15400000.0,0.5,6.25,0.0006667000125162303,2.0,2410000.0,4140000.0,4.734799861907959,0.15000000596046448,0.20000000298023224,0.2199999988079071,1.0,0.0,-1.0,0.0,5.0,20.0,30.0,50.0,74.0,80.0,86.0,9.800000190734863,500000.0,1.0499999802959792e-07,0.5,750.0,1000.0,600.0,1000.0,1150.0,32.0,32.0,37.400001525878906,10.0,10.0,0.007000000216066837,0.5049999952316284,82.0,189.26499938964844,0.0,1.5099999904632568,231.60000610351562,20.0,36.0,16.600000381469727,16.5,225.0,-0.1756729930639267,27.5,-0.1756729930639267,30.485509872436523,0.1561516970396042,11.10221004486084,-1.8332500457763672,-75.0,4.3520002365112305,13.857000350952148,189.26499938964844,93.30000305175781,2650000.0,0.8500000238418579,7.570000171661377,1,1,1,0,0,0,0,0,0,0,0,1,3,3,0,0,1,0,0,0,0,1,0,1,1,0,0,0,1,1,1,0,0,0,0,0,0,0,0,1,0,0,0,1,0,0,1,0,0,1,12.05141544342041,29051.265625,2153.516845703125,0.00041483284439891577,0.0004361289902590215,0.0006248649442568421,0.0,0.0,0.0,0.0,0.0,0.0,0.5680434703826904,1.0,0.0,0.0,1.0,1.0,0.0,0.0,1.0,1.0,0.0,1.0,0.0,0.0,1.0,0.0,0.0,0.37549981474876404,0.4791247844696045,0.0006248649442568421,0.0,0.0006233202293515205,0.0,99998.78125,99999.0,1655954.125,2410000.0,36.20000076293945,36.20000076293945,36.20000076293945,32.461055755615234,275.61175537109375,20.0,20.000240325927734,24.02353858947754,27.0,27.0,25.813934326171875,27.0,31.9208927154541,32.0,20.0,68.57752227783203,3446373.25,0.5437328219413757,7.559999942779541,0.0,8.919267654418945,0.0,0.0,40.35057830810547,1.401298464324817e-45,0.0,0.0,0.5049998760223389,0.5049998760223389,0.5049998760223389,0.18937495350837708,0.18937495350837708,0.18937495350837708,0.0,13.450179100036621,13.450179100036621,13.450179100036621,0.0,0.0,9.074999809265137,0.0,0.0,0.0,0.0,0.0,0.0,100.0,73.97314453125,0.2199999988079071,0.0,20.0,40.35057830810547,0.0,0.0,0.0,0.0,0.0,0.007000000216066837,0.0,0.0,9.074999809265137,0.0,1.7323341369628906,0.0,0.946874737739563,0.0,0.0,0.0,0.0,0.0,0.0,20.0,0.0,0.0,10299613.0,0.0,0.0,0.0,0.0,0.0,0.0,0.0,0.351500004529953,18.93000030517578,23.030000686645508,7.69199959904654e-06,0.08500000089406967,0.009999999776482582,24.0,27.0,8.800000190734863,500000.0,0.05000000074505806,2.7000000013543968e-09,2.7000000013543968e-09,145100.0,120000.0,14650000.0,86400.0,17.0,34.5,48.70000076293945,321.8999938964844,83170.0,0.0,1.0,1.0,0.0010000000474974513,725.0,0.0,0.5,0.0,0.0,57.31999969482422,837142.875,9359.77734375,117376.1015625,2623.89794921875,83026.390625,725.0,1.0204100362898316e-05,740000000.0,1,0,1,0,1,1,0,0,1,0,0,8.799991607666016,27.0,4926.1689453125,0.0,0.0,0.0,0.0,1.9791420698165894,0.00040174589958041906,0.0,0.037892088294029236,39.86882781982422,1.0,26070.1015625,9276.33203125,4.921402796753682e-05,171767792.0,968303232.0,1037737216.0,2335909376.0,-15.713237762451172,-810.1798095703125,-771846400.0,-1367606016.0,41.29741287231445,28.474903106689453,57.010650634765625,838.6546630859375,106381.3984375,4221.52490234375,147405.984375,167449.078125,124070.1015625,66.80012512207031,39.86882781982422,39.86882781982422,1.0,4.921402796753682e-05,9276.33203125,860369125376.0,0.20208488404750824,137600.0,137600.0,71882744.0,57.010650634765625,6679.9365234375,1.0,0.0,1700.0,250000.0,10000.0,1038.0,0.004999999888241291,400.0,5000.0,0,0,0,0,2959622.5,52.45438003540039,52.45438003540039,1216415.25,2785380.5,0.0,0.0,115951.765625,1.8579072952270508,5971001.0,0.0,0.0,1.0,1.0,1.8579072952270508,275.3855285644531,103.11137390136719,0.0,5957889.0,427345.84375,103.11137390136719,1.0,1.0,1.0,0.0,516.35107421875,0.0,515.23974609375,1.0,0.0,7680000.0,274.96044921875,289.7933349609375,276.8145751953125,0.967609167098999,2785380.5,333.7575378417969,104.90876007080078,1.967609167098999,0.0,275.0562438964844,1.0,0.0,-7.5742998123168945,0.0,0.0,9.999999974752427e-07,0.0,2.0,0.0003000000142492354,0.004999999888241291,0.0010000000474974513,2.0000000233721948e-07,2.0000000233721948e-07,0.0005555999814532697,993000000.0,1.0,0.05000000074505806,0.10000000149011612,0.0005000000237487257,0.0016700000269338489,0.009999999776482582,1.0,1.0,0.0010000000474974513,4.999999873689376e-05,0.00039999998989515007,0.019999999552965164,0.9891999959945679,0.9891999959945679,0.9950000047683716,0.9950000047683716,1,0,0,0,1,1,0,0,0,0,0,0,0,0,-0.007456977851688862,-7404779.0,5000.0439453125,115951.765625,0.0,2546223.0,0.0,1.0,2569281.25,0.0,0.0,60.0,180.0,1800.0,1800.0,0.0,0.0,0.0,0.0,-0.012236599810421467,0.0,0.0,0.0,0.0,0.0,0.0,0.0,0.0,0.0,0.0,0.0,6.602997746085748e-05,0.0,7.006492321624085e-44,1,1,0,1,1,1,1,1,1,1,1,0,1,0,1,1,1,1,0,1,0,1000,12,0,1,5001,60,0.0,0.0,120.0,120.0,0.0,0.0,0.4000000059604645,0.10000000149011612,0.10000000149011612,2.0,500.0,200.0,0.9900000095367432,300000.0,5000.0,45000.0,20000.0,0.019999999552965164,2.0,0.05000000074505806,0.019999999552965164,6.0,0.05000000074505806,0.019999999552965164,0.019999999552965164,88.30000305175781,0.10000000149011612,0.800000011920929,0.05000000074505806,0.009999999776482582,50.0,50.0,340.0,340.0,1000000.0,1,0,0,0,1,1,1,1,1,1,0,0,0,1,1,0,1.0,0.0,0.0,0.0,28.967599868774414,0.0,0.0,0.0,0.9168862700462341,0.9168862700462341,0.9168862700462341,5000.04296875,4069028.75,4074028.75,50.0,27.61421012878418,0.4000000059604645,0.0,0.0,0.10000000149011612,0.155494824051857,0.4925430119037628,22164.435546875,20.0,29.202341079711914,777478.25,21.68317413330078,2879.067626953125,721.22412109375,0.7774782776832581,0.9155107140541077,9.471750259399414,1.0,3220395.0,3303969.0,9.71755599975586,20.0,0.27701908349990845,27.701908111572266,0.0,636.4223022460938,660.3731079101562,100000.0,50000.0,1115.300048828125,50000.0,700.0,2000.0,2800000.0,3500000.0,4000000.0,9.999999747378752e-05,4.999999873689376e-05,500.0,20000.0,100.0,500.0,60000.0,1200.0,1.0,120.0,150000.0,3000.0,300.0,1.0,300.0,0.019999999552965164,0.019999999552965164,0.009999999776482582,0.009999999776482582,0.009999999776482582,0.019999999552965164,1.100000023841858,0.019999999552965164,4.0,0.019999999552965164,88.0,1613.0,0.009999999776482582,0.20000000298023224,3.0,5.0,600.0,0.0010000000474974513,88.0,88.0,2000.0,2340.0,-0.11599799990653992,-0.03561130166053772,-0.04758000001311302,-0.01752999983727932,1,0,1,0,0,1,1,344.089599609375,344.089599609375,1.38189697265625,1.38189697265625,0.0018465364119037986,21.68317413330078,164.04502868652344,218.08750915527344,748.1389770507812,108.60758209228516,108.60758209228516,0.4361724853515625,0.4361724853515625,260.527587890625,140.66250610351562,0.0,0.0,2663660.25,20.00048065185547,20.00048065185547,104.13660430908203,104.13660430908203,64454.0703125,64454.0703125,1.0742344856262207,1.0742344856262207,0.9289536476135254,0.9289536476135254,20.692258834838867,20.692258834838867,86578.4921875,86578.4921875,20.693300247192383,113.90933227539062,121.8443603515625,2646041.25,20.00048065185547,20.00048065185547,166.14706420898438,166.14706420898438,132.9226837158203,132.9226837158203,556161.875,556161.875,0.0,89.08138275146484,89.08138275146484,178.16461181640625,157720.640625,157720.640625,1.0514709949493408,1.0514709949493408,170.05938720703125,132.9226837158203,0.0,0.0,0.0,154.41297912597656,154.41297912597656,308.8259582519531,0.0,0.0,0.0,0.0,0.0,154.41297912597656,154.41297912597656,0.026315800845623016,0.0,0.20000000298023224,0.0,0.0,0.0,0.0,0.0,0.0,0.9599996209144592,1.0,1.0,1.0,0.9999998211860657,0.9999998211860657,0.9999998211860657,190823.15625,193232.046875,0.0,14.750001907348633,0.0,14.750001907348633,7.25,12.0,10.25,296.3810119628906,297.7510070800781,29.5,-15905.642578125,7266022.5,12224996.0,0.0,0.0,0.0,0.06570922583341599,0.06570922583341599,0.06570922583341599,0.8008098602294922,354298.125,0.9959999918937683,0.9959999918937683,0.9959999918937683,0.9959999918937683,26595.37109375,3595193.75,4472081.5,928268.3125,2606300.0,3638021.0,0.0040690284222364426,0.008148057386279106,690.9429931640625,7.25,12.0,10.25,0.0,0.0,0.0,0.0,0.0,0.0,218.08935546875,690.9552001953125,295.4895935058594,295.4895935058594,295.4895935058594,73.9793930053711,73.9793930053711,73.9793930053711,2.995180606842041,0.0,0.7563574910163879,2.9950125217437744,5.0,0.0040000081062316895,0.0040000081062316895,0.0040000081062316895,0.0040000081062316895,0.0,-0.4368000030517578,0.0,599036.125,164.04502868652344,164.04502868652344,0.0,20.0,2785206.5,7.25,12.0,10.25,20.0,20.0,20.0,0.0,0.0,0.7926306128501892,0.9211652278900146,10000.0,10000.0,0.011826000176370144,1038.5,0.027953999117016792,0.0,0.0,1.0878000259399414,1.0809999704360962,9.000000136438757e-05,103.0,33.220001220703125,1.8179999589920044,0.029999999329447746,49.0,8.329999923706055,4.159999847412109,58.0,302.0,4.5,0.699999988079071,0.4000000059604645,7.5,1.3799999952316284,2.492000102996826,7000.0,48.88999938964844,1.2000000476837158,45.0,62000.0,4590000.0,4250000.0,15900000.0,15100000.0,0.05000000074505806,0.17000000178813934,0.009999999776482582,15220000.0,1.6699999570846558,312.7799987792969,1.1100000143051147,4232.0,0.25,689000.0,4030000.0,9.829999923706055,8.550000190734863,12200000.0,231.10000610351562,88.3239974975586,633.0,1.1430000066757202,0.6858000159263611,-10.0,-3.7799999713897705,0.7799999713897705,295.5,4030000.0,12400000.0,0.9200000166893005,5.0,1,0,1,228,0,0,0,0,0,1,1,1,1,1,0,1,1,1,0,0,0,0,1,0,0,0,0,1,0,0,0,0,0,0,0,0,1,0,1,8,0,0,1,0,0.021158337593078613,6000033.5,1.0877995491027832,0.0,1.1605615615844727,288.33282470703125,0.0,-0.0017718180315569043,1,1,1,0,0,0,1,1,0,0,0,0,0,483,0.20000000298023224,0.20000000298023224,0.20000000298023224,0.0,2,0,0,0,0,0,0,0,0,0,0,0,0,0,0,0,0,0,0,0,0,0,0,0,0,0,0,0,0,0,0,0,0,0,0,0,0,0,0,0,0,0,0,0,0,0,0,0,0,0,0,1,0,0,0,0,0,0,0,0,0,0,0,0,0,0,0,0,0,0,0,0,0,0,0,0,0,0,0,0,0,0,0,0,0,0,0,0,0,0,0,0,0,0,0,0,0,0,0,0,0,0,0,0,0,0,0,0,0,0,0,0,0,0,0,0,0,0,0,0,0,0,0,0,0,0,0,0,0,0,0,0,0,0,0,0,0,0,0,0,0,0,0,1,0,0,0,0,0,0,0,0,0,0,0,-1,0,0,0,0,0,0,1,1,0,0,2.1158337593078613,-5.017898082733154,0.0,-0.5473712086677551,-1.6815581571897805e-44,291.70001220703125,288.33282470703125,309.4613952636719,-0.0391077920794487,99.23158264160156,2669.31591796875,1.0877995491027832,1.1605615615844727,-1.0,3.3671875,6.827850029367255e-06,0.037892088294029236,100.0,27.0,0.0,7.799991607666016,3.967376232147217,1.0,1.0,39.86882781982422,0.2660219371318817,20.0,4.921402796753682e-05,0.0,73.97314453125,1.7323341369628906,1.8179994821548462,0.00036938843550160527,0.6817498207092285,0.5437328219413757,16.89752197265625,8.919267654418945,0.0,0.0,0.0,20.000240325927734,44.898040771484375,275.61175537109375,20.0,0.9392963647842407,290.9881591796875,40.007659912109375,0.29459047317504883,283.8060302734375,284.06591796875,283.811767578125,292.2244873046875,293.86224365234375,292.22650146484375,100.0,8.474061012268066,22.0,108.36942291259766,288.0152587890625,288.9640808105469,288.0191345214844,340.31927490234375,30.47406005859375,25.24603843688965,108.36942291259766,0.0,0.0,0.0,0.0,76.76497650146484,76.99051666259766,76.67215728759766,61.22690200805664,61.240684509277344,61.224945068359375,27.668949127197266,28.271310806274414,27.533775329589844,99.09306335449219,96.9505386352539,98.92971801757812,36.89999771118164,43.19999694824219,26.099998474121094,277.2471923828125,290.2138977050781,275.3657531738281,29.0,0.0,48.0,0.0,0.0,0.0,0.0,0.0,0.0,41.0,78.36749267578125,60.92869186401367,170.05938720703125,32.31233215332031,9.999999974752427e-07,9.472143173217773,0.0,113.90933227539062,0.0,721.22412109375,41.57179641723633,21.68317413330078,0.0,9.471750259399414,77.7478256225586,1.0,0.9717556238174438,20.0,0.0,60.0,120.0,0.0,120.0,0.0,0.0,0.0,0.0,18.10630226135254,89.19267272949219,2.0,200.0,0,0,0,0,0,0,0,0,0,0,0,0,99999,99999,25,402,1800,180,1800,0,0,-7,2,23,0,0,0,806,1424,29,31,32,0,1,0,1,0,1,0,0,1,0,0,0,0,0,1,0,0,0,0,1,0,0,0,1,0,0,0,1,0,0,0,0,0,0,0,0,0,0,0,0,1,0,1,0,0,1,1,0,0,1,1,0,1,0,1,0,1,1,0,0,0,1,0,0,0,0,0,0,0,1,1,0,1,0,0,0,0,0,0,0,0,1,0,0,0,1,0,0,0,0,0,0,1,0,0,1,0,1,0,0,1,0,0,1,0,0,1,0,0,0,1,0,1,1,1,0,0,1,0,0,0,0,0,1,1,1,0,0,0,0,0,0,0,1,0,1,0,1,0,1,0,1,0,0,0,0,0,0,0,0,1,1,1,1,0,1,0,1,1,1,1,1,1,1,0,0,0,0,0,0,1,0,1,1,1,1,1,1,1,1,1,1,1,0,0,0,1,1,0,0,1,1,0,1,1,0,0,1,1,1,0,0,0,0,1,1,1,1,0,1,1,1,1,0,0,1,0,0,1,0,1,1,0,1,1,1,1,1,1,1,1,0,1,0,0,0,0,0,0,0,0,0,0,1,0,0,1,0,0,0,0,0,0,0,0,0,0,0,0,0,0,0,0,0,0,0,0,0,0,0,0,0,0,0,0,0,0,0,0,0,0,0,0,0,0,0,0,0,0,0,0,0,0,0,0,0,0,0,0,0,0,0,0,0,0,0,0,0,0,0,0,0,0,0,0,0,0,0,0,0,0,0,0,0,0,0,0,0,0,0,0,0,0,0,0,0,0,0,0,0,0,0,0,0,0,0,0,0,0,0,0,0,0,0,0,0,0,0,0,0,0,0,0,0,0,0,0,0,0,0,0,0,0,0,0,0,0,0,0,0,0,0,0,0,0,0,0,0,0,0,0,1,0,1,0,0,0,0,0,1,0,0,0,0,0,0,0,0,0,0,0,0,0,0,0,1,0,0,0,0,0,0,0,0,0,0,0,0,0,0,1,0,0,0,0,0,0,0,0,0,0,1,0,0,0,0,0,0,0,0,0,0,0,0,0,0,0,0,0,0,0,0,0,0,0,0,0,0,0,1,0,0,0,0,0,0,1,1,1,0,0,0,0,0,0,-1,0,0,0,0,0,0,0,0,-1,0,0,-1,0,0,0,0,0,0,0,0,0,0,0,0,0,0,0,0,0,0,1,0,0,0,0,0,0,0,0,0,0,0,0,0,0,0,0,1,1,0,-1,-1,-1,1,1,1,0,0,0,0,1,0,0,1,1,0,0,0,0,1,0,0,0,0,0,0,0,0,0,0,0,0,0,0,0,0,0,0,0,0,0,0,0,0,0,0,0,0,0,1,1,0,1,0,1,1,0,1,0,1,1,0,1,0,0,1,0,0,0,0,0,0,0,0,0,0,0,0,0,0,0,0,0,0,0,0,0,0,0,0,0,0
0,1,1,300,228,8,8,228,114,25,1,0,0.0020000000949949026,4000.0,1.0,0.04500000178813934,25.0,48.0,8.0,291.70001220703125,1.7000000476837158,-3.179999907843012e-07,0.007360000163316727,0.008080000057816505,8.0,0.33000001311302185,0.0333000011742115,1.0,9.999999747378752e-06,21.0,9.999999747378752e-06,2775000064.0,9.000000136438757e-05,4.999999980020986e-13,5.0,40.0,3.0,-3.3499999046325684,3.3499999046325684,0.5,0.0004799999878741801,292.3927001953125,492.6077880859375,-0.0036125299520790577,0.002354159951210022,0.0008944629807956517,0.013157900422811508,0.800646185874939,0.02024419978260994,2650129920.0,0.006539999973028898,0,0,0,0,0,0,0,0,0,0,0,0,0,0,0,0,0,0,0,0,0,0,0,0,0,0,0,0,0,0,0,0,0,0,0,0,0,0,0,0,0,0,0,0,0,0,0,0,0,0,0,0,0,1,4,4,0,0,0,0,0,0,0,0,2,0,0.00040231947787106037,285.20001220703125,301.16546630859375,303.4793395996094,305.8786926269531,308.21697998046875,312.12396240234375,313.4671325683594,314.42962646484375,314.8531494140625,314.7951965332031,314.31158447265625,313.4573974609375,312.3648376464844,311.1566162109375,309.95556640625,308.90106201171875,307.94189453125,307.0218811035156,306.08831787109375,305.1068420410156,304.0648193359375,302.9767761230469,301.86175537109375,300.73876953125,299.6269226074219,0.028539707884192467,0.030832283198833466,0.7715045809745789,-0.03901846706867218,0.7566298246383667,0.8202091455459595,2220.72216796875,7.436713076458545e-07,0.17604300379753113,0.014898225665092468,0.020220022648572922,0.020527036860585213,0.019970519468188286,1.0,-1.6815581571897805e-44,-5.0376739501953125,0.0,99.2298812866211,2669.467529296875,0.9450239539146423,308.4903259277344,0.0,0.0,0.0,5.1999993324279785,0.0,291.70001220703125,280666.46875,-0.5470749139785767,6.240911483764648,130.28829956054688,10.0,7750000.0,8160000.0,86.12000274658203,119.0999984741211,0.5,9.999999747378752e-05,0.0,3.299999952316284,200.0,0.30000001192092896,309.20001220703125,2.439019908706541e-06,0,0,0,1,1,1,0,24,0,287.6368713378906,0.0,0.0,0.0,0.0,0.0,0.0,0.9822393655776978,0.8668985962867737,0.5275518298149109,0.22734376788139343,0.054597847163677216,0.052110109478235245,0.27265623211860657,0.27974972128868103,0.2740229666233063,1.0,25.0,24.0,5961802.5,5963351.0,5961993.5,283.20556640625,283.458251953125,283.19915771484375,291.4462585449219,293.0677185058594,291.4443054199219,4400000.0,287.325927734375,288.26300048828125,287.32171630859375,8.240692138671875,9.609466552734375,8.245147705078125,290.2144470214844,4552.96240234375,4461.01025390625,4560.45947265625,10.989090919494629,11.031839370727539,11.002699851989746,25.768280029296875,0.0,0.0,0.0020000000949949026,283.28765869140625,291.986083984375,-127.14751434326172,0.8830854892730713,0.9058380126953125,0.8875454664230347,265.2689208984375,39.0,40.0,42.0,41.0,0.0,0.0,5949158.5,5920052.0,56.67878341674805,5.0,0.014999999664723873,-180000.0,600.0,1000000.0,400000.0,0.17000000178813934,22000.0,786000.0,120000.0,0.0,40.0,30.0,36.810001373291016,0.5,18.399999618530273,50000.0,115692.3984375,15.113750457763672,0,0,1,0,0,0,0,10529439.0,0.0,0.0,0.0,0.0,0.0,-4848281.0,400000.0,1000000.0,1.0,1400000.0,0.0,0.30052319169044495,10551719.0,126869.6328125,10529439.0,340.3197021484375,40.007659912109375,2.991393804550171,-4848281.0,0.0,0.0,0.0,2.4963645935058594,40.007659912109375,0.0,22230.939453125,1.2010046243667603,0.0,0.0,0.0,20.0,14.711517333984375,22.0,0.0,0.0,0.0,0.05000000074505806,0.02500000037252903,0.17000000178813934,15400000.0,0.5,6.25,0.0006667000125162303,2.0,2410000.0,4140000.0,4.734799861907959,0.15000000596046448,0.20000000298023224,0.2199999988079071,1.0,0.0,-1.0,0.0,5.0,20.0,30.0,50.0,74.0,80.0,86.0,9.800000190734863,500000.0,1.0499999802959792e-07,0.5,750.0,1000.0,600.0,1000.0,1150.0,32.0,32.0,37.400001525878906,10.0,10.0,0.007000000216066837,0.5049999952316284,82.0,189.26499938964844,0.0,1.5099999904632568,231.60000610351562,20.0,36.0,16.600000381469727,16.5,225.0,-0.1756729930639267,27.5,-0.1756729930639267,30.485509872436523,0.1561516970396042,11.10221004486084,-1.8332500457763672,-75.0,4.3520002365112305,13.857000350952148,189.26499938964844,93.30000305175781,2650000.0,0.8500000238418579,7.570000171661377,1,1,1,0,0,0,0,0,0,0,0,1,3,3,0,0,1,0,0,0,0,1,0,1,1,0,0,0,1,1,1,0,0,0,0,0,0,0,0,1,0,0,0,1,0,0,1,0,0,1,12.05141544342041,29051.265625,2153.50146484375,0.00041483284439891577,0.0004361289902590215,0.0006248649442568421,0.0,0.0,0.0,0.0,0.0,0.0,0.5660772919654846,1.0,0.0,0.0,1.0,1.0,0.0,0.0,1.0,1.0,0.0,1.0,0.0,0.0,1.0,0.0,0.0,0.3694741427898407,0.4714362323284149,0.0006248649442568421,0.0,0.0006233322201296687,0.0,99998.78125,99999.0,1629381.0,2410000.0,36.20000076293945,36.20000076293945,36.20000076293945,32.455814361572266,275.15625,20.0,20.000123977661133,24.023509979248047,27.0,27.0,25.813919067382812,27.0,31.921506881713867,32.0,20.0,68.57752227783203,3446349.25,0.5438784956932068,7.559999942779541,0.0,8.919121742248535,0.0,0.0,40.66693878173828,1.401298464324817e-45,0.0,0.0,0.5049998760223389,0.5049998760223389,0.5049998760223389,0.18937495350837708,0.18937495350837708,0.18937495350837708,0.0,13.555632591247559,13.555632591247559,13.555632591247559,0.0,0.0,9.074999809265137,0.0,0.0,0.0,0.0,0.0,0.0,100.0,73.97314453125,0.2199999988079071,0.0,20.0,40.66693878173828,0.0,0.0,0.0,0.0,0.0,0.007000000216066837,0.0,0.0,9.074999809265137,0.0,1.7323341369628906,0.0,0.946874737739563,0.0,0.0,0.0,0.0,0.0,0.0,20.0,0.0,0.0,10232182.0,0.0,0.0,0.0,0.0,0.0,0.0,0.0,0.351500004529953,18.93000030517578,23.030000686645508,7.69199959904654e-06,0.08500000089406967,0.009999999776482582,24.0,27.0,8.800000190734863,500000.0,0.05000000074505806,2.7000000013543968e-09,2.7000000013543968e-09,145100.0,120000.0,14650000.0,86400.0,17.0,34.5,48.70000076293945,321.8999938964844,83170.0,0.0,1.0,1.0,0.0010000000474974513,725.0,0.0,0.5,0.0,0.0,57.31999969482422,837142.875,9359.77734375,117376.1015625,2623.89794921875,83026.390625,725.0,1.0204100362898316e-05,740000000.0,1,0,1,0,1,1,0,0,1,0,0,8.799991607666016,27.0,4960.3369140625,0.0,0.0,0.0,0.0,1.992885947227478,0.0004017483734060079,0.0,0.03815491124987602,39.87698745727539,1.0,26072.7734375,9337.638671875,4.955544136464596e-05,169236320.0,955904320.0,1024960192.0,2324463360.0,-15.203868865966797,-806.0045166015625,-763071744.0,-1368558976.0,41.613773345947266,28.474903106689453,56.81764221191406,834.4794311523438,106381.3984375,4223.2568359375,147438.4375,167483.34375,124072.7734375,67.40011596679688,39.87698745727539,39.87698745727539,1.0,4.955544136464596e-05,9337.638671875,857295224832.0,0.20213069021701813,137600.0,137600.0,71504768.0,56.81764221191406,6682.5517578125,1.0,0.0,1700.0,250000.0,10000.0,1038.0,0.004999999888241291,400.0,5000.0,0,0,0,0,2959622.5,52.14028549194336,52.14028549194336,1216415.25,2785597.0,0.0,0.0,113882.5703125,1.5431480407714844,5932714.0,0.0,0.0,1.0,1.0,1.5431480407714844,275.3855285644531,102.60432434082031,0.0,5957889.0,425185.5,102.60432434082031,1.0,1.0,1.0,0.0,513.0310668945312,0.0,511.9331970214844,1.0,0.0,7680000.0,273.64227294921875,288.4229736328125,275.4625244140625,0.9713426828384399,2785597.0,332.8004455566406,104.28057098388672,1.97134268283844,0.0,274.6379699707031,1.0,0.0,-7.5742998123168945,0.0,0.0,9.999999974752427e-07,0.0,2.0,0.0003000000142492354,0.004999999888241291,0.0010000000474974513,2.0000000233721948e-07,2.0000000233721948e-07,0.0005555999814532697,993000000.0,1.0,0.05000000074505806,0.10000000149011612,0.0005000000237487257,0.0016700000269338489,0.009999999776482582,1.0,1.0,0.0010000000474974513,4.999999873689376e-05,0.00039999998989515007,0.019999999552965164,0.9891999959945679,0.9891999959945679,0.9950000047683716,0.9950000047683716,1,0,0,0,1,1,0,0,0,0,0,0,0,0,-0.007456977851688862,-7404779.0,5000.041015625,113882.5703125,0.0,2546223.0,0.0,1.0,2569281.25,0.0,0.0,60.0,180.0,1800.0,1800.0,0.0,0.0,0.0,0.0,-0.012236599810421467,0.0,0.0,0.0,0.0,0.0,0.0,0.0,0.0,0.0,0.0,0.0,6.602997746085748e-05,0.0,7.006492321624085e-44,1,1,0,1,1,1,1,1,1,1,1,0,1,0,1,1,1,1,0,1,0,1000,12,0,1,5001,63,0.0,0.0,120.0,120.0,0.0,0.0,0.4000000059604645,0.10000000149011612,0.10000000149011612,2.0,500.0,200.0,0.9900000095367432,300000.0,5000.0,45000.0,20000.0,0.019999999552965164,2.0,0.05000000074505806,0.019999999552965164,6.0,0.05000000074505806,0.019999999552965164,0.019999999552965164,88.30000305175781,0.10000000149011612,0.800000011920929,0.05000000074505806,0.009999999776482582,50.0,50.0,340.0,340.0,1000000.0,1,0,0,0,1,1,1,1,1,1,0,0,0,1,1,0,1.0,0.0,0.0,0.0,29.089563369750977,0.0,0.0,0.0,0.9167641997337341,0.9167641997337341,0.9167641997337341,5000.0400390625,4081958.0,4086958.0,50.0,27.61417007446289,0.4000000059604645,0.0,0.0,0.10000000149011612,0.15449775755405426,0.4925430119037628,22164.435546875,20.0,29.202341079711914,777511.25,21.609519958496094,2867.651611328125,721.2241821289062,0.7775112390518188,0.9152507185935974,9.471710205078125,1.0,3220381.5,3303951.0,9.71750259399414,20.0,0.2770656645298004,27.706565856933594,0.0,636.4223022460938,683.6300659179688,100000.0,50000.0,1115.300048828125,50000.0,700.0,2000.0,2800000.0,3500000.0,4000000.0,9.999999747378752e-05,4.999999873689376e-05,500.0,20000.0,100.0,500.0,60000.0,1200.0,1.0,120.0,150000.0,3000.0,300.0,1.0,300.0,0.019999999552965164,0.019999999552965164,0.009999999776482582,0.009999999776482582,0.009999999776482582,0.019999999552965164,1.100000023841858,0.019999999552965164,4.0,0.019999999552965164,88.0,1613.0,0.009999999776482582,0.20000000298023224,3.0,5.0,600.0,0.0010000000474974513,88.0,88.0,2000.0,2340.0,-0.11599799990653992,-0.03561130166053772,-0.04758000001311302,-0.01752999983727932,1,0,1,0,0,1,1,336.2970275878906,336.2970275878906,1.3505859375,1.3505859375,0.001748883631080389,21.609519958496094,164.03497314453125,206.99705505371094,731.114501953125,103.08453369140625,103.08453369140625,0.41399383544921875,0.41399383544921875,246.93963623046875,126.0038833618164,0.0,0.0,2663660.25,20.00048065185547,20.00048065185547,103.56758117675781,103.56758117675781,64401.359375,64401.359375,1.073356032371521,1.073356032371521,0.7715740203857422,0.7715740203857422,20.164201736450195,20.164201736450195,84369.046875,84369.046875,20.16518783569336,112.67333221435547,120.22443389892578,2646249.5,20.00048065185547,20.00048065185547,165.98670959472656,165.98670959472656,131.29347229003906,131.29347229003906,549345.0625,549345.0625,0.0,88.02723693847656,88.02723693847656,176.0562286376953,157659.578125,157659.578125,1.051063895225525,1.051063895225525,169.53170776367188,131.29347229003906,0.0,0.0,0.0,153.19168090820312,153.19168090820312,306.38336181640625,0.0,0.0,0.0,0.0,0.0,153.19168090820312,153.19168090820312,0.026315800845623016,0.0,0.20000000298023224,0.0,0.0,0.0,0.0,0.0,0.0,0.9599996209144592,1.0,1.0,1.0,0.9999998211860657,0.9999998211860657,0.9999998211860657,190822.765625,193231.53125,0.0,14.750001907348633,0.0,14.750001907348633,7.25,12.0,10.25,296.3810119628906,297.7510070800781,29.5,-36233.39453125,7341476.5,12224996.0,0.0,0.0,0.0,0.05813531205058098,0.05813531205058098,0.05813531205058098,0.8472317457199097,341034.15625,0.9959999918937683,0.9959999918937683,0.9959999918937683,0.9959999918937683,0.0,3615468.5,4411588.0,879441.875,2606300.0,3642015.75,0.004081957973539829,0.008173915557563305,675.2952270507812,7.25,12.0,10.25,0.0,0.0,0.0,0.0,0.0,0.0,206.99880981445312,675.3074951171875,291.20318603515625,291.20318603515625,291.20318603515625,151.39404296875,151.39404296875,151.39404296875,2.9957096576690674,0.0,0.753570020198822,2.9955294132232666,5.0,0.0040000081062316895,0.0040000081062316895,0.0040000081062316895,0.0040000081062316895,0.0,-0.4368000030517578,0.0,599141.9375,164.03497314453125,164.03497314453125,0.0,20.0,2785428.0,7.25,12.0,10.25,20.0,20.0,20.0,0.0,0.0,0.7926306128501892,0.9211652278900146,10000.0,10000.0,0.011826000176370144,1038.5,0.027953999117016792,0.0,0.0,1.0878000259399414,1.0809999704360962,9.000000136438757e-05,103.0,33.220001220703125,1.8179999589920044,0.029999999329447746,49.0,8.329999923706055,4.159999847412109,58.0,302.0,4.5,0.699999988079071,0.4000000059604645,7.5,1.3799999952316284,2.492000102996826,7000.0,48.88999938964844,1.2000000476837158,45.0,62000.0,4590000.0,4250000.0,15900000.0,15100000.0,0.05000000074505806,0.17000000178813934,0.009999999776482582,15220000.0,1.6699999570846558,312.7799987792969,1.1100000143051147,4232.0,0.25,689000.0,4030000.0,9.829999923706055,8.550000190734863,12200000.0,231.10000610351562,88.3239974975586,633.0,1.1430000066757202,0.6858000159263611,-10.0,-3.7799999713897705,0.7799999713897705,295.5,4030000.0,12400000.0,0.9200000166893005,5.0,1,0,1,228,0,0,0,0,0,1,1,1,1,1,0,1,1,1,0,0,0,0,1,0,0,0,0,1,0,0,0,0,0,0,0,0,1,0,1,8,0,0,1,0,0.020220022648572922,5961802.5,1.0877995491027832,0.0,1.1673412322998047,287.81011962890625,0.0,-0.001668231445364654,1,1,1,0,0,0,1,1,0,0,0,0,0,486,0.20000000298023224,0.20000000298023224,0.20000000298023224,0.0,2,0,0,0,0,0,0,0,0,0,0,0,0,0,0,0,0,0,0,0,0,0,0,0,0,0,0,0,0,0,0,0,0,0,0,0,0,0,0,0,0,0,0,0,0,0,0,0,0,0,0,1,0,0,0,0,0,0,0,0,0,0,0,0,0,0,0,0,0,0,0,0,0,0,0,0,0,0,0,0,0,0,0,0,0,0,0,0,0,0,0,0,0,0,0,0,0,0,0,0,0,0,0,0,0,0,0,0,0,0,0,0,0,0,0,0,0,0,0,0,0,0,0,0,0,0,0,0,0,0,0,0,0,0,0,0,0,0,0,0,0,0,0,1,0,0,0,0,0,0,0,0,0,0,0,-1,0,0,0,0,0,0,1,1,0,0,2.0220022201538086,-5.0376739501953125,0.0,-0.5470749139785767,-1.6815581571897805e-44,291.70001220703125,287.81011962890625,308.4903259277344,-0.03901846706867218,99.2298812866211,2669.467529296875,1.0877995491027832,1.1673412322998047,-1.0,3.889892578125,6.827850029367255e-06,0.03815491124987602,100.0,27.0,0.0,7.799991607666016,3.9702370166778564,1.0,1.0,39.87698745727539,0.26604920625686646,20.0,4.955544136464596e-05,0.0,73.97314453125,1.7323341369628906,1.8179994821548462,0.00036938843550160527,0.6817498207092285,0.5438784956932068,16.626367568969727,8.919121742248535,0.0,0.0,0.0,20.000123977661133,44.898040771484375,275.15625,20.0,0.9386845231056213,290.4059753417969,40.007659912109375,0.29459047317504883,283.34991455078125,283.6092529296875,283.35626220703125,291.6385192871094,293.2662048339844,291.6405944824219,100.0,8.052319526672363,22.0,107.6707992553711,287.49420166015625,288.437744140625,287.4984130859375,340.319580078125,30.052318572998047,25.03341293334961,107.6707992553711,0.0,0.0,0.0,0.0,76.57746124267578,76.78578186035156,76.4832992553711,60.8367805480957,60.85063171386719,60.83483123779297,27.40229606628418,27.974971771240234,27.265623092651367,99.1317138671875,96.97440338134766,98.96869659423828,36.89999771118164,43.19999694824219,26.099998474121094,275.91668701171875,288.8675537109375,274.06640625,29.0,0.0,48.0,0.0,0.0,0.0,0.0,0.0,0.0,41.0,78.36749267578125,60.53800964355469,169.53170776367188,32.10457229614258,9.999999974752427e-07,8.973913192749023,0.0,112.67333221435547,0.0,721.2241821289062,41.70372772216797,21.609519958496094,0.0,9.471710205078125,77.7511215209961,1.0,0.9717502593994141,20.0,0.0,60.0,120.0,0.0,120.0,0.0,0.0,0.0,0.0,18.11115264892578,89.19121551513672,2.0,200.0,0,0,0,0,0,0,0,0,0,0,0,0,99999,99999,25,402,1800,180,1800,0,0,-7,2,23,0,0,0,806,1424,29,31,32,0,1,0,1,0,1,0,0,1,0,0,0,0,0,1,0,0,0,0,1,0,0,0,1,0,0,0,1,0,0,0,0,0,0,0,0,0,0,0,0,1,0,1,0,0,1,1,0,0,1,1,0,1,0,1,0,1,1,0,0,0,1,0,0,0,0,0,0,0,1,1,0,1,0,0,0,0,0,0,0,0,1,0,0,0,1,0,0,0,0,0,0,1,0,0,1,0,1,0,0,1,0,0,1,0,0,1,0,0,0,1,0,1,1,1,0,0,1,0,0,0,0,0,1,1,1,0,0,0,0,0,0,0,1,0,1,0,1,0,1,0,1,0,0,0,0,0,0,0,0,1,1,1,1,0,1,0,1,1,1,1,1,1,1,0,0,0,0,0,0,1,0,1,1,1,1,1,1,1,1,1,1,1,0,0,0,1,1,0,0,1,1,0,1,1,0,0,1,1,1,0,0,0,0,1,1,1,1,0,1,1,1,1,0,0,1,0,0,1,0,1,1,0,1,1,1,1,1,1,1,1,0,1,0,0,0,0,0,0,0,0,0,0,1,0,0,1,0,0,0,0,0,1,0,0,1,0,0,0,0,0,0,0,0,0,0,0,0,0,0,0,0,0,0,0,0,0,0,0,0,0,1,0,0,0,0,1,0,0,0,1,0,0,0,0,0,0,0,0,0,0,0,0,0,0,0,0,0,0,0,0,0,0,0,0,0,0,0,0,0,0,0,0,0,0,0,1,0,0,0,0,0,0,0,0,0,0,0,0,0,0,0,0,0,0,0,0,0,0,0,0,0,0,0,0,0,0,0,0,0,0,0,0,0,0,0,0,0,0,0,0,0,0,0,0,0,0,0,0,0,0,0,0,0,0,0,0,0,0,0,0,1,0,1,0,0,0,0,0,1,0,0,0,0,0,0,0,0,0,0,0,0,0,0,0,1,0,0,0,0,0,0,0,0,0,0,0,0,0,0,1,0,0,0,0,0,0,0,0,0,0,1,0,0,0,0,0,0,0,0,0,0,0,0,0,0,0,0,0,0,0,0,0,0,0,0,0,0,0,1,0,0,0,0,0,0,1,1,1,0,0,0,0,0,0,-1,0,0,0,0,0,0,0,0,-1,0,0,-1,0,0,0,0,0,0,0,0,0,0,0,0,0,0,0,0,0,0,1,0,0,0,0,0,0,0,0,0,0,0,0,0,0,0,0,1,1,0,-1,-1,-1,1,1,1,0,0,0,0,1,0,0,1,1,0,0,0,0,1,0,0,0,0,0,0,0,0,0,0,0,0,0,0,0,0,0,0,0,0,0,0,0,0,0,0,0,0,0,1,1,0,1,0,1,1,0,1,0,1,1,0,1,0,0,1,0,0,0,0,0,0,0,0,0,0,0,0,0,0,0,0,0,0,0,0,0,0,0,0,0,0
0,1,1,300,228,8,8,228,114,25,1,0,0.0020000000949949026,4000.0,1.0,0.04500000178813934,25.0,48.0,8.0,291.70001220703125,1.7000000476837158,-3.179999907843012e-07,0.007360000163316727,0.008080000057816505,8.0,0.33000001311302185,0.0333000011742115,1.0,9.999999747378752e-06,21.0,9.999999747378752e-06,2775000064.0,9.000000136438757e-05,4.999999980020986e-13,5.0,40.0,3.0,-3.3499999046325684,3.3499999046325684,0.5,0.0004799999878741801,292.3927001953125,492.6077880859375,-0.0036125299520790577,0.002354159951210022,0.0008944629807956517,0.013157900422811508,0.800646185874939,0.02024419978260994,2650129920.0,0.006539999973028898,0,0,0,0,0,0,0,0,0,0,0,0,0,0,0,0,0,0,0,0,0,0,0,0,0,0,0,0,0,0,0,0,0,0,0,0,0,0,0,0,0,0,0,0,0,0,0,0,0,0,0,0,0,1,4,4,0,0,0,0,0,0,0,0,2,0,0.00040231947787106037,284.72216796875,300.3016052246094,302.5585021972656,304.8982238769531,307.1787414550781,310.994384765625,312.31103515625,313.2590026855469,313.68505859375,313.64495849609375,313.19317626953125,312.3852844238281,311.345947265625,310.1929931640625,309.04437255859375,308.0431823730469,307.12957763671875,306.2459716796875,305.339111328125,304.3757629394531,303.3438720703125,302.2598876953125,301.1454162597656,300.0219421386719,298.9110412597656,0.029031744226813316,0.030156917870044708,0.7714913487434387,-0.038923006504774094,0.7566612958908081,0.8162707090377808,2127.119384765625,7.123022669475176e-07,0.17269158363342285,0.014274525456130505,0.019333675503730774,0.01962347887456417,0.020022114738821983,1.0,-1.6815581571897805e-44,-5.057223796844482,0.0,99.22820281982422,2669.617919921875,0.9450632333755493,307.54949951171875,0.0,0.0,0.0,5.799998760223389,0.0,291.70001220703125,280667.03125,-0.5467745065689087,6.236873626708984,130.28829956054688,10.0,7750000.0,8160000.0,86.12000274658203,119.0999984741211,0.5,9.999999747378752e-05,0.0,3.299999952316284,200.0,0.30000001192092896,309.20001220703125,2.439019908706541e-06,0,0,0,1,1,1,0,24,0,287.12054443359375,0.0,0.0,0.0,0.0,0.0,0.0,0.9883542656898499,0.8668798804283142,0.5279186367988586,0.2302178144454956,0.05686738342046738,0.05431126058101654,0.2697821855545044,0.27659812569618225,0.27116653323173523,1.0,25.0,24.0,5924002.5,5925555.5,5924192.0,282.7567138671875,283.00836181640625,282.74951171875,290.86810302734375,292.474609375,290.865966796875,4400000.0,286.8124084472656,287.7414855957031,286.8077392578125,8.11138916015625,9.46624755859375,8.116455078125,289.647705078125,4554.740234375,4462.1630859375,4562.2236328125,10.960124015808105,11.000648498535156,10.973953247070312,25.87042236328125,0.0,0.0,0.0020000000949949026,282.83819580078125,291.40289306640625,-123.97699737548828,0.8735541105270386,0.895408034324646,0.8780746459960938,265.3448181152344,39.0,40.0,42.0,41.0,0.0,0.0,5911491.5,5882334.5,56.495784759521484,5.0,0.014999999664723873,-180000.0,600.0,1000000.0,400000.0,0.17000000178813934,22000.0,786000.0,120000.0,0.0,40.0,30.0,36.810001373291016,0.5,18.399999618530273,50000.0,115692.3984375,15.113750457763672,0,0,1,0,0,0,0,10464273.0,0.0,0.0,0.0,0.0,0.0,-4914286.0,400000.0,1000000.0,1.0,1400000.0,0.0,0.2964056432247162,10485714.0,126869.6328125,10464273.0,340.31988525390625,40.007659912109375,2.9505624771118164,-4914286.0,0.0,0.0,0.0,2.4757790565490723,40.007659912109375,0.0,22230.939453125,1.2010046243667603,0.0,0.0,0.0,20.0,14.711517333984375,22.0,0.0,0.0,0.0,0.05000000074505806,0.02500000037252903,0.17000000178813934,15400000.0,0.5,6.25,0.0006667000125162303,2.0,2410000.0,4140000.0,4.734799861907959,0.15000000596046448,0.20000000298023224,0.2199999988079071,1.0,0.0,-1.0,0.0,5.0,20.0,30.0,50.0,74.0,80.0,86.0,9.800000190734863,500000.0,1.0499999802959792e-07,0.5,750.0,1000.0,600.0,1000.0,1150.0,32.0,32.0,37.400001525878906,10.0,10.0,0.007000000216066837,0.5049999952316284,82.0,189.26499938964844,0.0,1.5099999904632568,231.60000610351562,20.0,36.0,16.600000381469727,16.5,225.0,-0.1756729930639267,27.5,-0.1756729930639267,30.485509872436523,0.1561516970396042,11.10221004486084,-1.8332500457763672,-75.0,4.3520002365112305,13.857000350952148,189.26499938964844,93.30000305175781,2650000.0,0.8500000238418579,7.570000171661377,1,1,1,0,0,0,0,0,0,0,0,1,3,3,0,0,1,0,0,0,0,1,0,1,1,0,0,0,1,1,1,0,0,0,0,0,0,0,0,1,0,0,0,1,0,0,1,0,0,1,12.05141544342041,29051.265625,2153.486083984375,0.00041483284439891577,0.0004361289902590215,0.0006248649442568421,0.0,0.0,0.0,0.0,0.0,0.0,0.5642107725143433,1.0,0.0,0.0,1.0,1.0,0.0,0.0,1.0,1.0,0.0,1.0,0.0,0.0,1.0,0.0,0.0,0.36354511976242065,0.463871031999588,0.0006248649442568421,0.0,0.0006233430467545986,0.0,99998.78125,99999.0,1603234.0,2410000.0,36.20000076293945,36.20000076293945,36.20000076293945,32.4505729675293,274.70587158203125,20.0,20.000064849853516,24.023487091064453,27.0,27.0,25.813913345336914,27.0,31.922060012817383,32.0,20.0,68.57752227783203,3446324.5,0.5438784956932068,7.559999942779541,0.0,8.919121742248535,0.0,0.0,40.95674514770508,1.401298464324817e-45,0.0,0.0,0.5049998760223389,0.5049998760223389,0.5049998760223389,0.18937495350837708,0.18937495350837708,0.18937495350837708,0.0,13.652234077453613,13.652234077453613,13.652234077453613,0.0,0.0,9.074999809265137,0.0,0.0,0.0,0.0,0.0,0.0,100.0,73.97314453125,0.2199999988079071,0.0,20.0,40.95674514770508,0.0,0.0,0.0,0.0,0.0,0.007000000216066837,0.0,0.0,9.074999809265137,0.0,1.7323341369628906,0.0,0.946874737739563,0.0,0.0,0.0,0.0,0.0,0.0,20.0,0.0,0.0,10167400.0,0.0,0.0,0.0,0.0,0.0,0.0,0.0,0.351500004529953,18.93000030517578,23.030000686645508,7.69199959904654e-06,0.08500000089406967,0.009999999776482582,24.0,27.0,8.800000190734863,500000.0,0.05000000074505806,2.7000000013543968e-09,2.7000000013543968e-09,145100.0,120000.0,14650000.0,86400.0,17.0,34.5,48.70000076293945,321.8999938964844,83170.0,0.0,1.0,1.0,0.0010000000474974513,725.0,0.0,0.5,0.0,0.0,57.31999969482422,837142.875,9359.77734375,117376.1015625,2623.89794921875,83026.390625,725.0,1.0204100362898316e-05,740000000.0,1,0,1,0,1,1,0,0,1,0,0,8.799991607666016,27.0,4994.39013671875,0.0,0.0,0.0,0.0,2.0065860748291016,0.000401750992750749,0.0,0.038416847586631775,39.884788513183594,1.0,26075.34375,9398.740234375,4.989570516045205e-05,166829024.0,943228992.0,1011916544.0,2312760832.0,-14.726577758789062,-801.7408447265625,-753734464.0,-1369531648.0,41.90357971191406,28.474903106689453,56.630157470703125,830.2158203125,106381.3984375,4224.91259765625,147470.828125,167516.109375,124075.34375,68.00010681152344,39.884788513183594,39.884788513183594,1.0,4.989570516045205e-05,9398.740234375,854237511680.0,0.20217634737491608,137600.0,137600.0,71136368.0,56.630157470703125,6685.05126953125,1.0,0.0,1700.0,250000.0,10000.0,1038.0,0.004999999888241291,400.0,5000.0,0,0,0,0,2959622.5,51.828067779541016,51.828067779541016,1216415.25,2785803.5,0.0,0.0,112051.8828125,1.2817140817642212,5894863.5,0.0,0.0,1.0,1.0,1.2817140817642212,275.3855285644531,102.14961242675781,0.0,5957889.0,423248.875,102.14961242675781,1.0,1.0,1.0,0.0,509.750244140625,0.0,508.6643371582031,1.0,0.0,7680000.0,272.2908935546875,286.99700927734375,274.07830810546875,0.9746458530426025,2785803.5,331.7154846191406,103.65613555908203,1.9746458530426025,0.0,274.2222595214844,1.0,0.0,-7.5742998123168945,0.0,0.0,9.999999974752427e-07,0.0,2.0,0.0003000000142492354,0.004999999888241291,0.0010000000474974513,2.0000000233721948e-07,2.0000000233721948e-07,0.0005555999814532697,993000000.0,1.0,0.05000000074505806,0.10000000149011612,0.0005000000237487257,0.0016700000269338489,0.009999999776482582,1.0,1.0,0.0010000000474974513,4.999999873689376e-05,0.00039999998989515007,0.019999999552965164,0.9891999959945679,0.9891999959945679,0.9950000047683716,0.9950000047683716,1,0,0,0,1,1,0,0,0,0,0,0,0,0,-0.007456977851688862,-7404779.0,5000.0380859375,112051.8828125,0.0,2546223.0,0.0,1.0,2569281.25,0.0,0.0,60.0,180.0,1800.0,1800.0,0.0,0.0,0.0,0.0,-0.012236599810421467,0.0,0.0,0.0,0.0,0.0,0.0,0.0,0.0,0.0,0.0,0.0,6.602997746085748e-05,0.0,7.006492321624085e-44,1,1,0,1,1,1,1,1,1,1,1,0,1,0,1,1,1,1,0,1,0,1000,13,0,1,5001,66,0.0,0.0,120.0,120.0,0.0,0.0,0.4000000059604645,0.10000000149011612,0.10000000149011612,2.0,500.0,200.0,0.9900000095367432,300000.0,5000.0,45000.0,20000.0,0.019999999552965164,2.0,0.05000000074505806,0.019999999552965164,6.0,0.05000000074505806,0.019999999552965164,0.019999999552965164,88.30000305175781,0.10000000149011612,0.800000011920929,0.05000000074505806,0.009999999776482582,50.0,50.0,340.0,340.0,1000000.0,1,0,0,0,1,1,1,1,1,1,0,0,0,1,1,0,1.0,0.0,0.0,0.0,29.205503463745117,0.0,0.0,0.0,0.9166325926780701,0.9166325926780701,0.9166325926780701,5000.037109375,4095050.0,4100050.0,50.0,27.6141300201416,0.4000000059604645,0.0,0.0,0.10000000149011612,0.15351207554340363,0.4925430119037628,22164.435546875,20.0,29.202341079711914,777550.3125,21.54043197631836,2856.958740234375,721.2241821289062,0.7775503396987915,0.9149712920188904,9.471671104431152,1.0,3220368.0,3303933.0,9.717450141906738,20.0,0.2771122455596924,27.711223602294922,0.0,636.4223022460938,707.343505859375,100000.0,50000.0,1115.300048828125,50000.0,700.0,2000.0,2800000.0,3500000.0,4000000.0,9.999999747378752e-05,4.999999873689376e-05,500.0,20000.0,100.0,500.0,60000.0,1200.0,1.0,120.0,150000.0,3000.0,300.0,1.0,300.0,0.019999999552965164,0.019999999552965164,0.009999999776482582,0.009999999776482582,0.009999999776482582,0.019999999552965164,1.100000023841858,0.019999999552965164,4.0,0.019999999552965164,88.0,1613.0,0.009999999776482582,0.20000000298023224,3.0,5.0,600.0,0.0010000000474974513,88.0,88.0,2000.0,2340.0,-0.11599799990653992,-0.03561130166053772,-0.04758000001311302,-0.01752999983727932,1,0,1,0,0,1,1,328.7828063964844,328.7828063964844,1.320404052734375,1.320404052734375,0.0016569736180827022,21.54043197631836,164.0244903564453,196.55880737304688,714.51708984375,97.88628387451172,97.88628387451172,0.39311981201171875,0.39311981201171875,234.15121459960938,112.35570526123047,0.0,0.0,2663660.25,20.00048065185547,20.00048065185547,103.04888153076172,103.04888153076172,64349.19140625,64349.19140625,1.0724865198135376,1.0724865198135376,0.6408570408821106,0.6408570408821106,19.57428550720215,19.57428550720215,81900.7734375,81900.7734375,19.575220108032227,111.51873779296875,118.65371704101562,2646448.75,20.00048065185547,20.00048065185547,165.84580993652344,165.84580993652344,129.66958618164062,129.66958618164062,542550.5625,542550.5625,0.0,86.98382568359375,86.98382568359375,173.9693145751953,157599.0625,157599.0625,1.0506603717803955,1.0506603717803955,169.04736328125,129.66958618164062,0.0,0.0,0.0,151.98110961914062,151.98110961914062,303.96221923828125,0.0,0.0,0.0,0.0,0.0,151.98110961914062,151.98110961914062,0.026315800845623016,0.0,0.20000000298023224,0.0,0.0,0.0,0.0,0.0,0.0,0.9599996209144592,1.0,1.0,1.0,0.9999998211860657,0.9999998211860657,0.9999998211860657,190822.390625,193231.0,0.0,14.750001907348633,0.0,14.750001907348633,7.25,12.0,10.25,296.3810119628906,297.7510070800781,29.5,-55557.078125,7411153.5,12224996.0,0.0,0.0,0.0,0.05143440142273903,0.05143440142273903,0.05143440142273903,0.8944889903068542,328509.4375,0.9959999918937683,0.9959999918937683,0.9959999918937683,0.9959999918937683,14420.3056640625,3635185.75,4359707.5,833486.875,2606300.0,3649154.0,0.004095050040632486,0.008200099691748619,660.2064208984375,7.25,12.0,10.25,0.0,0.0,0.0,0.0,0.0,0.0,196.5604705810547,660.2186889648438,286.83758544921875,286.83758544921875,286.83758544921875,66.6566162109375,66.6566162109375,66.6566162109375,2.9962737560272217,0.0,0.7511071562767029,2.996082067489624,5.0,0.0040000081062316895,0.0040000081062316895,0.0040000081062316895,0.0040000081062316895,0.0,-0.4368000030517578,0.0,599254.75,164.0244903564453,164.0244903564453,0.0,20.0,2785640.0,7.25,12.0,10.25,20.0,20.0,20.0,0.0,0.0,0.7926306128501892,0.9211652278900146,10000.0,10000.0,0.011826000176370144,1038.5,0.027953999117016792,0.0,0.0,1.0878000259399414,1.0809999704360962,9.000000136438757e-05,103.0,33.220001220703125,1.8179999589920044,0.029999999329447746,49.0,8.329999923706055,4.159999847412109,58.0,302.0,4.5,0.699999988079071,0.4000000059604645,7.5,1.3799999952316284,2.492000102996826,7000.0,48.88999938964844,1.2000000476837158,45.0,62000.0,4590000.0,4250000.0,15900000.0,15100000.0,0.05000000074505806,0.17000000178813934,0.009999999776482582,15220000.0,1.6699999570846558,312.7799987792969,1.1100000143051147,4232.0,0.25,689000.0,4030000.0,9.829999923706055,8.550000190734863,12200000.0,231.10000610351562,88.3239974975586,633.0,1.1430000066757202,0.6858000159263611,-10.0,-3.7799999713897705,0.7799999713897705,295.5,4030000.0,12400000.0,0.9200000166893005,5.0,1,0,1,228,0,0,0,0,0,1,1,1,1,1,0,1,1,1,0,0,0,0,1,1,0,0,0,1,0,0,0,0,0,0,0,0,1,0,1,8,0,0,1,0,0.019333675503730774,5924002.5,1.0877995491027832,0.0,1.1742322444915771,287.2921142578125,0.0,-0.001572990557178855,1,1,1,0,0,0,1,1,0,0,0,0,0,489,0.20000000298023224,0.20000000298023224,0.20000000298023224,0.0,2,0,0,0,0,0,0,0,0,0,0,0,0,0,0,0,0,0,0,0,0,0,0,0,0,0,0,0,0,0,0,0,0,0,0,0,0,0,0,0,0,0,0,0,0,0,0,0,0,0,0,1,0,0,0,0,0,0,0,0,0,0,0,0,0,0,0,0,0,0,0,0,0,0,0,0,0,0,0,0,0,0,0,0,0,0,0,0,0,0,0,0,0,0,0,0,0,0,0,0,0,0,0,0,0,0,0,0,0,0,0,0,0,0,0,0,0,0,0,0,0,0,0,0,0,0,0,0,0,0,0,0,0,0,0,0,0,0,0,0,0,0,0,1,0,0,0,0,0,0,0,0,0,0,0,-1,0,0,0,0,0,0,1,1,0,0,1.9333674907684326,-5.057223796844482,0.0,-0.5467745065689087,-1.6815581571897805e-44,291.70001220703125,287.2921142578125,307.54949951171875,-0.038923006504774094,99.22820281982422,2669.617919921875,1.0877995491027832,1.1742322444915771,-1.0,4.40789794921875,6.827850029367255e-06,0.038416847586631775,100.0,27.0,0.0,7.799991607666016,3.973069667816162,1.0,1.0,39.884788513183594,0.2660754323005676,20.0,4.989570516045205e-05,0.0,73.97314453125,1.7323341369628906,1.8179994821548462,0.00036938843550160527,0.6817498207092285,0.5438784956932068,16.359560012817383,8.919121742248535,0.0,0.0,0.0,20.000064849853516,44.898040771484375,274.70587158203125,20.0,0.9380784034729004,289.8353271484375,40.007659912109375,0.29459047317504883,282.89898681640625,283.15789794921875,282.9058837890625,291.0579833984375,292.671875,291.0599365234375,100.0,7.640564441680908,22.0,106.99727630615234,286.9784851074219,287.9148864746094,286.98291015625,340.31988525390625,29.64056396484375,24.825822830200195,106.99727630615234,0.0,0.0,0.0,0.0,76.38043975830078,76.57172393798828,76.28480529785156,60.4510498046875,60.464962005615234,60.44911575317383,27.116653442382812,27.659812927246094,26.97821807861328,99.16999816894531,96.99900817871094,99.0073471069336,36.89999771118164,43.19999694824219,26.099998474121094,274.5387878417969,287.4610595703125,272.718017578125,29.0,0.0,48.0,0.0,0.0,0.0,0.0,0.0,0.0,41.0,78.36749267578125,60.15177917480469,169.04736328125,31.89926528930664,9.999999974752427e-07,8.504983901977539,0.0,111.51873779296875,0.0,721.2241821289062,41.83732223510742,21.54043197631836,0.0,9.471671104431152,77.75503540039062,1.0,0.9717450141906738,20.0,0.0,60.0,120.0,0.0,120.0,0.0,0.0,0.0,0.0,18.11115264892578,89.19121551513672,2.0,200.0,0,0,0,0,0,0,0,0,0,0,0,0,99999,99999,25,402,1800,180,1800,0,0,-7,1,23,0,0,0,806,1424,29,31,32,0,1,0,1,0,1,0,0,1,0,0,0,0,0,1,0,0,0,0,1,0,0,0,1,0,0,0,1,0,0,0,0,0,0,0,0,0,0,0,0,1,0,1,0,0,1,1,0,0,1,1,0,1,0,1,0,1,1,0,0,1,1,0,0,1,0,1,0,0,1,1,0,1,0,0,0,0,1,0,1,0,1,0,0,0,1,0,0,0,0,0,0,1,0,0,1,0,1,0,0,1,1,0,1,0,0,1,0,0,0,1,0,1,1,1,0,0,1,0,0,0,0,0,1,1,1,0,0,0,0,0,0,0,1,0,1,0,1,0,1,0,1,0,0,0,0,0,0,0,0,1,1,1,1,0,1,0,1,1,1,1,1,1,1,0,0,0,0,0,0,1,0,1,1,1,1,1,1,1,1,1,1,1,1,0,0,1,1,0,0,1,1,0,1,1,0,0,1,1,1,0,0,0,0,1,1,1,1,0,1,1,1,1,0,0,1,1,0,1,0,1,1,0,1,1,1,1,1,1,1,1,0,1,0,0,0,0,0,0,0,0,0,0,1,0,0,1,0,0,0,0,0,0,1,1,0,0,0,0,1,0,0,0,0,0,1,0,0,1,0,0,0,0,0,0,0,0,0,0,0,0,0,0,0,0,0,0,0,0,0,0,0,0,0,0,0,0,0,0,0,1,0,0,0,0,0,0,1,0,1,0,1,1,0,0,0,0,0,0,1,0,0,0,0,0,0,0,0,1,0,0,1,0,0,0,0,1,0,0,0,0,0,0,0,0,0,0,0,0,0,0,0,0,0,0,0,0,0,0,0,0,0,0,0,0,0,0,0,0,0,0,0,0,0,0,0,0,0,0,0,0,0,0,0,0,0,0,0,0,0,0,1,0,1,0,0,0,0,0,1,0,0,0,0,0,0,0,0,0,0,0,0,0,0,0,1,0,0,0,0,0,0,0,0,0,0,0,0,0,0,1,0,0,0,0,0,0,0,0,0,0,1,0,0,0,0,0,0,0,0,0,0,0,0,0,0,0,0,0,0,0,0,0,0,0,0,0,0,0,1,0,0,0,0,0,0,1,1,1,0,0,0,0,0,0,-1,0,0,0,0,0,0,0,0,-1,0,0,-1,0,0,0,0,0,0,0,0,0,0,0,0,0,0,0,0,0,0,1,0,0,0,0,0,0,0,0,0,0,0,0,0,0,0,0,1,1,0,-1,-1,-1,1,1,1,0,0,0,0,1,0,0,1,1,0,0,0,0,1,0,0,0,0,0,0,0,0,0,0,0,0,0,0,0,0,0,0,0,0,0,0,0,0,0,0,0,0,0,1,1,0,1,0,1,1,0,1,0,1,1,0,1,0,0,1,0,0,0,0,0,0,0,0,0,0,0,0,0,0,0,0,0,0,0,0,0,0,0,0,0,0
0,1,1,300,228,8,8,228,114,25,1,0,0.0020000000949949026,4000.0,1.0,0.04500000178813934,25.0,48.0,8.0,291.70001220703125,1.7000000476837158,-3.179999907843012e-07,0.007360000163316727,0.008080000057816505,8.0,0.33000001311302185,0.0333000011742115,1.0,9.999999747378752e-06,21.0,9.999999747378752e-06,2775000064.0,9.000000136438757e-05,4.999999980020986e-13,5.0,40.0,3.0,-3.3499999046325684,3.3499999046325684,0.5,0.0004799999878741801,292.3927001953125,492.6077880859375,-0.0036125299520790577,0.002354159951210022,0.0008944629807956517,0.013157900422811508,0.800646185874939,0.02024419978260994,2650129920.0,0.006539999973028898,0,0,0,0,0,0,0,0,0,0,0,0,0,0,0,0,0,0,0,0,0,0,0,0,0,0,0,0,0,0,0,0,0,0,0,0,0,0,0,0,0,0,0,0,0,0,0,0,0,0,0,0,0,1,4,4,0,0,0,0,0,0,0,0,2,0,0.00040231947787106037,284.40887451171875,299.74127197265625,301.96221923828125,304.2643127441406,306.5084228515625,310.266357421875,311.566162109375,312.5047607421875,312.93212890625,312.903076171875,312.4710998535156,311.69219970703125,310.6861572265625,309.56787109375,308.4522399902344,307.484619140625,306.599609375,305.73895263671875,304.84893798828125,303.89703369140625,302.87152099609375,301.7901611328125,300.6760559082031,299.5522766113281,298.4420166015625,0.029357995837926865,0.02972498908638954,0.771482527256012,-0.03886164724826813,0.756682276725769,0.8136793375015259,2067.4970703125,6.923186788299063e-07,0.17049099504947662,0.013877175748348236,0.018770365044474602,0.019049346446990967,0.020055774599313736,1.0,-1.6815581571897805e-44,-5.070119857788086,0.0,99.22705841064453,2669.718994140625,0.9450894594192505,306.939208984375,0.0,0.0,0.0,6.199998378753662,0.0,291.70001220703125,280667.40625,-0.5465731024742126,6.2341718673706055,130.28829956054688,10.0,7750000.0,8160000.0,86.12000274658203,119.0999984741211,0.5,9.999999747378752e-05,0.0,3.299999952316284,200.0,0.30000001192092896,309.20001220703125,2.439019908706541e-06,0,0,0,1,1,1,0,24,0,286.7793884277344,0.0,0.0,0.0,0.0,0.0,0.0,0.9926232099533081,0.866867184638977,0.5281658172607422,0.23222869634628296,0.05839674547314644,0.0557965449988842,0.26777130365371704,0.2744041383266449,0.2691689431667328,1.0,25.0,24.0,5899022.5,5900573.0,5899209.5,282.45947265625,282.7108154296875,282.4520263671875,290.48712158203125,292.081787109375,290.485107421875,4400000.0,286.4732971191406,287.39630126953125,286.46856689453125,8.02764892578125,9.3709716796875,8.0330810546875,289.27691650390625,4555.9130859375,4462.955078125,4563.38330078125,10.940165519714355,10.97922420501709,10.954151153564453,25.93896484375,0.0,0.0,0.0020000000949949026,282.540771484375,291.01800537109375,-121.8306884765625,0.8669072389602661,0.8881666660308838,0.8714725971221924,265.3029479980469,39.0,40.0,42.0,41.0,0.0,0.0,5886592.5,5857406.0,56.37699890136719,5.0,0.014999999664723873,-180000.0,600.0,1000000.0,400000.0,0.17000000178813934,22000.0,786000.0,120000.0,0.0,40.0,30.0,36.810001373291016,0.5,18.399999618530273,50000.0,115692.3984375,15.113750457763672,0,0,1,0,0,0,0,10422244.0,0.0,0.0,0.0,0.0,0.0,-4956877.0,400000.0,1000000.0,1.0,1400000.0,0.0,0.2937189042568207,10443123.0,126869.6328125,10422244.0,340.320068359375,40.007659912109375,2.923938751220703,-4956877.0,0.0,0.0,0.0,2.4623565673828125,40.007659912109375,0.0,22230.939453125,1.2010046243667603,0.0,0.0,0.0,20.0,14.711517333984375,22.0,0.0,0.0,0.0,0.05000000074505806,0.02500000037252903,0.17000000178813934,15400000.0,0.5,6.25,0.0006667000125162303,2.0,2410000.0,4140000.0,4.734799861907959,0.15000000596046448,0.20000000298023224,0.2199999988079071,1.0,0.0,-1.0,0.0,5.0,20.0,30.0,50.0,74.0,80.0,86.0,9.800000190734863,500000.0,1.0499999802959792e-07,0.5,750.0,1000.0,600.0,1000.0,1150.0,32.0,32.0,37.400001525878906,10.0,10.0,0.007000000216066837,0.5049999952316284,82.0,189.26499938964844,0.0,1.5099999904632568,231.60000610351562,20.0,36.0,16.600000381469727,16.5,225.0,-0.1756729930639267,27.5,-0.1756729930639267,30.485509872436523,0.1561516970396042,11.10221004486084,-1.8332500457763672,-75.0,4.3520002365112305,13.857000350952148,189.26499938964844,93.30000305175781,2650000.0,0.8500000238418579,7.570000171661377,1,1,1,0,0,0,0,0,0,0,0,1,3,3,0,0,1,0,0,0,0,1,0,1,1,0,0,0,1,1,1,0,0,0,0,0,0,0,0,1,0,0,0,1,0,0,1,0,0,1,12.05141544342041,29051.265625,2153.475830078125,0.00041483284439891577,0.0004361289902590215,0.0006248649442568421,0.0,0.0,0.0,0.0,0.0,0.0,0.5630205869674683,1.0,0.0,0.0,1.0,1.0,0.0,0.0,1.0,1.0,0.0,1.0,0.0,0.0,1.0,0.0,0.0,0.35964539647102356,0.45889511704444885,0.0006248649442568421,0.0,0.0006233496824279428,0.0,99998.78125,99999.0,1586036.25,2410000.0,36.20000076293945,36.20000076293945,36.20000076293945,32.447086334228516,274.40777587890625,20.0,20.000041961669922,24.023479461669922,27.0,27.0,25.81391143798828,27.0,31.922401428222656,32.0,20.0,68.57752227783203,3446308.0,0.5438784956932068,7.559999942779541,0.0,8.919121742248535,0.0,0.0,41.13751220703125,1.401298464324817e-45,0.0,0.0,0.5049998760223389,0.5049998760223389,0.5049998760223389,0.18937495350837708,0.18937495350837708,0.18937495350837708,0.0,13.71249008178711,13.71249008178711,13.71249008178711,0.0,0.0,9.074999809265137,0.0,0.0,0.0,0.0,0.0,0.0,100.0,73.97314453125,0.2199999988079071,0.0,20.0,41.13751220703125,0.0,0.0,0.0,0.0,0.0,0.007000000216066837,0.0,0.0,9.074999809265137,0.0,1.7323341369628906,0.0,0.946874737739563,0.0,0.0,0.0,0.0,0.0,0.0,20.0,0.0,0.0,10125466.0,0.0,0.0,0.0,0.0,0.0,0.0,0.0,0.351500004529953,18.93000030517578,23.030000686645508,7.69199959904654e-06,0.08500000089406967,0.009999999776482582,24.0,27.0,8.800000190734863,500000.0,0.05000000074505806,2.7000000013543968e-09,2.7000000013543968e-09,145100.0,120000.0,14650000.0,86400.0,17.0,34.5,48.70000076293945,321.8999938964844,83170.0,0.0,1.0,1.0,0.0010000000474974513,725.0,0.0,0.5,0.0,0.0,57.31999969482422,837142.875,9359.77734375,117376.1015625,2623.89794921875,83026.390625,725.0,1.0204100362898316e-05,740000000.0,1,0,1,0,1,1,0,0,1,0,0,8.799991607666016,27.0,5017.0302734375,0.0,0.0,0.0,0.0,2.0156946182250977,0.00040175282629206777,0.0,0.038590993732213974,39.88978958129883,1.0,26076.9765625,9439.365234375,5.012193287257105e-05,165284768.0,934748992.0,1003197312.0,2304830720.0,-14.424919128417969,-798.854248046875,-747410240.0,-1370081664.0,42.084346771240234,28.474903106689453,56.5092658996582,827.3292236328125,106381.3984375,4225.97509765625,147492.40625,167537.109375,124076.9765625,68.40010070800781,39.88978958129883,39.88978958129883,1.0,5.012193287257105e-05,9439.365234375,852209238016.0,0.20220673084259033,137600.0,137600.0,70897192.0,56.5092658996582,6686.6552734375,1.0,0.0,1700.0,250000.0,10000.0,1038.0,0.004999999888241291,400.0,5000.0,0,0,0,0,2959622.5,51.62096405029297,51.62096405029297,1216415.25,2785935.5,0.0,0.0,110950.2109375,1.1325225830078125,5869849.5,0.0,0.0,1.0,1.0,1.1325225830078125,275.3855285644531,101.87313842773438,0.0,5957889.0,422071.78125,101.87313842773438,1.0,1.0,1.0,0.0,507.582275390625,0.0,506.5040588378906,1.0,0.0,7680000.0,271.3747863769531,286.0199279785156,273.1455383300781,0.9766335487365723,2785935.5,330.9293518066406,103.24192810058594,1.9766335487365723,0.0,273.9464416503906,1.0,0.0,-7.5742998123168945,0.0,0.0,9.999999974752427e-07,0.0,2.0,0.0003000000142492354,0.004999999888241291,0.0010000000474974513,2.0000000233721948e-07,2.0000000233721948e-07,0.0005555999814532697,993000000.0,1.0,0.05000000074505806,0.10000000149011612,0.0005000000237487257,0.0016700000269338489,0.009999999776482582,1.0,1.0,0.0010000000474974513,4.999999873689376e-05,0.00039999998989515007,0.019999999552965164,0.9891999959945679,0.9891999959945679,0.9950000047683716,0.9950000047683716,1,0,0,0,1,1,0,0,0,0,0,0,0,0,-0.007456977851688862,-7404779.0,5000.0361328125,110950.2109375,0.0,2546223.0,0.0,1.0,2569281.25,0.0,0.0,60.0,180.0,1800.0,1800.0,0.0,0.0,0.0,0.0,-0.012236599810421467,0.0,0.0,0.0,0.0,0.0,0.0,0.0,0.0,0.0,0.0,0.0,6.602997746085748e-05,0.0,7.006492321624085e-44,1,1,0,1,1,1,1,1,1,1,1,0,1,0,1,1,1,1,0,1,0,1000,13,0,1,5001,68,0.0,0.0,120.0,120.0,0.0,0.0,0.4000000059604645,0.10000000149011612,0.10000000149011612,2.0,500.0,200.0,0.9900000095367432,300000.0,5000.0,45000.0,20000.0,0.019999999552965164,2.0,0.05000000074505806,0.019999999552965164,6.0,0.05000000074505806,0.019999999552965164,0.019999999552965164,88.30000305175781,0.10000000149011612,0.800000011920929,0.05000000074505806,0.009999999776482582,50.0,50.0,340.0,340.0,1000000.0,1,0,0,0,1,1,1,1,1,1,0,0,0,1,1,0,1.0,0.0,0.0,0.0,29.279619216918945,0.0,0.0,0.0,0.9165393710136414,0.9165393710136414,0.9165393710136414,5000.03564453125,4103842.75,4108842.75,50.0,27.614103317260742,0.4000000059604645,0.0,0.0,0.10000000149011612,0.15286067128181458,0.4925430119037628,22164.435546875,20.0,29.202341079711914,777579.5625,21.49675750732422,2850.207763671875,721.2241821289062,0.7775795459747314,0.9147740602493286,9.471644401550293,1.0,3220359.0,3303921.0,9.717414855957031,20.0,0.27714329957962036,27.714330673217773,0.0,636.4223022460938,723.4060668945312,100000.0,50000.0,1115.300048828125,50000.0,700.0,2000.0,2800000.0,3500000.0,4000000.0,9.999999747378752e-05,4.999999873689376e-05,500.0,20000.0,100.0,500.0,60000.0,1200.0,1.0,120.0,150000.0,3000.0,300.0,1.0,300.0,0.019999999552965164,0.019999999552965164,0.009999999776482582,0.009999999776482582,0.009999999776482582,0.019999999552965164,1.100000023841858,0.019999999552965164,4.0,0.019999999552965164,88.0,1613.0,0.009999999776482582,0.20000000298023224,3.0,5.0,600.0,0.0010000000474974513,88.0,88.0,2000.0,2340.0,-0.11599799990653992,-0.03561130166053772,-0.04758000001311302,-0.01752999983727932,1,0,1,0,0,1,1,323.9280700683594,323.9280700683594,1.3009033203125,1.3009033203125,0.0015987229999154806,21.49675750732422,164.01730346679688,189.9432830810547,703.70751953125,94.59175109863281,94.59175109863281,0.37989044189453125,0.37989044189453125,226.04640197753906,103.85284423828125,0.0,0.0,2663660.25,20.00048065185547,20.00048065185547,102.72843170166016,102.72843170166016,64314.71484375,64314.71484375,1.0719119310379028,1.0719119310379028,0.5662612915039062,0.5662612915039062,19.143665313720703,19.143665313720703,80099.015625,80099.015625,19.144569396972656,110.79224395751953,117.63748931884766,2646576.5,20.00048065185547,20.00048065185547,165.76197814941406,165.76197814941406,128.59278869628906,128.59278869628906,538045.125,538045.125,0.0,86.29431915283203,86.29431915283203,172.59024047851562,157559.03125,157559.03125,1.0503935813903809,1.0503935813903809,168.74713134765625,128.59278869628906,0.0,0.0,0.0,151.1807403564453,151.1807403564453,302.3614807128906,0.0,0.0,0.0,0.0,0.0,151.1807403564453,151.1807403564453,0.026315800845623016,0.0,0.20000000298023224,0.0,0.0,0.0,0.0,0.0,0.0,0.9599996209144592,1.0,1.0,1.0,0.9999998211860657,0.9999998211860657,0.9999998211860657,190822.125,193230.671875,0.0,14.750001907348633,0.0,14.750001907348633,7.25,12.0,10.25,296.3810119628906,297.7510070800781,29.5,-67910.0234375,7454571.5,12224996.0,0.0,0.0,0.0,0.04740194231271744,0.04740194231271744,0.04740194231271744,0.9263032674789429,320552.03125,0.9959999918937683,0.9959999918937683,0.9959999918937683,0.9959999918937683,11660.115234375,3648070.75,4328883.0,804361.5625,2606300.0,3655767.75,0.004103842657059431,0.008217684924602509,650.4579467773438,7.25,12.0,10.25,0.0,0.0,0.0,0.0,0.0,0.0,189.94488525390625,650.4702758789062,283.8902282714844,283.8902282714844,283.8902282714844,64.40642547607422,64.40642547607422,64.40642547607422,2.9966671466827393,0.0,0.7496556639671326,2.9964687824249268,5.0,0.0040000081062316895,0.0040000081062316895,0.0040000081062316895,0.0040000081062316895,0.0,-0.4368000030517578,0.0,599333.4375,164.01730346679688,164.01730346679688,0.0,20.0,2785776.0,7.25,12.0,10.25,20.0,20.0,20.0,0.0,0.0,0.7926306128501892,0.9211652278900146,10000.0,10000.0,0.011826000176370144,1038.5,0.027953999117016792,0.0,0.0,1.0878000259399414,1.0809999704360962,9.000000136438757e-05,103.0,33.220001220703125,1.8179999589920044,0.029999999329447746,49.0,8.329999923706055,4.159999847412109,58.0,302.0,4.5,0.699999988079071,0.4000000059604645,7.5,1.3799999952316284,2.492000102996826,7000.0,48.88999938964844,1.2000000476837158,45.0,62000.0,4590000.0,4250000.0,15900000.0,15100000.0,0.05000000074505806,0.17000000178813934,0.009999999776482582,15220000.0,1.6699999570846558,312.7799987792969,1.1100000143051147,4232.0,0.25,689000.0,4030000.0,9.829999923706055,8.550000190734863,12200000.0,231.10000610351562,88.3239974975586,633.0,1.1430000066757202,0.6858000159263611,-10.0,-3.7799999713897705,0.7799999713897705,295.5,4030000.0,12400000.0,0.9200000166893005,5.0,1,0,1,228,0,0,0,0,0,1,1,1,1,1,0,1,1,1,0,0,0,0,1,1,0,0,0,1,0,0,0,0,0,0,0,0,1,0,1,8,0,0,1,0,0.018770365044474602,5899022.5,1.0877995491027832,0.0,1.178884744644165,286.9496765136719,0.0,-0.0015131586696952581,1,1,1,0,0,0,1,1,0,0,0,0,0,491,0.20000000298023224,0.20000000298023224,0.20000000298023224,0.0,2,0,0,0,0,0,0,0,0,0,0,0,0,0,0,0,0,0,0,0,0,0,0,0,0,0,0,0,0,0,0,0,0,0,0,0,0,0,0,0,0,0,0,0,0,0,0,0,0,0,0,1,0,0,0,0,0,0,0,0,0,0,0,0,0,0,0,0,0,0,0,0,0,0,0,0,0,0,0,0,0,0,0,0,0,0,0,0,0,0,0,0,0,0,0,0,0,0,0,0,0,0,0,0,0,0,0,0,0,0,0,0,0,0,0,0,0,0,0,0,0,0,0,0,0,0,0,0,0,0,0,0,0,0,0,0,0,0,0,0,0,0,0,1,0,0,0,0,0,0,0,0,0,0,0,-1,0,0,0,0,0,0,1,1,0,0,1.877036452293396,-5.070119857788086,0.0,-0.5465731024742126,-1.6815581571897805e-44,291.70001220703125,286.9496765136719,306.939208984375,-0.03886164724826813,99.22705841064453,2669.718994140625,1.0877995491027832,1.178884744644165,-1.0,4.750335693359375,6.827850029367255e-06,0.038590993732213974,100.0,27.0,0.0,7.799991607666016,3.974942684173584,1.0,1.0,39.88978958129883,0.26609209179878235,20.0,5.012193287257105e-05,0.0,73.97314453125,1.7323341369628906,1.8179994821548462,0.00036938843550160527,0.6817498207092285,0.5438784956932068,16.184072494506836,8.919121742248535,0.0,0.0,0.0,20.000041961669922,44.898040771484375,274.40777587890625,20.0,0.9376720190048218,289.461669921875,40.007659912109375,0.29459047317504883,282.60064697265625,282.85943603515625,282.6077880859375,290.6751708984375,292.27777099609375,290.6771240234375,100.0,7.371890544891357,22.0,106.56267547607422,286.6379089355469,287.568603515625,286.6424560546875,340.3199462890625,29.371891021728516,24.690364837646484,106.56267547607422,0.0,0.0,0.0,0.0,76.24442291259766,76.4244155883789,76.14772033691406,60.19612503051758,60.21003723144531,60.194217681884766,26.916894912719727,27.440414428710938,26.777130126953125,99.19551086425781,97.01602935791016,99.03288269042969,36.89999771118164,43.19999694824219,26.099998474121094,273.61572265625,286.4925842285156,271.8211669921875,29.0,0.0,48.0,0.0,0.0,0.0,0.0,0.0,0.0,41.0,78.36749267578125,59.89653396606445,168.74713134765625,31.763595581054688,9.999999974752427e-07,8.207786560058594,0.0,110.79224395751953,0.0,721.2241821289062,41.92704391479492,21.49675750732422,0.0,9.471644401550293,77.7579574584961,1.0,0.9717414975166321,20.0,0.0,60.0,120.0,0.0,120.0,0.0,0.0,0.0,0.0,18.11115264892578,89.19121551513672,2.0,200.0,0,0,0,0,0,0,0,0,0,0,0,0,99999,99999,25,402,1800,180,1800,0,0,-7,1,23,0,0,0,806,1424,29,31,32,0,1,0,1,0,1,0,0,1,0,0,0,0,0,1,0,0,0,0,1,0,0,0,1,0,0,0,1,0,0,0,0,0,0,0,0,0,0,0,0,1,0,1,0,0,1,1,0,0,1,1,0,1,0,1,0,1,1,0,0,0,1,0,0,0,0,0,0,0,1,1,0,1,0,0,0,0,0,0,0,0,1,0,0,0,1,0,0,0,0,0,0,1,0,0,1,0,1,0,0,1,0,0,1,0,0,1,0,0,0,1,0,1,1,1,0,0,1,0,0,0,0,0,1,1,1,0,0,0,0,0,0,0,1,0,1,0,1,0,1,0,1,0,0,0,0,0,0,0,0,1,1,1,1,0,1,0,1,1,1,1,1,1,1,0,0,0,0,0,0,1,0,1,1,1,1,1,1,1,1,1,1,1,0,0,0,1,1,0,0,1,1,0,1,1,0,0,1,1,1,0,0,0,0,1,1,1,1,0,1,1,1,1,0,0,1,1,0,1,0,1,1,0,1,1,1,1,1,1,1,1,0,1,0,0,0,0,0,0,0,0,0,0,1,0,0,1,0,0,0,0,0,0,0,0,0,0,0,0,0,0,0,0,0,0,0,0,0,0,0,0,0,0,0,0,0,0,0,0,0,0,0,0,0,0,0,0,0,0,0,0,0,0,0,0,0,0,0,0,0,0,0,0,0,0,0,0,0,0,0,0,0,0,0,0,0,0,0,0,0,0,0,0,0,0,0,0,0,0,0,0,0,0,0,0,0,0,0,0,0,0,0,0,0,0,0,0,0,0,0,0,0,0,0,0,0,0,0,0,0,0,0,0,0,0,0,0,0,0,0,0,0,0,0,0,0,0,0,0,0,0,0,0,0,0,0,0,0,0,0,0,1,0,1,0,0,0,0,0,1,0,0,0,0,0,0,0,0,0,0,0,0,0,0,0,1,0,0,0,0,0,0,0,0,0,0,0,0,0,0,1,0,0,0,0,0,0,0,0,0,0,1,0,0,0,0,0,0,0,0,0,0,0,0,0,0,0,0,0,0,0,0,0,0,0,0,0,0,0,1,0,0,0,0,0,0,1,1,1,0,0,0,0,0,0,-1,0,0,0,0,0,0,0,0,-1,0,0,-1,0,0,0,0,0,0,0,0,0,0,0,0,0,0,0,0,0,0,1,0,0,0,0,0,0,0,0,0,0,0,0,0,0,0,0,1,1,0,-1,-1,-1,1,1,1,0,0,0,0,1,0,0,1,1,0,0,0,0,1,0,0,0,0,0,0,0,0,0,0,0,0,0,0,0,0,0,0,0,0,0,0,0,0,0,0,0,0,0,1,1,0,1,0,1,1,0,1,0,1,1,0,1,0,0,1,0,0,0,0,0,0,0,0,0,0,0,0,0,0,0,0,0,0,0,0,0,0,0,0,0,0
0,1,1,300,228,8,8,228,114,25,1,0,0.0020000000949949026,4000.0,1.0,0.04500000178813934,25.0,48.0,8.0,291.70001220703125,1.7000000476837158,-3.179999907843012e-07,0.007360000163316727,0.008080000057816505,8.0,0.33000001311302185,0.0333000011742115,1.0,9.999999747378752e-06,21.0,9.999999747378752e-06,2775000064.0,9.000000136438757e-05,4.999999980020986e-13,5.0,40.0,3.0,-3.3499999046325684,3.3499999046325684,0.5,0.0004799999878741801,292.3927001953125,492.6077880859375,-0.0036125299520790577,0.002354159951210022,0.0008944629807956517,0.013157900422811508,0.800646185874939,0.02024419978260994,2650129920.0,0.006539999973028898,0,0,0,0,0,0,0,0,0,0,0,0,0,0,0,0,0,0,0,0,0,0,0,0,0,0,0,0,0,0,0,0,0,0,0,0,0,0,0,0,0,0,0,0,0,0,0,0,0,0,0,0,0,1,4,4,0,0,0,0,0,0,0,0,2,0,0.00040231947787106037,283.94549560546875,298.92315673828125,301.0929870605469,303.34161376953125,305.5339660644531,309.20977783203125,310.48541259765625,311.4104309082031,311.83941650390625,311.82568359375,311.4216003417969,310.68359375,309.72467041015625,308.655517578125,307.5865478515625,306.66650390625,305.8222351074219,304.9941101074219,304.1280822753906,303.19244384765625,302.176025390625,301.098388671875,299.9848327636719,298.8607177734375,297.7513732910156,0.029843904078006744,0.0291033536195755,0.7714692950248718,-0.03877280652523041,0.7567139267921448,0.8098429441452026,1982.0081787109375,6.636630018874712e-07,0.16724002361297607,0.013307572342455387,0.017964350059628487,0.01822797954082489,0.020105548202991486,1.0,-1.6815581571897805e-44,-5.089261531829834,0.0,99.22533416748047,2669.87060546875,0.9451289772987366,306.0483093261719,0.0,0.0,0.0,6.799997806549072,0.0,291.70001220703125,280667.96875,-0.5462706089019775,6.230088710784912,130.28829956054688,10.0,7750000.0,8160000.0,86.12000274658203,119.0999984741211,0.5,9.999999747378752e-05,0.0,3.299999952316284,200.0,0.30000001192092896,309.20001220703125,2.439019908706541e-06,0,0,0,1,1,1,0,24,0,286.2727966308594,0.0,0.0,0.0,0.0,0.0,0.0,0.9992789626121521,0.8668479323387146,0.5285407304763794,0.23536911606788635,0.06071643531322479,0.05805237591266632,0.26463088393211365,0.27098962664604187,0.2660505771636963,1.0,25.0,24.0,5861868.5,5863417.0,5862053.0,282.0162353515625,282.26690673828125,282.00830078125,289.92401123046875,291.49932861328125,289.92193603515625,4400000.0,285.9701232910156,286.88311767578125,285.9651184082031,7.90777587890625,9.232421875,7.91363525390625,288.73095703125,4557.6708984375,4464.2451171875,4565.126953125,10.909379005432129,10.946250915527344,10.923616409301758,26.040863037109375,0.0,0.0,0.0020000000949949026,282.0971374511719,290.44842529296875,-118.8351821899414,0.8565521240234375,0.8769217729568481,0.8611915111541748,265.1126403808594,39.0,40.0,42.0,41.0,0.0,0.0,5849568.5,5820337.5,56.20359420776367,5.0,0.014999999664723873,-180000.0,600.0,1000000.0,400000.0,0.17000000178813934,22000.0,786000.0,120000.0,0.0,40.0,30.0,36.810001373291016,0.5,18.399999618530273,50000.0,115692.3984375,15.113750457763672,0,0,1,0,0,0,0,10361194.0,0.0,0.0,0.0,0.0,0.0,-5018711.0,400000.0,1000000.0,1.0,1400000.0,0.0,0.2897786796092987,10381289.0,126869.6328125,10361194.0,340.32025146484375,40.007659912109375,2.884878635406494,-5018711.0,0.0,0.0,0.0,2.4426639080047607,40.007659912109375,0.0,22230.939453125,1.2010046243667603,0.0,0.0,0.0,20.0,14.711517333984375,22.0,0.0,0.0,0.0,0.05000000074505806,0.02500000037252903,0.17000000178813934,15400000.0,0.5,6.25,0.0006667000125162303,2.0,2410000.0,4140000.0,4.734799861907959,0.15000000596046448,0.20000000298023224,0.2199999988079071,1.0,0.0,-1.0,0.0,5.0,20.0,30.0,50.0,74.0,80.0,86.0,9.800000190734863,500000.0,1.0499999802959792e-07,0.5,750.0,1000.0,600.0,1000.0,1150.0,32.0,32.0,37.400001525878906,10.0,10.0,0.007000000216066837,0.5049999952316284,82.0,189.26499938964844,0.0,1.5099999904632568,231.60000610351562,20.0,36.0,16.600000381469727,16.5,225.0,-0.1756729930639267,27.5,-0.1756729930639267,30.485509872436523,0.1561516970396042,11.10221004486084,-1.8332500457763672,-75.0,4.3520002365112305,13.857000350952148,189.26499938964844,93.30000305175781,2650000.0,0.8500000238418579,7.570000171661377,1,1,1,0,0,0,0,0,0,0,0,1,3,3,0,0,1,0,0,0,0,1,0,1,1,0,0,0,1,1,1,0,0,0,0,0,0,0,0,1,0,0,0,1,0,0,1,0,0,1,12.05141544342041,29051.265625,2153.46044921875,0.00041483284439891577,0.0004361289902590215,0.0006248649442568421,0.0,0.0,0.0,0.0,0.0,0.0,0.5613145232200623,1.0,0.0,0.0,1.0,1.0,0.0,0.0,1.0,1.0,0.0,1.0,0.0,0.0,1.0,0.0,0.0,0.3538741171360016,0.45153114199638367,0.0006248649442568421,0.0,0.0006233589956536889,0.0,99998.78125,99999.0,1560584.875,2410000.0,36.20000076293945,36.20000076293945,36.20000076293945,32.441856384277344,273.96368408203125,20.0,20.00002098083496,24.02347755432129,27.0,27.0,25.813907623291016,27.0,31.92287826538086,32.0,20.0,68.57752227783203,3446283.25,0.5438784956932068,7.559999942779541,0.0,8.919121742248535,0.0,0.0,41.39265441894531,1.401298464324817e-45,0.0,0.0,0.5049998760223389,0.5049998760223389,0.5049998760223389,0.18937495350837708,0.18937495350837708,0.18937495350837708,0.0,13.797536849975586,13.797536849975586,13.797536849975586,0.0,0.0,9.074999809265137,0.0,0.0,0.0,0.0,0.0,0.0,100.0,73.97314453125,0.2199999988079071,0.0,20.0,41.39265441894531,0.0,0.0,0.0,0.0,0.0,0.007000000216066837,0.0,0.0,9.074999809265137,0.0,1.7323341369628906,0.0,0.946874737739563,0.0,0.0,0.0,0.0,0.0,0.0,20.0,0.0,0.0,10064436.0,0.0,0.0,0.0,0.0,0.0,0.0,0.0,0.351500004529953,18.93000030517578,23.030000686645508,7.69199959904654e-06,0.08500000089406967,0.009999999776482582,24.0,27.0,8.800000190734863,500000.0,0.05000000074505806,2.7000000013543968e-09,2.7000000013543968e-09,145100.0,120000.0,14650000.0,86400.0,17.0,34.5,48.70000076293945,321.8999938964844,83170.0,0.0,1.0,1.0,0.0010000000474974513,725.0,0.0,0.5,0.0,0.0,57.31999969482422,837142.875,9359.77734375,117376.1015625,2623.89794921875,83026.390625,725.0,1.0204100362898316e-05,740000000.0,1,0,1,0,1,1,0,0,1,0,0,8.799991607666016,27.0,5050.900390625,0.0,0.0,0.0,0.0,2.0293209552764893,0.0004017556784674525,0.0,0.038851525634527206,39.89699935913086,1.0,26079.3671875,9500.14453125,5.0460370403015986e-05,163055328.0,922114816.0,990211200.0,2292748288.0,-13.992534637451172,-794.4599609375,-737884416.0,-1370633600.0,42.33948516845703,28.474903106689453,56.3320198059082,822.934814453125,106381.3984375,4227.505859375,147524.765625,167567.390625,124079.3671875,69.00009155273438,39.89699935913086,39.89699935913086,1.0,5.0460370403015986e-05,9500.14453125,849183637504.0,0.20225225389003754,137600.0,137600.0,70545264.0,56.3320198059082,6688.9697265625,1.0,0.0,1700.0,250000.0,10000.0,1038.0,0.004999999888241291,400.0,5000.0,0,0,0,0,2959622.5,51.311859130859375,51.311859130859375,1216415.25,2786127.0,0.0,0.0,109457.515625,0.9406551718711853,5832650.5,0.0,0.0,1.0,1.0,0.9406551718711853,275.3855285644531,101.49505615234375,0.0,5957889.0,420462.46875,101.49505615234375,1.0,1.0,1.0,0.0,504.3587646484375,0.0,503.2914123535156,1.0,0.0,7680000.0,269.9907531738281,284.50970458984375,271.7267150878906,0.9793268442153931,2786127.0,329.6589660644531,102.62371826171875,1.979326844215393,0.0,273.5346984863281,1.0,0.0,-7.5742998123168945,0.0,0.0,9.999999974752427e-07,0.0,2.0,0.0003000000142492354,0.004999999888241291,0.0010000000474974513,2.0000000233721948e-07,2.0000000233721948e-07,0.0005555999814532697,993000000.0,1.0,0.05000000074505806,0.10000000149011612,0.0005000000237487257,0.0016700000269338489,0.009999999776482582,1.0,1.0,0.0010000000474974513,4.999999873689376e-05,0.00039999998989515007,0.019999999552965164,0.9891999959945679,0.9891999959945679,0.9950000047683716,0.9950000047683716,1,0,0,0,1,1,0,0,0,0,0,0,0,0,-0.007456977851688862,-7404779.0,5000.03466796875,109457.515625,0.0,2546223.0,0.0,1.0,2569281.25,0.0,0.0,60.0,180.0,1800.0,1800.0,0.0,0.0,0.0,0.0,-0.012236599810421467,0.0,0.0,0.0,0.0,0.0,0.0,0.0,0.0,0.0,0.0,0.0,6.602997746085748e-05,0.0,7.006492321624085e-44,1,1,0,1,1,1,1,1,1,1,1,0,1,0,1,1,1,1,0,1,0,1000,14,0,1,5001,71,0.0,0.0,120.0,120.0,0.0,0.0,0.4000000059604645,0.10000000149011612,0.10000000149011612,2.0,500.0,200.0,0.9900000095367432,300000.0,5000.0,45000.0,20000.0,0.019999999552965164,2.0,0.05000000074505806,0.019999999552965164,6.0,0.05000000074505806,0.019999999552965164,0.019999999552965164,88.30000305175781,0.10000000149011612,0.800000011920929,0.05000000074505806,0.009999999776482582,50.0,50.0,340.0,340.0,1000000.0,1,0,0,0,1,1,1,1,1,1,0,0,0,1,1,0,1.0,0.0,0.0,0.0,29.386268615722656,0.0,0.0,0.0,0.9163913726806641,0.9163913726806641,0.9163913726806641,5000.0341796875,4117092.5,4122092.5,50.0,27.614063262939453,0.4000000059604645,0.0,0.0,0.10000000149011612,0.15189194679260254,0.4925430119037628,22164.435546875,20.0,29.202341079711914,777628.0,21.43461036682129,2840.611083984375,721.2242431640625,0.7776280045509338,0.9144616723060608,9.471604347229004,1.0,3220345.5,3303903.0,9.717361450195312,20.0,0.27718988060951233,27.7189884185791,0.0,636.4223022460938,747.7269287109375,100000.0,50000.0,1115.300048828125,50000.0,700.0,2000.0,2800000.0,3500000.0,4000000.0,9.999999747378752e-05,4.999999873689376e-05,500.0,20000.0,100.0,500.0,60000.0,1200.0,1.0,120.0,150000.0,3000.0,300.0,1.0,300.0,0.019999999552965164,0.019999999552965164,0.009999999776482582,0.009999999776482582,0.009999999776482582,0.019999999552965164,1.100000023841858,0.019999999552965164,4.0,0.019999999552965164,88.0,1613.0,0.009999999776482582,0.20000000298023224,3.0,5.0,600.0,0.0010000000474974513,88.0,88.0,2000.0,2340.0,-0.11599799990653992,-0.03561130166053772,-0.04758000001311302,-0.01752999983727932,1,0,1,0,0,1,1,316.87554931640625,316.87554931640625,1.2725830078125,1.2725830078125,0.0015156434383243322,21.43461036682129,164.0061798095703,180.5079345703125,687.8963623046875,89.89295196533203,89.89295196533203,0.36101531982421875,0.36101531982421875,214.48719787597656,92.04238891601562,0.0,0.0,2663660.25,20.00048065185547,20.00048065185547,102.28231048583984,102.28231048583984,64263.46484375,64263.46484375,1.0710577964782715,1.0710577964782715,0.47032758593559265,0.47032758593559265,18.437204360961914,18.437204360961914,77143.1171875,77143.1171875,18.438066482543945,109.76431274414062,116.16596984863281,2646760.75,20.00048065185547,20.00048065185547,165.6503143310547,165.6503143310547,126.99079132080078,126.99079132080078,531342.25,531342.25,0.0,85.26935577392578,85.26935577392578,170.54022216796875,157499.40625,157499.40625,1.049996018409729,1.049996018409729,168.3287811279297,126.99079132080078,0.0,0.0,0.0,149.98805236816406,149.98805236816406,299.9761047363281,0.0,0.0,0.0,0.0,0.0,149.98805236816406,149.98805236816406,0.026315800845623016,0.0,0.20000000298023224,0.0,0.0,0.0,0.0,0.0,0.0,0.9599996209144592,1.0,1.0,1.0,0.9999998211860657,0.9999998211860657,0.9999998211860657,190821.71875,193230.140625,0.0,14.750001907348633,0.0,14.750001907348633,7.25,12.0,10.25,296.3810119628906,297.7510070800781,29.5,-85685.3984375,7515396.5,12224996.0,0.0,0.0,0.0,0.04193820059299469,0.04193820059299469,0.04193820059299469,0.972808301448822,309177.21875,0.9959999918937683,0.9959999918937683,0.9959999918937683,0.9959999918937683,0.0,3667080.25,4288036.5,762821.8125,2606300.0,3668609.75,0.0041170925833284855,0.008244184777140617,636.2962646484375,7.25,12.0,10.25,0.0,0.0,0.0,0.0,0.0,0.0,180.5094451904297,636.30859375,279.4249572753906,279.4249572753906,279.4249572753906,109.21405792236328,109.21405792236328,109.21405792236328,2.997281789779663,0.0,0.7477777004241943,2.9970741271972656,5.0,0.0040000081062316895,0.0040000081062316895,0.0040000081062316895,0.0040000081062316895,0.0,-0.4368000030517578,0.0,599456.375,164.0061798095703,164.0061798095703,0.0,20.0,2785972.75,7.25,12.0,10.25,20.0,20.0,20.0,0.0,0.0,0.7926306128501892,0.9211652278900146,10000.0,10000.0,0.011826000176370144,1038.5,0.027953999117016792,0.0,0.0,1.0878000259399414,1.0809999704360962,9.000000136438757e-05,103.0,33.220001220703125,1.8179999589920044,0.029999999329447746,49.0,8.329999923706055,4.159999847412109,58.0,302.0,4.5,0.699999988079071,0.4000000059604645,7.5,1.3799999952316284,2.492000102996826,7000.0,48.88999938964844,1.2000000476837158,45.0,62000.0,4590000.0,4250000.0,15900000.0,15100000.0,0.05000000074505806,0.17000000178813934,0.009999999776482582,15220000.0,1.6699999570846558,312.7799987792969,1.1100000143051147,4232.0,0.25,689000.0,4030000.0,9.829999923706055,8.550000190734863,12200000.0,231.10000610351562,88.3239974975586,633.0,1.1430000066757202,0.6858000159263611,-10.0,-3.7799999713897705,0.7799999713897705,295.5,4030000.0,12400000.0,0.9200000166893005,5.0,1,0,1,228,0,0,0,0,0,1,1,1,1,1,0,1,1,1,0,0,0,0,1,1,0,0,0,1,0,0,0,0,0,0,0,0,1,0,1,8,0,0,1,0,0.017964350059628487,5861868.5,1.0877995491027832,0.0,1.1859313249588013,286.4409484863281,0.0,-0.0014284749049693346,1,1,1,0,0,0,1,1,0,0,0,0,0,494,0.20000000298023224,0.20000000298023224,0.20000000298023224,0.0,2,0,0,0,0,0,0,0,0,0,0,0,0,0,0,0,0,0,0,0,0,0,0,0,0,0,0,0,0,0,0,0,0,0,0,0,0,0,0,0,0,0,0,0,0,0,0,0,0,0,0,1,0,0,0,0,0,0,0,0,0,0,0,0,0,0,0,0,0,0,0,0,0,0,0,0,0,0,0,0,0,0,0,0,0,0,0,0,0,0,0,0,0,0,0,0,0,0,0,0,0,0,0,0,0,0,0,0,0,0,0,0,0,0,0,0,0,0,0,0,0,0,0,0,0,0,0,0,0,0,0,0,0,0,0,0,0,0,0,0,0,0,0,1,0,0,0,0,0,0,0,0,0,0,0,-1,0,0,0,0,0,0,1,1,0,0,1.796434998512268,-5.089261531829834,0.0,-0.5462706089019775,-1.6815581571897805e-44,291.70001220703125,286.4409484863281,306.0483093261719,-0.03877280652523041,99.22533416748047,2669.87060546875,1.0877995491027832,1.1859313249588013,-1.0,5.259063720703125,6.827850029367255e-06,0.038851525634527206,100.0,27.0,0.0,7.799991607666016,3.9777302742004395,1.0,1.0,39.89699935913086,0.2661164700984955,20.0,5.0460370403015986e-05,0.0,73.97314453125,1.7323341369628906,1.8179994821548462,0.00036938843550160527,0.6817498207092285,0.5438784956932068,15.924365043640137,8.919121742248535,0.0,0.0,0.0,20.00002098083496,44.898040771484375,273.96368408203125,20.0,0.9370606541633606,288.9115295410156,40.007659912109375,0.29459047317504883,282.15594482421875,282.41448974609375,282.1636962890625,290.1085510253906,291.6924133300781,290.1105041503906,100.0,6.97786808013916,22.0,105.93171691894531,286.13226318359375,287.053466796875,286.1370849609375,340.32012939453125,28.977867126464844,24.491714477539062,105.93171691894531,0.0,0.0,0.0,0.0,76.03431701660156,76.1973648071289,75.93592071533203,59.816978454589844,59.830894470214844,59.815093994140625,26.605056762695312,27.098962783813477,26.463088989257812,99.23323059082031,97.04305267333984,99.0709457397461,36.89999771118164,43.19999694824219,26.099998474121094,272.1985778808594,285.0032958984375,270.4383544921875,29.0,0.0,48.0,0.0,0.0,0.0,0.0,0.0,0.0,41.0,78.36749267578125,59.51695251464844,168.3287811279297,31.561874389648438,9.999999974752427e-07,7.783910274505615,0.0,109.76431274414062,0.0,721.2242431640625,42.0622444152832,21.43461036682129,0.0,9.471604347229004,77.76280212402344,1.0,0.9717361330986023,20.0,0.0,60.0,120.0,0.0,120.0,0.0,0.0,0.0,0.0,18.11115264892578,89.19121551513672,2.0,200.0,0,0,0,0,0,0,0,0,0,0,0,0,99999,99999,26,402,1800,180,1800,0,0,-7,1,23,0,0,0,806,1424,29,31,32,0,1,0,1,0,1,0,0,1,0,0,0,0,0,1,0,0,0,0,1,0,0,0,1,0,0,0,1,0,0,0,0,0,0,0,0,0,0,0,0,1,0,1,0,0,1,1,0,0,1,1,0,1,0,1,0,1,1,0,0,0,1,0,0,0,0,0,0,0,1,1,0,1,0,0,0,0,0,0,0,0,1,0,0,0,1,0,0,0,0,0,0,1,0,0,1,0,1,0,0,1,0,0,1,0,0,1,0,0,0,1,0,1,1,1,0,0,1,0,0,0,0,0,1,1,1,0,0,0,0,0,0,0,1,0,1,0,1,0,1,0,1,0,0,0,0,0,0,0,0,1,1,1,1,0,1,0,1,1,1,1,1,1,1,0,0,0,0,0,0,1,0,1,1,1,1,1,1,1,1,1,1,1,0,0,0,1,1,0,0,1,1,0,1,1,0,0,1,1,1,0,0,0,0,1,1,1,1,0,1,1,1,1,0,0,1,1,0,1,0,1,1,0,1,1,1,1,1,1,1,1,0,1,0,0,0,0,0,0,0,0,0,0,1,0,0,1,0,0,0,0,0,1,0,0,1,0,0,0,0,0,0,0,0,0,0,0,0,0,0,0,0,0,0,0,0,0,0,0,0,0,1,0,0,0,0,1,0,0,0,1,0,0,0,0,0,0,0,0,0,0,0,0,0,0,0,0,0,0,0,0,0,0,0,0,0,0,0,0,0,0,0,0,0,0,0,1,0,0,0,0,0,0,0,0,0,0,0,0,0,0,0,0,0,0,0,0,0,0,0,0,0,0,0,0,0,0,0,0,0,0,0,0,0,0,0,0,0,0,0,0,0,0,0,0,0,0,0,0,0,0,0,0,0,0,0,0,0,0,0,0,1,0,1,0,0,0,0,0,1,0,0,0,0,0,0,0,0,0,0,0,0,0,0,0,1,0,0,0,0,0,0,0,0,0,0,0,0,0,0,1,0,0,0,0,0,0,0,0,0,0,1,0,0,0,0,0,0,0,0,0,0,0,0,0,0,0,0,0,0,0,0,0,0,0,0,0,0,0,1,0,0,0,0,0,0,1,1,1,0,0,0,0,0,0,-1,0,0,0,0,0,0,0,0,-1,0,0,-1,0,0,0,0,0,0,0,0,0,0,0,0,0,0,0,0,0,0,1,0,0,0,0,0,0,0,0,0,0,0,0,0,0,0,0,1,1,0,-1,-1,-1,1,1,1,0,0,0,0,1,0,0,1,1,0,0,0,0,1,0,0,0,0,0,0,0,0,0,0,0,0,0,0,0,0,0,0,0,0,0,0,0,0,0,0,0,0,0,1,1,0,1,0,1,1,0,1,0,1,1,0,1,0,0,1,0,0,0,0,0,0,0,0,0,0,0,0,0,0,0,0,0,0,0,0,0,0,0,0,0,0
0,1,1,300,228,8,8,228,114,25,1,0,0.0020000000949949026,4000.0,1.0,0.04500000178813934,25.0,48.0,8.0,291.70001220703125,1.7000000476837158,-3.179999907843012e-07,0.007360000163316727,0.008080000057816505,8.0,0.33000001311302185,0.0333000011742115,1.0,9.999999747378752e-06,21.0,9.999999747378752e-06,2775000064.0,9.000000136438757e-05,4.999999980020986e-13,5.0,40.0,3.0,-3.3499999046325684,3.3499999046325684,0.5,0.0004799999878741801,292.3927001953125,492.6077880859375,-0.0036125299520790577,0.002354159951210022,0.0008944629807956517,0.013157900422811508,0.800646185874939,0.02024419978260994,2650129920.0,0.006539999973028898,0,0,0,0,0,0,0,0,0,0,0,0,0,0,0,0,0,0,0,0,0,0,0,0,0,0,0,0,0,0,0,0,0,0,0,0,0,0,0,0,0,0,0,0,0,0,0,0,0,0,0,0,0,1,4,4,0,0,0,0,0,0,0,0,2,0,0.0004024291120003909,283.4891662597656,298.13043212890625,300.25225830078125,302.45062255859375,304.59429931640625,308.19281005859375,309.4456481933594,310.3576354980469,310.787841796875,310.7882080078125,310.4100341796875,309.71014404296875,308.79541015625,307.7721862792969,306.74700927734375,305.87158203125,305.0654296875,304.2679138183594,303.42437744140625,302.50408935546875,301.496337890625,300.4222717285156,299.3093566894531,298.18499755859375,297.07666015625,0.030324671417474747,0.028508899733424187,0.7714560627937317,-0.03869820386171341,0.7567455768585205,0.8060664534568787,1900.9068603515625,6.364861064867e-07,0.16404815018177032,0.012765161693096161,0.017201777547597885,0.01745133101940155,0.02015099674463272,1.0,-1.6815581571897805e-44,-5.108171463012695,0.0,99.2236557006836,2670.022216796875,0.9451685547828674,305.18585205078125,0.0,0.0,0.0,7.399997234344482,0.0,291.70001220703125,280668.53125,-0.5459696650505066,6.226007461547852,130.28829956054688,10.0,7750000.0,8160000.0,86.12000274658203,119.0999984741211,0.5,9.999999747378752e-05,0.0,3.299999952316284,200.0,0.30000001192092896,309.20001220703125,2.439019908706541e-06,0,0,0,1,1,1,0,24,0,285.7728271484375,0.0,0.0,0.0,0.0,0.0,0.0,1.0061976909637451,0.8668283820152283,0.5289207696914673,0.23863846063613892,0.06306807696819305,0.060342878103256226,0.2613615393638611,0.2674456834793091,0.26280567049980164,1.0,25.0,24.0,5825096.5,5826640.0,5825279.0,281.57598876953125,281.82574462890625,281.56744384765625,289.3712158203125,290.9273681640625,289.3692626953125,4400000.0,285.4736022949219,286.3765563964844,285.4683532714844,7.79522705078125,9.10162353515625,7.80181884765625,288.19732666015625,4559.38818359375,4465.64697265625,4566.8330078125,10.877723693847656,10.912410736083984,10.892229080200195,26.143218994140625,0.0,0.0,0.0020000000949949026,281.6564025878906,289.8892822265625,-116.19741821289062,0.8458040952682495,0.8652781248092651,0.8505247831344604,264.7840881347656,39.0,40.0,42.0,41.0,0.0,0.0,5812924.5,5783652.0,56.03586959838867,5.0,0.014999999664723873,-180000.0,600.0,1000000.0,400000.0,0.17000000178813934,22000.0,786000.0,120000.0,0.0,40.0,30.0,36.810001373291016,0.5,18.399999618530273,50000.0,115692.3984375,15.113750457763672,0,0,1,0,0,0,0,10302300.0,0.0,0.0,0.0,0.0,0.0,-5078296.0,400000.0,1000000.0,1.0,1400000.0,0.0,0.28593799471855164,10321704.0,126869.6328125,10302300.0,340.3203125,40.007659912109375,2.8467774391174316,-5078296.0,0.0,0.0,0.0,2.423454761505127,40.007659912109375,0.0,22230.939453125,1.2010046243667603,0.0,0.0,0.0,20.0,14.711517333984375,22.0,0.0,0.0,0.0,0.05000000074505806,0.02500000037252903,0.17000000178813934,15400000.0,0.5,6.25,0.0006667000125162303,2.0,2410000.0,4140000.0,4.734799861907959,0.15000000596046448,0.20000000298023224,0.2199999988079071,1.0,0.0,-1.0,0.0,5.0,20.0,30.0,50.0,74.0,80.0,86.0,9.800000190734863,500000.0,1.0499999802959792e-07,0.5,750.0,1000.0,600.0,1000.0,1150.0,32.0,32.0,37.400001525878906,10.0,10.0,0.007000000216066837,0.5049999952316284,82.0,189.26499938964844,0.0,1.5099999904632568,231.60000610351562,20.0,36.0,16.600000381469727,16.5,225.0,-0.1756729930639267,27.5,-0.1756729930639267,30.485509872436523,0.1561516970396042,11.10221004486084,-1.8332500457763672,-75.0,4.3520002365112305,13.857000350952148,189.26499938964844,93.30000305175781,2650000.0,0.8500000238418579,7.570000171661377,1,1,1,0,0,0,0,0,0,0,0,1,3,3,0,0,1,0,0,0,0,1,0,1,1,0,0,0,1,1,1,0,0,0,0,0,0,0,0,1,0,0,0,1,0,0,1,0,0,1,12.05141544342041,29051.265625,2153.445068359375,0.00041483284439891577,0.0004361289902590215,0.0006248649442568421,0.0,0.0,0.0,0.0,0.0,0.0,0.5597015023231506,1.0,0.0,0.0,1.0,1.0,0.0,0.0,1.0,1.0,0.0,1.0,0.0,0.0,1.0,0.0,0.0,0.3481954336166382,0.4442853629589081,0.0006248649442568421,0.0,0.0006233676103875041,0.0,99998.78125,99999.0,1535541.875,2410000.0,36.20000076293945,36.20000076293945,36.20000076293945,32.43662643432617,273.5224609375,20.0,20.000011444091797,24.023469924926758,27.0,27.0,25.813907623291016,27.0,31.923320770263672,32.0,20.0,68.57752227783203,3446258.5,0.5440266728401184,7.559999942779541,0.0,8.918973922729492,0.0,0.0,41.63115310668945,1.401298464324817e-45,0.0,0.0,0.5049998760223389,0.5049998760223389,0.5049998760223389,0.18937495350837708,0.18937495350837708,0.18937495350837708,0.0,13.877036094665527,13.877036094665527,13.877036094665527,0.0,0.0,9.074999809265137,0.0,0.0,0.0,0.0,0.0,0.0,100.0,73.97314453125,0.2199999988079071,0.0,20.0,41.63115310668945,0.0,0.0,0.0,0.0,0.0,0.007000000216066837,0.0,0.0,9.074999809265137,0.0,1.7323341369628906,0.0,0.946874737739563,0.0,0.0,0.0,0.0,0.0,0.0,20.0,0.0,0.0,10005496.0,0.0,0.0,0.0,0.0,0.0,0.0,0.0,0.351500004529953,18.93000030517578,23.030000686645508,7.69199959904654e-06,0.08500000089406967,0.009999999776482582,24.0,27.0,8.800000190734863,500000.0,0.05000000074505806,2.7000000013543968e-09,2.7000000013543968e-09,145100.0,120000.0,14650000.0,86400.0,17.0,34.5,48.70000076293945,321.8999938964844,83170.0,0.0,1.0,1.0,0.0010000000474974513,725.0,0.0,0.5,0.0,0.0,57.31999969482422,837142.875,9359.77734375,117376.1015625,2623.89794921875,83026.390625,725.0,1.0204100362898316e-05,740000000.0,1,0,1,0,1,1,0,0,1,0,0,8.799991607666016,27.0,5084.66552734375,0.0,0.0,0.0,0.0,2.042907476425171,0.00040175867616198957,0.0,0.039111245423555374,39.903873443603516,1.0,26081.640625,9560.736328125,5.079776019556448e-05,160916800.0,909713664.0,977467648.0,2280500224.0,-13.582843780517578,-790.00927734375,-728411008.0,-1370786432.0,42.57798385620117,28.474903106689453,56.16082763671875,818.4842529296875,106381.3984375,4228.9658203125,147557.0625,167596.265625,124081.640625,69.60008239746094,39.903873443603516,39.903873443603516,1.0,5.079776019556448e-05,9560.736328125,846179926016.0,0.202297642827034,137600.0,137600.0,70202776.0,56.16082763671875,6691.177734375,1.0,0.0,1700.0,250000.0,10000.0,1038.0,0.004999999888241291,400.0,5000.0,0,0,0,0,2959622.5,51.00460433959961,51.00460433959961,1216415.25,2786308.5,0.0,0.0,108136.8828125,0.7812930941581726,5795837.5,0.0,0.0,1.0,1.0,0.7812930941581726,275.3855285644531,101.15715026855469,0.0,5957889.0,419024.59375,101.15715026855469,1.0,1.0,1.0,0.0,501.1681823730469,0.0,500.11212158203125,1.0,0.0,7680000.0,268.5931091308594,282.9769287109375,270.2994689941406,0.9817097187042236,2786308.5,328.3006896972656,102.00920867919922,1.9817097187042236,0.0,273.12530517578125,1.0,0.0,-7.5742998123168945,0.0,0.0,9.999999974752427e-07,0.0,2.0,0.0003000000142492354,0.004999999888241291,0.0010000000474974513,2.0000000233721948e-07,2.0000000233721948e-07,0.0005555999814532697,993000000.0,1.0,0.05000000074505806,0.10000000149011612,0.0005000000237487257,0.0016700000269338489,0.009999999776482582,1.0,1.0,0.0010000000474974513,4.999999873689376e-05,0.00039999998989515007,0.019999999552965164,0.9891999959945679,0.9891999959945679,0.9950000047683716,0.9950000047683716,1,0,0,0,1,1,0,0,0,0,0,0,0,0,-0.007456977851688862,-7404779.0,5000.033203125,108136.8828125,0.0,2546223.0,0.0,1.0,2569281.25,0.0,0.0,60.0,180.0,1800.0,1800.0,0.0,0.0,0.0,0.0,-0.012236599810421467,0.0,0.0,0.0,0.0,0.0,0.0,0.0,0.0,0.0,0.0,0.0,6.602997746085748e-05,0.0,7.006492321624085e-44,1,1,0,1,1,1,1,1,1,1,1,0,1,0,1,1,1,1,0,1,0,1000,14,0,1,5001,74,0.0,0.0,120.0,120.0,0.0,0.0,0.4000000059604645,0.10000000149011612,0.10000000149011612,2.0,500.0,200.0,0.9900000095367432,300000.0,5000.0,45000.0,20000.0,0.019999999552965164,2.0,0.05000000074505806,0.019999999552965164,6.0,0.05000000074505806,0.019999999552965164,0.019999999552965164,88.30000305175781,0.10000000149011612,0.800000011920929,0.05000000074505806,0.009999999776482582,50.0,50.0,340.0,340.0,1000000.0,1,0,0,0,1,1,1,1,1,1,0,0,0,1,1,0,1.0,0.0,0.0,0.0,29.487764358520508,0.0,0.0,0.0,0.9162333011627197,0.9162333011627197,0.9162333011627197,5000.03271484375,4130374.0,4135374.0,50.0,27.614023208618164,0.4000000059604645,0.0,0.0,0.10000000149011612,0.15093326568603516,0.4925430119037628,22164.435546875,20.0,29.202341079711914,777681.625,21.376258850097656,2831.612060546875,721.2242431640625,0.7776816487312317,0.9141294360160828,9.471564292907715,1.0,3220332.0,3303885.0,9.71730899810791,20.0,0.2772342264652252,27.72342300415039,0.0,636.4223022460938,772.2743530273438,100000.0,50000.0,1115.300048828125,50000.0,700.0,2000.0,2800000.0,3500000.0,4000000.0,9.999999747378752e-05,4.999999873689376e-05,500.0,20000.0,100.0,500.0,60000.0,1200.0,1.0,120.0,150000.0,3000.0,300.0,1.0,300.0,0.019999999552965164,0.019999999552965164,0.009999999776482582,0.009999999776482582,0.009999999776482582,0.019999999552965164,1.100000023841858,0.019999999552965164,4.0,0.019999999552965164,88.0,1613.0,0.009999999776482582,0.20000000298023224,3.0,5.0,600.0,0.0010000000474974513,88.0,88.0,2000.0,2340.0,-0.11599799990653992,-0.03561130166053772,-0.04758000001311302,-0.01752999983727932,1,0,1,0,0,1,1,310.0666809082031,310.0666809082031,1.2452392578125,1.2452392578125,0.0014374498277902603,21.376258850097656,163.9946746826172,171.62745666503906,672.5848388671875,85.47047424316406,85.47047424316406,0.34325408935546875,0.34325408935546875,203.60794067382812,81.42989349365234,0.0,0.0,2663660.25,20.00048065185547,20.00048065185547,101.87394714355469,101.87394714355469,64212.76953125,64212.76953125,1.0702128410339355,1.0702128410339355,0.3906465470790863,0.3906465470790863,17.652767181396484,17.652767181396484,73860.953125,73860.953125,17.65359115600586,108.8068618774414,114.76729583740234,2646936.5,20.00048065185547,20.00048065185547,165.55429077148438,165.55429077148438,125.41035461425781,125.41035461425781,524729.5,524729.5,0.0,84.25540924072266,84.25540924072266,168.5122528076172,157440.3125,157440.3125,1.0496020317077637,1.0496020317077637,167.946533203125,125.41035461425781,0.0,0.0,0.0,148.80609130859375,148.80609130859375,297.6121826171875,0.0,0.0,0.0,0.0,0.0,148.80609130859375,148.80609130859375,0.026315800845623016,0.0,0.20000000298023224,0.0,0.0,0.0,0.0,0.0,0.0,0.9599996209144592,1.0,1.0,1.0,0.9999998211860657,0.9999998211860657,0.9999998211860657,190821.34375,193229.625,0.0,14.750001907348633,0.0,14.750001907348633,7.25,12.0,10.25,296.3810119628906,297.7510070800781,29.5,-102601.59375,7571341.5,12224996.0,0.0,0.0,0.0,0.03710423409938812,0.03710423409938812,0.03710423409938812,1.0,298443.6875,0.9959999918937683,0.9959999918937683,0.9959999918937683,0.9959999918937683,5944.2705078125,3688696.25,4259468.0,723725.0,2606300.0,3684816.5,0.0041303737089037895,0.0082707479596138,622.6238403320312,7.25,12.0,10.25,0.0,0.0,0.0,0.0,0.0,0.0,171.62889099121094,622.6362915039062,274.9184265136719,274.9184265136719,274.9184265136719,58.17649841308594,58.17649841308594,58.17649841308594,2.997922420501709,0.0,0.7462738156318665,2.997706174850464,5.0,0.0040000081062316895,0.0040000081062316895,0.0040000081062316895,0.0040000081062316895,0.0,-0.4368000030517578,0.0,599584.5,163.9946746826172,163.9946746826172,0.0,20.0,2786160.5,7.25,12.0,10.25,20.0,20.0,20.0,0.0,0.0,0.7926306128501892,0.9211652278900146,10000.0,10000.0,0.011826000176370144,1038.5,0.027953999117016792,0.0,0.0,1.0878000259399414,1.0809999704360962,9.000000136438757e-05,103.0,33.220001220703125,1.8179999589920044,0.029999999329447746,49.0,8.329999923706055,4.159999847412109,58.0,302.0,4.5,0.699999988079071,0.4000000059604645,7.5,1.3799999952316284,2.492000102996826,7000.0,48.88999938964844,1.2000000476837158,45.0,62000.0,4590000.0,4250000.0,15900000.0,15100000.0,0.05000000074505806,0.17000000178813934,0.009999999776482582,15220000.0,1.6699999570846558,312.7799987792969,1.1100000143051147,4232.0,0.25,689000.0,4030000.0,9.829999923706055,8.550000190734863,12200000.0,231.10000610351562,88.3239974975586,633.0,1.1430000066757202,0.6858000159263611,-10.0,-3.7799999713897705,0.7799999713897705,295.5,4030000.0,12400000.0,0.9200000166893005,5.0,1,0,1,228,0,0,0,0,0,1,1,1,1,1,0,1,1,1,0,0,0,0,1,1,0,0,0,1,0,0,0,0,0,0,0,0,1,0,1,8,0,0,1,0,0.017201777547597885,5825096.5,1.0877995491027832,0.0,1.1930232048034668,285.9387512207031,0.0,-0.001349951489828527,1,1,1,0,0,0,1,1,0,0,0,0,0,497,0.20000000298023224,0.20000000298023224,0.20000000298023224,0.0,2,0,0,0,0,0,0,0,0,0,0,0,0,0,0,0,0,0,0,0,0,0,0,0,0,0,0,0,0,0,0,0,0,0,0,0,0,0,0,0,0,0,0,0,0,0,0,0,0,0,0,1,0,0,0,0,0,0,0,0,0,0,0,0,0,0,0,0,0,0,0,0,0,0,0,0,0,0,0,0,0,0,0,0,0,0,0,0,0,0,0,0,0,0,0,0,0,0,0,0,0,0,0,0,0,0,0,0,0,0,0,0,0,0,0,0,0,0,0,0,0,0,0,0,0,0,0,0,0,0,0,0,0,0,0,0,0,0,0,0,0,0,0,1,0,0,0,0,0,0,0,0,0,0,0,-1,0,0,0,0,0,0,1,1,0,0,1.7201777696609497,-5.108171463012695,0.0,-0.5459696650505066,-1.6815581571897805e-44,291.70001220703125,285.9387512207031,305.18585205078125,-0.03869820386171341,99.2236557006836,2670.022216796875,1.0877995491027832,1.1930232048034668,-1.0,5.761260986328125,6.827850029367255e-06,0.039111245423555374,100.0,27.0,0.0,7.799991607666016,3.9804913997650146,1.0,1.0,39.903873443603516,0.2661396861076355,20.0,5.079776019556448e-05,0.0,73.97314453125,1.7323341369628906,1.8179994821548462,0.00036938843550160527,0.6817498207092285,0.5440266728401184,15.6688232421875,8.918973922729492,0.0,0.0,0.0,20.000011444091797,44.898040771484375,273.5224609375,20.0,0.9364466667175293,288.3739318847656,40.007659912109375,0.29459047317504883,281.71417236328125,281.97247314453125,281.72247314453125,289.5522766113281,291.1167297363281,289.5542297363281,100.0,6.593799591064453,22.0,105.32369995117188,285.63323974609375,286.54461669921875,285.63836669921875,340.32025146484375,28.593799591064453,24.298084259033203,105.32369995117188,0.0,0.0,0.0,0.0,75.81790924072266,75.96395111083984,75.7176742553711,59.44173049926758,59.45561981201172,59.43986892700195,26.280567169189453,26.74456787109375,26.136154174804688,99.27069091796875,97.07276153564453,99.10871887207031,36.89999771118164,43.19999694824219,26.099998474121094,270.77191162109375,283.46856689453125,269.0407409667969,29.0,0.0,48.0,0.0,0.0,0.0,0.0,0.0,0.0,41.0,78.36749267578125,59.14130783081055,167.946533203125,31.362215042114258,9.999999974752427e-07,7.384962558746338,0.0,108.8068618774414,0.0,721.2242431640625,42.19777297973633,21.376258850097656,0.0,9.471564292907715,77.7681655883789,1.0,0.9717308878898621,20.0,0.0,60.0,120.0,0.0,120.0,0.0,0.0,0.0,0.0,18.116086959838867,89.18974304199219,2.0,200.0,0,0,0,0,0,0,0,0,0,0,0,0,99999,99999,26,402,1800,180,1800,0,0,-7,1,23,0,0,0,806,1424,29,31,32,0,1,0,1,0,1,0,0,1,0,0,0,0,0,1,0,0,0,0,1,0,0,0,1,0,0,0,1,0,0,0,0,0,0,0,0,0,0,0,0,1,0,1,0,0,1,1,0,0,1,1,0,1,0,1,0,1,1,0,0,1,1,0,0,1,0,1,0,0,1,1,0,1,0,0,0,0,1,0,1,0,1,0,0,0,1,0,0,0,0,0,0,1,0,0,1,0,1,0,0,1,1,0,1,0,0,1,0,0,0,1,0,1,1,1,0,0,1,0,0,0,0,0,1,1,1,0,0,0,0,0,0,0,1,0,1,0,1,0,1,0,1,0,0,0,0,0,0,0,0,1,1,1,1,0,1,0,1,1,1,1,1,1,1,0,0,0,0,0,0,1,0,1,1,1,1,1,1,1,1,1,1,1,1,0,0,1,1,0,0,1,1,0,1,1,0,0,1,1,1,0,0,0,0,1,1,1,1,0,1,1,1,1,0,0,1,1,0,1,0,1,1,0,1,1,1,1,1,1,1,1,0,1,0,0,0,0,0,0,0,0,0,0,1,0,0,1,0,0,0,0,0,0,1,1,0,0,0,0,1,0,0,0,0,0,1,0,0,1,0,0,0,0,0,0,0,0,0,0,0,0,0,0,0,0,0,0,0,0,0,0,0,0,0,0,0,0,0,0,0,1,0,0,0,0,0,0,1,0,1,0,1,1,0,0,0,0,0,0,1,0,0,0,0,0,0,0,0,1,0,0,1,0,0,0,0,1,0,0,0,0,0,0,0,0,0,0,0,0,0,0,0,0,0,0,0,0,0,0,0,0,0,0,0,0,0,0,0,0,0,0,0,0,0,0,0,0,0,0,0,0,0,0,0,0,0,0,0,0,0,0,1,0,1,0,0,0,0,0,1,0,0,0,0,0,0,0,0,0,0,0,0,0,0,0,1,0,0,0,0,0,0,0,0,0,0,0,0,0,0,1,0,0,0,0,0,0,0,0,0,0,1,0,0,0,0,0,0,0,0,0,0,0,0,0,0,0,0,0,0,0,0,0,0,0,0,0,0,0,1,0,0,0,0,0,0,1,1,1,0,0,0,0,0,0,-1,0,0,0,0,0,0,0,0,-1,0,0,-1,0,0,0,0,0,0,0,0,0,0,0,0,0,0,0,0,0,0,1,0,0,0,0,0,0,0,0,0,0,0,0,0,0,0,0,1,1,0,-1,-1,-1,1,1,1,0,0,0,0,1,0,0,1,1,0,0,0,0,1,0,0,0,0,0,0,0,0,0,0,0,0,0,0,0,0,0,0,0,0,0,0,0,0,0,0,0,0,0,1,1,0,1,0,1,1,0,1,0,1,1,0,1,0,0,1,0,0,0,0,0,0,0,0,0,0,0,0,0,0,0,0,0,0,0,0,0,0,0,0,0,0
0,1,1,300,228,8,8,228,114,25,1,0,0.0020000000949949026,4000.0,1.0,0.04500000178813934,25.0,48.0,8.0,291.70001220703125,1.7000000476837158,-3.179999907843012e-07,0.007360000163316727,0.008080000057816505,8.0,0.33000001311302185,0.0333000011742115,1.0,9.999999747378752e-06,21.0,9.999999747378752e-06,2775000064.0,9.000000136438757e-05,4.999999980020986e-13,5.0,40.0,3.0,-3.3499999046325684,3.3499999046325684,0.5,0.0004799999878741801,292.3927001953125,492.6077880859375,-0.0036125299520790577,0.002354159951210022,0.0008944629807956517,0.013157900422811508,0.800646185874939,0.02024419978260994,2650129920.0,0.006539999973028898,0,0,0,0,0,0,0,0,0,0,0,0,0,0,0,0,0,0,0,0,0,0,0,0,0,0,0,0,0,0,0,0,0,0,0,0,0,0,0,0,0,0,0,0,0,0,0,0,0,0,0,0,0,1,4,4,0,0,0,0,0,0,0,0,2,0,0.0004024291120003909,283.0384826660156,297.3618469238281,299.43841552734375,301.5894470214844,303.68731689453125,307.2129211425781,308.44415283203125,309.3437194824219,309.7748718261719,309.788330078125,309.4343566894531,308.77020263671875,307.8967590332031,306.9166564941406,305.9325866699219,305.09906005859375,304.3287353515625,303.55999755859375,302.7376708984375,301.8319396972656,300.8323974609375,299.7618408203125,298.6496887207031,297.5252685546875,296.41796875,0.03079932928085327,0.02794613130390644,0.7714428305625916,-0.03861499950289726,0.7567772269248962,0.8023492097854614,1824.0318603515625,6.107109129516175e-07,0.16091449558734894,0.01225467398762703,0.016480574384331703,0.016716493293642998,0.020201414823532104,1.0,-1.6815581571897805e-44,-5.12685489654541,0.0,99.22193145751953,2670.174072265625,0.9452080726623535,304.3503112792969,0.0,0.0,0.0,7.999996662139893,0.0,291.70001220703125,280669.09375,-0.5456669926643372,6.221920967102051,130.28829956054688,10.0,7750000.0,8160000.0,86.12000274658203,119.0999984741211,0.5,9.999999747378752e-05,0.0,3.299999952316284,200.0,0.30000001192092896,309.20001220703125,2.439019908706541e-06,0,0,0,1,1,1,0,24,0,285.2796936035156,0.0,0.0,0.0,0.0,0.0,0.0,1.013336420059204,0.8668085932731628,0.529306173324585,0.24201515316963196,0.06545281410217285,0.06266920268535614,0.25798484683036804,0.26379212737083435,0.25945553183555603,1.0,25.0,24.0,5788718.5,5790253.5,5788900.5,281.13824462890625,281.38690185546875,281.12933349609375,288.829345703125,290.36700439453125,288.82745361328125,4400000.0,284.9837951660156,285.876953125,284.9783935546875,7.69110107421875,8.9801025390625,7.6981201171875,287.675048828125,4561.0546875,4467.1875,4568.4873046875,10.845342636108398,10.877837181091309,10.860135078430176,26.247711181640625,0.0,0.0,0.0020000000949949026,281.2181701660156,289.3412780761719,-113.69683074951172,0.8347259759902954,0.8532979488372803,0.8395359516143799,264.3320617675781,39.0,40.0,42.0,41.0,0.0,0.0,5776682.0,5747371.0,55.87440872192383,5.0,0.014999999664723873,-180000.0,600.0,1000000.0,400000.0,0.17000000178813934,22000.0,786000.0,120000.0,0.0,40.0,30.0,36.810001373291016,0.5,18.399999618530273,50000.0,115692.3984375,15.113750457763672,0,0,1,0,0,0,0,10245396.0,0.0,0.0,0.0,0.0,0.0,-5135855.0,400000.0,1000000.0,1.0,1400000.0,0.0,0.2821856737136841,10264145.0,126869.6328125,10245396.0,340.32037353515625,40.007659912109375,2.8095357418060303,-5135855.0,0.0,0.0,0.0,2.4046790599823,40.007659912109375,0.0,22230.939453125,1.2010046243667603,0.0,0.0,0.0,20.0,14.711517333984375,22.0,0.0,0.0,0.0,0.05000000074505806,0.02500000037252903,0.17000000178813934,15400000.0,0.5,6.25,0.0006667000125162303,2.0,2410000.0,4140000.0,4.734799861907959,0.15000000596046448,0.20000000298023224,0.2199999988079071,1.0,0.0,-1.0,0.0,5.0,20.0,30.0,50.0,74.0,80.0,86.0,9.800000190734863,500000.0,1.0499999802959792e-07,0.5,750.0,1000.0,600.0,1000.0,1150.0,32.0,32.0,37.400001525878906,10.0,10.0,0.007000000216066837,0.5049999952316284,82.0,189.26499938964844,0.0,1.5099999904632568,231.60000610351562,20.0,36.0,16.600000381469727,16.5,225.0,-0.1756729930639267,27.5,-0.1756729930639267,30.485509872436523,0.1561516970396042,11.10221004486084,-1.8332500457763672,-75.0,4.3520002365112305,13.857000350952148,189.26499938964844,93.30000305175781,2650000.0,0.8500000238418579,7.570000171661377,1,1,1,0,0,0,0,0,0,0,0,1,3,3,0,0,1,0,0,0,0,1,0,1,1,0,0,0,1,1,1,0,0,0,0,0,0,0,0,1,0,0,0,1,0,0,1,0,0,1,12.05141544342041,29051.265625,2153.4296875,0.00041483284439891577,0.0004361289902590215,0.0006248649442568421,0.0,0.0,0.0,0.0,0.0,0.0,0.5581791996955872,1.0,0.0,0.0,1.0,1.0,0.0,0.0,1.0,1.0,0.0,1.0,0.0,0.0,1.0,0.0,0.0,0.34260788559913635,0.4371558427810669,0.0006248649442568421,0.0,0.0006233755848370492,0.0,99998.78125,99999.0,1510900.75,2410000.0,36.20000076293945,36.20000076293945,36.20000076293945,32.431396484375,273.0838623046875,20.0,20.0000057220459,24.023468017578125,27.0,27.0,25.813907623291016,27.0,31.923728942871094,32.0,20.0,68.57752227783203,3446233.75,0.5440266728401184,7.559999942779541,0.0,8.918973922729492,0.0,0.0,41.85540771484375,1.401298464324817e-45,0.0,0.0,0.5049998760223389,0.5049998760223389,0.5049998760223389,0.18937495350837708,0.18937495350837708,0.18937495350837708,0.0,13.951787948608398,13.951787948608398,13.951787948608398,0.0,0.0,9.074999809265137,0.0,0.0,0.0,0.0,0.0,0.0,100.0,73.97314453125,0.2199999988079071,0.0,20.0,41.85540771484375,0.0,0.0,0.0,0.0,0.0,0.007000000216066837,0.0,0.0,9.074999809265137,0.0,1.7323341369628906,0.0,0.946874737739563,0.0,0.0,0.0,0.0,0.0,0.0,20.0,0.0,0.0,9948680.0,0.0,0.0,0.0,0.0,0.0,0.0,0.0,0.351500004529953,18.93000030517578,23.030000686645508,7.69199959904654e-06,0.08500000089406967,0.009999999776482582,24.0,27.0,8.800000190734863,500000.0,0.05000000074505806,2.7000000013543968e-09,2.7000000013543968e-09,145100.0,120000.0,14650000.0,86400.0,17.0,34.5,48.70000076293945,321.8999938964844,83170.0,0.0,1.0,1.0,0.0010000000474974513,725.0,0.0,0.5,0.0,0.0,57.31999969482422,837142.875,9359.77734375,117376.1015625,2623.89794921875,83026.390625,725.0,1.0204100362898316e-05,740000000.0,1,0,1,0,1,1,0,0,1,0,0,8.799991607666016,27.0,5118.32861328125,0.0,0.0,0.0,0.0,2.056454658508301,0.0004017618775833398,0.0,0.039370182901620865,39.910423278808594,1.0,26083.8203125,9621.1494140625,5.11341386300046e-05,158883824.0,897661952.0,965083136.0,2268094976.0,-13.193763732910156,-785.5054931640625,-719079488.0,-1370433152.0,42.80223846435547,28.474903106689453,55.996002197265625,813.9804077148438,106381.3984375,4230.3564453125,147589.328125,167623.78125,124083.8203125,70.2000732421875,39.910423278808594,39.910423278808594,1.0,5.11341386300046e-05,9621.1494140625,843199938560.0,0.2023429274559021,137600.0,137600.0,69870000.0,55.996002197265625,6693.28173828125,1.0,0.0,1700.0,250000.0,10000.0,1038.0,0.004999999888241291,400.0,5000.0,0,0,0,0,2959622.5,50.699188232421875,50.699188232421875,1216415.25,2786482.25,0.0,0.0,106968.4609375,0.6489295363426208,5759420.0,0.0,0.0,1.0,1.0,0.6489295363426208,275.3855285644531,100.85545349121094,0.0,5957889.0,417741.1875,100.85545349121094,1.0,1.0,1.0,0.0,498.0114440917969,0.0,496.96710205078125,1.0,0.0,7680000.0,267.1878967285156,281.40643310546875,268.87335205078125,0.9838179349899292,2786482.25,326.8580322265625,101.39837646484375,1.9838179349899292,0.0,272.7185363769531,1.0,0.0,-7.5742998123168945,0.0,0.0,9.999999974752427e-07,0.0,2.0,0.0003000000142492354,0.004999999888241291,0.0010000000474974513,2.0000000233721948e-07,2.0000000233721948e-07,0.0005555999814532697,993000000.0,1.0,0.05000000074505806,0.10000000149011612,0.0005000000237487257,0.0016700000269338489,0.009999999776482582,1.0,1.0,0.0010000000474974513,4.999999873689376e-05,0.00039999998989515007,0.019999999552965164,0.9891999959945679,0.9891999959945679,0.9950000047683716,0.9950000047683716,1,0,0,0,1,1,0,0,0,0,0,0,0,0,-0.007456977851688862,-7404779.0,5000.03173828125,106968.4609375,0.0,2546223.0,0.0,1.0,2569281.25,0.0,0.0,60.0,180.0,1800.0,1800.0,0.0,0.0,0.0,0.0,-0.012236599810421467,0.0,0.0,0.0,0.0,0.0,0.0,0.0,0.0,0.0,0.0,0.0,6.602997746085748e-05,0.0,7.006492321624085e-44,1,1,0,1,1,1,1,1,1,1,1,0,1,0,1,1,1,1,0,1,0,1000,15,0,1,5001,77,0.0,0.0,120.0,120.0,0.0,0.0,0.4000000059604645,0.10000000149011612,0.10000000149011612,2.0,500.0,200.0,0.9900000095367432,300000.0,5000.0,45000.0,20000.0,0.019999999552965164,2.0,0.05000000074505806,0.019999999552965164,6.0,0.05000000074505806,0.019999999552965164,0.019999999552965164,88.30000305175781,0.10000000149011612,0.800000011920929,0.05000000074505806,0.009999999776482582,50.0,50.0,340.0,340.0,1000000.0,1,0,0,0,1,1,1,1,1,1,0,0,0,1,1,0,1.0,0.0,0.0,0.0,29.584394454956055,0.0,0.0,0.0,0.9160653352737427,0.9160653352737427,0.9160653352737427,5000.03125,4140627.75,4145627.75,50.0,27.613983154296875,0.4000000059604645,0.0,0.0,0.10000000149011612,0.14998489618301392,0.4925430119037628,22164.435546875,20.0,29.202341079711914,777740.3125,21.321441650390625,2823.16796875,721.2242431640625,0.7777402997016907,0.9137779474258423,9.471525192260742,1.0,3220318.5,3303867.0,9.717255592346191,20.0,0.2772808074951172,27.72808074951172,0.0,636.4223022460938,797.0485229492188,100000.0,50000.0,1115.300048828125,50000.0,700.0,2000.0,2800000.0,3500000.0,4000000.0,9.999999747378752e-05,4.999999873689376e-05,500.0,20000.0,100.0,500.0,60000.0,1200.0,1.0,120.0,150000.0,3000.0,300.0,1.0,300.0,0.019999999552965164,0.019999999552965164,0.009999999776482582,0.009999999776482582,0.009999999776482582,0.019999999552965164,1.100000023841858,0.019999999552965164,4.0,0.019999999552965164,88.0,1613.0,0.009999999776482582,0.20000000298023224,3.0,5.0,600.0,0.0010000000474974513,88.0,88.0,2000.0,2340.0,-0.11599799990653992,-0.03561130166053772,-0.04758000001311302,-0.01752999983727932,1,0,1,0,0,1,1,303.2825927734375,303.2825927734375,1.218017578125,1.218017578125,0.0013638547388836741,21.321441650390625,163.98280334472656,163.26922607421875,657.7315063476562,81.30807495117188,81.30807495117188,0.3265380859375,0.3265380859375,193.36862182617188,72.04396057128906,0.0,0.0,2663660.25,20.00048065185547,20.00048065185547,101.49969482421875,101.49969482421875,64162.63671875,64162.63671875,1.0693773031234741,1.0693773031234741,0.3244647681713104,0.3244647681713104,16.785053253173828,16.785053253173828,70230.3515625,70230.3515625,16.785839080810547,107.91581726074219,113.45118713378906,2647104.0,20.00048065185547,20.00048065185547,165.47244262695312,165.47244262695312,123.85843658447266,123.85843658447266,518236.125,518236.125,0.0,83.25276184082031,83.25276184082031,166.5068817138672,157381.75,157381.75,1.0492116212844849,1.0492116212844849,167.597900390625,123.85842895507812,0.0,0.0,0.0,147.63485717773438,147.63485717773438,295.26971435546875,0.0,0.0,0.0,0.0,0.0,147.63485717773438,147.63485717773438,0.026315800845623016,0.0,0.20000000298023224,0.0,0.0,0.0,0.0,0.0,0.0,0.9599996209144592,1.0,1.0,1.0,0.9999998211860657,0.9999998211860657,0.9999998211860657,190820.953125,193229.09375,0.0,14.750001907348633,0.0,14.750001907348633,7.25,12.0,10.25,296.3810119628906,297.7510070800781,29.5,-118707.1953125,7622707.5,12224996.0,0.0,0.0,0.0,0.03282744809985161,0.03282744809985161,0.03282744809985161,1.0,288315.625,0.9959999918937683,0.9959999918937683,0.9959999918937683,0.9959999918937683,0.0,3715398.25,4246199.0,686927.375,2606300.0,3702035.5,0.004140627570450306,0.008291255682706833,609.001220703125,7.25,12.0,10.25,0.0,0.0,0.0,0.0,0.0,0.0,163.2705841064453,609.013671875,269.53717041015625,269.53717041015625,269.53717041015625,85.48814392089844,85.48814392089844,85.48814392089844,2.9985852241516113,0.0,0.7451589703559875,2.9983620643615723,5.0,0.0040000081062316895,0.0040000081062316895,0.0040000081062316895,0.0040000081062316895,0.0,-0.4368000030517578,0.0,599717.0625,163.98280334472656,163.98280334472656,0.0,20.0,2786339.0,7.25,12.0,10.25,20.0,20.0,20.0,0.0,0.0,0.7926306128501892,0.9211652278900146,10000.0,10000.0,0.011826000176370144,1038.5,0.027953999117016792,0.0,0.0,1.0878000259399414,1.0809999704360962,9.000000136438757e-05,103.0,33.220001220703125,1.8179999589920044,0.029999999329447746,49.0,8.329999923706055,4.159999847412109,58.0,302.0,4.5,0.699999988079071,0.4000000059604645,7.5,1.3799999952316284,2.492000102996826,7000.0,48.88999938964844,1.2000000476837158,45.0,62000.0,4590000.0,4250000.0,15900000.0,15100000.0,0.05000000074505806,0.17000000178813934,0.009999999776482582,15220000.0,1.6699999570846558,312.7799987792969,1.1100000143051147,4232.0,0.25,689000.0,4030000.0,9.829999923706055,8.550000190734863,12200000.0,231.10000610351562,88.3239974975586,633.0,1.1430000066757202,0.6858000159263611,-10.0,-3.7799999713897705,0.7799999713897705,295.5,4030000.0,12400000.0,0.9200000166893005,5.0,1,0,1,228,0,0,0,0,0,1,1,1,1,1,0,1,1,1,0,0,0,0,1,1,0,0,0,1,0,0,0,0,0,0,0,0,1,0,1,8,0,0,1,0,0.016480574384331703,5788718.5,1.0877995491027832,0.0,1.2001336812973022,285.4433288574219,0.0,-0.0012761352118104696,1,1,1,0,0,0,1,1,0,0,0,0,0,500,0.20000000298023224,0.20000000298023224,0.20000000298023224,0.0,2,0,0,0,0,0,0,0,0,0,0,0,0,0,0,0,0,0,0,0,0,0,0,0,0,0,0,0,0,0,0,0,0,0,0,0,0,0,0,0,0,0,0,0,0,0,0,0,0,0,0,1,0,0,0,0,0,0,0,0,0,0,0,0,0,0,0,0,0,0,0,0,0,0,0,0,0,0,0,0,0,0,0,0,0,0,0,0,0,0,0,0,0,0,0,0,0,0,0,0,0,0,0,0,0,0,0,0,0,0,0,0,0,0,0,0,0,0,0,0,0,0,0,0,0,0,0,0,0,0,0,0,0,0,0,0,0,0,0,0,0,0,0,1,0,0,0,0,0,0,0,0,0,0,0,-1,0,0,0,0,0,0,1,1,0,0,1.648057460784912,-5.12685489654541,0.0,-0.5456669926643372,-1.6815581571897805e-44,291.70001220703125,285.4433288574219,304.3503112792969,-0.03861499950289726,99.22193145751953,2670.174072265625,1.0877995491027832,1.2001336812973022,-1.0,6.256683349609375,6.827850029367255e-06,0.039370182901620865,100.0,27.0,0.0,7.799991607666016,3.983227014541626,1.0,1.0,39.910423278808594,0.2661619186401367,20.0,5.11341386300046e-05,0.0,73.97314453125,1.7323341369628906,1.8179994821548462,0.00036938843550160527,0.6817498207092285,0.5440266728401184,15.417383193969727,8.918973922729492,0.0,0.0,0.0,20.0000057220459,44.898040771484375,273.0838623046875,20.0,0.9358325004577637,287.8478698730469,40.007659912109375,0.29459047317504883,281.2750244140625,281.532958984375,281.28387451171875,289.0068054199219,290.5524597167969,289.0087585449219,100.0,6.218567371368408,22.0,104.73636627197266,285.14093017578125,286.042724609375,285.14630126953125,340.3204345703125,28.21856689453125,24.108905792236328,104.73636627197266,0.0,0.0,0.0,0.0,75.59626770019531,75.72513580322266,75.49407196044922,59.07052230834961,59.084327697753906,59.06866455078125,25.945552825927734,26.379213333129883,25.798484802246094,99.30715942382812,97.1052017211914,99.14546203613281,36.89999771118164,43.19999694824219,26.099998474121094,269.3482971191406,281.9046936035156,267.6385498046875,29.0,0.0,48.0,0.0,0.0,0.0,0.0,0.0,0.0,41.0,78.36749267578125,58.76969909667969,167.597900390625,31.164669036865234,9.999999974752427e-07,7.0094757080078125,0.0,107.91581726074219,0.0,721.2242431640625,42.30240249633789,21.321441650390625,0.0,9.471525192260742,77.77403259277344,1.0,0.971725583076477,20.0,0.0,60.0,120.0,0.0,120.0,0.0,0.0,0.0,0.0,18.116086959838867,89.18974304199219,2.0,200.0,0,0,0,0,0,0,0,0,0,0,0,0,99999,99999,26,402,1800,180,1800,0,0,-7,1,23,0,0,0,806,1424,29,31,32,0,1,0,1,0,1,0,0,1,0,0,0,0,0,1,0,0,0,0,1,0,0,0,1,0,0,0,1,0,0,0,0,0,0,0,0,0,0,0,0,1,0,1,0,0,1,1,0,0,1,1,0,1,0,1,0,1,1,0,0,1,1,0,0,1,0,1,0,0,1,1,0,1,0,0,0,0,1,0,1,0,1,0,0,0,1,0,0,0,0,0,0,1,0,0,1,0,1,0,0,1,1,0,1,0,0,1,0,0,0,1,0,1,1,1,0,0,1,0,0,0,0,0,1,1,1,0,0,0,0,0,0,0,1,0,1,0,1,0,1,0,1,0,0,0,0,0,0,0,0,1,1,1,1,0,1,0,1,1,1,1,1,1,1,0,0,0,0,0,0,1,0,1,1,1,1,1,1,1,1,1,1,1,1,0,0,1,1,0,0,1,1,0,1,1,0,0,1,1,1,0,0,0,0,1,1,1,1,0,1,1,1,1,0,0,1,1,0,1,0,1,1,0,1,1,1,1,1,1,1,1,0,1,0,0,0,0,0,0,0,0,0,0,1,0,0,1,0,0,0,0,0,1,1,1,1,0,0,0,1,0,0,0,0,0,1,0,0,1,0,0,0,0,0,0,0,0,0,0,0,0,1,0,0,0,0,1,0,0,0,1,0,0,0,0,0,0,0,0,0,1,0,0,0,0,0,0,1,0,1,0,1,1,0,0,0,0,0,0,1,0,0,0,0,0,0,1,0,1,0,0,1,0,0,0,0,1,0,0,0,0,0,0,0,0,0,0,0,0,0,0,0,0,0,0,0,0,0,0,0,0,0,0,0,0,0,0,0,0,0,0,0,0,0,0,0,0,0,0,0,0,0,0,0,0,0,0,0,0,0,0,1,0,1,0,0,0,0,0,1,0,0,0,0,0,0,0,0,0,0,0,0,0,0,0,1,0,0,0,0,0,0,0,0,0,0,0,0,0,0,1,0,0,0,0,0,0,0,0,0,0,1,0,0,0,0,0,0,0,0,0,0,0,0,0,0,0,0,0,0,0,0,0,0,0,0,0,0,0,1,0,0,0,0,0,0,1,1,1,0,0,0,0,0,0,-1,0,0,0,0,0,0,0,0,-1,0,0,-1,0,0,0,0,0,0,0,0,0,0,0,0,0,0,0,0,0,0,1,0,0,0,0,0,0,0,0,0,0,0,0,0,0,0,0,1,1,0,-1,-1,-1,1,1,1,0,0,0,0,1,0,0,1,1,0,0,0,0,1,0,0,0,0,0,0,0,0,0,0,0,0,0,0,0,0,0,0,0,0,0,0,0,0,0,0,0,0,0,1,1,0,1,0,1,1,0,1,0,1,1,0,1,0,0,1,0,0,0,0,0,0,0,0,0,0,0,0,0,0,0,0,0,0,0,0,0,0,0,0,0,0
0,1,1,300,228,8,8,228,114,25,1,0,0.0020000000949949026,4000.0,1.0,0.04500000178813934,25.0,48.0,8.0,291.70001220703125,1.7000000476837158,-3.179999907843012e-07,0.007360000163316727,0.008080000057816505,8.0,0.33000001311302185,0.0333000011742115,1.0,9.999999747378752e-06,21.0,9.999999747378752e-06,2775000064.0,9.000000136438757e-05,4.999999980020986e-13,5.0,40.0,3.0,-3.3499999046325684,3.3499999046325684,0.5,0.0004799999878741801,292.3927001953125,492.6077880859375,-0.0036125299520790577,0.002354159951210022,0.0008944629807956517,0.013157900422811508,0.800646185874939,0.02024419978260994,2650129920.0,0.006539999973028898,0,0,0,0,0,0,0,0,0,0,0,0,0,0,0,0,0,0,0,0,0,0,0,0,0,0,0,0,0,0,0,0,0,0,0,0,0,0,0,0,0,0,0,0,0,0,0,0,0,0,0,0,0,1,4,4,0,0,0,0,0,0,0,0,2,0,0.0004024291120003909,282.5926818847656,296.61566162109375,298.6496276855469,300.756103515625,302.810791015625,306.2676696777344,307.4784851074219,308.3662109375,308.798095703125,308.82366943359375,308.49237060546875,307.8616027832031,307.02691650390625,306.08734130859375,305.1418762207031,304.3477478027344,303.6112060546875,302.8695983886719,302.0673828125,301.1754150390625,300.1837463378906,299.1166687011719,298.00537109375,296.88104248046875,295.77496337890625,0.03126850351691246,0.027410592883825302,0.7714295983314514,-0.03853386640548706,0.756808876991272,0.7986901998519897,1751.2698974609375,5.863167302777583e-07,0.15783816576004028,0.01177146378904581,0.015798646956682205,0.016021737828850746,0.02025202289223671,1.0,-1.6815581571897805e-44,-5.145290374755859,0.0,99.22024536132812,2670.326171875,0.9452475905418396,303.5404968261719,0.0,0.0,0.0,8.599996566772461,0.0,291.70001220703125,280669.65625,-0.5453646183013916,6.217845916748047,130.28829956054688,10.0,7750000.0,8160000.0,86.12000274658203,119.0999984741211,0.5,9.999999747378752e-05,0.0,3.299999952316284,200.0,0.30000001192092896,309.20001220703125,2.439019908706541e-06,0,0,0,1,1,1,0,24,0,284.7933654785156,0.0,0.0,0.0,0.0,0.0,0.0,1.0206599235534668,0.8667884469032288,0.5296971201896667,0.2454814314842224,0.0678715854883194,0.06503232568502426,0.2545185685157776,0.2600468695163727,0.25601819157600403,1.0,25.0,24.0,5752752.5,5754279.5,5752933.0,280.70306396484375,280.95062255859375,280.69354248046875,288.2984924316406,289.8179016113281,288.2965393066406,4400000.0,284.50079345703125,285.38427734375,284.49505615234375,7.595428466796875,8.867279052734375,7.602996826171875,287.1633605957031,4562.65234375,4468.85546875,4570.07763671875,10.812359809875488,10.84266185760498,10.827458381652832,26.35400390625,0.0,0.0,0.0020000000949949026,280.78240966796875,288.8043212890625,-111.26467895507812,0.8233753442764282,0.841038703918457,0.8282819986343384,263.76983642578125,39.0,40.0,42.0,41.0,0.0,0.0,5740859.5,5711513.0,55.71704864501953,5.0,0.014999999664723873,-180000.0,600.0,1000000.0,400000.0,0.17000000178813934,22000.0,786000.0,120000.0,0.0,40.0,30.0,36.810001373291016,0.5,18.399999618530273,50000.0,115692.3984375,15.113750457763672,0,0,1,0,0,0,0,10190395.0,0.0,0.0,0.0,0.0,0.0,-5191479.0,400000.0,1000000.0,1.0,1400000.0,0.0,0.2785170376300812,10208521.0,126869.6328125,10190395.0,340.3204345703125,40.007659912109375,2.773123025894165,-5191479.0,0.0,0.0,0.0,2.3863210678100586,40.007659912109375,0.0,22230.939453125,1.2010046243667603,0.0,0.0,0.0,20.0,14.711517333984375,22.0,0.0,0.0,0.0,0.05000000074505806,0.02500000037252903,0.17000000178813934,15400000.0,0.5,6.25,0.0006667000125162303,2.0,2410000.0,4140000.0,4.734799861907959,0.15000000596046448,0.20000000298023224,0.2199999988079071,1.0,0.0,-1.0,0.0,5.0,20.0,30.0,50.0,74.0,80.0,86.0,9.800000190734863,500000.0,1.0499999802959792e-07,0.5,750.0,1000.0,600.0,1000.0,1150.0,32.0,32.0,37.400001525878906,10.0,10.0,0.007000000216066837,0.5049999952316284,82.0,189.26499938964844,0.0,1.5099999904632568,231.60000610351562,20.0,36.0,16.600000381469727,16.5,225.0,-0.1756729930639267,27.5,-0.1756729930639267,30.485509872436523,0.1561516970396042,11.10221004486084,-1.8332500457763672,-75.0,4.3520002365112305,13.857000350952148,189.26499938964844,93.30000305175781,2650000.0,0.8500000238418579,7.570000171661377,1,1,1,0,0,0,0,0,0,0,0,1,3,3,0,0,1,0,0,0,0,1,0,1,1,0,0,0,1,1,1,0,0,0,0,0,0,0,0,1,0,0,0,1,0,0,1,0,0,1,12.05141544342041,29051.265625,2153.414306640625,0.00041483284439891577,0.0004361289902590215,0.0006248649442568421,0.0,0.0,0.0,0.0,0.0,0.0,0.5567455887794495,1.0,0.0,0.0,1.0,1.0,0.0,0.0,1.0,1.0,0.0,1.0,0.0,0.0,1.0,0.0,0.0,0.3371100127696991,0.43014073371887207,0.0006248649442568421,0.0,0.0006233830936253071,0.0,99998.78125,99999.0,1486655.125,2410000.0,36.20000076293945,36.20000076293945,36.20000076293945,32.42616653442383,272.64788818359375,20.0,20.000003814697266,24.02347183227539,27.0,27.0,25.813905715942383,27.0,31.92411231994629,32.0,20.0,68.57752227783203,3446208.5,0.5440266728401184,7.559999942779541,0.0,8.918973922729492,0.0,0.0,42.06730270385742,1.401298464324817e-45,0.0,0.0,0.5049998760223389,0.5049998760223389,0.5049998760223389,0.18937495350837708,0.18937495350837708,0.18937495350837708,0.0,14.022419929504395,14.022419929504395,14.022419929504395,0.0,0.0,9.074999809265137,0.0,0.0,0.0,0.0,0.0,0.0,100.0,73.97314453125,0.2199999988079071,0.0,20.0,42.06730270385742,0.0,0.0,0.0,0.0,0.0,0.007000000216066837,0.0,0.0,9.074999809265137,0.0,1.7323341369628906,0.0,0.946874737739563,0.0,0.0,0.0,0.0,0.0,0.0,20.0,0.0,0.0,9893664.0,0.0,0.0,0.0,0.0,0.0,0.0,0.0,0.351500004529953,18.93000030517578,23.030000686645508,7.69199959904654e-06,0.08500000089406967,0.009999999776482582,24.0,27.0,8.800000190734863,500000.0,0.05000000074505806,2.7000000013543968e-09,2.7000000013543968e-09,145100.0,120000.0,14650000.0,86400.0,17.0,34.5,48.70000076293945,321.8999938964844,83170.0,0.0,1.0,1.0,0.0010000000474974513,725.0,0.0,0.5,0.0,0.0,57.31999969482422,837142.875,9359.77734375,117376.1015625,2623.89794921875,83026.390625,725.0,1.0204100362898316e-05,740000000.0,1,0,1,0,1,1,0,0,1,0,0,8.799991607666016,27.0,5151.89404296875,0.0,0.0,0.0,0.0,2.0699622631073,0.00040176522452384233,0.0,0.039628367871046066,39.91665267944336,1.0,26085.8828125,9681.392578125,5.1469534810166806e-05,156942080.0,886032640.0,953128576.0,2255546368.0,-12.821773529052734,-780.9535522460938,-709967104.0,-1369513728.0,43.014137268066406,28.474903106689453,55.83591079711914,809.428466796875,106381.3984375,4231.6806640625,147621.5625,167649.9375,124085.8828125,70.80006408691406,39.91665267944336,39.91665267944336,1.0,5.1469534810166806e-05,9681.392578125,840245575680.0,0.20238813757896423,137600.0,137600.0,69544808.0,55.83591079711914,6695.28564453125,1.0,0.0,1700.0,250000.0,10000.0,1038.0,0.004999999888241291,400.0,5000.0,0,0,0,0,2959622.5,50.395599365234375,50.395599365234375,1216415.25,2786646.25,0.0,0.0,105934.71875,0.5389904975891113,5723418.0,0.0,0.0,1.0,1.0,0.5389904975891113,275.3855285644531,100.58634948730469,0.0,5957889.0,416596.65625,100.58634948730469,1.0,1.0,1.0,0.0,494.89007568359375,0.0,493.8578186035156,1.0,0.0,7680000.0,265.77301025390625,279.81500244140625,267.43243408203125,0.9856832027435303,2786646.25,325.3345031738281,100.79119873046875,1.9856832027435303,0.0,272.31463623046875,1.0,0.0,-7.5742998123168945,0.0,0.0,9.999999974752427e-07,0.0,2.0,0.0003000000142492354,0.004999999888241291,0.0010000000474974513,2.0000000233721948e-07,2.0000000233721948e-07,0.0005555999814532697,993000000.0,1.0,0.05000000074505806,0.10000000149011612,0.0005000000237487257,0.0016700000269338489,0.009999999776482582,1.0,1.0,0.0010000000474974513,4.999999873689376e-05,0.00039999998989515007,0.019999999552965164,0.9891999959945679,0.9891999959945679,0.9950000047683716,0.9950000047683716,1,0,0,0,1,1,0,0,0,0,0,0,0,0,-0.007456977851688862,-7404779.0,5000.0302734375,105934.71875,0.0,2546223.0,0.0,1.0,2569281.25,0.0,0.0,60.0,180.0,1800.0,1800.0,0.0,0.0,0.0,0.0,-0.012236599810421467,0.0,0.0,0.0,0.0,0.0,0.0,0.0,0.0,0.0,0.0,0.0,6.602997746085748e-05,0.0,7.006492321624085e-44,1,1,0,1,1,1,1,1,1,1,1,0,1,0,1,1,1,1,0,1,0,1000,16,0,1,5001,80,0.0,0.0,120.0,120.0,0.0,0.0,0.4000000059604645,0.10000000149011612,0.10000000149011612,2.0,500.0,200.0,0.9900000095367432,300000.0,5000.0,45000.0,20000.0,0.019999999552965164,2.0,0.05000000074505806,0.019999999552965164,6.0,0.05000000074505806,0.019999999552965164,0.019999999552965164,88.30000305175781,0.10000000149011612,0.800000011920929,0.05000000074505806,0.009999999776482582,50.0,50.0,340.0,340.0,1000000.0,1,0,0,0,1,1,1,1,1,1,0,0,0,1,1,0,1.0,0.0,0.0,0.0,29.676437377929688,0.0,0.0,0.0,0.9158895611763,0.9158895611763,0.9158895611763,5000.02978515625,4149345.75,4154345.75,50.0,27.613943099975586,0.4000000059604645,0.0,0.0,0.10000000149011612,0.1490473449230194,0.4925430119037628,22164.435546875,20.0,29.202341079711914,777804.1875,21.269914627075195,2815.239501953125,721.2242431640625,0.7778041958808899,0.9134126305580139,9.471485137939453,1.0,3220305.0,3303849.0,9.717203140258789,20.0,0.27732738852500916,27.732738494873047,0.0,636.4223022460938,822.049560546875,100000.0,50000.0,1115.300048828125,50000.0,700.0,2000.0,2800000.0,3500000.0,4000000.0,9.999999747378752e-05,4.999999873689376e-05,500.0,20000.0,100.0,500.0,60000.0,1200.0,1.0,120.0,150000.0,3000.0,300.0,1.0,300.0,0.019999999552965164,0.019999999552965164,0.009999999776482582,0.009999999776482582,0.009999999776482582,0.019999999552965164,1.100000023841858,0.019999999552965164,4.0,0.019999999552965164,88.0,1613.0,0.009999999776482582,0.20000000298023224,3.0,5.0,600.0,0.0010000000474974513,88.0,88.0,2000.0,2340.0,-0.11599799990653992,-0.03561130166053772,-0.04758000001311302,-0.01752999983727932,1,0,1,0,0,1,1,296.4442138671875,296.4442138671875,1.1905517578125,1.1905517578125,0.0012945873895660043,21.269914627075195,163.97056579589844,155.40252685546875,643.1998291015625,77.39045715332031,77.39045715332031,0.3108062744140625,0.3108062744140625,183.73155212402344,63.73988342285156,0.0,0.0,2663660.25,20.00048065185547,20.00048065185547,101.15635681152344,101.15635681152344,64113.06640625,64113.06640625,1.0685510635375977,1.0685510635375977,0.26949524879455566,0.26949524879455566,15.830034255981445,15.830034255981445,66234.453125,66234.453125,15.830787658691406,107.08715057373047,112.21630859375,2647262.75,20.00048065185547,20.00048065185547,165.4034423828125,165.4034423828125,122.34137725830078,122.34137725830078,511888.59375,511888.59375,0.0,82.26127624511719,82.26127624511719,164.5238494873047,157323.703125,157323.703125,1.048824667930603,1.048824667930603,167.28057861328125,122.34136962890625,0.0,0.0,0.0,146.4739990234375,146.4739990234375,292.947998046875,0.0,0.0,0.0,0.0,0.0,146.4739990234375,146.4739990234375,0.026315800845623016,0.0,0.20000000298023224,0.0,0.0,0.0,0.0,0.0,0.0,0.9599996209144592,1.0,1.0,1.0,0.9999998211860657,0.9999998211860657,0.9999998211860657,190820.546875,193228.59375,0.0,14.750001907348633,0.0,14.750001907348633,7.25,12.0,10.25,296.3810119628906,297.7510070800781,29.5,-134047.84375,7669777.0,12224996.0,0.0,0.0,0.0,0.02904362417757511,0.02904362417757511,0.02904362417757511,1.0,278758.90625,0.9959999918937683,0.9959999918937683,0.9959999918937683,0.9959999918937683,0.0,3741043.25,4235286.0,652293.6875,2606300.0,3719253.5,0.004149345681071281,0.00830869097262621,595.26953125,7.25,12.0,10.25,0.0,0.0,0.0,0.0,0.0,0.0,155.40382385253906,595.281982421875,264.79425048828125,264.79425048828125,264.79425048828125,75.63443756103516,75.63443756103516,75.63443756103516,2.9992668628692627,0.0,0.7444456815719604,2.999037742614746,5.0,0.0040000081062316895,0.0040000081062316895,0.0040000081062316895,0.0040000081062316895,0.0,-0.4368000030517578,0.0,599853.375,163.97056579589844,163.97056579589844,0.0,20.0,2786508.5,7.25,12.0,10.25,20.0,20.0,20.0,0.0,0.0,0.7926306128501892,0.9211652278900146,10000.0,10000.0,0.011826000176370144,1038.5,0.027953999117016792,0.0,0.0,1.0878000259399414,1.0809999704360962,9.000000136438757e-05,103.0,33.220001220703125,1.8179999589920044,0.029999999329447746,49.0,8.329999923706055,4.159999847412109,58.0,302.0,4.5,0.699999988079071,0.4000000059604645,7.5,1.3799999952316284,2.492000102996826,7000.0,48.88999938964844,1.2000000476837158,45.0,62000.0,4590000.0,4250000.0,15900000.0,15100000.0,0.05000000074505806,0.17000000178813934,0.009999999776482582,15220000.0,1.6699999570846558,312.7799987792969,1.1100000143051147,4232.0,0.25,689000.0,4030000.0,9.829999923706055,8.550000190734863,12200000.0,231.10000610351562,88.3239974975586,633.0,1.1430000066757202,0.6858000159263611,-10.0,-3.7799999713897705,0.7799999713897705,295.5,4030000.0,12400000.0,0.9200000166893005,5.0,1,0,1,228,0,0,0,0,0,1,1,1,1,1,0,1,1,1,0,0,0,0,1,1,0,0,0,1,0,0,0,0,0,0,0,0,1,0,1,8,0,0,1,0,0.015798646956682205,5752752.5,1.0877995491027832,0.0,1.2072525024414062,284.9547424316406,0.0,-0.0012064925394952297,1,1,1,0,0,0,1,1,0,0,0,0,0,503,0.20000000298023224,0.20000000298023224,0.20000000298023224,0.0,2,0,0,0,0,0,0,0,0,0,0,0,0,0,0,0,0,0,0,0,0,0,0,0,0,0,0,0,0,0,0,0,0,0,0,0,0,0,0,0,0,0,0,0,0,0,0,0,0,0,0,1,0,0,0,0,0,0,0,0,0,0,0,0,0,0,0,0,0,0,0,0,0,0,0,0,0,0,0,0,0,0,0,0,0,0,0,0,0,0,0,0,0,0,0,0,0,0,0,0,0,0,0,0,0,0,0,0,0,0,0,0,0,0,0,0,0,0,0,0,0,0,0,0,0,0,0,0,0,0,0,0,0,0,0,0,0,0,0,0,0,0,0,1,0,0,0,0,0,0,0,0,0,0,0,-1,0,0,0,0,0,0,1,1,0,0,1.579864740371704,-5.145290374755859,0.0,-0.5453646183013916,-1.6815581571897805e-44,291.70001220703125,284.9547424316406,303.5404968261719,-0.03853386640548706,99.22024536132812,2670.326171875,1.0877995491027832,1.2072525024414062,-1.0,6.745269775390625,6.827850029367255e-06,0.039628367871046066,100.0,27.0,0.0,7.799991607666016,3.9859378337860107,1.0,1.0,39.91665267944336,0.26618295907974243,20.0,5.1469534810166806e-05,0.0,73.97314453125,1.7323341369628906,1.8179994821548462,0.00036938843550160527,0.6817498207092285,0.5440266728401184,15.169978141784668,8.918973922729492,0.0,0.0,0.0,20.000003814697266,44.898040771484375,272.64788818359375,20.0,0.9352186918258667,287.332763671875,40.007659912109375,0.29459047317504883,280.8385009765625,281.0958251953125,280.847900390625,288.47235107421875,289.99969482421875,288.47430419921875,100.0,5.851703643798828,22.0,104.16876983642578,284.6554260253906,285.5477600097656,284.6611022949219,340.3204345703125,27.851703643798828,23.923948287963867,104.16876983642578,0.0,0.0,0.0,0.0,75.37029266357422,75.48182678222656,75.2660140991211,58.70350646972656,58.717247009277344,58.701663970947266,25.60181999206543,26.00468635559082,25.45185661315918,99.3421630859375,97.14061737060547,99.18072509765625,36.89999771118164,43.19999694824219,26.099998474121094,267.9082946777344,280.3194885253906,266.2259216308594,29.0,0.0,48.0,0.0,0.0,0.0,0.0,0.0,0.0,41.0,78.36749267578125,58.4023323059082,167.28057861328125,30.969343185424805,9.999999974752427e-07,6.656070232391357,0.0,107.08715057373047,0.0,721.2242431640625,42.391361236572266,21.269914627075195,0.0,9.471485137939453,77.7804183959961,1.0,0.9717203378677368,20.0,0.0,60.0,120.0,0.0,120.0,0.0,0.0,0.0,0.0,18.116086959838867,89.18974304199219,2.0,200.0,0,0,0,0,0,0,0,0,0,0,0,0,99999,99999,26,402,1800,180,1800,0,0,-7,1,23,0,0,0,806,1424,29,31,32,0,1,0,1,0,1,0,0,1,0,0,0,0,0,1,0,0,0,0,1,0,0,0,1,0,0,0,1,0,0,0,0,0,0,0,0,0,0,0,0,1,0,1,0,0,1,1,0,0,1,1,0,1,0,1,0,1,1,0,0,0,1,0,0,0,0,0,0,0,1,1,0,1,0,0,0,0,0,0,0,0,1,0,0,0,1,0,0,0,0,0,0,1,0,0,1,0,1,0,0,1,0,0,1,0,0,1,0,0,0,1,0,1,1,1,0,0,1,0,0,0,0,0,1,1,1,0,0,0,0,0,0,0,1,0,1,0,1,0,1,0,1,0,0,0,0,0,0,0,0,1,1,1,1,0,1,0,1,1,1,1,1,1,1,0,0,0,0,0,0,1,0,1,1,1,1,1,1,1,1,1,1,1,0,0,0,1,1,0,0,1,1,0,1,1,0,0,1,1,1,0,0,0,0,1,1,1,1,0,1,1,1,1,0,0,1,1,0,1,0,1,1,0,1,1,1,1,1,1,1,1,0,1,0,0,0,0,0,0,0,0,0,0,1,0,0,1,0,0,0,0,0,1,0,0,1,0,0,0,0,0,0,0,0,0,0,0,0,0,0,0,0,0,0,0,0,0,0,0,0,0,1,0,0,0,0,1,0,0,0,1,0,0,0,0,0,0,0,0,0,0,0,0,0,0,0,0,0,0,0,0,0,0,0,0,0,0,0,0,0,0,0,0,0,0,0,1,0,0,0,0,0,0,0,0,0,0,0,0,0,0,0,0,0,0,0,0,0,0,0,0,0,0,0,0,0,0,0,0,0,0,0,0,0,0,0,0,0,0,0,0,0,0,0,0,0,0,0,0,0,0,0,0,0,0,0,0,0,0,0,0,1,0,1,0,0,0,0,0,1,0,0,0,0,0,0,0,0,0,0,0,0,0,0,0,1,0,0,0,0,0,0,0,0,0,0,0,0,0,0,1,0,0,0,0,0,0,0,0,0,0,1,0,0,0,0,0,0,0,0,0,0,0,0,0,0,0,0,0,0,0,0,0,0,0,0,0,0,0,1,0,0,0,0,0,0,1,1,1,0,0,0,0,0,0,-1,0,0,0,0,0,0,0,0,-1,0,0,-1,0,0,0,0,0,0,0,0,0,0,0,0,0,0,0,0,0,0,1,0,0,0,0,0,0,0,0,0,0,0,0,0,0,0,0,1,1,0,-1,-1,-1,1,1,1,0,0,0,0,1,0,0,1,1,0,0,0,0,1,0,0,0,0,0,0,0,0,0,0,0,0,0,0,0,0,0,0,0,0,0,0,0,0,0,0,0,0,0,1,1,0,1,0,1,1,0,1,0,1,1,0,1,0,0,1,0,0,0,0,0,0,0,0,0,0,0,0,0,0,0,0,0,0,0,0,0,0,0,0,0,0
0,1,1,300,228,8,8,228,114,25,1,0,0.0020000000949949026,4000.0,1.0,0.04500000178813934,25.0,48.0,8.0,291.70001220703125,1.7000000476837158,-3.179999907843012e-07,0.007360000163316727,0.008080000057816505,8.0,0.33000001311302185,0.0333000011742115,1.0,9.999999747378752e-06,21.0,9.999999747378752e-06,2775000064.0,9.000000136438757e-05,4.999999980020986e-13,5.0,40.0,3.0,-3.3499999046325684,3.3499999046325684,0.5,0.0004799999878741801,292.3927001953125,492.6077880859375,-0.0036125299520790577,0.002354159951210022,0.0008944629807956517,0.013157900422811508,0.800646185874939,0.02024419978260994,2650129920.0,0.006539999973028898,0,0,0,0,0,0,0,0,0,0,0,0,0,0,0,0,0,0,0,0,0,0,0,0,0,0,0,0,0,0,0,0,0,0,0,0,0,0,0,0,0,0,0,0,0,0,0,0,0,0,0,0,0,1,4,4,0,0,0,0,0,0,0,0,2,0,0.00040254020132124424,282.2976989746094,296.1299133300781,298.1368103027344,300.2149658203125,302.2421875,305.6554260253906,306.8532409667969,307.7333679199219,308.16558837890625,308.1988525390625,307.88177490234375,307.2721862792969,306.46209716796875,305.54815673828125,304.627197265625,303.8580627441406,303.1429443359375,302.4186096191406,301.6291809082031,300.7459716796875,299.75946044921875,298.6946716308594,297.58404541015625,296.4599304199219,295.35467529296875,0.03157802298665047,0.02706800028681755,0.7714207768440247,-0.03848077356815338,0.7568299770355225,0.7962828874588013,1704.9278564453125,5.707809123123297e-07,0.15581868588924408,0.011463758535683155,0.01536470651626587,0.015579663217067719,0.020285971462726593,1.0,-1.6815581571897805e-44,-5.157442092895508,0.0,99.21912384033203,2670.427001953125,0.9452739357948303,303.0140075683594,0.0,0.0,0.0,8.999996185302734,0.0,291.70001220703125,280670.03125,-0.5451632142066956,6.215115547180176,130.28829956054688,10.0,7750000.0,8160000.0,86.12000274658203,119.0999984741211,0.5,9.999999747378752e-05,0.0,3.299999952316284,200.0,0.30000001192092896,309.20001220703125,2.439019908706541e-06,0,0,0,1,1,1,0,24,0,284.4728088378906,0.0,0.0,0.0,0.0,0.0,0.0,1.025628685951233,0.86677485704422,0.5299608707427979,0.24783390760421753,0.06950339674949646,0.06662856787443161,0.25216609239578247,0.25750765204429626,0.2536861002445221,1.0,25.0,24.0,5729014.5,5730534.0,5729193.0,280.41436767578125,280.66094970703125,280.4046630859375,287.95037841796875,289.4578857421875,287.94854736328125,4400000.0,284.182373046875,285.0594177246094,284.1766052246094,7.5360107421875,8.79693603515625,7.54388427734375,286.82769775390625,4563.68505859375,4470.04833984375,4571.09619140625,10.7900972366333,10.818936347961426,10.805405616760254,26.426025390625,0.0,0.0,0.0020000000949949026,280.4933166503906,288.4522705078125,-109.68818664550781,0.8156837224960327,0.8327392339706421,0.82065749168396,263.3399353027344,39.0,40.0,42.0,41.0,0.0,0.0,5717214.0,5687842.0,55.614418029785156,5.0,0.014999999664723873,-180000.0,600.0,1000000.0,400000.0,0.17000000178813934,22000.0,786000.0,120000.0,0.0,40.0,30.0,36.810001373291016,0.5,18.399999618530273,50000.0,115692.3984375,15.113750457763672,0,0,1,0,0,0,0,10154752.0,0.0,0.0,0.0,0.0,0.0,-5227527.0,400000.0,1000000.0,1.0,1400000.0,0.0,0.2761164605617523,10172473.0,126869.6328125,10154752.0,340.3204345703125,40.007659912109375,2.7492945194244385,-5227527.0,0.0,0.0,0.0,2.374307632446289,40.007659912109375,0.0,22230.939453125,1.2010046243667603,0.0,0.0,0.0,20.0,14.711517333984375,22.0,0.0,0.0,0.0,0.05000000074505806,0.02500000037252903,0.17000000178813934,15400000.0,0.5,6.25,0.0006667000125162303,2.0,2410000.0,4140000.0,4.734799861907959,0.15000000596046448,0.20000000298023224,0.2199999988079071,1.0,0.0,-1.0,0.0,5.0,20.0,30.0,50.0,74.0,80.0,86.0,9.800000190734863,500000.0,1.0499999802959792e-07,0.5,750.0,1000.0,600.0,1000.0,1150.0,32.0,32.0,37.400001525878906,10.0,10.0,0.007000000216066837,0.5049999952316284,82.0,189.26499938964844,0.0,1.5099999904632568,231.60000610351562,20.0,36.0,16.600000381469727,16.5,225.0,-0.1756729930639267,27.5,-0.1756729930639267,30.485509872436523,0.1561516970396042,11.10221004486084,-1.8332500457763672,-75.0,4.3520002365112305,13.857000350952148,189.26499938964844,93.30000305175781,2650000.0,0.8500000238418579,7.570000171661377,1,1,1,0,0,0,0,0,0,0,0,1,3,3,0,0,1,0,0,0,0,1,0,1,1,0,0,0,1,1,1,0,0,0,0,0,0,0,0,1,0,0,0,1,0,0,1,0,0,1,12.05141544342041,29051.265625,2153.403564453125,0.00041483284439891577,0.0004361289902590215,0.0006248649442568421,0.0,0.0,0.0,0.0,0.0,0.0,0.5558381676673889,1.0,0.0,0.0,1.0,1.0,0.0,0.0,1.0,1.0,0.0,1.0,0.0,0.0,1.0,0.0,0.0,0.3334938585758209,0.4255266487598419,0.0006248649442568421,0.0,0.0006233878084458411,0.0,99998.78125,99999.0,1470707.875,2410000.0,36.20000076293945,36.20000076293945,36.20000076293945,32.42267990112305,272.35858154296875,20.0,20.000003814697266,24.02347183227539,27.0,27.0,25.813905715942383,27.0,31.924354553222656,32.0,20.0,68.57752227783203,3446191.5,0.5440266728401184,7.559999942779541,0.0,8.918973922729492,0.0,0.0,42.202449798583984,1.401298464324817e-45,0.0,0.0,0.5049998760223389,0.5049998760223389,0.5049998760223389,0.18937495350837708,0.18937495350837708,0.18937495350837708,0.0,14.067468643188477,14.067468643188477,14.067468643188477,0.0,0.0,9.074999809265137,0.0,0.0,0.0,0.0,0.0,0.0,100.0,73.97314453125,0.2199999988079071,0.0,20.0,42.202449798583984,0.0,0.0,0.0,0.0,0.0,0.007000000216066837,0.0,0.0,9.074999809265137,0.0,1.7323341369628906,0.0,0.946874737739563,0.0,0.0,0.0,0.0,0.0,0.0,20.0,0.0,0.0,9857995.0,0.0,0.0,0.0,0.0,0.0,0.0,0.0,0.351500004529953,18.93000030517578,23.030000686645508,7.69199959904654e-06,0.08500000089406967,0.009999999776482582,24.0,27.0,8.800000190734863,500000.0,0.05000000074505806,2.7000000013543968e-09,2.7000000013543968e-09,145100.0,120000.0,14650000.0,86400.0,17.0,34.5,48.70000076293945,321.8999938964844,83170.0,0.0,1.0,1.0,0.0010000000474974513,725.0,0.0,0.5,0.0,0.0,57.31999969482422,837142.875,9359.77734375,117376.1015625,2623.89794921875,83026.390625,725.0,1.0204100362898316e-05,740000000.0,1,0,1,0,1,1,0,0,1,0,0,8.799991607666016,27.0,5174.2177734375,0.0,0.0,0.0,0.0,2.0789458751678467,0.0004017675237264484,0.0,0.03980008140206337,39.92063522338867,1.0,26087.2265625,9721.4609375,5.169260111870244e-05,155696080.0,878538624.0,945421440.0,2247261696.0,-12.582084655761719,-777.9495239257812,-704053120.0,-1368723328.0,43.14928436279297,28.474903106689453,55.73136901855469,806.4244384765625,106381.3984375,4232.52734375,147643.046875,167666.671875,124087.2265625,71.20005798339844,39.92063522338867,39.92063522338867,1.0,5.169260111870244e-05,9721.4609375,838290767872.0,0.2024182379245758,137600.0,137600.0,69331680.0,55.73136901855469,6696.56787109375,1.0,0.0,1700.0,250000.0,10000.0,1038.0,0.004999999888241291,400.0,5000.0,0,0,0,0,2959622.5,50.194217681884766,50.194217681884766,1216415.25,2786751.0,0.0,0.0,105312.6328125,0.4762519896030426,5699655.0,0.0,0.0,1.0,1.0,0.4762519896030426,275.3855285644531,100.42341613769531,0.0,5957889.0,415903.8125,100.42341613769531,1.0,1.0,1.0,0.0,492.8296813964844,0.0,491.80560302734375,1.0,0.0,7680000.0,264.8466796875,278.75848388671875,266.491455078125,0.9868056774139404,2786751.0,324.3291320800781,100.38843536376953,1.9868056774139404,0.0,272.0470275878906,1.0,0.0,-7.5742998123168945,0.0,0.0,9.999999974752427e-07,0.0,2.0,0.0003000000142492354,0.004999999888241291,0.0010000000474974513,2.0000000233721948e-07,2.0000000233721948e-07,0.0005555999814532697,993000000.0,1.0,0.05000000074505806,0.10000000149011612,0.0005000000237487257,0.0016700000269338489,0.009999999776482582,1.0,1.0,0.0010000000474974513,4.999999873689376e-05,0.00039999998989515007,0.019999999552965164,0.9891999959945679,0.9891999959945679,0.9950000047683716,0.9950000047683716,1,0,0,0,1,1,0,0,0,0,0,0,0,0,-0.007456977851688862,-7404779.0,5000.029296875,105312.6328125,0.0,2546223.0,0.0,1.0,2569281.25,0.0,0.0,60.0,180.0,1800.0,1800.0,0.0,0.0,0.0,0.0,-0.012236599810421467,0.0,0.0,0.0,0.0,0.0,0.0,0.0,0.0,0.0,0.0,0.0,6.602997746085748e-05,0.0,7.006492321624085e-44,1,1,0,1,1,1,1,1,1,1,1,0,1,0,1,1,1,1,0,1,0,1000,16,0,1,5001,82,0.0,0.0,120.0,120.0,0.0,0.0,0.4000000059604645,0.10000000149011612,0.10000000149011612,2.0,500.0,200.0,0.9900000095367432,300000.0,5000.0,45000.0,20000.0,0.019999999552965164,2.0,0.05000000074505806,0.019999999552965164,6.0,0.05000000074505806,0.019999999552965164,0.019999999552965164,88.30000305175781,0.10000000149011612,0.800000011920929,0.05000000074505806,0.009999999776482582,50.0,50.0,340.0,340.0,1000000.0,1,0,0,0,1,1,1,1,1,1,0,0,0,1,1,0,1.0,0.0,0.0,0.0,29.735376358032227,0.0,0.0,0.0,0.9157682061195374,0.9157682061195374,0.9157682061195374,5000.02880859375,4155144.0,4160144.0,50.0,27.613916397094727,0.4000000059604645,0.0,0.0,0.10000000149011612,0.1484285145998001,0.4925430119037628,22164.435546875,20.0,29.202341079711914,777849.625,21.23728370666504,2810.222900390625,721.2242431640625,0.7778496146202087,0.9131618142127991,9.47145938873291,1.0,3220296.0,3303837.0,9.717167854309082,20.0,0.27735841274261475,27.735841751098633,0.0,636.4223022460938,838.8430786132812,100000.0,50000.0,1115.300048828125,50000.0,700.0,2000.0,2800000.0,3500000.0,4000000.0,9.999999747378752e-05,4.999999873689376e-05,500.0,20000.0,100.0,500.0,60000.0,1200.0,1.0,120.0,150000.0,3000.0,300.0,1.0,300.0,0.019999999552965164,0.019999999552965164,0.009999999776482582,0.009999999776482582,0.009999999776482582,0.019999999552965164,1.100000023841858,0.019999999552965164,4.0,0.019999999552965164,88.0,1613.0,0.009999999776482582,0.20000000298023224,3.0,5.0,600.0,0.0010000000474974513,88.0,88.0,2000.0,2340.0,-0.11599799990653992,-0.03561130166053772,-0.04758000001311302,-0.01752999983727932,1,0,1,0,0,1,1,291.86968994140625,291.86968994140625,1.17218017578125,1.17218017578125,0.0012506871717050672,21.23728370666504,163.9622344970703,150.41677856445312,633.6339721679688,74.90755462646484,74.90755462646484,0.30083465576171875,0.30083465576171875,177.62384033203125,58.74267578125,0.0,0.0,2663660.25,20.00048065185547,20.00048065185547,100.94324493408203,100.94324493408203,64080.33203125,64080.33203125,1.0680055618286133,1.0680055618286133,0.2381259948015213,0.2381259948015213,15.143458366394043,15.143458366394043,63361.75,63361.75,15.144192695617676,106.56745910644531,111.43731689453125,2647364.0,20.00048065185547,20.00048065185547,165.36395263671875,165.36395263671875,121.35204315185547,121.35204315185547,507749.125,507749.125,0.0,81.60667419433594,81.60667419433594,163.214599609375,157285.296875,157285.296875,1.048568606376648,1.048568606376648,167.0853271484375,121.35203552246094,0.0,0.0,0.0,145.70582580566406,145.70582580566406,291.4116516113281,0.0,0.0,0.0,0.0,0.0,145.70582580566406,145.70582580566406,0.026315800845623016,0.0,0.20000000298023224,0.0,0.0,0.0,0.0,0.0,0.0,0.9599996209144592,1.0,1.0,1.0,0.9999998211860657,0.9999998211860657,0.9999998211860657,190820.296875,193228.234375,0.0,14.750001907348633,0.0,14.750001907348633,7.25,12.0,10.25,296.3810119628906,297.7510070800781,29.5,-143871.21875,7698903.0,12224996.0,0.0,0.0,0.0,0.02676660381257534,0.02676660381257534,0.02676660381257534,1.0,272689.1875,0.9959999918937683,0.9959999918937683,0.9959999918937683,0.9959999918937683,0.0,3757582.75,4229283.5,630343.625,2606300.0,3730724.25,0.004155144095420837,0.008320287801325321,586.083740234375,7.25,12.0,10.25,0.0,0.0,0.0,0.0,0.0,0.0,150.41802978515625,586.09619140625,261.6194152832031,261.6194152832031,261.6194152832031,69.70469665527344,69.70469665527344,69.70469665527344,2.9997305870056152,0.0,0.7441986203193665,2.999497890472412,5.0,0.0040000081062316895,0.0040000081062316895,0.0040000081062316895,0.0040000081062316895,0.0,-0.4368000030517578,0.0,599946.125,163.9622344970703,163.9622344970703,0.0,20.0,2786617.0,7.25,12.0,10.25,20.0,20.0,20.0,0.0,0.0,0.7926306128501892,0.9211652278900146,10000.0,10000.0,0.011826000176370144,1038.5,0.027953999117016792,0.0,0.0,1.0878000259399414,1.0809999704360962,9.000000136438757e-05,103.0,33.220001220703125,1.8179999589920044,0.029999999329447746,49.0,8.329999923706055,4.159999847412109,58.0,302.0,4.5,0.699999988079071,0.4000000059604645,7.5,1.3799999952316284,2.492000102996826,7000.0,48.88999938964844,1.2000000476837158,45.0,62000.0,4590000.0,4250000.0,15900000.0,15100000.0,0.05000000074505806,0.17000000178813934,0.009999999776482582,15220000.0,1.6699999570846558,312.7799987792969,1.1100000143051147,4232.0,0.25,689000.0,4030000.0,9.829999923706055,8.550000190734863,12200000.0,231.10000610351562,88.3239974975586,633.0,1.1430000066757202,0.6858000159263611,-10.0,-3.7799999713897705,0.7799999713897705,295.5,4030000.0,12400000.0,0.9200000166893005,5.0,1,0,1,228,0,0,0,0,0,1,1,1,1,1,0,1,1,1,0,0,0,0,1,1,0,0,0,1,0,0,0,0,0,0,0,0,1,0,1,8,0,0,1,0,0.01536470651626587,5729014.5,1.0877995491027832,0.0,1.2120022773742676,284.6326904296875,0.0,-0.0011622989550232887,1,1,1,0,0,0,1,1,0,0,0,0,0,505,0.20000000298023224,0.20000000298023224,0.20000000298023224,0.0,2,0,0,0,0,0,0,0,0,0,0,0,0,0,0,0,0,0,0,0,0,0,0,0,0,0,0,0,0,0,0,0,0,0,0,0,0,0,0,0,0,0,0,0,0,0,0,0,0,0,0,1,0,0,0,0,0,0,0,0,0,0,0,0,0,0,0,0,0,0,0,0,0,0,0,0,0,0,0,0,0,0,0,0,0,0,0,0,0,0,0,0,0,0,0,0,0,0,0,0,0,0,0,0,0,0,0,0,0,0,0,0,0,0,0,0,0,0,0,0,0,0,0,0,0,0,0,0,0,0,0,0,0,0,0,0,0,0,0,0,0,0,0,1,0,0,0,0,0,0,0,0,0,0,0,-1,0,0,0,0,0,0,1,1,0,0,1.536470651626587,-5.157442092895508,0.0,-0.5451632142066956,-1.6815581571897805e-44,291.70001220703125,284.6326904296875,303.0140075683594,-0.03848077356815338,99.21912384033203,2670.427001953125,1.0877995491027832,1.2120022773742676,-1.0,7.06732177734375,6.827850029367255e-06,0.03980008140206337,100.0,27.0,0.0,7.799991607666016,3.987731456756592,1.0,1.0,39.92063522338867,0.26619666814804077,20.0,5.169260111870244e-05,0.0,73.97314453125,1.7323341369628906,1.8179994821548462,0.00036938843550160527,0.6817498207092285,0.5440266728401184,15.007250785827637,8.918973922729492,0.0,0.0,0.0,20.000003814697266,44.898040771484375,272.35858154296875,20.0,0.9348090291023254,286.99505615234375,40.007659912109375,0.29459047317504883,280.5489501953125,280.80560302734375,280.55859375,288.12200927734375,289.63720703125,288.12384033203125,100.0,5.6116461753845215,22.0,103.80093383789062,284.3354797363281,285.2214050292969,284.3412170410156,340.3204345703125,27.61164665222168,23.802921295166016,103.80093383789062,0.0,0.0,0.0,0.0,75.21763610839844,75.31755828857422,75.11190795898438,58.46126174926758,58.474945068359375,58.45943832397461,25.368610382080078,25.750764846801758,25.216609954833984,99.36463165283203,97.1656723022461,99.20339965820312,36.89999771118164,43.19999694824219,26.099998474121094,266.9547119140625,279.2628479003906,265.29022216796875,29.0,0.0,48.0,0.0,0.0,0.0,0.0,0.0,0.0,41.0,78.36749267578125,58.15985107421875,167.0853271484375,30.84040641784668,9.999999974752427e-07,6.432089805603027,0.0,106.56745910644531,0.0,721.2242431640625,42.45052719116211,21.23728370666504,0.0,9.47145938873291,77.78495788574219,1.0,0.9717167615890503,20.0,0.0,60.0,120.0,0.0,120.0,0.0,0.0,0.0,0.0,18.116086959838867,89.18974304199219,2.0,200.0,0,0,0,0,0,0,0,0,0,0,0,0,99999,99999,26,402,1800,180,1800,0,0,-7,1,23,0,0,0,806,1424,29,31,32,0,1,0,1,0,1,0,0,1,0,0,0,0,0,1,0,0,0,0,1,0,0,0,1,0,0,0,1,0,0,0,0,0,0,0,0,0,0,0,0,1,0,1,0,0,1,1,0,0,1,1,0,1,0,1,0,1,1,0,0,1,1,0,0,1,0,1,0,0,1,1,0,1,0,0,0,0,1,0,1,0,1,0,0,0,1,0,0,0,0,0,0,1,0,0,1,0,1,0,0,1,1,0,1,0,0,1,0,0,0,1,0,1,1,1,0,0,1,0,0,0,0,0,1,1,1,0,0,0,0,0,0,0,1,0,1,0,1,0,1,0,1,0,0,0,0,0,0,0,0,1,1,1,1,0,1,0,1,1,1,1,1,1,1,0,0,0,0,0,0,1,0,1,1,1,1,1,1,1,1,1,1,1,1,0,0,1,1,0,0,1,1,0,1,1,0,0,1,1,1,0,0,0,0,1,1,1,1,0,1,1,1,1,0,0,1,1,0,1,0,1,1,0,1,1,1,1,1,1,1,1,0,1,0,0,0,0,0,0,0,0,0,0,1,0,0,1,0,0,0,0,0,0,1,1,0,0,0,0,1,0,0,0,0,0,1,0,0,1,0,0,0,0,0,0,0,0,0,0,0,0,0,0,0,0,0,0,0,0,0,0,0,0,0,0,0,0,0,0,0,1,0,0,0,0,0,0,1,0,1,0,1,1,0,0,0,0,0,0,1,0,0,0,0,0,0,0,0,1,0,0,1,0,0,0,0,1,0,0,0,0,0,0,0,0,0,0,0,0,0,0,0,0,0,0,0,0,0,0,0,0,0,0,0,0,0,0,0,0,0,0,0,0,0,0,0,0,0,0,0,0,0,0,0,0,0,0,0,0,0,0,1,0,1,0,0,0,0,0,1,0,0,0,0,0,0,0,0,0,0,0,0,0,0,0,1,0,0,0,0,0,0,0,0,0,0,0,0,0,0,1,0,0,0,0,0,0,0,0,0,0,1,0,0,0,0,0,0,0,0,0,0,0,0,0,0,0,0,0,0,0,0,0,0,0,0,0,0,0,1,0,0,0,0,0,0,1,1,1,0,0,0,0,0,0,-1,0,0,0,0,0,0,0,0,-1,0,0,-1,0,0,0,0,0,0,0,0,0,0,0,0,0,0,0,0,0,0,1,0,0,0,0,0,0,0,0,0,0,0,0,0,0,0,0,1,1,0,-1,-1,-1,1,1,1,0,0,0,0,1,0,0,1,1,0,0,0,0,1,0,0,0,0,0,0,0,0,0,0,0,0,0,0,0,0,0,0,0,0,0,0,0,0,0,0,0,0,0,1,1,0,1,0,1,1,0,1,0,1,1,0,1,0,0,1,0,0,0,0,0,0,0,0,0,0,0,0,0,0,0,0,0,0,0,0,0,0,0,0,0,0
0,1,1,300,228,8,8,228,114,25,1,0,0.0020000000949949026,4000.0,1.0,0.04500000178813934,25.0,48.0,8.0,291.70001220703125,1.7000000476837158,-3.179999907843012e-07,0.007360000163316727,0.008080000057816505,8.0,0.33000001311302185,0.0333000011742115,1.0,9.999999747378752e-06,21.0,9.999999747378752e-06,2775000064.0,9.000000136438757e-05,4.999999980020986e-13,5.0,40.0,3.0,-3.3499999046325684,3.3499999046325684,0.5,0.0004799999878741801,292.3927001953125,492.6077880859375,-0.0036125299520790577,0.002354159951210022,0.0008944629807956517,0.013157900422811508,0.800646185874939,0.02024419978260994,2650129920.0,0.006539999973028898,0,0,0,0,0,0,0,0,0,0,0,0,0,0,0,0,0,0,0,0,0,0,0,0,0,0,0,0,0,0,0,0,0,0,0,0,0,0,0,0,0,0,0,0,0,0,0,0,0,0,0,0,0,1,4,4,0,0,0,0,0,0,0,0,2,0,0.00040254020132124424,281.85821533203125,295.41729736328125,297.3854675292969,299.4230651855469,301.4111022949219,304.76177978515625,305.94091796875,306.8100891113281,307.2427978515625,307.286865234375,306.9902038574219,306.4107666015625,305.6357421875,304.75848388671875,303.8725891113281,303.1391906738281,302.45477294921875,301.755126953125,300.98406982421875,300.1136474609375,299.134521484375,298.0732421875,296.9637451171875,295.840087890625,294.7362976074219,0.03203803300857544,0.02657208777964115,0.7714075446128845,-0.03841368108987808,0.7568616271018982,0.7927191257476807,1638.3486328125,5.484690746015985e-07,0.1528359353542328,0.011020025238394737,0.014742346480488777,0.01494594756513834,0.020333511754870415,1.0,-1.6815581571897805e-44,-5.175476551055908,0.0,99.2174072265625,2670.5791015625,0.9453134536743164,302.2430725097656,0.0,0.0,0.0,9.599995613098145,0.0,291.70001220703125,280670.59375,-0.5448627471923828,6.211034774780273,130.28829956054688,10.0,7750000.0,8160000.0,86.12000274658203,119.0999984741211,0.5,9.999999747378752e-05,0.0,3.299999952316284,200.0,0.30000001192092896,309.20001220703125,2.439019908706541e-06,0,0,0,1,1,1,0,24,0,283.9972229003906,0.0,0.0,0.0,0.0,0.0,0.0,1.0331902503967285,0.8667542338371277,0.5303612351417542,0.2514144778251648,0.0719805434346199,0.06905468553304672,0.2485855221748352,0.2536461055278778,0.2501377463340759,1.0,25.0,24.0,5693775.0,5695284.5,5693953.0,279.983642578125,280.22857666015625,279.9732666015625,287.4364929199219,288.9267272949219,287.4346618652344,4400000.0,283.7100830078125,284.57763671875,283.7039794921875,7.452850341796875,8.698150634765625,7.461395263671875,286.3313903808594,4565.15478515625,4471.921875,4572.5537109375,10.756353378295898,10.782999992370605,10.771990776062012,26.535980224609375,0.0,0.0,0.0020000000949949026,280.06182861328125,287.9326171875,-107.5112533569336,0.8039848804473877,0.8201278448104858,0.8090658187866211,262.6220397949219,39.0,40.0,42.0,41.0,0.0,0.0,5682130.0,5652726.5,55.462886810302734,5.0,0.014999999664723873,-180000.0,600.0,1000000.0,400000.0,0.17000000178813934,22000.0,786000.0,120000.0,0.0,40.0,30.0,36.810001373291016,0.5,18.399999618530273,50000.0,115692.3984375,15.113750457763672,0,0,1,0,0,0,0,10102716.0,0.0,0.0,0.0,0.0,0.0,-5280118.0,400000.0,1000000.0,1.0,1400000.0,0.0,0.2725812494754791,10119882.0,126869.6328125,10102716.0,340.32025146484375,40.007659912109375,2.7141928672790527,-5280118.0,0.0,0.0,0.0,2.3566107749938965,40.007659912109375,0.0,22230.939453125,1.2010046243667603,0.0,0.0,0.0,20.0,14.711517333984375,22.0,0.0,0.0,0.0,0.05000000074505806,0.02500000037252903,0.17000000178813934,15400000.0,0.5,6.25,0.0006667000125162303,2.0,2410000.0,4140000.0,4.734799861907959,0.15000000596046448,0.20000000298023224,0.2199999988079071,1.0,0.0,-1.0,0.0,5.0,20.0,30.0,50.0,74.0,80.0,86.0,9.800000190734863,500000.0,1.0499999802959792e-07,0.5,750.0,1000.0,600.0,1000.0,1150.0,32.0,32.0,37.400001525878906,10.0,10.0,0.007000000216066837,0.5049999952316284,82.0,189.26499938964844,0.0,1.5099999904632568,231.60000610351562,20.0,36.0,16.600000381469727,16.5,225.0,-0.1756729930639267,27.5,-0.1756729930639267,30.485509872436523,0.1561516970396042,11.10221004486084,-1.8332500457763672,-75.0,4.3520002365112305,13.857000350952148,189.26499938964844,93.30000305175781,2650000.0,0.8500000238418579,7.570000171661377,1,1,1,0,0,0,0,0,0,0,0,1,3,3,0,0,1,0,0,0,0,1,0,1,1,0,0,0,1,1,1,0,0,0,0,0,0,0,0,1,0,0,0,1,0,0,1,0,0,1,12.05141544342041,29051.265625,2153.387451171875,0.00041483284439891577,0.0004361289902590215,0.0006248649442568421,0.0,0.0,0.0,0.0,0.0,0.0,0.5545480847358704,1.0,0.0,0.0,1.0,1.0,0.0,0.0,1.0,1.0,0.0,1.0,0.0,0.0,1.0,0.0,0.0,0.3281422257423401,0.41869816184043884,0.0006248649442568421,0.0,0.000623394560534507,0.0,99998.78125,99999.0,1447107.25,2410000.0,36.20000076293945,36.20000076293945,36.20000076293945,32.417449951171875,271.9268798828125,20.0,20.000003814697266,24.02347183227539,27.0,27.0,25.813905715942383,27.0,31.924701690673828,32.0,20.0,68.57752227783203,3446166.0,0.5441768765449524,7.559999942779541,0.0,8.9188232421875,0.0,0.0,42.39690399169922,1.401298464324817e-45,0.0,0.0,0.5049998760223389,0.5049998760223389,0.5049998760223389,0.18937495350837708,0.18937495350837708,0.18937495350837708,0.0,14.13228702545166,14.13228702545166,14.13228702545166,0.0,0.0,9.074999809265137,0.0,0.0,0.0,0.0,0.0,0.0,100.0,73.97314453125,0.2199999988079071,0.0,20.0,42.39690399169922,0.0,0.0,0.0,0.0,0.0,0.007000000216066837,0.0,0.0,9.074999809265137,0.0,1.7323341369628906,0.0,0.946874737739563,0.0,0.0,0.0,0.0,0.0,0.0,20.0,0.0,0.0,9805831.0,0.0,0.0,0.0,0.0,0.0,0.0,0.0,0.351500004529953,18.93000030517578,23.030000686645508,7.69199959904654e-06,0.08500000089406967,0.009999999776482582,24.0,27.0,8.800000190734863,500000.0,0.05000000074505806,2.7000000013543968e-09,2.7000000013543968e-09,145100.0,120000.0,14650000.0,86400.0,17.0,34.5,48.70000076293945,321.8999938964844,83170.0,0.0,1.0,1.0,0.0010000000474974513,725.0,0.0,0.5,0.0,0.0,57.31999969482422,837142.875,9359.77734375,117376.1015625,2623.89794921875,83026.390625,725.0,1.0204100362898316e-05,740000000.0,1,0,1,0,1,1,0,0,1,0,0,8.799991607666016,27.0,5207.62548828125,0.0,0.0,0.0,0.0,2.0923938751220703,0.0004017711034975946,0.0,0.04005705192685127,39.926353454589844,1.0,26089.1171875,9781.427734375,5.202642205404118e-05,153887872.0,867679104.0,934246912.0,2234682880.0,-12.233474731445312,-773.391845703125,-695395648.0,-1367003776.0,43.3437385559082,28.474903106689453,55.577213287353516,801.8668212890625,106381.3984375,4233.74267578125,147675.234375,167690.6875,124089.1171875,71.800048828125,39.926353454589844,39.926353454589844,1.0,5.202642205404118e-05,9781.427734375,835381297152.0,0.2024632692337036,137600.0,137600.0,69016672.0,55.577213287353516,6698.4072265625,1.0,0.0,1700.0,250000.0,10000.0,1038.0,0.004999999888241291,400.0,5000.0,0,0,0,0,2959622.5,49.893653869628906,49.893653869628906,1216415.25,2786900.5,0.0,0.0,104469.75,0.39556726813316345,5664382.0,0.0,0.0,1.0,1.0,0.39556726813316345,275.3855285644531,100.201416015625,0.0,5957889.0,414959.9375,100.201416015625,1.0,1.0,1.0,0.0,489.7703552246094,0.0,488.75933837890625,1.0,0.0,7680000.0,263.4339294433594,277.16058349609375,265.0538024902344,0.9883264303207397,2786900.5,322.7420349121094,99.78730773925781,1.9883264303207397,0.0,271.6484680175781,1.0,0.0,-7.5742998123168945,0.0,0.0,9.999999974752427e-07,0.0,2.0,0.0003000000142492354,0.004999999888241291,0.0010000000474974513,2.0000000233721948e-07,2.0000000233721948e-07,0.0005555999814532697,993000000.0,1.0,0.05000000074505806,0.10000000149011612,0.0005000000237487257,0.0016700000269338489,0.009999999776482582,1.0,1.0,0.0010000000474974513,4.999999873689376e-05,0.00039999998989515007,0.019999999552965164,0.9891999959945679,0.9891999959945679,0.9950000047683716,0.9950000047683716,1,0,0,0,1,1,0,0,0,0,0,0,0,0,-0.007456977851688862,-7404779.0,5000.02783203125,104469.75,0.0,2546223.0,0.0,1.0,2569281.25,0.0,0.0,60.0,180.0,1800.0,1800.0,0.0,0.0,0.0,0.0,-0.012236599810421467,0.0,0.0,0.0,0.0,0.0,0.0,0.0,0.0,0.0,0.0,0.0,6.602997746085748e-05,0.0,7.006492321624085e-44,1,1,0,1,1,1,1,1,1,1,1,0,1,0,1,1,1,1,0,1,0,1000,17,0,1,5001,85,0.0,0.0,120.0,120.0,0.0,0.0,0.4000000059604645,0.10000000149011612,0.10000000149011612,2.0,500.0,200.0,0.9900000095367432,300000.0,5000.0,45000.0,20000.0,0.019999999552965164,2.0,0.05000000074505806,0.019999999552965164,6.0,0.05000000074505806,0.019999999552965164,0.019999999552965164,88.30000305175781,0.10000000149011612,0.800000011920929,0.05000000074505806,0.009999999776482582,50.0,50.0,340.0,340.0,1000000.0,1,0,0,0,1,1,1,1,1,1,0,0,0,1,1,0,1.0,0.0,0.0,0.0,29.820331573486328,0.0,0.0,0.0,0.9155797362327576,0.9155797362327576,0.9155797362327576,5000.02734375,4163819.5,4168819.5,50.0,27.613876342773438,0.4000000059604645,0.0,0.0,0.10000000149011612,0.14750994741916656,0.4925430119037628,22164.435546875,20.0,29.202341079711914,777922.25,21.19076156616211,2803.076904296875,721.2242431640625,0.7779222726821899,0.9127747416496277,9.471419334411621,1.0,3220282.5,3303819.0,9.717114448547363,20.0,0.27740389108657837,27.740388870239258,0.0,636.4223022460938,864.22265625,100000.0,50000.0,1115.300048828125,50000.0,700.0,2000.0,2800000.0,3500000.0,4000000.0,9.999999747378752e-05,4.999999873689376e-05,500.0,20000.0,100.0,500.0,60000.0,1200.0,1.0,120.0,150000.0,3000.0,300.0,1.0,300.0,0.019999999552965164,0.019999999552965164,0.009999999776482582,0.009999999776482582,0.009999999776482582,0.019999999552965164,1.100000023841858,0.019999999552965164,4.0,0.019999999552965164,88.0,1613.0,0.009999999776482582,0.20000000298023224,3.0,5.0,600.0,0.0010000000474974513,88.0,88.0,2000.0,2340.0,-0.11599799990653992,-0.03561130166053772,-0.04758000001311302,-0.01752999983727932,1,0,1,0,0,1,1,285.0040588378906,285.0040588378906,1.14459228515625,1.14459228515625,0.0011880750535055995,21.19076156616211,163.949462890625,143.305908203125,619.4149780273438,71.36634063720703,71.36634063720703,0.28661346435546875,0.28661346435546875,168.91281127929688,51.97175979614258,0.0,0.0,2663660.25,20.00048065185547,20.00048065185547,100.6453628540039,100.6453628540039,64031.69921875,64031.69921875,1.067194938659668,1.067194938659668,0.19778363406658173,0.19778363406658173,14.037736892700195,14.037736892700195,58735.30078125,58735.30078125,14.038442611694336,105.83423614501953,110.333251953125,2647509.0,20.00048065185547,20.00048065185547,165.3135986328125,165.3135986328125,119.9045181274414,119.9045181274414,501692.53125,501692.53125,0.0,80.63392639160156,80.63392639160156,161.26904296875,157228.09375,157228.09375,1.048187255859375,1.048187255859375,166.8153533935547,119.90452575683594,0.0,0.0,0.0,144.561767578125,144.561767578125,289.12353515625,0.0,0.0,0.0,0.0,0.0,144.561767578125,144.561767578125,0.026315800845623016,0.0,0.20000000298023224,0.0,0.0,0.0,0.0,0.0,0.0,0.9599996209144592,1.0,1.0,1.0,0.9999998211860657,0.9999998211860657,0.9999998211860657,190819.921875,193227.71875,0.0,14.750001907348633,0.0,14.750001907348633,7.25,12.0,10.25,296.3810119628906,297.7510070800781,29.5,-158030.859375,7739400.0,12224996.0,0.0,0.0,0.0,0.02368137612938881,0.02368137612938881,0.02368137612938881,1.0,264013.9375,0.9959999918937683,0.9959999918937683,0.9959999918937683,0.9959999918937683,0.0,3781599.0,4221990.0,599037.5625,2606300.0,3747908.5,0.004163819365203381,0.008337638340890408,572.2973022460938,7.25,12.0,10.25,0.0,0.0,0.0,0.0,0.0,0.0,143.30709838867188,572.309814453125,256.8371887207031,256.8371887207031,256.8371887207031,61.670257568359375,61.670257568359375,61.670257568359375,3.0004377365112305,0.0,0.7441778779029846,3.0002007484436035,5.0,0.0040000081062316895,0.0040000081062316895,0.0040000081062316895,0.0040000081062316895,0.0,-0.4368000030517578,0.0,600087.5625,163.949462890625,163.949462890625,0.0,20.0,2786772.5,7.25,12.0,10.25,20.0,20.0,20.0,0.0,0.0,0.7926306128501892,0.9211652278900146,10000.0,10000.0,0.011826000176370144,1038.5,0.027953999117016792,0.0,0.0,1.0878000259399414,1.0809999704360962,9.000000136438757e-05,103.0,33.220001220703125,1.8179999589920044,0.029999999329447746,49.0,8.329999923706055,4.159999847412109,58.0,302.0,4.5,0.699999988079071,0.4000000059604645,7.5,1.3799999952316284,2.492000102996826,7000.0,48.88999938964844,1.2000000476837158,45.0,62000.0,4590000.0,4250000.0,15900000.0,15100000.0,0.05000000074505806,0.17000000178813934,0.009999999776482582,15220000.0,1.6699999570846558,312.7799987792969,1.1100000143051147,4232.0,0.25,689000.0,4030000.0,9.829999923706055,8.550000190734863,12200000.0,231.10000610351562,88.3239974975586,633.0,1.1430000066757202,0.6858000159263611,-10.0,-3.7799999713897705,0.7799999713897705,295.5,4030000.0,12400000.0,0.9200000166893005,5.0,1,0,1,228,0,0,0,0,0,1,1,1,1,1,0,1,1,1,0,0,0,0,1,1,0,0,0,1,0,0,0,0,0,0,0,0,1,0,1,8,0,0,1,0,0.014742346480488777,5693775.0,1.0877995491027832,0.0,1.2191288471221924,284.155029296875,0.0,-0.0010998921934515238,1,1,1,0,0,0,1,1,0,0,0,0,0,508,0.20000000298023224,0.20000000298023224,0.20000000298023224,0.0,2,0,0,0,0,0,0,0,0,0,0,0,0,0,0,0,0,0,0,0,0,0,0,0,0,0,0,0,0,0,0,0,0,0,0,0,0,0,0,0,0,0,0,0,0,0,0,0,0,0,0,1,0,0,0,0,0,0,0,0,0,0,0,0,0,0,0,0,0,0,0,0,0,0,0,0,0,0,0,0,0,0,0,0,0,0,0,0,0,0,0,0,0,0,0,0,0,0,0,0,0,0,0,0,0,0,0,0,0,0,0,0,0,0,0,0,0,0,0,0,0,0,0,0,0,0,0,0,0,0,0,0,0,0,0,0,0,0,0,0,0,0,0,1,0,0,0,0,0,0,0,0,0,0,0,-1,0,0,0,0,0,0,1,1,0,0,1.474234700202942,-5.175476551055908,0.0,-0.5448627471923828,-1.6815581571897805e-44,291.70001220703125,284.155029296875,302.2430725097656,-0.03841368108987808,99.2174072265625,2670.5791015625,1.0877995491027832,1.2191288471221924,-1.0,7.54498291015625,6.827850029367255e-06,0.04005705192685127,100.0,27.0,0.0,7.799991607666016,3.9904022216796875,1.0,1.0,39.926353454589844,0.266215980052948,20.0,5.202642205404118e-05,0.0,73.97314453125,1.7323341369628906,1.8179994821548462,0.00036938843550160527,0.6817498207092285,0.5441768765449524,14.766427993774414,8.9188232421875,0.0,0.0,0.0,20.000003814697266,44.898040771484375,271.9268798828125,20.0,0.934194803237915,286.4958190917969,40.007659912109375,0.29459047317504883,280.11676025390625,280.37237548828125,280.12689208984375,287.6049499511719,289.1025085449219,287.6067810058594,100.0,5.258125305175781,22.0,103.26428985595703,283.86083984375,284.7374267578125,283.8668212890625,340.3203125,27.25812530517578,23.62468910217285,103.26428985595703,0.0,0.0,0.0,0.0,74.98616027832031,75.06857299804688,74.87820434570312,58.10166931152344,58.11525344848633,58.099849700927734,25.013774871826172,25.36461067199707,24.858552932739258,99.39697265625,97.20556640625,99.23584747314453,36.89999771118164,43.19999694824219,26.099998474121094,265.529296875,277.6728820800781,263.8853759765625,29.0,0.0,48.0,0.0,0.0,0.0,0.0,0.0,0.0,41.0,78.36749267578125,57.799922943115234,166.8153533935547,30.648958206176758,9.999999974752427e-07,6.112639427185059,0.0,105.83423614501953,0.0,721.2242431640625,42.5390510559082,21.19076156616211,0.0,9.471419334411621,77.79222869873047,1.0,0.9717114567756653,20.0,0.0,60.0,120.0,0.0,120.0,0.0,0.0,0.0,0.0,18.121089935302734,89.188232421875,2.0,200.0,0,0,0,0,0,0,0,0,0,0,0,0,99999,99999,26,403,1800,180,1800,0,0,-7,1,23,0,0,0,806,1424,29,31,32,0,1,0,1,0,1,0,0,1,0,0,0,0,0,1,0,0,0,0,1,0,0,0,1,0,0,0,1,0,0,0,0,0,0,0,0,0,0,0,0,1,0,1,0,0,1,1,0,0,1,1,0,1,0,1,0,1,1,0,0,1,1,0,0,1,0,1,0,0,1,1,0,1,0,0,0,0,1,0,1,0,1,0,0,0,1,0,0,0,0,0,0,1,0,0,1,0,1,0,0,1,1,0,1,0,0,1,0,0,0,1,0,1,1,1,0,0,1,0,0,0,0,0,1,1,1,0,0,0,0,0,0,0,1,0,1,0,1,0,1,0,1,0,0,0,0,0,0,0,0,1,1,1,1,0,1,0,1,1,1,1,1,1,1,0,0,0,0,0,0,1,0,1,1,1,1,1,1,1,1,1,1,1,1,0,0,1,1,0,0,1,1,0,1,1,0,0,1,1,1,0,0,0,0,1,1,1,1,0,1,1,1,1,0,0,1,1,0,1,0,1,1,0,1,1,1,1,1,1,1,1,0,1,0,0,0,0,0,0,0,0,0,0,1,0,0,1,0,0,0,0,0,1,1,1,1,0,0,0,1,0,0,0,0,0,1,0,0,1,0,0,0,0,0,0,0,0,0,0,0,0,1,0,0,0,0,1,0,0,0,1,0,0,0,0,0,0,0,0,0,1,0,0,0,0,0,0,1,0,1,0,1,1,0,0,0,0,0,1,1,0,0,0,0,0,0,1,0,1,0,0,1,0,0,0,0,1,0,0,0,0,0,0,0,0,0,0,0,0,0,0,0,0,0,0,0,0,0,0,0,0,0,0,0,0,0,0,0,0,0,0,0,0,0,0,0,0,0,0,0,0,0,0,0,0,0,0,0,0,0,0,1,0,1,0,0,0,0,0,1,0,0,0,0,0,0,0,0,0,0,0,0,0,0,0,1,0,0,0,0,0,0,0,0,0,0,0,0,0,0,1,0,0,0,0,0,0,0,0,0,0,1,0,0,0,0,0,0,0,0,0,0,0,0,0,0,0,0,0,0,0,0,0,0,0,0,0,0,0,1,0,0,0,0,0,0,1,1,1,0,0,0,0,0,0,-1,0,0,0,0,0,0,0,0,-1,0,0,-1,0,0,0,0,0,0,0,0,0,0,0,0,0,0,0,0,0,0,1,0,0,0,0,0,0,0,0,0,0,0,0,0,0,0,0,1,1,0,-1,-1,-1,1,1,1,0,0,0,0,1,0,0,1,1,0,0,0,0,1,0,0,0,0,0,0,0,0,0,0,0,0,0,0,0,0,0,0,0,0,0,0,0,0,0,0,0,0,0,1,1,0,1,0,1,1,0,1,0,1,1,0,1,0,0,1,0,0,0,0,0,0,0,0,0,0,0,0,0,0,0,0,0,0,0,0,0,0,0,0,0,0
0,1,1,300,228,8,8,228,114,25,1,0,0.0020000000949949026,4000.0,1.0,0.04500000178813934,25.0,48.0,8.0,291.70001220703125,1.7000000476837158,-3.179999907843012e-07,0.007360000163316727,0.008080000057816505,8.0,0.33000001311302185,0.0333000011742115,1.0,9.999999747378752e-06,21.0,9.999999747378752e-06,2775000064.0,9.000000136438757e-05,4.999999980020986e-13,5.0,40.0,3.0,-3.3499999046325684,3.3499999046325684,0.5,0.0004799999878741801,292.3927001953125,492.6077880859375,-0.0036125299520790577,0.002354159951210022,0.0008944629807956517,0.013157900422811508,0.800646185874939,0.02024419978260994,2650129920.0,0.006539999973028898,0,0,0,0,0,0,0,0,0,0,0,0,0,0,0,0,0,0,0,0,0,0,0,0,0,0,0,0,0,0,0,0,0,0,0,0,0,0,0,0,0,0,0,0,0,0,0,0,0,0,0,0,0,1,4,4,0,0,0,0,0,0,0,0,2,0,0.00040254020132124424,281.42218017578125,294.72314453125,296.6546630859375,298.6539611816406,300.6048583984375,303.8963623046875,305.0577697753906,305.91650390625,306.34954833984375,306.40374755859375,306.1262512207031,305.57525634765625,304.8332824707031,303.99066162109375,303.1378173828125,302.4381408691406,301.78265380859375,301.10638427734375,300.3527526855469,299.4944763183594,298.5225830078125,297.46478271484375,296.3566589355469,295.2336730957031,294.1314697265625,0.03249281644821167,0.02610248140990734,0.7713943123817444,-0.03833658993244171,0.7568932771682739,0.7892113327980042,1575.33984375,5.273446390674508e-07,0.1499081552028656,0.010602648369967937,0.014153757132589817,0.014346323907375336,0.020386282354593277,1.0,-1.6815581571897805e-44,-5.193259239196777,0.0,99.21570587158203,2670.73046875,0.9453530311584473,301.49334716796875,0.0,0.0,0.0,10.199995040893555,0.0,291.70001220703125,280671.15625,-0.5445602536201477,6.206956386566162,130.28829956054688,10.0,7750000.0,8160000.0,86.12000274658203,119.0999984741211,0.5,9.999999747378752e-05,0.0,3.299999952316284,200.0,0.30000001192092896,309.20001220703125,2.439019908706541e-06,0,0,0,1,1,1,0,24,0,283.5279846191406,0.0,0.0,0.0,0.0,0.0,0.0,1.0408637523651123,0.8667332530021667,0.5307673215866089,0.2550482153892517,0.07449349761009216,0.0715193822979927,0.2449517697095871,0.24973216652870178,0.24653831124305725,1.0,25.0,24.0,5659000.5,5660500.0,5659176.0,279.55584716796875,279.79888916015625,279.545166015625,286.9319152832031,288.4059143066406,286.9302062988281,4400000.0,283.243896484375,284.1024169921875,283.2376708984375,7.376068115234375,8.607025146484375,7.385040283203125,285.8429260253906,4566.54931640625,4473.9072265625,4573.9365234375,10.72225570678711,10.746726989746094,10.738239288330078,26.649658203125,0.0,0.0,0.0020000000949949026,279.63330078125,287.4226989746094,-105.50262451171875,0.7921241521835327,0.8073592185974121,0.7973194122314453,261.8245544433594,39.0,40.0,42.0,41.0,0.0,0.0,5647513.0,5618079.0,55.31462097167969,5.0,0.014999999664723873,-180000.0,600.0,1000000.0,400000.0,0.17000000178813934,22000.0,786000.0,120000.0,0.0,40.0,30.0,36.810001373291016,0.5,18.399999618530273,50000.0,115692.3984375,15.113750457763672,0,0,1,0,0,0,0,10052261.0,0.0,0.0,0.0,0.0,0.0,-5331089.0,400000.0,1000000.0,1.0,1400000.0,0.0,0.2691185474395752,10068911.0,126869.6328125,10052261.0,340.32025146484375,40.007659912109375,2.679793357849121,-5331089.0,0.0,0.0,0.0,2.3392677307128906,40.007659912109375,0.0,22230.939453125,1.2010046243667603,0.0,0.0,0.0,20.0,14.711517333984375,22.0,0.0,0.0,0.0,0.05000000074505806,0.02500000037252903,0.17000000178813934,15400000.0,0.5,6.25,0.0006667000125162303,2.0,2410000.0,4140000.0,4.734799861907959,0.15000000596046448,0.20000000298023224,0.2199999988079071,1.0,0.0,-1.0,0.0,5.0,20.0,30.0,50.0,74.0,80.0,86.0,9.800000190734863,500000.0,1.0499999802959792e-07,0.5,750.0,1000.0,600.0,1000.0,1150.0,32.0,32.0,37.400001525878906,10.0,10.0,0.007000000216066837,0.5049999952316284,82.0,189.26499938964844,0.0,1.5099999904632568,231.60000610351562,20.0,36.0,16.600000381469727,16.5,225.0,-0.1756729930639267,27.5,-0.1756729930639267,30.485509872436523,0.1561516970396042,11.10221004486084,-1.8332500457763672,-75.0,4.3520002365112305,13.857000350952148,189.26499938964844,93.30000305175781,2650000.0,0.8500000238418579,7.570000171661377,1,1,1,0,0,0,0,0,0,0,0,1,3,3,0,0,1,0,0,0,0,1,0,1,1,0,0,0,1,1,1,0,0,0,0,0,0,0,0,1,0,0,0,1,0,0,1,0,0,1,12.05141544342041,29051.265625,2153.371337890625,0.00041483284439891577,0.0004361289902590215,0.0006248649442568421,0.0,0.0,0.0,0.0,0.0,0.0,0.5533416867256165,1.0,0.0,0.0,1.0,1.0,0.0,0.0,1.0,1.0,0.0,1.0,0.0,0.0,1.0,0.0,0.0,0.322876513004303,0.4119792580604553,0.0006248649442568421,0.0,0.0006234010215848684,0.0,99998.78125,99999.0,1423885.375,2410000.0,36.20000076293945,36.20000076293945,36.20000076293945,32.41222381591797,271.49810791015625,20.0,20.000003814697266,24.02347183227539,27.0,27.0,25.813905715942383,27.0,31.92502784729004,32.0,20.0,68.57752227783203,3446140.5,0.5441768765449524,7.559999942779541,0.0,8.9188232421875,0.0,0.0,42.58237838745117,1.401298464324817e-45,0.0,0.0,0.5049998760223389,0.5049998760223389,0.5049998760223389,0.18937495350837708,0.18937495350837708,0.18937495350837708,0.0,14.194110870361328,14.194110870361328,14.194110870361328,0.0,0.0,9.074999809265137,0.0,0.0,0.0,0.0,0.0,0.0,100.0,73.97314453125,0.2199999988079071,0.0,20.0,42.58237838745117,0.0,0.0,0.0,0.0,0.0,0.007000000216066837,0.0,0.0,9.074999809265137,0.0,1.7323341369628906,0.0,0.946874737739563,0.0,0.0,0.0,0.0,0.0,0.0,20.0,0.0,0.0,9755300.0,0.0,0.0,0.0,0.0,0.0,0.0,0.0,0.351500004529953,18.93000030517578,23.030000686645508,7.69199959904654e-06,0.08500000089406967,0.009999999776482582,24.0,27.0,8.800000190734863,500000.0,0.05000000074505806,2.7000000013543968e-09,2.7000000013543968e-09,145100.0,120000.0,14650000.0,86400.0,17.0,34.5,48.70000076293945,321.8999938964844,83170.0,0.0,1.0,1.0,0.0010000000474974513,725.0,0.0,0.5,0.0,0.0,57.31999969482422,837142.875,9359.77734375,117376.1015625,2623.89794921875,83026.390625,725.0,1.0204100362898316e-05,740000000.0,1,0,1,0,1,1,0,0,1,0,0,8.799991607666016,27.0,5240.94140625,0.0,0.0,0.0,0.0,2.105804920196533,0.0004017748578917235,0.0,0.040313318371772766,39.9317626953125,1.0,26090.9453125,9841.2353515625,5.2359326218720526e-05,152168128.0,857274752.0,923533440.0,2222086656.0,-11.897090911865234,-768.83056640625,-687020992.0,-1364811776.0,43.52920913696289,28.474903106689453,55.426300048828125,797.3054809570312,106381.3984375,4234.892578125,147707.40625,167713.40625,124090.9453125,72.40003967285156,39.9317626953125,39.9317626953125,1.0,5.2359326218720526e-05,9841.2353515625,832499548160.0,0.20250825583934784,137600.0,137600.0,68707432.0,55.426300048828125,6700.1484375,1.0,0.0,1700.0,250000.0,10000.0,1038.0,0.004999999888241291,400.0,5000.0,0,0,0,0,2959622.5,49.59489059448242,49.59489059448242,1216415.25,2787042.0,0.0,0.0,103724.0234375,0.32855185866355896,5629575.5,0.0,0.0,1.0,1.0,0.32855185866355896,275.3855285644531,100.00384521484375,0.0,5957889.0,414120.125,100.00384521484375,1.0,1.0,1.0,0.0,486.7508239746094,0.0,485.75335693359375,1.0,0.0,7680000.0,262.0277099609375,275.5710754394531,263.62603759765625,0.9896719455718994,2787042.0,321.1133117675781,99.18978118896484,1.9896719455718994,0.0,271.2534484863281,1.0,0.0,-7.5742998123168945,0.0,0.0,9.999999974752427e-07,0.0,2.0,0.0003000000142492354,0.004999999888241291,0.0010000000474974513,2.0000000233721948e-07,2.0000000233721948e-07,0.0005555999814532697,993000000.0,1.0,0.05000000074505806,0.10000000149011612,0.0005000000237487257,0.0016700000269338489,0.009999999776482582,1.0,1.0,0.0010000000474974513,4.999999873689376e-05,0.00039999998989515007,0.019999999552965164,0.9891999959945679,0.9891999959945679,0.9950000047683716,0.9950000047683716,1,0,0,0,1,1,0,0,0,0,0,0,0,0,-0.0074569773860275745,-7404778.5,5000.0263671875,103724.0234375,0.0,2546223.0,0.0,1.0,2569281.25,0.0,0.0,60.0,180.0,1800.0,1800.0,0.0,0.0,0.0,0.0,-0.012236599810421467,0.0,0.0,0.0,0.0,0.0,0.0,0.0,0.0,0.0,0.0,0.0,6.602997746085748e-05,0.0,7.006492321624085e-44,1,1,0,1,1,1,1,1,1,1,1,0,1,0,1,1,1,1,0,1,0,1000,17,0,1,5001,88,0.0,0.0,120.0,120.0,0.0,0.0,0.4000000059604645,0.10000000149011612,0.10000000149011612,2.0,500.0,200.0,0.9900000095367432,300000.0,5000.0,45000.0,20000.0,0.019999999552965164,2.0,0.05000000074505806,0.019999999552965164,6.0,0.05000000074505806,0.019999999552965164,0.019999999552965164,88.30000305175781,0.10000000149011612,0.800000011920929,0.05000000074505806,0.009999999776482582,50.0,50.0,340.0,340.0,1000000.0,1,0,0,0,1,1,1,1,1,1,0,0,0,1,1,0,1.0,0.0,0.0,0.0,29.901348114013672,0.0,0.0,0.0,0.9153836369514465,0.9153836369514465,0.9153836369514465,5000.02587890625,4172466.25,4177466.25,50.0,27.61383628845215,0.4000000059604645,0.0,0.0,0.10000000149011612,0.146603524684906,0.4925430119037628,22164.435546875,20.0,29.202341079711914,778000.125,21.146968841552734,2796.355712890625,721.2243041992188,0.7780001163482666,0.91237473487854,9.471380233764648,1.0,3220269.0,3303801.0,9.717061996459961,20.0,0.27745047211647034,27.745046615600586,0.0,636.4223022460938,889.82958984375,100000.0,50000.0,1115.300048828125,50000.0,700.0,2000.0,2800000.0,3500000.0,4000000.0,9.999999747378752e-05,4.999999873689376e-05,500.0,20000.0,100.0,500.0,60000.0,1200.0,1.0,120.0,150000.0,3000.0,300.0,1.0,300.0,0.019999999552965164,0.019999999552965164,0.009999999776482582,0.009999999776482582,0.009999999776482582,0.019999999552965164,1.100000023841858,0.019999999552965164,4.0,0.019999999552965164,88.0,1613.0,0.009999999776482582,0.20000000298023224,3.0,5.0,600.0,0.0010000000474974513,88.0,88.0,2000.0,2340.0,-0.11599799990653992,-0.03561130166053772,-0.04758000001311302,-0.01752999983727932,1,0,1,0,0,1,1,278.1548767089844,278.1548767089844,1.117095947265625,1.117095947265625,0.001129145035520196,21.146968841552734,163.93638610839844,136.6132049560547,605.3153686523438,68.03337860107422,68.03337860107422,0.273223876953125,0.273223876953125,160.714111328125,45.98128890991211,0.0,0.0,2663660.25,20.00048065185547,20.00048065185547,100.37162017822266,100.37162017822266,63983.625,63983.625,1.0663937330245972,1.0663937330245972,0.16427592933177948,0.16427592933177948,12.841312408447266,12.841312408447266,53729.33984375,53729.33984375,12.84199333190918,105.15341186523438,109.30378723144531,2647646.25,20.00048065185547,20.00048065185547,165.27294921875,165.27294921875,118.50410461425781,118.50410461425781,495833.0625,495833.0625,0.0,79.67247772216797,79.67247772216797,159.34608459472656,157171.40625,157171.40625,1.047809362411499,1.047809362411499,166.57107543945312,118.50411224365234,0.0,0.0,0.0,143.42808532714844,143.42808532714844,286.8561706542969,0.0,0.0,0.0,0.0,0.0,143.42808532714844,143.42808532714844,0.026315800845623016,0.0,0.20000000298023224,0.0,0.0,0.0,0.0,0.0,0.0,0.9599996209144592,1.0,1.0,1.0,0.9999998211860657,0.9999998211860657,0.9999998211860657,190819.53125,193227.203125,0.0,14.750001907348633,0.0,14.750001907348633,7.25,12.0,10.25,296.3810119628906,297.7510070800781,29.5,-171534.046875,7776281.5,12224996.0,0.0,0.0,0.0,0.020951764658093452,0.020951764658093452,0.020951764658093452,1.0,255827.859375,0.9959999918937683,0.9959999918937683,0.9959999918937683,0.9959999918937683,0.0,3804712.0,4216535.0,569572.5625,2606300.0,3765055.75,0.004172466229647398,0.008354932069778442,558.5439453125,7.25,12.0,10.25,0.0,0.0,0.0,0.0,0.0,0.0,136.6143341064453,558.5564575195312,252.03221130371094,252.03221130371094,252.03221130371094,54.561885833740234,54.561885833740234,54.561885833740234,3.001156806945801,0.0,0.7445839047431946,3.000916004180908,5.0,0.0040000081062316895,0.0040000081062316895,0.0040000081062316895,0.0040000081062316895,0.0,-0.4368000030517578,0.0,600231.375,163.93638610839844,163.93638610839844,0.0,20.0,2786919.5,7.25,12.0,10.25,20.0,20.0,20.0,0.0,0.0,0.7926306128501892,0.9211652278900146,10000.0,10000.0,0.011826000176370144,1038.5,0.027953999117016792,0.0,0.0,1.0878000259399414,1.0809999704360962,9.000000136438757e-05,103.0,33.220001220703125,1.8179999589920044,0.029999999329447746,49.0,8.329999923706055,4.159999847412109,58.0,302.0,4.5,0.699999988079071,0.4000000059604645,7.5,1.3799999952316284,2.492000102996826,7000.0,48.88999938964844,1.2000000476837158,45.0,62000.0,4590000.0,4250000.0,15900000.0,15100000.0,0.05000000074505806,0.17000000178813934,0.009999999776482582,15220000.0,1.6699999570846558,312.7799987792969,1.1100000143051147,4232.0,0.25,689000.0,4030000.0,9.829999923706055,8.550000190734863,12200000.0,231.10000610351562,88.3239974975586,633.0,1.1430000066757202,0.6858000159263611,-10.0,-3.7799999713897705,0.7799999713897705,295.5,4030000.0,12400000.0,0.9200000166893005,5.0,1,0,1,228,0,0,0,0,0,1,1,1,1,1,0,1,1,1,0,0,0,0,1,1,0,0,0,1,0,0,0,0,0,0,0,0,1,0,1,8,0,0,1,0,0.014153757132589817,5659000.5,1.0877995491027832,0.0,1.226246953010559,283.6837158203125,0.0,-0.0010405536741018295,1,1,1,0,0,0,1,1,0,0,0,0,0,511,0.20000000298023224,0.20000000298023224,0.20000000298023224,0.0,2,0,0,0,0,0,0,0,0,0,0,0,0,0,0,0,0,0,0,0,0,0,0,0,0,0,0,0,0,0,0,0,0,0,0,0,0,0,0,0,0,0,0,0,0,0,0,0,0,0,0,1,0,0,0,0,0,0,0,0,0,0,0,0,0,0,0,0,0,0,0,0,0,0,0,0,0,0,0,0,0,0,0,0,0,0,0,0,0,0,0,0,0,0,0,0,0,0,0,0,0,0,0,0,0,0,0,0,0,0,0,0,0,0,0,0,0,0,0,0,0,0,0,0,0,0,0,0,0,0,0,0,0,0,0,0,0,0,0,0,0,0,0,1,0,0,0,0,0,0,0,0,0,0,0,-1,0,0,0,0,0,0,1,1,0,0,1.4153757095336914,-5.193259239196777,0.0,-0.5445602536201477,-1.6815581571897805e-44,291.70001220703125,283.6837158203125,301.49334716796875,-0.03833658993244171,99.21570587158203,2670.73046875,1.0877995491027832,1.226246953010559,-1.0,8.01629638671875,6.827850029367255e-06,0.040313318371772766,100.0,27.0,0.0,7.799991607666016,3.9930496215820312,1.0,1.0,39.9317626953125,0.2662346363067627,20.0,5.2359326218720526e-05,0.0,73.97314453125,1.7323341369628906,1.8179994821548462,0.00036938843550160527,0.6817498207092285,0.5441768765449524,14.52946949005127,8.9188232421875,0.0,0.0,0.0,20.000003814697266,44.898040771484375,271.49810791015625,20.0,0.9335812926292419,286.00494384765625,40.007659912109375,0.29459047317504883,279.6875,279.9417724609375,279.6981201171875,287.09747314453125,288.57843017578125,287.09912109375,100.0,4.9118547439575195,22.0,102.74417877197266,283.3924865722656,284.2601013183594,283.39862060546875,340.32025146484375,26.911853790283203,23.450111389160156,102.74417877197266,0.0,0.0,0.0,0.0,74.752197265625,74.81704711914062,74.641845703125,57.74679946899414,57.760311126708984,57.74501037597656,24.653831481933594,24.973217010498047,24.495176315307617,99.42745971679688,97.24812316894531,99.26677703857422,36.89999771118164,43.19999694824219,26.099998474121094,264.09564208984375,276.08428955078125,262.480712890625,29.0,0.0,48.0,0.0,0.0,0.0,0.0,0.0,0.0,41.0,78.36749267578125,57.44475173950195,166.57107543945312,30.459999084472656,9.999999974752427e-07,5.811975479125977,0.0,105.15341186523438,0.0,721.2243041992188,42.62728500366211,21.146968841552734,0.0,9.471380233764648,77.80001068115234,1.0,0.971706211566925,20.0,0.0,60.0,120.0,0.0,120.0,0.0,0.0,0.0,0.0,18.121089935302734,89.188232421875,2.0,200.0,0,0,0,0,0,0,0,0,0,0,0,0,99999,99999,26,403,1800,180,1800,0,0,-7,1,23,0,0,0,806,1424,29,31,32,0,1,0,1,0,1,0,0,1,0,0,0,0,0,1,0,0,0,0,1,0,0,0,1,0,0,0,1,0,0,0,0,0,0,0,0,0,0,0,0,1,0,1,0,0,1,1,0,0,1,1,0,1,0,1,0,1,1,0,0,0,1,0,0,0,0,0,0,0,1,1,0,1,0,0,0,0,0,0,0,0,1,0,0,0,1,0,0,0,0,0,0,1,0,0,1,0,1,0,0,1,0,0,1,0,0,1,0,0,0,1,0,1,1,1,0,0,1,0,0,0,0,0,1,1,1,0,0,0,0,0,0,0,1,0,1,0,1,0,1,0,1,0,0,0,0,0,0,0,0,1,1,1,1,0,1,0,1,1,1,1,1,1,1,0,0,0,0,0,0,1,0,1,1,1,1,1,1,1,1,1,1,1,0,0,0,1,1,0,0,1,1,0,1,1,0,0,1,1,1,0,0,0,0,1,1,1,1,0,1,1,1,1,0,0,1,1,0,1,0,1,1,0,1,1,1,1,1,1,1,1,0,1,0,0,0,0,0,0,0,0,0,0,1,0,0,1,0,0,0,0,0,1,0,0,1,0,0,0,0,0,0,0,0,0,0,0,0,0,0,0,0,0,0,0,0,0,0,0,0,0,1,0,0,0,0,1,0,0,0,1,0,0,0,0,0,0,0,0,0,0,0,0,0,0,0,0,0,0,0,0,0,0,0,0,0,0,0,0,0,0,0,0,0,0,0,1,0,0,0,0,0,0,0,0,0,0,0,0,0,0,0,0,0,0,0,0,0,0,0,0,0,0,0,0,0,0,0,0,0,0,0,0,0,0,0,0,0,0,0,0,0,0,0,0,0,0,0,0,0,0,0,0,0,0,0,0,0,0,0,0,1,0,1,0,0,0,0,0,1,0,0,0,0,0,0,0,0,0,0,0,0,0,0,0,1,0,0,0,0,0,0,0,0,0,0,0,0,0,0,1,0,0,0,0,0,0,0,0,0,0,1,0,0,0,0,0,0,0,0,0,0,0,0,0,0,0,0,0,0,0,0,0,0,0,0,0,0,0,1,0,0,0,0,0,0,1,1,1,0,0,0,0,0,0,-1,0,0,0,0,0,0,0,0,-1,0,0,-1,0,0,0,0,0,0,0,0,0,0,0,0,0,0,0,0,0,0,1,0,0,0,0,0,0,0,0,0,0,0,0,0,0,0,0,1,1,0,-1,-1,-1,1,1,1,0,0,0,0,1,0,0,1,1,0,0,0,0,1,0,0,0,0,0,0,0,0,0,0,0,0,0,0,0,0,0,0,0,0,0,0,0,0,0,0,0,0,0,1,1,0,1,0,1,1,0,1,0,1,1,0,1,0,0,1,0,0,0,0,0,0,0,0,0,0,0,0,0,0,0,0,0,0,0,0,0,0,0,0,0,0
0,1,1,300,228,8,8,228,114,25,1,0,0.0020000000949949026,4000.0,1.0,0.04500000178813934,25.0,48.0,8.0,291.70001220703125,1.7000000476837158,-3.179999907843012e-07,0.007360000163316727,0.008080000057816505,8.0,0.33000001311302185,0.0333000011742115,1.0,9.999999747378752e-06,21.0,9.999999747378752e-06,2775000064.0,9.000000136438757e-05,4.999999980020986e-13,5.0,40.0,3.0,-3.3499999046325684,3.3499999046325684,0.5,0.0004799999878741801,292.3927001953125,492.6077880859375,-0.0036125299520790577,0.002354159951210022,0.0008944629807956517,0.013157900422811508,0.800646185874939,0.02024419978260994,2650129920.0,0.006539999973028898,0,0,0,0,0,0,0,0,0,0,0,0,0,0,0,0,0,0,0,0,0,0,0,0,0,0,0,0,0,0,0,0,0,0,0,0,0,0,0,0,0,0,0,0,0,0,0,0,0,0,0,0,0,1,4,4,0,0,0,0,0,0,0,0,2,0,0.00040254020132124424,280.98907470703125,294.0460510253906,295.9428405761719,297.9058837890625,299.82159423828125,303.0570373535156,304.2016296386719,305.0505065917969,305.48382568359375,305.54754638671875,305.2880859375,304.7638854980469,304.0530700683594,303.24310302734375,302.4215087890625,301.7536315917969,301.12548828125,300.4714050292969,299.734375,298.8876953125,297.92279052734375,296.8685302734375,295.7618713378906,294.6398010253906,293.539306640625,0.03294280171394348,0.025655236095190048,0.7713810801506042,-0.038260698318481445,0.7569249272346497,0.7857587337493896,1515.715576171875,5.07357128753938e-07,0.14703449606895447,0.010207518003880978,0.01359698548913002,0.013779155910015106,0.02043948322534561,1.0,-1.6815581571897805e-44,-5.210777282714844,0.0,99.2140121459961,2670.88232421875,0.9453925490379333,300.7634582519531,0.0,0.0,0.0,10.799994468688965,0.0,291.70001220703125,280671.71875,-0.5442575216293335,6.202878952026367,130.28829956054688,10.0,7750000.0,8160000.0,86.12000274658203,119.0999984741211,0.5,9.999999747378752e-05,0.0,3.299999952316284,200.0,0.30000001192092896,309.20001220703125,2.439019908706541e-06,0,0,0,1,1,1,0,24,0,283.0647277832031,0.0,0.0,0.0,0.0,0.0,0.0,1.0486321449279785,0.8667119741439819,0.5311793088912964,0.25872644782066345,0.07704272866249084,0.07402311265468597,0.24127355217933655,0.24577617645263672,0.24289637804031372,1.0,25.0,24.0,5624703.5,5626192.5,5624879.5,279.13116455078125,279.372314453125,279.1201171875,286.43597412109375,287.89459228515625,286.4342041015625,4400000.0,282.7835693359375,283.6334533691406,282.77716064453125,7.3048095703125,8.52227783203125,7.3140869140625,285.36181640625,4567.86328125,4475.98779296875,4575.2392578125,10.6878662109375,10.710183143615723,10.704208374023438,26.76678466796875,0.0,0.0,0.0020000000949949026,279.2078552246094,286.9216003417969,-103.57181549072266,0.780128002166748,0.7944623231887817,0.785442590713501,260.956787109375,39.0,40.0,42.0,41.0,0.0,0.0,5613377.0,5583912.5,55.169185638427734,5.0,0.014999999664723873,-180000.0,600.0,1000000.0,400000.0,0.17000000178813934,22000.0,786000.0,120000.0,0.0,40.0,30.0,36.810001373291016,0.5,18.399999618530273,50000.0,115692.3984375,15.113750457763672,0,0,1,0,0,0,0,10003310.0,0.0,0.0,0.0,0.0,0.0,-5380535.0,400000.0,1000000.0,1.0,1400000.0,0.0,0.26572301983833313,10019465.0,126869.6328125,10003310.0,340.32000732421875,40.007659912109375,2.6460559368133545,-5380535.0,0.0,0.0,0.0,2.322258710861206,40.007659912109375,0.0,22230.939453125,1.2010046243667603,0.0,0.0,0.0,20.0,14.711517333984375,22.0,0.0,0.0,0.0,0.05000000074505806,0.02500000037252903,0.17000000178813934,15400000.0,0.5,6.25,0.0006667000125162303,2.0,2410000.0,4140000.0,4.734799861907959,0.15000000596046448,0.20000000298023224,0.2199999988079071,1.0,0.0,-1.0,0.0,5.0,20.0,30.0,50.0,74.0,80.0,86.0,9.800000190734863,500000.0,1.0499999802959792e-07,0.5,750.0,1000.0,600.0,1000.0,1150.0,32.0,32.0,37.400001525878906,10.0,10.0,0.007000000216066837,0.5049999952316284,82.0,189.26499938964844,0.0,1.5099999904632568,231.60000610351562,20.0,36.0,16.600000381469727,16.5,225.0,-0.1756729930639267,27.5,-0.1756729930639267,30.485509872436523,0.1561516970396042,11.10221004486084,-1.8332500457763672,-75.0,4.3520002365112305,13.857000350952148,189.26499938964844,93.30000305175781,2650000.0,0.8500000238418579,7.570000171661377,1,1,1,0,0,0,0,0,0,0,0,1,3,3,0,0,1,0,0,0,0,1,0,1,1,0,0,0,1,1,1,0,0,0,0,0,0,0,0,1,0,0,0,1,0,0,1,0,0,1,12.05141544342041,29051.265625,2153.355224609375,0.00041483284439891577,0.0004361289902590215,0.0006248649442568421,0.0,0.0,0.0,0.0,0.0,0.0,0.5522172451019287,1.0,0.0,0.0,1.0,1.0,0.0,0.0,1.0,1.0,0.0,1.0,0.0,0.0,1.0,0.0,0.0,0.3176952600479126,0.4053681790828705,0.0006248649442568421,0.0,0.0006234070751816034,0.0,99998.78125,99999.0,1401036.125,2410000.0,36.20000076293945,36.20000076293945,36.20000076293945,32.407005310058594,271.0723876953125,20.0,20.000003814697266,24.02347183227539,27.0,27.0,25.813905715942383,27.0,31.925338745117188,32.0,20.0,68.57752227783203,3446115.0,0.5441768765449524,7.559999942779541,0.0,8.9188232421875,0.0,0.0,42.759788513183594,1.401298464324817e-45,0.0,0.0,0.5049998760223389,0.5049998760223389,0.5049998760223389,0.18937495350837708,0.18937495350837708,0.18937495350837708,0.0,14.25324821472168,14.25324821472168,14.25324821472168,0.0,0.0,9.074999809265137,0.0,0.0,0.0,0.0,0.0,0.0,100.0,73.97314453125,0.2199999988079071,0.0,20.0,42.759788513183594,0.0,0.0,0.0,0.0,0.0,0.007000000216066837,0.0,0.0,9.074999809265137,0.0,1.7323341369628906,0.0,0.946874737739563,0.0,0.0,0.0,0.0,0.0,0.0,20.0,0.0,0.0,9706297.0,0.0,0.0,0.0,0.0,0.0,0.0,0.0,0.351500004529953,18.93000030517578,23.030000686645508,7.69199959904654e-06,0.08500000089406967,0.009999999776482582,24.0,27.0,8.800000190734863,500000.0,0.05000000074505806,2.7000000013543968e-09,2.7000000013543968e-09,145100.0,120000.0,14650000.0,86400.0,17.0,34.5,48.70000076293945,321.8999938964844,83170.0,0.0,1.0,1.0,0.0010000000474974513,725.0,0.0,0.5,0.0,0.0,57.31999969482422,837142.875,9359.77734375,117376.1015625,2623.89794921875,83026.390625,725.0,1.0204100362898316e-05,740000000.0,1,0,1,0,1,1,0,0,1,0,0,8.799991607666016,27.0,5274.16748046875,0.0,0.0,0.0,0.0,2.1191797256469727,0.0004017787578050047,0.0,0.040568895637989044,39.936885833740234,1.0,26092.6484375,9900.88671875,5.269133180263452e-05,150523888.0,847290624.0,913245440.0,2209571840.0,-11.571857452392578,-764.301513671875,-678924992.0,-1362281344.0,43.70661926269531,28.474903106689453,55.27847671508789,792.7764892578125,106381.3984375,4235.982421875,147739.53125,167734.921875,124092.6484375,73.00003051757812,39.936885833740234,39.936885833740234,1.0,5.269133180263452e-05,9900.88671875,829646045184.0,0.20255312323570251,137600.0,137600.0,68403736.0,55.27847671508789,6701.79931640625,1.0,0.0,1700.0,250000.0,10000.0,1038.0,0.004999999888241291,400.0,5000.0,0,0,0,0,2959622.5,49.297916412353516,49.297916412353516,1216415.25,2787175.75,0.0,0.0,103064.25,0.2728899121284485,5595249.0,0.0,0.0,1.0,1.0,0.2728899121284485,275.3855285644531,99.82807922363281,0.0,5957889.0,413373.0625,99.82807922363281,1.0,1.0,1.0,0.0,483.7726135253906,0.0,482.788818359375,1.0,0.0,7680000.0,260.6325378417969,273.9932861328125,262.2058410644531,0.9908624887466431,2787175.75,319.4772644042969,98.59583282470703,1.990862488746643,0.0,270.8621520996094,1.0,0.0,-7.5742998123168945,0.0,0.0,9.999999974752427e-07,0.0,2.0,0.0003000000142492354,0.004999999888241291,0.0010000000474974513,2.0000000233721948e-07,2.0000000233721948e-07,0.0005555999814532697,993000000.0,1.0,0.05000000074505806,0.10000000149011612,0.0005000000237487257,0.0016700000269338489,0.009999999776482582,1.0,1.0,0.0010000000474974513,4.999999873689376e-05,0.00039999998989515007,0.019999999552965164,0.9891999959945679,0.9891999959945679,0.9950000047683716,0.9950000047683716,1,0,0,0,1,1,0,0,0,0,0,0,0,0,-0.0074569773860275745,-7404778.5,5000.02490234375,103064.25,0.0,2546223.0,0.0,1.0,2569281.25,0.0,0.0,60.0,180.0,1800.0,1800.0,0.0,0.0,0.0,0.0,-0.012236599810421467,0.0,0.0,0.0,0.0,0.0,0.0,0.0,0.0,0.0,0.0,0.0,6.602997746085748e-05,0.0,7.006492321624085e-44,1,1,0,1,1,1,1,1,1,1,1,0,1,0,1,1,1,1,0,1,0,1000,18,0,1,5001,91,0.0,0.0,120.0,120.0,0.0,0.0,0.4000000059604645,0.10000000149011612,0.10000000149011612,2.0,500.0,200.0,0.9900000095367432,300000.0,5000.0,45000.0,20000.0,0.019999999552965164,2.0,0.05000000074505806,0.019999999552965164,6.0,0.05000000074505806,0.019999999552965164,0.019999999552965164,88.30000305175781,0.10000000149011612,0.800000011920929,0.05000000074505806,0.009999999776482582,50.0,50.0,340.0,340.0,1000000.0,1,0,0,0,1,1,1,1,1,1,0,0,0,1,1,0,1.0,0.0,0.0,0.0,29.9786434173584,0.0,0.0,0.0,0.9151798486709595,0.9151798486709595,0.9151798486709595,5000.0244140625,4181079.0,4186079.0,50.0,27.61379623413086,0.4000000059604645,0.0,0.0,0.10000000149011612,0.14570960402488708,0.4925430119037628,22164.435546875,20.0,29.202341079711914,778083.3125,21.10572052001953,2790.03125,721.2243041992188,0.778083324432373,0.9119616746902466,9.47134017944336,1.0,3220255.5,3303783.0,9.717008590698242,20.0,0.2774970531463623,27.749706268310547,0.0,636.4223022460938,915.6640014648438,100000.0,50000.0,1115.300048828125,50000.0,700.0,2000.0,2800000.0,3500000.0,4000000.0,9.999999747378752e-05,4.999999873689376e-05,500.0,20000.0,100.0,500.0,60000.0,1200.0,1.0,120.0,150000.0,3000.0,300.0,1.0,300.0,0.019999999552965164,0.019999999552965164,0.009999999776482582,0.009999999776482582,0.009999999776482582,0.019999999552965164,1.100000023841858,0.019999999552965164,4.0,0.019999999552965164,88.0,1613.0,0.009999999776482582,0.20000000298023224,3.0,5.0,600.0,0.0010000000474974513,88.0,88.0,2000.0,2340.0,-0.11599799990653992,-0.03561130166053772,-0.04758000001311302,-0.01752999983727932,1,0,1,0,0,1,1,271.34320068359375,271.34320068359375,1.0897216796875,1.0897216796875,0.0010736807016655803,21.10572052001953,163.9230194091797,130.3140869140625,591.3161010742188,64.89641571044922,64.89641571044922,0.26062774658203125,0.26062774658203125,152.99758911132812,40.68130111694336,0.0,0.0,2663660.25,20.00048065185547,20.00048065185547,100.1199951171875,100.1199951171875,63936.10546875,63936.10546875,1.0656017065048218,1.0656017065048218,0.13644495606422424,0.13644495606422424,11.55648136138916,11.55648136138916,48353.4765625,48353.4765625,11.557136535644531,104.52153015136719,108.345458984375,2647775.25,20.00048065185547,20.00048065185547,165.24099731445312,165.24099731445312,117.15381622314453,117.15381622314453,490183.34375,490183.34375,0.0,78.7220458984375,78.7220458984375,157.44515991210938,157115.21875,157115.21875,1.0474348068237305,1.0474348068237305,166.3505859375,117.15381622314453,0.0,0.0,0.0,142.30441284179688,142.30441284179688,284.60882568359375,0.0,0.0,0.0,0.0,0.0,142.30441284179688,142.30441284179688,0.026315800845623016,0.0,0.20000000298023224,0.0,0.0,0.0,0.0,0.0,0.0,0.9599996209144592,1.0,1.0,1.0,0.9999998211860657,0.9999998211860657,0.9999998211860657,190819.140625,193226.6875,0.0,14.750001907348633,0.0,14.750001907348633,7.25,12.0,10.25,296.3810119628906,297.7510070800781,29.5,-184417.0,7809777.5,12224996.0,0.0,0.0,0.0,0.018536778166890144,0.018536778166890144,0.018536778166890144,1.0,248103.203125,0.9959999918937683,0.9959999918937683,0.9959999918937683,0.9959999918937683,0.0,3826972.75,4212702.5,541840.375,2606300.0,3782155.5,0.004181079100817442,0.00837215781211853,544.8658447265625,7.25,12.0,10.25,0.0,0.0,0.0,0.0,0.0,0.0,130.31515502929688,544.87841796875,247.2071990966797,247.2071990966797,247.2071990966797,48.272857666015625,48.272857666015625,48.272857666015625,3.0018858909606934,0.0,0.7454233765602112,3.0016417503356934,5.0,0.0040000081062316895,0.0040000081062316895,0.0040000081062316895,0.0040000081062316895,0.0,-0.4368000030517578,0.0,600377.1875,163.9230194091797,163.9230194091797,0.0,20.0,2787058.25,7.25,12.0,10.25,20.0,20.0,20.0,0.0,0.0,0.7926306128501892,0.9211652278900146,10000.0,10000.0,0.011826000176370144,1038.5,0.027953999117016792,0.0,0.0,1.0878000259399414,1.0809999704360962,9.000000136438757e-05,103.0,33.220001220703125,1.8179999589920044,0.029999999329447746,49.0,8.329999923706055,4.159999847412109,58.0,302.0,4.5,0.699999988079071,0.4000000059604645,7.5,1.3799999952316284,2.492000102996826,7000.0,48.88999938964844,1.2000000476837158,45.0,62000.0,4590000.0,4250000.0,15900000.0,15100000.0,0.05000000074505806,0.17000000178813934,0.009999999776482582,15220000.0,1.6699999570846558,312.7799987792969,1.1100000143051147,4232.0,0.25,689000.0,4030000.0,9.829999923706055,8.550000190734863,12200000.0,231.10000610351562,88.3239974975586,633.0,1.1430000066757202,0.6858000159263611,-10.0,-3.7799999713897705,0.7799999713897705,295.5,4030000.0,12400000.0,0.9200000166893005,5.0,1,0,1,228,0,0,0,0,0,1,1,1,1,1,0,1,1,1,0,0,0,0,1,1,0,0,0,1,0,0,0,0,0,0,0,0,1,0,1,8,0,0,1,0,0.01359698548913002,5624703.5,1.0877995491027832,0.0,1.2333526611328125,283.2185363769531,0.0,-0.000984369544312358,1,1,1,0,0,0,1,1,0,0,0,0,0,514,0.20000000298023224,0.20000000298023224,0.20000000298023224,0.0,2,0,0,0,0,0,0,0,0,0,0,0,0,0,0,0,0,0,0,0,0,0,0,0,0,0,0,0,0,0,0,0,0,0,0,0,0,0,0,0,0,0,0,0,0,0,0,0,0,0,0,1,0,0,0,0,0,0,0,0,0,0,0,0,0,0,0,0,0,0,0,0,0,0,0,0,0,0,0,0,0,0,0,0,0,0,0,0,0,0,0,0,0,0,0,0,0,0,0,0,0,0,0,0,0,0,0,0,0,0,0,0,0,0,0,0,0,0,0,0,0,0,0,0,0,0,0,0,0,0,0,0,0,0,0,0,0,0,0,0,0,0,0,1,0,0,0,0,0,0,0,0,0,0,0,-1,0,0,0,0,0,0,1,1,0,0,1.3596985340118408,-5.210777282714844,0.0,-0.5442575216293335,-1.6815581571897805e-44,291.70001220703125,283.2185363769531,300.7634582519531,-0.038260698318481445,99.2140121459961,2670.88232421875,1.0877995491027832,1.2333526611328125,-1.0,8.481475830078125,6.827850029367255e-06,0.040568895637989044,100.0,27.0,0.0,7.799991607666016,3.9956741333007812,1.0,1.0,39.936885833740234,0.2662520110607147,20.0,5.269133180263452e-05,0.0,73.97314453125,1.7323341369628906,1.8179994821548462,0.00036938843550160527,0.6817498207092285,0.5441768765449524,14.296313285827637,8.9188232421875,0.0,0.0,0.0,20.000003814697266,44.898040771484375,271.0723876953125,20.0,0.9329679012298584,285.52142333984375,40.007659912109375,0.29459047317504883,279.26153564453125,279.51416015625,279.27239990234375,286.5986328125,288.0640869140625,286.6004638671875,100.0,4.572301864624023,22.0,102.2396240234375,282.9300842285156,283.78912353515625,282.9364318847656,340.32000732421875,26.572301864624023,23.27892303466797,102.2396240234375,0.0,0.0,0.0,0.0,74.51612854003906,74.56350708007812,74.4033432006836,57.39683532714844,57.41023254394531,57.39503860473633,24.28963851928711,24.577617645263672,24.127355575561523,99.45641326904297,97.29277801513672,99.29590606689453,36.89999771118164,43.19999694824219,26.099998474121094,262.6783447265625,274.4979248046875,261.07489013671875,29.0,0.0,48.0,0.0,0.0,0.0,0.0,0.0,0.0,41.0,78.36749267578125,57.094482421875,166.3505859375,30.273632049560547,9.999999974752427e-07,5.528993606567383,0.0,104.52153015136719,0.0,721.2243041992188,42.715171813964844,21.10572052001953,0.0,9.47134017944336,77.80833435058594,1.0,0.9717008471488953,20.0,0.0,60.0,120.0,0.0,120.0,0.0,0.0,0.0,0.0,18.121089935302734,89.188232421875,2.0,200.0,0,0,0,0,0,0,0,0,0,0,0,0,99999,99999,26,403,1800,180,1800,0,0,-7,1,23,0,0,0,806,1424,29,31,32,0,1,0,1,0,1,0,0,1,0,0,0,0,0,1,0,0,0,0,1,0,0,0,1,0,0,0,1,0,0,0,0,0,0,0,0,0,0,0,0,1,0,1,0,0,1,1,0,0,1,1,0,1,0,1,0,1,1,0,0,0,1,0,0,0,0,0,0,0,1,1,0,1,0,0,0,0,0,0,0,0,1,0,0,0,1,0,0,0,0,0,0,1,0,0,1,0,1,0,0,1,0,0,1,0,0,1,0,0,0,1,0,1,1,1,0,0,1,0,0,0,0,0,1,1,1,0,0,0,0,0,0,0,1,0,1,0,1,0,1,0,1,0,0,0,0,0,0,0,0,1,1,1,1,0,1,0,1,1,1,1,1,1,1,0,0,0,0,0,0,1,0,1,1,1,1,1,1,1,1,1,1,1,0,0,0,1,1,0,0,1,1,0,1,1,0,0,1,1,1,0,0,0,0,1,1,1,1,0,1,1,1,1,0,0,1,1,0,1,0,1,1,0,1,1,1,1,1,1,1,1,0,1,0,0,0,0,0,0,0,0,0,0,1,0,0,1,0,0,0,0,0,0,0,0,0,0,0,0,0,0,0,0,0,0,0,0,0,0,0,0,0,0,0,0,0,0,0,0,0,0,0,0,0,0,0,0,0,0,0,0,0,0,0,0,0,0,0,0,0,0,0,0,0,0,0,0,0,0,0,0,0,0,0,0,0,0,0,0,0,0,0,0,0,0,0,0,0,0,0,0,0,0,0,0,0,0,0,0,0,0,0,0,0,0,0,0,0,0,0,0,0,0,0,0,0,0,0,0,0,0,0,0,0,0,0,0,0,0,0,0,0,0,0,0,0,0,0,0,0,0,0,0,0,0,0,0,0,0,0,0,1,0,1,0,0,0,0,0,1,0,0,0,0,0,0,0,0,0,0,0,0,0,0,0,1,0,0,0,0,0,0,0,0,0,0,0,0,0,0,1,0,0,0,0,0,0,0,0,0,0,1,0,0,0,0,0,0,0,0,0,0,0,0,0,0,0,0,0,0,0,0,0,0,0,0,0,0,0,1,0,0,0,0,0,0,1,1,1,0,0,0,0,0,0,-1,0,0,0,0,0,0,0,0,-1,0,0,-1,0,0,0,0,0,0,0,0,0,0,0,0,0,0,0,0,0,0,1,0,0,0,0,0,0,0,0,0,0,0,0,0,0,0,0,1,1,0,-1,-1,-1,1,1,1,0,0,0,0,1,0,0,1,1,0,0,0,0,1,0,0,0,0,0,0,0,0,0,0,0,0,0,0,0,0,0,0,0,0,0,0,0,0,0,0,0,0,0,1,1,0,1,0,1,1,0,1,0,1,1,0,1,0,0,1,0,0,0,0,0,0,0,0,0,0,0,0,0,0,0,0,0,0,0,0,0,0,0,0,0,0
0,1,1,300,228,8,8,228,114,25,1,0,0.0020000000949949026,4000.0,1.0,0.04500000178813934,25.0,48.0,8.0,291.70001220703125,1.7000000476837158,-3.179999907843012e-07,0.007360000163316727,0.008080000057816505,8.0,0.33000001311302185,0.0333000011742115,1.0,9.999999747378752e-06,21.0,9.999999747378752e-06,2775000064.0,9.000000136438757e-05,4.999999980020986e-13,5.0,40.0,3.0,-3.3499999046325684,3.3499999046325684,0.5,0.0004799999878741801,292.3927001953125,492.6077880859375,-0.0036125299520790577,0.002354159951210022,0.0008944629807956517,0.013157900422811508,0.800646185874939,0.02024419978260994,2650129920.0,0.006539999973028898,0,0,0,0,0,0,0,0,0,0,0,0,0,0,0,0,0,0,0,0,0,0,0,0,0,0,0,0,0,0,0,0,0,0,0,0,0,0,0,0,0,0,0,0,0,0,0,0,0,0,0,0,0,1,4,4,0,0,0,0,0,0,0,0,2,0,0.00040265245479531586,280.5591125488281,293.3843688964844,295.248291015625,297.177001953125,299.0594177246094,302.24169921875,303.3703918457031,304.2098083496094,304.643310546875,304.71600341796875,304.4735412597656,303.9746398925781,303.29327392578125,302.5141906738281,301.7221374511719,301.0843505859375,300.48211669921875,299.8489990234375,299.12774658203125,298.2922058105469,297.3341064453125,296.28338623046875,295.17840576171875,294.05743408203125,292.9587707519531,0.03338819742202759,0.025226768106222153,0.7713678479194641,-0.03819727525115013,0.7569565773010254,0.7823604345321655,1459.1824951171875,4.884150826001132e-07,0.14421407878398895,0.009830896742641926,0.013069656677544117,0.013242285698652267,0.020488949492573738,1.0,-1.6815581571897805e-44,-5.228036880493164,0.0,99.21229553222656,2671.033935546875,0.9454320669174194,300.0518493652344,0.0,0.0,0.0,11.399993896484375,0.0,291.70001220703125,280672.28125,-0.5439563393592834,6.198799133300781,130.28829956054688,10.0,7750000.0,8160000.0,86.12000274658203,119.0999984741211,0.5,9.999999747378752e-05,0.0,3.299999952316284,200.0,0.30000001192092896,309.20001220703125,2.439019908706541e-06,0,0,0,1,1,1,0,24,0,282.6072082519531,0.0,0.0,0.0,0.0,0.0,0.0,1.0564794540405273,0.8666903376579285,0.5315971970558167,0.26244115829467773,0.0796286091208458,0.07656623423099518,0.23755885660648346,0.24178700149059296,0.23921960592269897,1.0,25.0,24.0,5590886.5,5592365.0,5591060.0,278.71002197265625,278.94903564453125,278.69866943359375,285.9477233886719,287.3918151855469,285.9461364746094,4400000.0,282.328857421875,283.17041015625,282.3223876953125,7.237701416015625,8.442779541015625,7.247467041015625,284.8869323730469,4569.1044921875,4478.15185546875,4576.4736328125,10.653233528137207,10.67343521118164,10.669947624206543,26.88775634765625,0.0,0.0,0.0020000000949949026,278.7859191894531,286.4285583496094,-101.69733428955078,0.7680190801620483,0.7814664840698242,0.7734589576721191,260.0284118652344,39.0,40.0,42.0,41.0,0.0,0.0,5579720.0,5550228.5,55.02656936645508,5.0,0.014999999664723873,-180000.0,600.0,1000000.0,400000.0,0.17000000178813934,22000.0,786000.0,120000.0,0.0,40.0,30.0,36.810001373291016,0.5,18.399999618530273,50000.0,115692.3984375,15.113750457763672,0,0,1,0,0,0,0,9955794.0,0.0,0.0,0.0,0.0,0.0,-5428525.0,400000.0,1000000.0,1.0,1400000.0,0.0,0.2623918950557709,9971475.0,126869.6328125,9955794.0,340.31982421875,40.007659912109375,2.6129539012908936,-5428525.0,0.0,0.0,0.0,2.305569887161255,40.007659912109375,0.0,22230.939453125,1.2010046243667603,0.0,0.0,0.0,20.0,14.711517333984375,22.0,0.0,0.0,0.0,0.05000000074505806,0.02500000037252903,0.17000000178813934,15400000.0,0.5,6.25,0.0006667000125162303,2.0,2410000.0,4140000.0,4.734799861907959,0.15000000596046448,0.20000000298023224,0.2199999988079071,1.0,0.0,-1.0,0.0,5.0,20.0,30.0,50.0,74.0,80.0,86.0,9.800000190734863,500000.0,1.0499999802959792e-07,0.5,750.0,1000.0,600.0,1000.0,1150.0,32.0,32.0,37.400001525878906,10.0,10.0,0.007000000216066837,0.5049999952316284,82.0,189.26499938964844,0.0,1.5099999904632568,231.60000610351562,20.0,36.0,16.600000381469727,16.5,225.0,-0.1756729930639267,27.5,-0.1756729930639267,30.485509872436523,0.1561516970396042,11.10221004486084,-1.8332500457763672,-75.0,4.3520002365112305,13.857000350952148,189.26499938964844,93.30000305175781,2650000.0,0.8500000238418579,7.570000171661377,1,1,1,0,0,0,0,0,0,0,0,1,3,3,0,0,1,0,0,0,0,1,0,1,1,0,0,0,1,1,1,0,0,0,0,0,0,0,0,1,0,0,0,1,0,0,1,0,0,1,12.05141544342041,29051.265625,2153.339111328125,0.00041483284439891577,0.0004361289902590215,0.0006248649442568421,0.0,0.0,0.0,0.0,0.0,0.0,0.5511732697486877,1.0,0.0,0.0,1.0,1.0,0.0,0.0,1.0,1.0,0.0,1.0,0.0,0.0,1.0,0.0,0.0,0.3125971853733063,0.39886319637298584,0.0006248649442568421,0.0,0.000623412779532373,0.0,99998.78125,99999.0,1378553.625,2410000.0,36.20000076293945,36.20000076293945,36.20000076293945,32.40178680419922,270.64996337890625,20.0,20.000003814697266,24.02347183227539,27.0,27.0,25.813905715942383,27.0,31.925634384155273,32.0,20.0,68.57752227783203,3446089.5,0.5443286299705505,7.559999942779541,0.0,8.918671607971191,0.0,0.0,42.92987823486328,1.401298464324817e-45,0.0,0.0,0.5049998760223389,0.5049998760223389,0.5049998760223389,0.18937495350837708,0.18937495350837708,0.18937495350837708,0.0,14.309944152832031,14.309944152832031,14.309944152832031,0.0,0.0,9.074999809265137,0.0,0.0,0.0,0.0,0.0,0.0,100.0,73.97314453125,0.2199999988079071,0.0,20.0,42.92987823486328,0.0,0.0,0.0,0.0,0.0,0.007000000216066837,0.0,0.0,9.074999809265137,0.0,1.7323341369628906,0.0,0.946874737739563,0.0,0.0,0.0,0.0,0.0,0.0,20.0,0.0,0.0,9658759.0,0.0,0.0,0.0,0.0,0.0,0.0,0.0,0.351500004529953,18.93000030517578,23.030000686645508,7.69199959904654e-06,0.08500000089406967,0.009999999776482582,24.0,27.0,8.800000190734863,500000.0,0.05000000074505806,2.7000000013543968e-09,2.7000000013543968e-09,145100.0,120000.0,14650000.0,86400.0,17.0,34.5,48.70000076293945,321.8999938964844,83170.0,0.0,1.0,1.0,0.0010000000474974513,725.0,0.0,0.5,0.0,0.0,57.31999969482422,837142.875,9359.77734375,117376.1015625,2623.89794921875,83026.390625,725.0,1.0204100362898316e-05,740000000.0,1,0,1,0,1,1,0,0,1,0,0,8.799991607666016,27.0,5307.30517578125,0.0,0.0,0.0,0.0,2.132521629333496,0.00040178277413360775,0.0,0.040823787450790405,39.941715240478516,1.0,26094.265625,9960.3837890625,5.30224569956772e-05,148943712.0,837704832.0,903361280.0,2197139456.0,-11.256805419921875,-759.8047485351562,-671087552.0,-1359434624.0,43.876708984375,28.474903106689453,55.133514404296875,788.2796630859375,106381.3984375,4237.009765625,147771.640625,167755.203125,124094.265625,73.60002136230469,39.941715240478516,39.941715240478516,1.0,5.30224569956772e-05,9960.3837890625,826821181440.0,0.20259791612625122,137600.0,137600.0,68105384.0,55.133514404296875,6703.35595703125,1.0,0.0,1700.0,250000.0,10000.0,1038.0,0.004999999888241291,400.0,5000.0,0,0,0,0,2959622.5,49.00271987915039,49.00271987915039,1216415.25,2787300.75,0.0,0.0,102480.5234375,0.22665798664093018,5561405.0,0.0,0.0,1.0,1.0,0.22665798664093018,275.3855285644531,99.67185974121094,0.0,5957889.0,412709.1875,99.67185974121094,1.0,1.0,1.0,0.0,480.8352966308594,0.0,479.865966796875,1.0,0.0,7680000.0,259.2372741699219,272.434814453125,260.79595947265625,0.9919157028198242,2787300.75,317.83404541015625,98.00543975830078,1.9919157028198242,0.0,270.47467041015625,1.0,0.0,-7.5742998123168945,0.0,0.0,9.999999974752427e-07,0.0,2.0,0.0003000000142492354,0.004999999888241291,0.0010000000474974513,2.0000000233721948e-07,2.0000000233721948e-07,0.0005555999814532697,993000000.0,1.0,0.05000000074505806,0.10000000149011612,0.0005000000237487257,0.0016700000269338489,0.009999999776482582,1.0,1.0,0.0010000000474974513,4.999999873689376e-05,0.00039999998989515007,0.019999999552965164,0.9891999959945679,0.9891999959945679,0.9950000047683716,0.9950000047683716,1,0,0,0,1,1,0,0,0,0,0,0,0,0,-0.0074569773860275745,-7404778.5,5000.0234375,102480.5234375,0.0,2546223.0,0.0,1.0,2569281.25,0.0,0.0,60.0,180.0,1800.0,1800.0,0.0,0.0,0.0,0.0,-0.012236599810421467,0.0,0.0,0.0,0.0,0.0,0.0,0.0,0.0,0.0,0.0,0.0,6.602997746085748e-05,0.0,7.006492321624085e-44,1,1,0,1,1,1,1,1,1,1,1,0,1,0,1,1,1,1,0,1,0,1000,18,0,1,5001,94,0.0,0.0,120.0,120.0,0.0,0.0,0.4000000059604645,0.10000000149011612,0.10000000149011612,2.0,500.0,200.0,0.9900000095367432,300000.0,5000.0,45000.0,20000.0,0.019999999552965164,2.0,0.05000000074505806,0.019999999552965164,6.0,0.05000000074505806,0.019999999552965164,0.019999999552965164,88.30000305175781,0.10000000149011612,0.800000011920929,0.05000000074505806,0.009999999776482582,50.0,50.0,340.0,340.0,1000000.0,1,0,0,0,1,1,1,1,1,1,0,0,0,1,1,0,1.0,0.0,0.0,0.0,30.05242156982422,0.0,0.0,0.0,0.9149683117866516,0.9149683117866516,0.9149683117866516,5000.02294921875,4189651.0,4194651.0,50.0,27.61375617980957,0.4000000059604645,0.0,0.0,0.10000000149011612,0.14482825994491577,0.4925430119037628,22164.435546875,20.0,29.202341079711914,778171.75,21.06684112548828,2784.074951171875,721.2243041992188,0.7781717777252197,0.9115357398986816,9.47130012512207,1.0,3220242.0,3303765.0,9.71695613861084,20.0,0.27754250168800354,27.754249572753906,0.0,636.4223022460938,941.72607421875,100000.0,50000.0,1115.300048828125,50000.0,700.0,2000.0,2800000.0,3500000.0,4000000.0,9.999999747378752e-05,4.999999873689376e-05,500.0,20000.0,100.0,500.0,60000.0,1200.0,1.0,120.0,150000.0,3000.0,300.0,1.0,300.0,0.019999999552965164,0.019999999552965164,0.009999999776482582,0.009999999776482582,0.009999999776482582,0.019999999552965164,1.100000023841858,0.019999999552965164,4.0,0.019999999552965164,88.0,1613.0,0.009999999776482582,0.20000000298023224,3.0,5.0,600.0,0.0010000000474974513,88.0,88.0,2000.0,2340.0,-0.11599799990653992,-0.03561130166053772,-0.04758000001311302,-0.01752999983727932,1,0,1,0,0,1,1,264.58721923828125,264.58721923828125,1.062591552734375,1.062591552734375,0.001021477859467268,21.06684112548828,163.90940856933594,124.38540649414062,577.4139404296875,61.943931579589844,61.943931579589844,0.24877166748046875,0.24877166748046875,145.73487854003906,35.99221420288086,0.0,0.0,2663660.25,20.00048065185547,20.00048065185547,99.88871002197266,99.88871002197266,63889.13671875,63889.13671875,1.0648189783096313,1.0648189783096313,0.11332899332046509,0.11332899332046509,10.187772750854492,10.187772750854492,42626.6640625,42626.6640625,10.188406944274902,103.93534088134766,107.45465850830078,2647896.75,20.00048065185547,20.00048065185547,165.21682739257812,165.21682739257812,115.8558578491211,115.8558578491211,484752.53125,484752.53125,0.0,77.78277587890625,77.78277587890625,155.5665740966797,157059.515625,157059.515625,1.0470634698867798,1.0470634698867798,166.15208435058594,115.85586547851562,0.0,0.0,0.0,141.19041442871094,141.19041442871094,282.3808288574219,0.0,0.0,0.0,0.0,0.0,141.19041442871094,141.19041442871094,0.026315800845623016,0.0,0.20000000298023224,0.0,0.0,0.0,0.0,0.0,0.0,0.9599996209144592,1.0,1.0,1.0,0.9999998211860657,0.9999998211860657,0.9999998211860657,190818.734375,193226.171875,0.0,14.750001907348633,0.0,14.750001907348633,7.25,12.0,10.25,296.3810119628906,297.7510070800781,29.5,-196713.78125,7840103.5,12224996.0,0.0,0.0,0.0,0.016400154680013657,0.016400154680013657,0.016400154680013657,1.0,240813.734375,0.9959999918937683,0.9959999918937683,0.9959999918937683,0.9959999918937683,0.0,3848429.5,4210302.0,515739.0,2606300.0,3799199.0,0.004189650993794203,0.008389301598072052,531.2996215820312,7.25,12.0,10.25,0.0,0.0,0.0,0.0,0.0,0.0,124.38642883300781,531.3121948242188,242.3642120361328,242.3642120361328,242.3642120361328,42.70873260498047,42.70873260498047,42.70873260498047,3.002622365951538,0.0,0.7467019557952881,3.002376079559326,5.0,0.0040000081062316895,0.0040000081062316895,0.0040000081062316895,0.0040000081062316895,0.0,-0.4368000030517578,0.0,600524.5,163.90940856933594,163.90940856933594,0.0,20.0,2787188.5,7.25,12.0,10.25,20.0,20.0,20.0,0.0,0.0,0.7926306128501892,0.9211652278900146,10000.0,10000.0,0.011826000176370144,1038.5,0.027953999117016792,0.0,0.0,1.0878000259399414,1.0809999704360962,9.000000136438757e-05,103.0,33.220001220703125,1.8179999589920044,0.029999999329447746,49.0,8.329999923706055,4.159999847412109,58.0,302.0,4.5,0.699999988079071,0.4000000059604645,7.5,1.3799999952316284,2.492000102996826,7000.0,48.88999938964844,1.2000000476837158,45.0,62000.0,4590000.0,4250000.0,15900000.0,15100000.0,0.05000000074505806,0.17000000178813934,0.009999999776482582,15220000.0,1.6699999570846558,312.7799987792969,1.1100000143051147,4232.0,0.25,689000.0,4030000.0,9.829999923706055,8.550000190734863,12200000.0,231.10000610351562,88.3239974975586,633.0,1.1430000066757202,0.6858000159263611,-10.0,-3.7799999713897705,0.7799999713897705,295.5,4030000.0,12400000.0,0.9200000166893005,5.0,1,0,1,228,0,0,0,0,0,1,1,1,1,1,0,1,1,1,0,0,0,0,1,1,0,0,0,1,0,0,0,0,0,0,0,0,1,0,1,8,0,0,1,0,0.013069656677544117,5590886.5,1.0877995491027832,0.0,1.2404489517211914,282.7591247558594,0.0,-0.0009317719377577305,1,1,1,0,0,0,1,1,0,0,0,0,0,517,0.20000000298023224,0.20000000298023224,0.20000000298023224,0.0,2,0,0,0,0,0,0,0,0,0,0,0,0,0,0,0,0,0,0,0,0,0,0,0,0,0,0,0,0,0,0,0,0,0,0,0,0,0,0,0,0,0,0,0,0,0,0,0,0,0,0,1,0,0,0,0,0,0,0,0,0,0,0,0,0,0,0,0,0,0,0,0,0,0,0,0,0,0,0,0,0,0,0,0,0,0,0,0,0,0,0,0,0,0,0,0,0,0,0,0,0,0,0,0,0,0,0,0,0,0,0,0,0,0,0,0,0,0,0,0,0,0,0,0,0,0,0,0,0,0,0,0,0,0,0,0,0,0,0,0,0,0,0,1,0,0,0,0,0,0,0,0,0,0,0,-1,0,0,0,0,0,0,1,1,0,0,1.306965708732605,-5.228036880493164,0.0,-0.5439563393592834,-1.6815581571897805e-44,291.70001220703125,282.7591247558594,300.0518493652344,-0.03819727525115013,99.21229553222656,2671.033935546875,1.0877995491027832,1.2404489517211914,-1.0,8.940887451171875,6.827850029367255e-06,0.040823787450790405,100.0,27.0,0.0,7.799991607666016,3.9982759952545166,1.0,1.0,39.941715240478516,0.2662684917449951,20.0,5.30224569956772e-05,0.0,73.97314453125,1.7323341369628906,1.8179994821548462,0.00036938843550160527,0.6817498207092285,0.5443286299705505,14.066899299621582,8.918671607971191,0.0,0.0,0.0,20.000003814697266,44.898040771484375,270.64996337890625,20.0,0.932354748249054,285.044677734375,40.007659912109375,0.29459047317504883,278.8387451171875,279.08966064453125,278.8499755859375,286.1080322265625,287.55853271484375,286.10980224609375,100.0,4.239189624786377,22.0,101.74993133544922,282.473388671875,283.3240966796875,282.4798889160156,340.3199462890625,26.23918914794922,23.110980987548828,101.74993133544922,0.0,0.0,0.0,0.0,74.27840423583984,74.30840301513672,74.16304016113281,57.05173873901367,57.0650520324707,57.04996871948242,23.921960830688477,24.178699493408203,23.75588607788086,99.4837875366211,97.33927917480469,99.323486328125,36.89999771118164,43.19999694824219,26.099998474121094,261.2574157714844,272.9248352050781,259.6790771484375,29.0,0.0,48.0,0.0,0.0,0.0,0.0,0.0,0.0,41.0,78.36749267578125,56.7491340637207,166.15208435058594,30.089818954467773,9.999999974752427e-07,5.262652397155762,0.0,103.93534088134766,0.0,721.2243041992188,42.80263900756836,21.06684112548828,0.0,9.47130012512207,77.81717681884766,1.0,0.971695601940155,20.0,0.0,60.0,120.0,0.0,120.0,0.0,0.0,0.0,0.0,18.126142501831055,89.18671417236328,2.0,200.0,0,0,0,0,0,0,0,0,0,0,0,0,99999,99999,26,403,1800,180,1800,0,0,-7,1,23,0,0,0,806,1424,29,31,32,0,1,0,1,0,1,0,0,1,0,0,0,0,0,1,0,0,0,0,1,0,0,0,1,0,0,0,1,0,0,0,0,0,0,0,0,0,0,0,0,1,0,1,0,0,1,1,0,0,1,1,0,1,0,1,0,1,1,0,0,1,1,0,0,1,0,1,0,0,1,1,0,1,0,0,0,0,1,0,1,0,1,0,0,0,1,0,0,0,0,0,0,1,0,0,1,0,1,0,0,1,1,0,1,0,0,1,0,0,0,1,0,1,1,1,0,0,1,0,0,0,0,0,1,1,1,0,0,0,0,0,0,0,1,0,1,0,1,0,1,0,1,0,0,0,0,0,0,0,0,1,1,1,1,0,1,0,1,1,1,1,1,1,1,0,0,0,0,0,0,1,0,1,1,1,1,1,1,1,1,1,1,1,1,0,0,1,1,0,0,1,1,0,1,1,0,0,1,1,1,0,0,0,0,1,1,1,1,0,1,1,1,1,0,0,1,1,0,1,0,1,1,0,1,1,1,1,1,1,1,1,0,1,0,0,0,0,0,0,0,0,0,0,1,0,0,1,0,0,0,0,0,1,1,1,1,0,0,0,1,0,0,0,0,0,1,0,0,1,0,0,0,0,0,0,0,0,0,0,0,0,1,0,0,0,0,1,0,0,0,1,0,0,0,0,0,0,0,0,0,1,0,0,0,0,0,0,1,0,1,0,1,1,0,0,0,0,0,1,1,0,0,0,0,0,0,1,0,1,0,0,1,0,0,0,0,1,0,0,0,0,0,0,0,0,0,0,0,0,0,0,0,0,0,0,0,0,0,0,0,0,0,0,0,0,0,0,0,0,0,0,0,0,0,0,0,0,0,0,0,0,0,0,0,0,0,0,0,0,0,0,1,0,1,0,0,0,0,0,1,0,0,0,0,0,0,0,0,0,0,0,0,0,0,0,1,0,0,0,0,0,0,0,0,0,0,0,0,0,0,1,0,0,0,0,0,0,0,0,0,0,1,0,0,0,0,0,0,0,0,0,0,0,0,0,0,0,0,0,0,0,0,0,0,0,0,0,0,0,1,0,0,0,0,0,0,1,1,1,0,0,0,0,0,0,-1,0,0,0,0,0,0,0,0,-1,0,0,-1,0,0,0,0,0,0,0,0,0,0,0,0,0,0,0,0,0,0,1,0,0,0,0,0,0,0,0,0,0,0,0,0,0,0,0,1,1,0,-1,-1,-1,1,1,1,0,0,0,0,1,0,0,1,1,0,0,0,0,1,0,0,0,0,0,0,0,0,0,0,0,0,0,0,0,0,0,0,0,0,0,0,0,0,0,0,0,0,0,1,1,0,1,0,1,1,0,1,0,1,1,0,1,0,0,1,0,0,0,0,0,0,0,0,0,0,0,0,0,0,0,0,0,0,0,0,0,0,0,0,0,0
0,1,1,300,228,8,8,228,114,25,1,0,0.0020000000949949026,4000.0,1.0,0.04500000178813934,25.0,48.0,8.0,291.70001220703125,1.7000000476837158,-3.179999907843012e-07,0.007360000163316727,0.008080000057816505,8.0,0.33000001311302185,0.0333000011742115,1.0,9.999999747378752e-06,21.0,9.999999747378752e-06,2775000064.0,9.000000136438757e-05,4.999999980020986e-13,5.0,40.0,3.0,-3.3499999046325684,3.3499999046325684,0.5,0.0004799999878741801,292.3927001953125,492.6077880859375,-0.0036125299520790577,0.002354159951210022,0.0008944629807956517,0.013157900422811508,0.800646185874939,0.02024419978260994,2650129920.0,0.006539999973028898,0,0,0,0,0,0,0,0,0,0,0,0,0,0,0,0,0,0,0,0,0,0,0,0,0,0,0,0,0,0,0,0,0,0,0,0,0,0,0,0,0,0,0,0,0,0,0,0,0,0,0,0,0,1,4,4,0,0,0,0,0,0,0,0,2,0,0.00040265245479531586,280.27423095703125,292.9515380859375,294.7945251464844,296.70123291015625,298.56243896484375,301.7108459472656,302.82928466796875,303.6626281738281,304.09619140625,304.17449951171875,303.94287109375,303.46002197265625,302.7973937988281,302.0379638671875,301.26470947265625,300.6461181640625,300.06036376953125,299.44061279296875,298.7294616699219,297.901123046875,296.9474792480469,295.899169921875,294.7953796386719,293.67523193359375,292.57794189453125,0.033682793378829956,0.02495391294360161,0.7713590264320374,-0.038148004561662674,0.7569776773452759,0.7801246643066406,1423.1416015625,4.7633201916141843e-07,0.14236295223236084,0.009592579677700996,0.012733841314911842,0.012900196947157383,0.020525626838207245,1.0,-1.6815581571897805e-44,-5.23940372467041,0.0,99.211181640625,2671.135986328125,0.9454584121704102,299.58685302734375,0.0,0.0,0.0,11.799993515014648,0.0,291.70001220703125,280672.65625,-0.5437538027763367,6.196078777313232,130.28829956054688,10.0,7750000.0,8160000.0,86.12000274658203,119.0999984741211,0.5,9.999999747378752e-05,0.0,3.299999952316284,200.0,0.30000001192092896,309.20001220703125,2.439019908706541e-06,0,0,0,1,1,1,0,24,0,282.30517578125,0.0,0.0,0.0,0.0,0.0,0.0,1.0617499351501465,0.8666757345199585,0.5318791270256042,0.2649354040622711,0.08137306571006775,0.07828367501497269,0.23506459593772888,0.23911231756210327,0.23675167560577393,1.0,25.0,24.0,5568610.0,5570083.0,5568784.5,278.43115234375,278.66876220703125,278.4195556640625,285.6262512207031,287.0608215332031,285.6245422363281,4400000.0,282.0286865234375,282.86480712890625,282.02203369140625,7.195098876953125,8.392059326171875,7.204986572265625,284.5733947753906,4569.8984375,4479.62646484375,4577.2607421875,10.630027770996094,10.648843765258789,10.646998405456543,26.97021484375,0.0,0.0,0.0020000000949949026,278.5065002441406,286.1038818359375,-100.50165557861328,0.7598918676376343,0.7727572917938232,0.765418529510498,259.3793029785156,39.0,40.0,42.0,41.0,0.0,0.0,5557556.0,5528047.5,54.93268585205078,5.0,0.014999999664723873,-180000.0,600.0,1000000.0,400000.0,0.17000000178813934,22000.0,786000.0,120000.0,0.0,40.0,30.0,36.810001373291016,0.5,18.399999618530273,50000.0,115692.3984375,15.113750457763672,0,0,1,0,0,0,0,9924882.0,0.0,0.0,0.0,0.0,0.0,-5459737.0,400000.0,1000000.0,1.0,1400000.0,0.0,0.26020583510398865,9940263.0,126869.6328125,9924882.0,340.3197021484375,40.007659912109375,2.591228485107422,-5459737.0,0.0,0.0,0.0,2.294616937637329,40.007659912109375,0.0,22230.939453125,1.2010046243667603,0.0,0.0,0.0,20.0,14.711517333984375,22.0,0.0,0.0,0.0,0.05000000074505806,0.02500000037252903,0.17000000178813934,15400000.0,0.5,6.25,0.0006667000125162303,2.0,2410000.0,4140000.0,4.734799861907959,0.15000000596046448,0.20000000298023224,0.2199999988079071,1.0,0.0,-1.0,0.0,5.0,20.0,30.0,50.0,74.0,80.0,86.0,9.800000190734863,500000.0,1.0499999802959792e-07,0.5,750.0,1000.0,600.0,1000.0,1150.0,32.0,32.0,37.400001525878906,10.0,10.0,0.007000000216066837,0.5049999952316284,82.0,189.26499938964844,0.0,1.5099999904632568,231.60000610351562,20.0,36.0,16.600000381469727,16.5,225.0,-0.1756729930639267,27.5,-0.1756729930639267,30.485509872436523,0.1561516970396042,11.10221004486084,-1.8332500457763672,-75.0,4.3520002365112305,13.857000350952148,189.26499938964844,93.30000305175781,2650000.0,0.8500000238418579,7.570000171661377,1,1,1,0,0,0,0,0,0,0,0,1,3,3,0,0,1,0,0,0,0,1,0,1,1,0,0,0,1,1,1,0,0,0,0,0,0,0,0,1,0,0,0,1,0,0,1,0,0,1,12.05141544342041,29051.265625,2153.328369140625,0.00041483284439891577,0.0004361289902590215,0.0006248649442568421,0.0,0.0,0.0,0.0,0.0,0.0,0.5505212545394897,1.0,0.0,0.0,1.0,1.0,0.0,0.0,1.0,1.0,0.0,1.0,0.0,0.0,1.0,0.0,0.0,0.30924397706985474,0.39458462595939636,0.0006248649442568421,0.0,0.0006234165048226714,0.0,99998.78125,99999.0,1363766.0,2410000.0,36.20000076293945,36.20000076293945,36.20000076293945,32.39830780029297,270.370361328125,20.0,20.000003814697266,24.02347183227539,27.0,27.0,25.813905715942383,27.0,31.925823211669922,32.0,20.0,68.57752227783203,3446072.5,0.5443286299705505,7.559999942779541,0.0,8.918671607971191,0.0,0.0,43.039520263671875,1.401298464324817e-45,0.0,0.0,0.5049998760223389,0.5049998760223389,0.5049998760223389,0.18937495350837708,0.18937495350837708,0.18937495350837708,0.0,14.346491813659668,14.346491813659668,14.346491813659668,0.0,0.0,9.074999809265137,0.0,0.0,0.0,0.0,0.0,0.0,100.0,73.97314453125,0.2199999988079071,0.0,20.0,43.039520263671875,0.0,0.0,0.0,0.0,0.0,0.007000000216066837,0.0,0.0,9.074999809265137,0.0,1.7323341369628906,0.0,0.946874737739563,0.0,0.0,0.0,0.0,0.0,0.0,20.0,0.0,0.0,9627804.0,0.0,0.0,0.0,0.0,0.0,0.0,0.0,0.351500004529953,18.93000030517578,23.030000686645508,7.69199959904654e-06,0.08500000089406967,0.009999999776482582,24.0,27.0,8.800000190734863,500000.0,0.05000000074505806,2.7000000013543968e-09,2.7000000013543968e-09,145100.0,120000.0,14650000.0,86400.0,17.0,34.5,48.70000076293945,321.8999938964844,83170.0,0.0,1.0,1.0,0.0010000000474974513,725.0,0.0,0.5,0.0,0.0,57.31999969482422,837142.875,9359.77734375,117376.1015625,2623.89794921875,83026.390625,725.0,1.0204100362898316e-05,740000000.0,1,0,1,0,1,1,0,0,1,0,0,8.799991607666016,27.0,5329.34912109375,0.0,0.0,0.0,0.0,2.141397476196289,0.0004017855681013316,0.0,0.040993351489305496,39.94477844238281,1.0,26095.3203125,9999.9658203125,5.3242725698510185e-05,147933344.0,831512192.0,896972160.0,2188831488.0,-11.051700592041016,-756.8012084960938,-666008768.0,-1357319296.0,43.986351013183594,28.474903106689453,55.03805160522461,785.276123046875,106381.3984375,4237.6611328125,147793.046875,167768.0625,124095.3203125,74.00001525878906,39.94477844238281,39.94477844238281,1.0,5.3242725698510185e-05,9999.9658203125,824953995264.0,0.2026277482509613,137600.0,137600.0,67908920.0,55.03805160522461,6704.34375,1.0,0.0,1700.0,250000.0,10000.0,1038.0,0.004999999888241291,400.0,5000.0,0,0,0,0,2959622.5,48.80690383911133,48.80690383911133,1216415.25,2787379.25,0.0,0.0,102129.25,0.2002749890089035,5539111.0,0.0,0.0,1.0,1.0,0.2002749890089035,275.3855285644531,99.57748413085938,0.0,5957889.0,412308.1875,99.57748413085938,1.0,1.0,1.0,0.0,478.9007263183594,0.0,477.9405822753906,1.0,0.0,7680000.0,258.31072998046875,271.3865966796875,259.8562316894531,0.9925495386123657,2787379.25,316.7110595703125,97.61380767822266,1.9925495386123657,0.0,270.21856689453125,1.0,0.0,-7.5742998123168945,0.0,0.0,9.999999974752427e-07,0.0,2.0,0.0003000000142492354,0.004999999888241291,0.0010000000474974513,2.0000000233721948e-07,2.0000000233721948e-07,0.0005555999814532697,993000000.0,1.0,0.05000000074505806,0.10000000149011612,0.0005000000237487257,0.0016700000269338489,0.009999999776482582,1.0,1.0,0.0010000000474974513,4.999999873689376e-05,0.00039999998989515007,0.019999999552965164,0.9891999959945679,0.9891999959945679,0.9950000047683716,0.9950000047683716,1,0,0,0,1,1,0,0,0,0,0,0,0,0,-0.0074569773860275745,-7404778.5,5000.0224609375,102129.25,0.0,2546223.0,0.0,1.0,2569281.25,0.0,0.0,60.0,180.0,1800.0,1800.0,0.0,0.0,0.0,0.0,-0.012236599810421467,0.0,0.0,0.0,0.0,0.0,0.0,0.0,0.0,0.0,0.0,0.0,6.602997746085748e-05,0.0,7.006492321624085e-44,1,1,0,1,1,1,1,1,1,1,1,0,1,0,1,1,1,1,0,1,0,1000,19,0,1,5001,96,0.0,0.0,120.0,120.0,0.0,0.0,0.4000000059604645,0.10000000149011612,0.10000000149011612,2.0,500.0,200.0,0.9900000095367432,300000.0,5000.0,45000.0,20000.0,0.019999999552965164,2.0,0.05000000074505806,0.019999999552965164,6.0,0.05000000074505806,0.019999999552965164,0.019999999552965164,88.30000305175781,0.10000000149011612,0.800000011920929,0.05000000074505806,0.009999999776482582,50.0,50.0,340.0,340.0,1000000.0,1,0,0,0,1,1,1,1,1,1,0,0,0,1,1,0,1.0,0.0,0.0,0.0,30.099748611450195,0.0,0.0,0.0,0.9148229360580444,0.9148229360580444,0.9148229360580444,5000.02197265625,4195339.5,4200339.5,50.0,27.61372947692871,0.4000000059604645,0.0,0.0,0.10000000149011612,0.14424768090248108,0.4925430119037628,22164.435546875,20.0,29.202341079711914,778233.6875,21.042160034179688,2780.295654296875,721.2243041992188,0.7782337069511414,0.9112446308135986,9.471273422241211,1.0,3220233.0,3303753.0,9.716920852661133,20.0,0.2775735557079315,27.757354736328125,0.0,636.4223022460938,959.227294921875,100000.0,50000.0,1115.300048828125,50000.0,700.0,2000.0,2800000.0,3500000.0,4000000.0,9.999999747378752e-05,4.999999873689376e-05,500.0,20000.0,100.0,500.0,60000.0,1200.0,1.0,120.0,150000.0,3000.0,300.0,1.0,300.0,0.019999999552965164,0.019999999552965164,0.009999999776482582,0.009999999776482582,0.009999999776482582,0.019999999552965164,1.100000023841858,0.019999999552965164,4.0,0.019999999552965164,88.0,1613.0,0.009999999776482582,0.20000000298023224,3.0,5.0,600.0,0.0010000000474974513,88.0,88.0,2000.0,2340.0,-0.11599799990653992,-0.03561130166053772,-0.04758000001311302,-0.01752999983727932,1,0,1,0,0,1,1,260.12213134765625,260.12213134765625,1.044677734375,1.044677734375,0.0009883929742500186,21.042160034179688,163.9001922607422,120.62794494628906,568.2030639648438,60.072715759277344,60.072715759277344,0.2412567138671875,0.2412567138671875,141.13192749023438,33.17042541503906,0.0,0.0,2663660.25,20.00048065185547,20.00048065185547,99.74502563476562,99.74502563476562,63858.12890625,63858.12890625,1.0643022060394287,1.0643022060394287,0.10013749450445175,0.10013749450445175,9.231953620910645,9.231953620910645,38627.421875,38627.421875,9.232576370239258,103.56841278076172,106.89643859863281,2647973.5,20.00048065185547,20.00048065185547,165.20458984375,165.20458984375,115.0204086303711,115.0204086303711,481256.9375,481256.9375,0.0,77.16264343261719,77.16264343261719,154.32627868652344,157022.65625,157022.65625,1.046817660331726,1.046817660331726,166.03114318847656,115.0204086303711,0.0,0.0,0.0,140.45298767089844,140.45298767089844,280.9059753417969,0.0,0.0,0.0,0.0,0.0,140.45298767089844,140.45298767089844,0.026315800845623016,0.0,0.20000000298023224,0.0,0.0,0.0,0.0,0.0,0.0,0.9599996209144592,1.0,1.0,1.0,0.9999998211860657,0.9999998211860657,0.9999998211860657,190818.484375,193225.828125,0.0,14.750001907348633,0.0,14.750001907348633,7.25,12.0,10.25,296.3810119628906,297.7510070800781,29.5,-204601.890625,7858661.0,12224996.0,0.0,0.0,0.0,0.015114381909370422,0.015114381909370422,0.015114381909370422,1.0,236183.546875,0.9959999918937683,0.9959999918937683,0.9959999918937683,0.9959999918937683,0.0,3862309.25,4209412.0,499196.53125,2606300.0,3810526.25,0.004195339512079954,0.008400678634643555,522.3336181640625,7.25,12.0,10.25,0.0,0.0,0.0,0.0,0.0,0.0,120.62893676757812,522.3462524414062,239.12716674804688,239.12716674804688,239.12716674804688,39.36037063598633,39.36037063598633,39.36037063598633,3.003117561340332,0.0,0.747800350189209,3.0028696060180664,5.0,0.0040000081062316895,0.0040000081062316895,0.0040000081062316895,0.0040000081062316895,0.0,-0.4368000030517578,0.0,600623.5,163.9001922607422,163.9001922607422,0.0,20.0,2787271.25,7.25,12.0,10.25,20.0,20.0,20.0,0.0,0.0,0.7926306128501892,0.9211652278900146,10000.0,10000.0,0.011826000176370144,1038.5,0.027953999117016792,0.0,0.0,1.0878000259399414,1.0809999704360962,9.000000136438757e-05,103.0,33.220001220703125,1.8179999589920044,0.029999999329447746,49.0,8.329999923706055,4.159999847412109,58.0,302.0,4.5,0.699999988079071,0.4000000059604645,7.5,1.3799999952316284,2.492000102996826,7000.0,48.88999938964844,1.2000000476837158,45.0,62000.0,4590000.0,4250000.0,15900000.0,15100000.0,0.05000000074505806,0.17000000178813934,0.009999999776482582,15220000.0,1.6699999570846558,312.7799987792969,1.1100000143051147,4232.0,0.25,689000.0,4030000.0,9.829999923706055,8.550000190734863,12200000.0,231.10000610351562,88.3239974975586,633.0,1.1430000066757202,0.6858000159263611,-10.0,-3.7799999713897705,0.7799999713897705,295.5,4030000.0,12400000.0,0.9200000166893005,5.0,1,0,1,228,0,0,0,0,0,1,1,1,1,1,0,1,1,1,0,0,0,0,1,1,0,0,0,1,0,0,0,0,0,0,0,0,1,0,1,8,0,0,1,0,0.012733841314911842,5568610.0,1.0877995491027832,0.0,1.245175838470459,282.4559020996094,0.0,-0.0008982574800029397,1,1,1,0,0,0,1,1,0,0,0,0,0,519,0.20000000298023224,0.20000000298023224,0.20000000298023224,0.0,2,0,0,0,0,0,0,0,0,0,0,0,0,0,0,0,0,0,0,0,0,0,0,0,0,0,0,0,0,0,0,0,0,0,0,0,0,0,0,0,0,0,0,0,0,0,0,0,0,0,0,1,0,0,0,0,0,0,0,0,0,0,0,0,0,0,0,0,0,0,0,0,0,0,0,0,0,0,0,0,0,0,0,0,0,0,0,0,0,0,0,0,0,0,0,0,0,0,0,0,0,0,0,0,0,0,0,0,0,0,0,0,0,0,0,0,0,0,0,0,0,0,0,0,0,0,0,0,0,0,0,0,0,0,0,0,0,0,0,0,0,0,0,1,0,0,0,0,0,0,0,0,0,0,0,-1,0,0,0,0,0,0,1,1,0,0,1.2733840942382812,-5.23940372467041,0.0,-0.5437538027763367,-1.6815581571897805e-44,291.70001220703125,282.4559020996094,299.58685302734375,-0.038148004561662674,99.211181640625,2671.135986328125,1.0877995491027832,1.245175838470459,-1.0,9.244110107421875,6.827850029367255e-06,0.040993351489305496,100.0,27.0,0.0,7.799991607666016,3.9999985694885254,1.0,1.0,39.94477844238281,0.26627928018569946,20.0,5.3242725698510185e-05,0.0,73.97314453125,1.7323341369628906,1.8179994821548462,0.00036938843550160527,0.6817498207092285,0.5443286299705505,13.91600513458252,8.918671607971191,0.0,0.0,0.0,20.000003814697266,44.898040771484375,270.370361328125,20.0,0.9319463968276978,284.7298583984375,40.007659912109375,0.29459047317504883,278.55877685546875,278.8087158203125,278.57037353515625,285.784912109375,287.225830078125,285.78668212890625,100.0,4.020583629608154,22.0,101.43144226074219,282.1718444824219,283.01727294921875,282.17852783203125,340.31964111328125,26.020584106445312,23.00076675415039,101.43144226074219,0.0,0.0,0.0,0.0,74.11909484863281,74.13761901855469,74.00198364257812,56.82443618774414,56.837684631347656,56.822654724121094,23.675167083740234,23.911231994628906,23.506460189819336,99.5011978149414,97.37096405029297,99.34102630615234,36.89999771118164,43.19999694824219,26.099998474121094,260.3242492675781,271.8905334472656,258.75152587890625,29.0,0.0,48.0,0.0,0.0,0.0,0.0,0.0,0.0,41.0,78.36749267578125,56.521644592285156,166.03114318847656,29.9687557220459,9.999999974752427e-07,5.093851566314697,0.0,103.56841278076172,0.0,721.2243041992188,42.860687255859375,21.042160034179688,0.0,9.471273422241211,77.82337188720703,1.0,0.9716920852661133,20.0,0.0,60.0,120.0,0.0,120.0,0.0,0.0,0.0,0.0,18.126142501831055,89.18671417236328,2.0,200.0,0,0,0,0,0,0,0,0,0,0,0,0,99999,99999,26,403,1800,180,1800,0,0,-7,1,23,0,0,0,806,1424,29,31,32,0,1,0,1,0,1,0,0,1,0,0,0,0,0,1,0,0,0,0,1,0,0,0,1,0,0,0,1,0,0,0,0,0,0,0,0,0,0,0,0,1,0,1,0,0,1,1,0,0,1,1,0,1,0,1,0,1,1,0,0,0,1,0,0,0,0,0,0,0,1,1,0,1,0,0,0,0,0,0,0,0,1,0,0,0,1,0,0,0,0,0,0,1,0,0,1,0,1,0,0,1,0,0,1,0,0,1,0,0,0,1,0,1,1,1,0,0,1,0,0,0,0,0,1,1,1,0,0,0,0,0,0,0,1,0,1,0,1,0,1,0,1,0,0,0,0,0,0,0,0,1,1,1,1,0,1,0,1,1,1,1,1,1,1,0,0,0,0,0,0,1,0,1,1,1,1,1,1,1,1,1,1,1,0,0,0,1,1,0,0,1,1,0,1,1,0,0,1,1,1,0,0,0,0,1,1,1,1,0,1,1,1,1,0,0,1,1,0,1,0,1,1,0,1,1,1,1,1,1,1,1,0,1,0,0,0,0,0,0,0,0,0,0,1,0,0,1,0,0,0,0,0,1,0,0,1,0,0,0,0,0,0,0,0,0,0,0,0,0,0,0,0,0,0,0,0,0,0,0,0,0,1,0,0,0,0,1,0,0,0,1,0,0,0,0,0,0,0,0,0,0,0,0,0,0,0,0,0,0,1,0,0,0,0,0,0,0,0,0,0,0,0,0,0,0,0,1,0,0,0,0,0,0,0,0,0,0,0,0,0,0,0,0,0,0,0,0,0,0,0,0,0,0,0,0,0,0,0,0,0,0,0,0,0,0,0,0,0,0,0,0,0,0,0,0,0,0,0,0,0,0,0,0,0,0,0,0,0,0,0,0,1,0,1,0,0,0,0,0,1,0,0,0,0,0,0,0,0,0,0,0,0,0,0,0,1,0,0,0,0,0,0,0,0,0,0,0,0,0,0,1,0,0,0,0,0,0,0,0,0,0,1,0,0,0,0,0,0,0,0,0,0,0,0,0,0,0,0,0,0,0,0,0,0,0,0,0,0,0,1,0,0,0,0,0,0,1,1,1,0,0,0,0,0,0,-1,0,0,0,0,0,0,0,0,-1,0,0,-1,0,0,0,0,0,0,0,0,0,0,0,0,0,0,0,0,0,0,1,0,0,0,0,0,0,0,0,0,0,0,0,0,0,0,0,1,1,0,-1,-1,-1,1,1,1,0,0,0,0,1,0,0,1,1,0,0,0,0,1,0,0,0,0,0,0,0,0,0,0,0,0,0,0,0,0,0,0,0,0,0,0,0,0,0,0,0,0,0,1,1,0,1,0,1,1,0,1,0,1,1,0,1,0,0,1,0,0,0,0,0,0,0,0,0,0,0,0,0,0,0,0,0,0,0,0,0,0,0,0,0,0
0,1,1,300,228,8,8,228,114,25,1,0,0.0020000000949949026,4000.0,1.0,0.04500000178813934,25.0,48.0,8.0,291.70001220703125,1.7000000476837158,-3.179999907843012e-07,0.007360000163316727,0.008080000057816505,8.0,0.33000001311302185,0.0333000011742115,1.0,9.999999747378752e-06,21.0,9.999999747378752e-06,2775000064.0,9.000000136438757e-05,4.999999980020986e-13,5.0,40.0,3.0,-3.3499999046325684,3.3499999046325684,0.5,0.0004799999878741801,292.3927001953125,492.6077880859375,-0.0036125299520790577,0.002354159951210022,0.0008944629807956517,0.013157900422811508,0.800646185874939,0.02024419978260994,2650129920.0,0.006539999973028898,0,0,0,0,0,0,0,0,0,0,0,0,0,0,0,0,0,0,0,0,0,0,0,0,0,0,0,0,0,0,0,0,0,0,0,0,0,0,0,0,0,0,0,0,0,0,0,0,0,0,0,0,0,1,4,4,0,0,0,0,0,0,0,0,2,0,0.00040265245479531586,279.8494567871094,292.31402587890625,294.1268615722656,296.0021057128906,297.8327941894531,300.93243408203125,302.03619384765625,302.8607482910156,303.2943115234375,303.38067626953125,303.1644287109375,302.70458984375,302.0687561035156,301.33746337890625,300.5911865234375,299.99993896484375,299.43780517578125,298.8372802734375,298.140625,297.3226623535156,296.37554931640625,295.33087158203125,294.22894287109375,293.1102294921875,292.01507568359375,0.034121155738830566,0.024560637772083282,0.7713457942008972,-0.038074884563684464,0.7570093274116516,0.7768149971961975,1371.517578125,4.59026210819502e-07,0.13962934911251068,0.00925093237310648,0.012252798303961754,0.01241020206362009,0.020580876618623734,1.0,-1.6815581571897805e-44,-5.256220817565918,0.0,99.20945739746094,2671.288330078125,0.9454979300498962,298.90283203125,0.0,0.0,0.0,12.399992942810059,0.0,291.70001220703125,280673.21875,-0.5434502959251404,6.192002773284912,130.28829956054688,10.0,7750000.0,8160000.0,86.12000274658203,119.0999984741211,0.5,9.999999747378752e-05,0.0,3.299999952316284,200.0,0.30000001192092896,309.20001220703125,2.439019908706541e-06,0,0,0,1,1,1,0,24,0,281.8565979003906,0.0,0.0,0.0,0.0,0.0,0.0,1.0697071552276611,0.866653561592102,0.5323070287704468,0.2687000632286072,0.08402074873447418,0.08089304715394974,0.23129993677139282,0.23508186638355255,0.2330276519060135,1.0,25.0,24.0,5535604.5,5537068.5,5535778.5,278.01617431640625,278.25164794921875,278.004150390625,285.1494445800781,286.5703430175781,285.1477355957031,4400000.0,281.58282470703125,282.4110107421875,281.575927734375,7.133270263671875,8.318695068359375,7.143585205078125,284.1076965332031,4571.04541015625,4481.88916015625,4578.39599609375,10.595069885253906,10.611839294433594,10.612433433532715,27.097198486328125,0.0,0.0,0.0020000000949949026,278.0906677246094,285.6225280761719,-98.80592346191406,0.7476274967193604,0.7596359252929688,0.753288745880127,258.3660583496094,39.0,40.0,42.0,41.0,0.0,0.0,5524710.5,5495178.0,54.79372024536133,5.0,0.014999999664723873,-180000.0,600.0,1000000.0,400000.0,0.17000000178813934,22000.0,786000.0,120000.0,0.0,40.0,30.0,36.810001373291016,0.5,18.399999618530273,50000.0,115692.3984375,15.113750457763672,0,0,1,0,0,0,0,9879599.0,0.0,0.0,0.0,0.0,0.0,-5505446.0,400000.0,1000000.0,1.0,1400000.0,0.0,0.2569766044616699,9894554.0,126869.6328125,9879599.0,340.3192138671875,40.007659912109375,2.559128999710083,-5505446.0,0.0,0.0,0.0,2.2784335613250732,40.007659912109375,0.0,22230.939453125,1.2010046243667603,0.0,0.0,0.0,20.0,14.711517333984375,22.0,0.0,0.0,0.0,0.05000000074505806,0.02500000037252903,0.17000000178813934,15400000.0,0.5,6.25,0.0006667000125162303,2.0,2410000.0,4140000.0,4.734799861907959,0.15000000596046448,0.20000000298023224,0.2199999988079071,1.0,0.0,-1.0,0.0,5.0,20.0,30.0,50.0,74.0,80.0,86.0,9.800000190734863,500000.0,1.0499999802959792e-07,0.5,750.0,1000.0,600.0,1000.0,1150.0,32.0,32.0,37.400001525878906,10.0,10.0,0.007000000216066837,0.5049999952316284,82.0,189.26499938964844,0.0,1.5099999904632568,231.60000610351562,20.0,36.0,16.600000381469727,16.5,225.0,-0.1756729930639267,27.5,-0.1756729930639267,30.485509872436523,0.1561516970396042,11.10221004486084,-1.8332500457763672,-75.0,4.3520002365112305,13.857000350952148,189.26499938964844,93.30000305175781,2650000.0,0.8500000238418579,7.570000171661377,1,1,1,0,0,0,0,0,0,0,0,1,3,3,0,0,1,0,0,0,0,1,0,1,1,0,0,0,1,1,1,0,0,0,0,0,0,0,0,1,0,0,0,1,0,0,1,0,0,1,12.05141544342041,29051.265625,2153.312255859375,0.00041483284439891577,0.0004361289902590215,0.0006248649442568421,0.0,0.0,0.0,0.0,0.0,0.0,0.549608051776886,1.0,0.0,0.0,1.0,1.0,0.0,0.0,1.0,1.0,0.0,1.0,0.0,0.0,1.0,0.0,0.0,0.3042815029621124,0.3882526755332947,0.0006248649442568421,0.0,0.0006234218017198145,0.0,99998.78125,99999.0,1341881.375,2410000.0,36.20000076293945,36.20000076293945,36.20000076293945,32.393089294433594,269.9539794921875,20.0,20.000003814697266,24.02347183227539,27.0,27.0,25.813905715942383,27.0,31.926095962524414,32.0,20.0,68.57752227783203,3446046.75,0.5443286299705505,7.559999942779541,0.0,8.918671607971191,0.0,0.0,43.19874954223633,1.401298464324817e-45,0.0,0.0,0.5049998760223389,0.5049998760223389,0.5049998760223389,0.18937495350837708,0.18937495350837708,0.18937495350837708,0.0,14.399568557739258,14.399568557739258,14.399568557739258,0.0,0.0,9.074999809265137,0.0,0.0,0.0,0.0,0.0,0.0,100.0,73.97314453125,0.2199999988079071,0.0,20.0,43.19874954223633,0.0,0.0,0.0,0.0,0.0,0.007000000216066837,0.0,0.0,9.074999809265137,0.0,1.7323341369628906,0.0,0.946874737739563,0.0,0.0,0.0,0.0,0.0,0.0,20.0,0.0,0.0,9582436.0,0.0,0.0,0.0,0.0,0.0,0.0,0.0,0.351500004529953,18.93000030517578,23.030000686645508,7.69199959904654e-06,0.08500000089406967,0.009999999776482582,24.0,27.0,8.800000190734863,500000.0,0.05000000074505806,2.7000000013543968e-09,2.7000000013543968e-09,145100.0,120000.0,14650000.0,86400.0,17.0,34.5,48.70000076293945,321.8999938964844,83170.0,0.0,1.0,1.0,0.0010000000474974513,725.0,0.0,0.5,0.0,0.0,57.31999969482422,837142.875,9359.77734375,117376.1015625,2623.89794921875,83026.390625,725.0,1.0204100362898316e-05,740000000.0,1,0,1,0,1,1,0,0,1,0,0,8.799991607666016,27.0,5362.34375,0.0,0.0,0.0,0.0,2.1546826362609863,0.0004017898754682392,0.0,0.04124714434146881,39.94915008544922,1.0,26096.78125,10059.2138671875,5.357242116588168e-05,146472352.0,822484608.0,887654208.0,2176520448.0,-10.751422882080078,-752.3523559570312,-658563904.0,-1354035712.0,44.14558410644531,28.474903106689453,54.89700698852539,780.8272705078125,106381.3984375,4238.59130859375,147825.09375,167786.4375,124096.78125,74.60000610351562,39.94915008544922,39.94915008544922,1.0,5.357242116588168e-05,10059.2138671875,822177300480.0,0.20267240703105927,137600.0,137600.0,67618408.0,54.89700698852539,6705.7529296875,1.0,0.0,1700.0,250000.0,10000.0,1038.0,0.004999999888241291,400.0,5000.0,0,0,0,0,2959622.5,48.514644622802734,48.514644622802734,1216415.25,2787491.75,0.0,0.0,101653.296875,0.16634519398212433,5506079.5,0.0,0.0,1.0,1.0,0.16634519398212433,275.3855285644531,99.44923400878906,0.0,5957889.0,411763.28125,99.44923400878906,1.0,1.0,1.0,0.0,476.0340270996094,0.0,475.0878601074219,1.0,0.0,7680000.0,256.9293518066406,269.845703125,258.4534912109375,0.9934083223342896,2787491.75,315.0481262207031,97.02928924560547,1.9934083223342896,0.0,269.837646484375,1.0,0.0,-7.5742998123168945,0.0,0.0,9.999999974752427e-07,0.0,2.0,0.0003000000142492354,0.004999999888241291,0.0010000000474974513,2.0000000233721948e-07,2.0000000233721948e-07,0.0005555999814532697,993000000.0,1.0,0.05000000074505806,0.10000000149011612,0.0005000000237487257,0.0016700000269338489,0.009999999776482582,1.0,1.0,0.0010000000474974513,4.999999873689376e-05,0.00039999998989515007,0.019999999552965164,0.9891999959945679,0.9891999959945679,0.9950000047683716,0.9950000047683716,1,0,0,0,1,1,0,0,0,0,0,0,0,0,-0.0074569773860275745,-7404778.5,5000.02099609375,101653.296875,0.0,2546223.0,0.0,1.0,2569281.25,0.0,0.0,60.0,180.0,1800.0,1800.0,0.0,0.0,0.0,0.0,-0.012236599810421467,0.0,0.0,0.0,0.0,0.0,0.0,0.0,0.0,0.0,0.0,0.0,6.602997746085748e-05,0.0,7.006492321624085e-44,1,1,0,1,1,1,1,1,1,1,1,0,1,0,1,1,1,1,0,1,0,1000,19,0,1,5001,99,0.0,0.0,120.0,120.0,0.0,0.0,0.4000000059604645,0.10000000149011612,0.10000000149011612,2.0,500.0,200.0,0.9900000095367432,300000.0,5000.0,45000.0,20000.0,0.019999999552965164,2.0,0.05000000074505806,0.019999999552965164,6.0,0.05000000074505806,0.019999999552965164,0.019999999552965164,88.30000305175781,0.10000000149011612,0.800000011920929,0.05000000074505806,0.009999999776482582,50.0,50.0,340.0,340.0,1000000.0,1,0,0,0,1,1,1,1,1,1,0,0,0,1,1,0,1.0,0.0,0.0,0.0,30.168087005615234,0.0,0.0,0.0,0.9145984053611755,0.9145984053611755,0.9145984053611755,5000.0205078125,4203826.5,4208826.5,50.0,27.613689422607422,0.4000000059604645,0.0,0.0,0.10000000149011612,0.14338748157024384,0.4925430119037628,22164.435546875,20.0,29.202341079711914,778330.875,21.006885528564453,2774.8984375,721.2243041992188,0.7783308625221252,0.9107974171638489,9.471233367919922,1.0,3220219.5,3303735.0,9.716867446899414,20.0,0.2776201367378235,27.762014389038086,0.0,636.4223022460938,985.6690063476562,100000.0,50000.0,1115.300048828125,50000.0,700.0,2000.0,2800000.0,3500000.0,4000000.0,9.999999747378752e-05,4.999999873689376e-05,500.0,20000.0,100.0,500.0,60000.0,1200.0,1.0,120.0,150000.0,3000.0,300.0,1.0,300.0,0.019999999552965164,0.019999999552965164,0.009999999776482582,0.009999999776482582,0.009999999776482582,0.019999999552965164,1.100000023841858,0.019999999552965164,4.0,0.019999999552965164,88.0,1613.0,0.009999999776482582,0.20000000298023224,3.0,5.0,600.0,0.0010000000474974513,88.0,88.0,2000.0,2340.0,-0.11599799990653992,-0.03561130166053772,-0.04758000001311302,-0.01752999983727932,1,0,1,0,0,1,1,253.49322509765625,253.49322509765625,1.0180511474609375,1.0180511474609375,0.0009412058279849589,21.006885528564453,163.8861846923828,115.26889038085938,554.4819946289062,57.403907775878906,57.403907775878906,0.23053741455078125,0.23053741455078125,134.56703186035156,29.347068786621094,0.0,0.0,2663660.25,20.00048065185547,20.00048065185547,99.54418182373047,99.54418182373047,63812.0703125,63812.0703125,1.0635344982147217,1.0635344982147217,0.08317259699106216,0.08317259699106216,7.739514350891113,7.739514350891113,32382.904296875,32382.904296875,7.740118026733398,103.0516586303711,106.1098403930664,2648082.5,20.00048065185547,20.00048065185547,165.1914825439453,165.1914825439453,113.81275939941406,113.81275939941406,476204.0,476204.0,0.0,76.24139404296875,76.24139404296875,152.48373413085938,156967.78125,156967.78125,1.0464519262313843,1.0464519262313843,165.86561584472656,113.81275939941406,0.0,0.0,0.0,139.35577392578125,139.35577392578125,278.7115478515625,0.0,0.0,0.0,0.0,0.0,139.35577392578125,139.35577392578125,0.026315800845623016,0.0,0.20000000298023224,0.0,0.0,0.0,0.0,0.0,0.0,0.9599996209144592,1.0,1.0,1.0,0.9999998211860657,0.9999998211860657,0.9999998211860657,190818.09375,193225.296875,0.0,14.750001907348633,0.0,14.750001907348633,7.25,12.0,10.25,296.3810119628906,297.7510070800781,29.5,-215991.953125,7884151.0,12224996.0,0.0,0.0,0.0,0.013372236862778664,0.013372236862778664,0.013372236862778664,1.0,229564.9375,0.9959999918937683,0.9959999918937683,0.9959999918937683,0.9959999918937683,0.0,3882523.25,4209027.5,475602.96875,2606300.0,3827459.5,0.004203826189041138,0.008417652919888496,509.0225524902344,7.25,12.0,10.25,0.0,0.0,0.0,0.0,0.0,0.0,115.26982879638672,509.0351867675781,234.2616424560547,234.2616424560547,234.2616424560547,34.82353210449219,34.82353210449219,34.82353210449219,3.003864049911499,0.0,0.7498199939727783,3.003614664077759,5.0,0.0040000081062316895,0.0040000081062316895,0.0040000081062316895,0.0040000081062316895,0.0,-0.4368000030517578,0.0,600772.8125,163.8861846923828,163.8861846923828,0.0,20.0,2787388.75,7.25,12.0,10.25,20.0,20.0,20.0,0.0,0.0,0.7926306128501892,0.9211652278900146,10000.0,10000.0,0.011826000176370144,1038.5,0.027953999117016792,0.0,0.0,1.0878000259399414,1.0809999704360962,9.000000136438757e-05,103.0,33.220001220703125,1.8179999589920044,0.029999999329447746,49.0,8.329999923706055,4.159999847412109,58.0,302.0,4.5,0.699999988079071,0.4000000059604645,7.5,1.3799999952316284,2.492000102996826,7000.0,48.88999938964844,1.2000000476837158,45.0,62000.0,4590000.0,4250000.0,15900000.0,15100000.0,0.05000000074505806,0.17000000178813934,0.009999999776482582,15220000.0,1.6699999570846558,312.7799987792969,1.1100000143051147,4232.0,0.25,689000.0,4030000.0,9.829999923706055,8.550000190734863,12200000.0,231.10000610351562,88.3239974975586,633.0,1.1430000066757202,0.6858000159263611,-10.0,-3.7799999713897705,0.7799999713897705,295.5,4030000.0,12400000.0,0.9200000166893005,5.0,1,0,1,228,0,0,0,0,0,1,1,1,1,1,0,1,1,1,0,0,0,0,1,1,0,0,0,1,0,0,0,0,0,0,0,0,1,0,1,8,0,0,1,0,0.012252798303961754,5535604.5,1.0877995491027832,0.0,1.2522575855255127,282.0055236816406,0.0,-0.0008500932017341256,1,1,1,0,0,0,1,1,0,0,0,0,0,522,0.20000000298023224,0.20000000298023224,0.20000000298023224,0.0,2,0,0,0,0,0,0,0,0,0,0,0,0,0,0,0,0,0,0,0,0,0,0,0,0,0,0,0,0,0,0,0,0,0,0,0,0,0,0,0,0,0,0,0,0,0,0,0,0,0,0,1,0,0,0,0,0,0,0,0,0,0,0,0,0,0,0,0,0,0,0,0,0,0,0,0,0,0,0,0,0,0,0,0,0,0,0,0,0,0,0,0,0,0,0,0,0,0,0,0,0,0,0,0,0,0,0,0,0,0,0,0,0,0,0,0,0,0,0,0,0,0,0,0,0,0,0,0,0,0,0,0,0,0,0,0,0,0,0,0,0,0,0,1,0,0,0,0,0,0,0,0,0,0,0,-1,0,0,0,0,0,0,1,1,0,0,1.2252798080444336,-5.256220817565918,0.0,-0.5434502959251404,-1.6815581571897805e-44,291.70001220703125,282.0055236816406,298.90283203125,-0.038074884563684464,99.20945739746094,2671.288330078125,1.0877995491027832,1.2522575855255127,-1.0,9.694488525390625,6.827850029367255e-06,0.04124714434146881,100.0,27.0,0.0,7.799991607666016,4.002563953399658,1.0,1.0,39.94915008544922,0.2662941813468933,20.0,5.357242116588168e-05,0.0,73.97314453125,1.7323341369628906,1.8179994821548462,0.00036938843550160527,0.6817498207092285,0.5443286299705505,13.692691802978516,8.918671607971191,0.0,0.0,0.0,20.000003814697266,44.898040771484375,269.9539794921875,20.0,0.9313326478004456,284.2623596191406,40.007659912109375,0.29459047317504883,278.1422119140625,278.39019775390625,278.15399169921875,285.3059387207031,286.7330627441406,285.3077697753906,100.0,3.697660446166992,22.0,100.96501922607422,281.72406005859375,282.5616455078125,281.73089599609375,340.31939697265625,25.697660446166992,22.837963104248047,100.96501922607422,0.0,0.0,0.0,0.0,73.87911224365234,73.880615234375,73.7593002319336,56.487640380859375,56.50080108642578,56.485862731933594,23.302764892578125,23.50818634033203,23.129993438720703,99.52629089355469,97.41968536376953,99.36636352539062,36.89999771118164,43.19999694824219,26.099998474121094,258.9255065917969,270.3427429199219,257.372314453125,29.0,0.0,48.0,0.0,0.0,0.0,0.0,0.0,0.0,41.0,78.36749267578125,56.18458938598633,165.86561584472656,29.789363861083984,9.999999974752427e-07,4.853100299835205,0.0,103.0516586303711,0.0,721.2243041992188,42.947288513183594,21.006885528564453,0.0,9.471233367919922,77.83308410644531,1.0,0.9716867208480835,20.0,0.0,60.0,120.0,0.0,120.0,0.0,0.0,0.0,0.0,18.126142501831055,89.18671417236328,2.0,200.0,0,0,0,0,0,0,0,0,0,0,0,0,99999,99999,27,403,1800,180,1800,0,0,-7,1,23,0,0,0,806,1424,29,31,32,0,1,0,1,0,1,0,0,1,0,0,0,0,0,1,0,0,0,0,1,0,0,0,1,0,0,0,1,0,0,0,0,0,0,0,0,0,0,0,0,1,0,1,0,0,1,1,0,0,1,1,0,1,0,1,0,1,1,0,0,0,1,0,0,0,0,0,0,0,1,1,0,1,0,0,0,0,0,0,0,0,1,0,0,0,1,0,0,0,0,0,0,1,0,0,1,0,1,0,0,1,0,0,1,0,0,1,0,0,0,1,0,1,1,1,0,0,1,0,0,0,0,0,1,1,1,0,0,0,0,0,0,0,1,0,1,0,1,0,1,0,1,0,0,0,0,0,0,0,0,1,1,1,1,0,1,0,1,1,1,1,1,1,1,0,0,0,0,0,0,1,0,1,1,1,1,1,1,1,1,1,1,1,0,0,0,1,1,0,0,1,1,0,1,1,0,0,1,1,1,0,0,0,0,1,1,1,1,0,1,1,1,1,0,0,1,1,0,1,0,1,1,0,1,1,1,1,1,1,1,1,0,1,0,0,0,0,0,0,0,0,0,0,1,0,0,1,0,0,0,0,0,0,0,0,0,0,0,0,0,0,0,0,0,0,0,0,0,0,0,0,0,0,0,0,0,0,0,0,0,0,0,0,0,0,0,0,0,0,0,0,0,0,0,0,0,0,0,0,0,0,0,0,0,0,0,0,0,0,0,0,0,0,0,0,0,0,0,0,0,0,0,0,0,0,0,0,0,0,0,0,0,0,0,0,0,0,0,0,0,0,0,0,0,0,0,0,0,0,0,0,0,0,0,0,0,0,0,0,0,0,0,0,0,0,0,0,0,0,0,0,0,0,0,0,0,0,0,0,0,0,0,0,0,0,0,0,0,0,0,0,1,0,1,0,0,0,0,0,1,0,0,0,0,0,0,0,0,0,0,0,0,0,0,0,1,0,0,0,0,0,0,0,0,0,0,0,0,0,0,1,0,0,0,0,0,0,0,0,0,0,1,0,0,0,0,0,0,0,0,0,0,0,0,0,0,0,0,0,0,0,0,0,0,0,0,0,0,0,1,0,0,0,0,0,0,1,1,1,0,0,0,0,0,0,-1,0,0,0,0,0,0,0,0,-1,0,0,-1,0,0,0,0,0,0,0,0,0,0,0,0,0,0,0,0,0,0,1,0,0,0,0,0,0,0,0,0,0,0,0,0,0,0,0,1,1,0,-1,-1,-1,1,1,1,0,0,0,0,1,0,0,1,1,0,0,0,0,1,0,0,0,0,0,0,0,0,0,0,0,0,0,0,0,0,0,0,0,0,0,0,0,0,0,0,0,0,0,1,1,0,1,0,1,1,0,1,0,1,1,0,1,0,0,1,0,0,0,0,0,0,0,0,0,0,0,0,0,0,0,0,0,0,0,0,0,0,0,0,0,0
0,1,1,300,228,8,8,228,114,25,1,0,0.0020000000949949026,4000.0,1.0,0.04500000178813934,25.0,48.0,8.0,291.70001220703125,1.7000000476837158,-3.179999907843012e-07,0.007360000163316727,0.008080000057816505,8.0,0.33000001311302185,0.0333000011742115,1.0,9.999999747378752e-06,21.0,9.999999747378752e-06,2775000064.0,9.000000136438757e-05,4.999999980020986e-13,5.0,40.0,3.0,-3.3499999046325684,3.3499999046325684,0.5,0.0004799999878741801,292.3927001953125,492.6077880859375,-0.0036125299520790577,0.002354159951210022,0.0008944629807956517,0.013157900422811508,0.800646185874939,0.02024419978260994,2650129920.0,0.006539999973028898,0,0,0,0,0,0,0,0,0,0,0,0,0,0,0,0,0,0,0,0,0,0,0,0,0,0,0,0,0,0,0,0,0,0,0,0,0,0,0,0,0,0,0,0,0,0,0,0,0,0,0,0,0,1,4,4,0,0,0,0,0,0,0,0,2,0,0.00040276572690345347,279.4278564453125,291.6899719238281,293.4741516113281,295.3194885253906,297.12115478515625,300.1744079589844,301.2641296386719,302.0802917480469,302.5137939453125,302.607666015625,302.4059753417969,301.9678039550781,301.3573303222656,300.6526184082031,299.9318542480469,299.3665466308594,298.82672119140625,298.2443542480469,297.5615234375,296.7535400390625,295.8127746582031,294.771728515625,293.6718444824219,292.5546875,291.4617614746094,0.03455468639731407,0.024185633286833763,0.7713325619697571,-0.03800271078944206,0.7570411562919617,0.7735574245452881,1322.6497802734375,4.4264589860176784e-07,0.13694673776626587,0.008927310816943645,0.011797566898167133,0.011946536600589752,0.020636407658457756,1.0,-1.6815581571897805e-44,-5.2727580070495605,0.0,99.20775604248047,2671.4404296875,0.9455376863479614,298.234130859375,0.0,0.0,0.0,12.999992370605469,0.0,291.70001220703125,280673.78125,-0.5431463718414307,6.187919616699219,130.28829956054688,10.0,7750000.0,8160000.0,86.12000274658203,119.0999984741211,0.5,9.999999747378752e-05,0.0,3.299999952316284,200.0,0.30000001192092896,309.20001220703125,2.439019908706541e-06,0,0,0,1,1,1,0,24,0,281.4130554199219,0.0,0.0,0.0,0.0,0.0,0.0,1.0777220726013184,0.866631031036377,0.5327410101890564,0.2724905014038086,0.08670587837696075,0.08354245126247406,0.2275094836950302,0.2310323864221573,0.22927998006343842,1.0,25.0,24.0,5503080.0,5504533.0,5503252.5,277.60498046875,277.83831787109375,277.5927734375,284.67864990234375,286.08660888671875,284.67694091796875,4400000.0,281.1418151855469,281.96246337890625,281.1348571777344,7.07366943359375,8.248291015625,7.08416748046875,283.6470947265625,4572.142578125,4484.181640625,4579.48779296875,10.559946060180664,10.574725151062012,10.577715873718262,27.2275390625,0.0,0.0,0.0020000000949949026,277.6786804199219,285.14739990234375,-97.17461395263672,0.7352843284606934,0.7464574575424194,0.741085410118103,257.3101806640625,39.0,40.0,42.0,41.0,0.0,0.0,5492342.0,5462787.5,54.657474517822266,5.0,0.014999999664723873,-180000.0,600.0,1000000.0,400000.0,0.17000000178813934,22000.0,786000.0,120000.0,0.0,40.0,30.0,36.810001373291016,0.5,18.399999618530273,50000.0,115692.3984375,15.113750457763672,0,0,1,0,0,0,0,9835554.0,0.0,0.0,0.0,0.0,0.0,-5549895.0,400000.0,1000000.0,1.0,1400000.0,0.0,0.2538039982318878,9850105.0,126869.6328125,9835554.0,340.31903076171875,40.007659912109375,2.527585029602051,-5549895.0,0.0,0.0,0.0,2.2625303268432617,40.007659912109375,0.0,22230.939453125,1.2010046243667603,0.0,0.0,0.0,20.0,14.711517333984375,22.0,0.0,0.0,0.0,0.05000000074505806,0.02500000037252903,0.17000000178813934,15400000.0,0.5,6.25,0.0006667000125162303,2.0,2410000.0,4140000.0,4.734799861907959,0.15000000596046448,0.20000000298023224,0.2199999988079071,1.0,0.0,-1.0,0.0,5.0,20.0,30.0,50.0,74.0,80.0,86.0,9.800000190734863,500000.0,1.0499999802959792e-07,0.5,750.0,1000.0,600.0,1000.0,1150.0,32.0,32.0,37.400001525878906,10.0,10.0,0.007000000216066837,0.5049999952316284,82.0,189.26499938964844,0.0,1.5099999904632568,231.60000610351562,20.0,36.0,16.600000381469727,16.5,225.0,-0.1756729930639267,27.5,-0.1756729930639267,30.485509872436523,0.1561516970396042,11.10221004486084,-1.8332500457763672,-75.0,4.3520002365112305,13.857000350952148,189.26499938964844,93.30000305175781,2650000.0,0.8500000238418579,7.570000171661377,1,1,1,0,0,0,0,0,0,0,0,1,3,3,0,0,1,0,0,0,0,1,0,1,1,0,0,0,1,1,1,0,0,0,0,0,0,0,0,1,0,0,0,1,0,0,1,0,0,1,12.05141544342041,29051.265625,2153.296142578125,0.00041483284439891577,0.0004361289902590215,0.0006248649442568421,0.0,0.0,0.0,0.0,0.0,0.0,0.5487715005874634,1.0,0.0,0.0,1.0,1.0,0.0,0.0,1.0,1.0,0.0,1.0,0.0,0.0,1.0,0.0,0.0,0.29939863085746765,0.38202232122421265,0.0006248649442568421,0.0,0.0006234269239939749,0.0,99998.78125,99999.0,1320348.0,2410000.0,36.20000076293945,36.20000076293945,36.20000076293945,32.38787078857422,269.54156494140625,20.0,20.000003814697266,24.02347183227539,27.0,27.0,25.813905715942383,27.0,31.92635726928711,32.0,20.0,68.57752227783203,3446020.5,0.5443286299705505,7.559999942779541,0.0,8.918671607971191,0.0,0.0,43.352134704589844,1.401298464324817e-45,0.0,0.0,0.5049998760223389,0.5049998760223389,0.5049998760223389,0.18937495350837708,0.18937495350837708,0.18937495350837708,0.0,14.45069694519043,14.45069694519043,14.45069694519043,0.0,0.0,9.074999809265137,0.0,0.0,0.0,0.0,0.0,0.0,100.0,73.97314453125,0.2199999988079071,0.0,20.0,43.352134704589844,0.0,0.0,0.0,0.0,0.0,0.007000000216066837,0.0,0.0,9.074999809265137,0.0,1.7323341369628906,0.0,0.946874737739563,0.0,0.0,0.0,0.0,0.0,0.0,20.0,0.0,0.0,9538370.0,0.0,0.0,0.0,0.0,0.0,0.0,0.0,0.351500004529953,18.93000030517578,23.030000686645508,7.69199959904654e-06,0.08500000089406967,0.009999999776482582,24.0,27.0,8.800000190734863,500000.0,0.05000000074505806,2.7000000013543968e-09,2.7000000013543968e-09,145100.0,120000.0,14650000.0,86400.0,17.0,34.5,48.70000076293945,321.8999938964844,83170.0,0.0,1.0,1.0,0.0010000000474974513,725.0,0.0,0.5,0.0,0.0,57.31999969482422,837142.875,9359.77734375,117376.1015625,2623.89794921875,83026.390625,725.0,1.0204100362898316e-05,740000000.0,1,0,1,0,1,1,0,0,1,0,0,8.799991607666016,27.0,5395.25439453125,0.0,0.0,0.0,0.0,2.1679341793060303,0.0004017942992504686,0.0,0.04150029644370079,39.953243255615234,1.0,26098.1796875,10118.318359375,5.390127262216993e-05,145073584.0,813752064.0,878636032.0,2164214528.0,-10.459465026855469,-747.9076538085938,-651329792.0,-1350462208.0,44.29896545410156,28.474903106689453,54.75843048095703,776.382568359375,106381.3984375,4239.46142578125,147857.125,167803.625,124098.1796875,75.19999694824219,39.953243255615234,39.953243255615234,1.0,5.390127262216993e-05,10118.318359375,819429572608.0,0.20271697640419006,137600.0,137600.0,67332760.0,54.75843048095703,6707.07470703125,1.0,0.0,1700.0,250000.0,10000.0,1038.0,0.004999999888241291,400.0,5000.0,0,0,0,0,2959622.5,48.22413635253906,48.22413635253906,1216415.25,2787596.5,0.0,0.0,101232.203125,0.13816365599632263,5473531.5,0.0,0.0,1.0,1.0,0.13816365599632263,275.3855285644531,99.33537292480469,0.0,5957889.0,411279.5625,99.33537292480469,1.0,1.0,1.0,0.0,473.2093200683594,0.0,472.2769775390625,1.0,0.0,7680000.0,255.55018615722656,268.3109436035156,257.06256103515625,0.9941680431365967,2787596.5,313.3485412597656,96.44827270507812,1.9941680431365967,0.0,269.4606628417969,1.0,0.0,-7.5742998123168945,0.0,0.0,9.999999974752427e-07,0.0,2.0,0.0003000000142492354,0.004999999888241291,0.0010000000474974513,2.0000000233721948e-07,2.0000000233721948e-07,0.0005555999814532697,993000000.0,1.0,0.05000000074505806,0.10000000149011612,0.0005000000237487257,0.0016700000269338489,0.009999999776482582,1.0,1.0,0.0010000000474974513,4.999999873689376e-05,0.00039999998989515007,0.019999999552965164,0.9891999959945679,0.9891999959945679,0.9950000047683716,0.9950000047683716,1,0,0,0,1,1,0,0,0,0,0,0,0,0,-0.0074569773860275745,-7404778.5,5000.01953125,101232.203125,0.0,2546223.0,0.0,1.0,2569281.25,0.0,0.0,60.0,180.0,1800.0,1800.0,0.0,0.0,0.0,0.0,-0.012236599810421467,0.0,0.0,0.0,0.0,0.0,0.0,0.0,0.0,0.0,0.0,0.0,6.602997746085748e-05,0.0,7.006492321624085e-44,1,1,0,1,1,1,1,1,1,1,1,0,1,0,1,1,1,1,0,1,0,1000,20,0,1,5001,102,0.0,0.0,120.0,120.0,0.0,0.0,0.4000000059604645,0.10000000149011612,0.10000000149011612,2.0,500.0,200.0,0.9900000095367432,300000.0,5000.0,45000.0,20000.0,0.019999999552965164,2.0,0.05000000074505806,0.019999999552965164,6.0,0.05000000074505806,0.019999999552965164,0.019999999552965164,88.30000305175781,0.10000000149011612,0.800000011920929,0.05000000074505806,0.009999999776482582,50.0,50.0,340.0,340.0,1000000.0,1,0,0,0,1,1,1,1,1,1,0,0,0,1,1,0,1.0,0.0,0.0,0.0,30.233394622802734,0.0,0.0,0.0,0.9143660664558411,0.9143660664558411,0.9143660664558411,5000.01904296875,4212250.5,4217250.5,50.0,27.613649368286133,0.4000000059604645,0.0,0.0,0.10000000149011612,0.1425398886203766,0.4925430119037628,22164.435546875,20.0,29.202341079711914,778433.25,20.97357940673828,2769.805908203125,721.224365234375,0.7784332633018494,0.9103374481201172,9.47119426727295,1.0,3220206.0,3303717.0,9.716814041137695,20.0,0.27766671776771545,27.766672134399414,0.0,636.4223022460938,1012.3386840820312,100000.0,50000.0,1115.300048828125,50000.0,700.0,2000.0,2800000.0,3500000.0,4000000.0,9.999999747378752e-05,4.999999873689376e-05,500.0,20000.0,100.0,500.0,60000.0,1200.0,1.0,120.0,150000.0,3000.0,300.0,1.0,300.0,0.019999999552965164,0.019999999552965164,0.009999999776482582,0.009999999776482582,0.009999999776482582,0.019999999552965164,1.100000023841858,0.019999999552965164,4.0,0.019999999552965164,88.0,1613.0,0.009999999776482582,0.20000000298023224,3.0,5.0,600.0,0.0010000000474974513,88.0,88.0,2000.0,2340.0,-0.11599799990653992,-0.03561130166053772,-0.04758000001311302,-0.01752999983727932,1,0,1,0,0,1,1,246.9573516845703,246.9573516845703,0.9918060302734375,0.9918060302734375,0.0008967936737462878,20.97357940673828,163.87196350097656,110.2249984741211,540.8896484375,54.89204788208008,54.89204788208008,0.22045135498046875,0.22045135498046875,128.38821411132812,25.964406967163086,0.0,0.0,2663660.25,20.00048065185547,20.00048065185547,99.35979461669922,99.35979461669922,63766.5546875,63766.5546875,1.06277596950531,1.06277596950531,0.06908182799816132,0.06908182799816132,6.185719013214111,6.185719013214111,25881.669921875,25881.669921875,6.186305999755859,102.57283020019531,105.38081359863281,2648184.5,20.00048065185547,20.00048065185547,165.1839599609375,165.1839599609375,112.66015625,112.66015625,471381.40625,471381.40625,0.0,75.33116149902344,75.33116149902344,150.66322326660156,156913.375,156913.375,1.0460891723632812,1.0460891723632812,165.71780395507812,112.66015625,0.0,0.0,0.0,138.26751708984375,138.26751708984375,276.5350341796875,0.0,0.0,0.0,0.0,0.0,138.26751708984375,138.26751708984375,0.026315800845623016,0.0,0.20000000298023224,0.0,0.0,0.0,0.0,0.0,0.0,0.9599996209144592,1.0,1.0,1.0,0.9999998211860657,0.9999998211860657,0.9999998211860657,190817.71875,193224.78125,0.0,14.750001907348633,0.0,14.750001907348633,7.25,12.0,10.25,296.3810119628906,297.7510070800781,29.5,-226877.109375,7906987.0,12224996.0,0.0,0.0,0.0,0.011830898001790047,0.011830898001790047,0.011830898001790047,1.0,223318.421875,0.9959999918937683,0.9959999918937683,0.9959999918937683,0.9959999918937683,0.0,3902045.0,4209660.5,453396.875,2606300.0,3844318.5,0.004212250467389822,0.00843450054526329,495.8983154296875,7.25,12.0,10.25,0.0,0.0,0.0,0.0,0.0,0.0,110.22589874267578,495.91094970703125,229.38792419433594,229.38792419433594,229.38792419433594,30.80963134765625,30.80963134765625,30.80963134765625,3.0046145915985107,0.0,0.7522883415222168,3.004364013671875,5.0,0.0040000081062316895,0.0040000081062316895,0.0040000081062316895,0.0040000081062316895,0.0,-0.4368000030517578,0.0,600922.9375,163.87196350097656,163.87196350097656,0.0,20.0,2787498.5,7.25,12.0,10.25,20.0,20.0,20.0,0.0,0.0,0.7926306128501892,0.9211652278900146,10000.0,10000.0,0.011826000176370144,1038.5,0.027953999117016792,0.0,0.0,1.0878000259399414,1.0809999704360962,9.000000136438757e-05,103.0,33.220001220703125,1.8179999589920044,0.029999999329447746,49.0,8.329999923706055,4.159999847412109,58.0,302.0,4.5,0.699999988079071,0.4000000059604645,7.5,1.3799999952316284,2.492000102996826,7000.0,48.88999938964844,1.2000000476837158,45.0,62000.0,4590000.0,4250000.0,15900000.0,15100000.0,0.05000000074505806,0.17000000178813934,0.009999999776482582,15220000.0,1.6699999570846558,312.7799987792969,1.1100000143051147,4232.0,0.25,689000.0,4030000.0,9.829999923706055,8.550000190734863,12200000.0,231.10000610351562,88.3239974975586,633.0,1.1430000066757202,0.6858000159263611,-10.0,-3.7799999713897705,0.7799999713897705,295.5,4030000.0,12400000.0,0.9200000166893005,5.0,1,0,1,228,0,0,0,0,0,1,1,1,1,1,0,1,1,1,0,0,0,0,1,1,0,0,0,1,0,0,0,0,0,0,0,0,1,0,1,8,0,0,1,0,0.011797566898167133,5503080.0,1.0877995491027832,0.0,1.2593269348144531,281.560302734375,0.0,-0.0008045010035857558,1,1,1,0,0,0,1,1,0,0,0,0,0,525,0.20000000298023224,0.20000000298023224,0.20000000298023224,0.0,2,0,0,0,0,0,0,0,0,0,0,0,0,0,0,0,0,0,0,0,0,0,0,0,0,0,0,0,0,0,0,0,0,0,0,0,0,0,0,0,0,0,0,0,0,0,0,0,0,0,0,1,0,0,0,0,0,0,0,0,0,0,0,0,0,0,0,0,0,0,0,0,0,0,0,0,0,0,0,0,0,0,0,0,0,0,0,0,0,0,0,0,0,0,0,0,0,0,0,0,0,0,0,0,0,0,0,0,0,0,0,0,0,0,0,0,0,0,0,0,0,0,0,0,0,0,0,0,0,0,0,0,0,0,0,0,0,0,0,0,0,0,0,1,0,0,0,0,0,0,0,0,0,0,0,-1,0,0,0,0,0,0,1,1,0,0,1.1797566413879395,-5.2727580070495605,0.0,-0.5431463718414307,-1.6815581571897805e-44,291.70001220703125,281.560302734375,298.234130859375,-0.03800271078944206,99.20775604248047,2671.4404296875,1.0877995491027832,1.2593269348144531,-1.0,10.13970947265625,6.827850029367255e-06,0.04150029644370079,100.0,27.0,0.0,7.799991607666016,4.00510835647583,1.0,1.0,39.953243255615234,0.266308456659317,20.0,5.390127262216993e-05,0.0,73.97314453125,1.7323341369628906,1.8179994821548462,0.00036938843550160527,0.6817498207092285,0.5443286299705505,13.472963333129883,8.918671607971191,0.0,0.0,0.0,20.000003814697266,44.898040771484375,269.54156494140625,20.0,0.9307191967964172,283.800048828125,40.007659912109375,0.29459047317504883,277.7293701171875,277.97564697265625,277.7415771484375,284.83319091796875,286.2471923828125,284.8349609375,100.0,3.3803999423980713,22.0,100.51145935058594,281.2812805175781,282.1114196777344,281.28826904296875,340.3192138671875,25.380399703979492,22.67801284790039,100.51145935058594,0.0,0.0,0.0,0.0,73.63801574707031,73.62274169921875,73.51538848876953,56.15574264526367,56.16880798339844,56.15398025512695,22.927997589111328,23.103239059448242,22.750947952270508,99.55020904541016,97.46936798095703,99.3906478881836,36.89999771118164,43.19999694824219,26.099998474121094,257.5310363769531,268.7999572753906,255.99267578125,29.0,0.0,48.0,0.0,0.0,0.0,0.0,0.0,0.0,41.0,78.36749267578125,55.85246658325195,165.71780395507812,29.612598419189453,9.999999974752427e-07,4.62650728225708,0.0,102.57283020019531,0.0,721.224365234375,43.03324890136719,20.97357940673828,0.0,9.47119426727295,77.84332275390625,1.0,0.9716814160346985,20.0,0.0,60.0,120.0,0.0,120.0,0.0,0.0,0.0,0.0,18.126142501831055,89.18671417236328,2.0,200.0,0,0,0,0,0,0,0,0,0,0,0,0,99999,99999,27,403,1800,180,1800,0,0,-7,1,23,0,0,0,806,1424,29,31,32,0,1,0,1,0,1,0,0,1,0,0,0,0,0,1,0,0,0,0,1,0,0,0,1,0,0,0,1,0,0,0,0,0,0,0,0,0,0,0,0,1,0,1,0,0,1,1,0,0,1,1,0,1,0,1,0,1,1,0,0,1,1,0,0,1,0,1,0,0,1,1,0,1,0,0,0,0,1,0,1,0,1,0,0,0,1,0,0,0,0,0,0,1,0,0,1,0,1,0,0,1,1,0,1,0,0,1,0,0,0,1,0,1,1,1,0,0,1,0,0,0,0,0,1,1,1,0,0,0,0,0,0,0,1,0,1,0,1,0,1,0,1,0,0,0,0,0,0,0,0,1,1,1,1,0,1,0,1,1,1,1,1,1,1,0,0,0,0,0,0,1,0,1,1,1,1,1,1,1,1,1,1,1,1,0,0,1,1,0,0,1,1,0,1,1,0,0,1,1,1,0,0,0,0,1,1,1,1,0,1,1,1,1,0,0,1,1,0,1,0,1,1,0,1,1,1,1,1,1,1,1,0,1,0,0,0,0,0,0,0,0,0,0,1,0,0,1,0,0,0,0,0,1,1,1,1,0,0,0,1,0,0,0,0,0,1,0,0,1,0,0,0,0,0,0,0,0,0,0,0,0,1,0,0,0,0,1,0,0,0,1,0,0,0,0,0,0,0,0,0,1,0,0,0,0,0,0,1,0,1,0,1,1,0,0,0,0,0,1,1,0,0,0,0,0,0,1,0,1,0,0,1,0,0,0,0,1,0,0,0,0,0,0,0,0,0,0,0,0,0,0,0,0,0,0,0,0,0,0,0,0,0,0,0,0,0,0,0,0,0,0,0,0,0,0,0,0,0,0,0,0,0,0,0,0,0,0,0,0,0,0,1,0,1,0,0,0,0,0,1,0,0,0,0,0,0,0,0,0,0,0,0,0,0,0,1,0,0,0,0,0,0,0,0,0,0,0,0,0,0,1,0,0,0,0,0,0,0,0,0,0,1,0,0,0,0,0,0,0,0,0,0,0,0,0,0,0,0,0,0,0,0,0,0,0,0,0,0,0,1,0,0,0,0,0,0,1,1,1,0,0,0,0,0,0,-1,0,0,0,0,0,0,0,0,-1,0,0,-1,0,0,0,0,0,0,0,0,0,0,0,0,0,0,0,0,0,0,1,0,0,0,0,0,0,0,0,0,0,0,0,0,0,0,0,1,1,0,-1,-1,-1,1,1,1,0,0,0,0,1,0,0,1,1,0,0,0,0,1,0,0,0,0,0,0,0,0,0,0,0,0,0,0,0,0,0,0,0,0,0,0,0,0,0,0,0,0,0,1,1,0,1,0,1,1,0,1,0,1,1,0,1,0,0,1,0,0,0,0,0,0,0,0,0,0,0,0,0,0,0,0,0,0,0,0,0,0,0,0,0,0
0,1,1,300,228,8,8,228,114,25,1,0,0.0020000000949949026,4000.0,1.0,0.04500000178813934,25.0,48.0,8.0,291.70001220703125,1.7000000476837158,-3.179999907843012e-07,0.007360000163316727,0.008080000057816505,8.0,0.33000001311302185,0.0333000011742115,1.0,9.999999747378752e-06,21.0,9.999999747378752e-06,2775000064.0,9.000000136438757e-05,4.999999980020986e-13,5.0,40.0,3.0,-3.3499999046325684,3.3499999046325684,0.5,0.0004799999878741801,292.3927001953125,492.6077880859375,-0.0036125299520790577,0.002354159951210022,0.0008944629807956517,0.013157900422811508,0.800646185874939,0.02024419978260994,2650129920.0,0.006539999973028898,0,0,0,0,0,0,0,0,0,0,0,0,0,0,0,0,0,0,0,0,0,0,0,0,0,0,0,0,0,0,0,0,0,0,0,0,0,0,0,0,0,0,0,0,0,0,0,0,0,0,0,0,0,1,4,4,0,0,0,0,0,0,0,0,2,0,0.00040276572690345347,279.0099182128906,291.0783386230469,292.83526611328125,294.652099609375,296.4261474609375,299.43524169921875,300.5115661621094,301.3196716308594,301.7530212402344,301.8539733886719,301.6659851074219,301.2483215332031,300.66180419921875,299.9822998046875,299.28570556640625,298.7449035644531,298.22625732421875,297.66119384765625,296.9915771484375,296.193115234375,295.2585144042969,294.2210693359375,293.12335205078125,292.00787353515625,290.9172668457031,0.03498386591672897,0.023825768381357193,0.7713193297386169,-0.03794306889176369,0.7570729851722717,0.7703510522842407,1276.244873046875,4.2709774561444647e-07,0.13431422412395477,0.008618458174169064,0.011365949176251888,0.011507182382047176,0.020688213407993317,1.0,-1.6815581571897805e-44,-5.289031028747559,0.0,99.20603942871094,2671.5927734375,0.9455774426460266,297.57952880859375,0.0,0.0,0.0,13.599991798400879,0.0,291.70001220703125,280674.34375,-0.5428446531295776,6.183846473693848,130.28829956054688,10.0,7750000.0,8160000.0,86.12000274658203,119.0999984741211,0.5,9.999999747378752e-05,0.0,3.299999952316284,200.0,0.30000001192092896,309.20001220703125,2.439019908706541e-06,0,0,0,1,1,1,0,24,0,280.97430419921875,0.0,0.0,0.0,0.0,0.0,0.0,1.0857865810394287,0.866608202457428,0.5331810712814331,0.2763027846813202,0.08942868560552597,0.08623204380273819,0.2236972153186798,0.22696739435195923,0.2255115807056427,1.0,25.0,24.0,5471024.5,5472471.5,5471197.0,277.19769287109375,277.42913818359375,277.18511962890625,284.21331787109375,285.60894775390625,284.21160888671875,4400000.0,280.70550537109375,281.51904296875,280.6983642578125,7.015625,8.1798095703125,7.0264892578125,283.1910400390625,4573.2041015625,4486.49365234375,4580.53173828125,10.524680137634277,10.537520408630371,10.542867660522461,27.361236572265625,0.0,0.0,0.0020000000949949026,277.2706604003906,284.6779479980469,-95.62149810791016,0.7228713035583496,0.733230710029602,0.7288169860839844,256.21795654296875,39.0,40.0,42.0,41.0,0.0,0.0,5460442.0,5430866.5,54.523353576660156,5.0,0.014999999664723873,-180000.0,600.0,1000000.0,400000.0,0.17000000178813934,22000.0,786000.0,120000.0,0.0,40.0,30.0,36.810001373291016,0.5,18.399999618530273,50000.0,115692.3984375,15.113750457763672,0,0,1,0,0,0,0,9792697.0,0.0,0.0,0.0,0.0,0.0,-5593143.0,400000.0,1000000.0,1.0,1400000.0,0.0,0.250685453414917,9806857.0,126869.6328125,9792697.0,340.318603515625,40.007659912109375,2.496575355529785,-5593143.0,0.0,0.0,0.0,2.246896505355835,40.007659912109375,0.0,22230.939453125,1.2010046243667603,0.0,0.0,0.0,20.0,14.711517333984375,22.0,0.0,0.0,0.0,0.05000000074505806,0.02500000037252903,0.17000000178813934,15400000.0,0.5,6.25,0.0006667000125162303,2.0,2410000.0,4140000.0,4.734799861907959,0.15000000596046448,0.20000000298023224,0.2199999988079071,1.0,0.0,-1.0,0.0,5.0,20.0,30.0,50.0,74.0,80.0,86.0,9.800000190734863,500000.0,1.0499999802959792e-07,0.5,750.0,1000.0,600.0,1000.0,1150.0,32.0,32.0,37.400001525878906,10.0,10.0,0.007000000216066837,0.5049999952316284,82.0,189.26499938964844,0.0,1.5099999904632568,231.60000610351562,20.0,36.0,16.600000381469727,16.5,225.0,-0.1756729930639267,27.5,-0.1756729930639267,30.485509872436523,0.1561516970396042,11.10221004486084,-1.8332500457763672,-75.0,4.3520002365112305,13.857000350952148,189.26499938964844,93.30000305175781,2650000.0,0.8500000238418579,7.570000171661377,1,1,1,0,0,0,0,0,0,0,0,1,3,3,0,0,1,0,0,0,0,1,0,1,1,0,0,0,1,1,1,0,0,0,0,0,0,0,0,1,0,0,0,1,0,0,1,0,0,1,12.05141544342041,29051.265625,2153.280029296875,0.00041483284439891577,0.0004361289902590215,0.0006248649442568421,0.0,0.0,0.0,0.0,0.0,0.0,0.5480101704597473,1.0,0.0,0.0,1.0,1.0,0.0,0.0,1.0,1.0,0.0,1.0,0.0,0.0,1.0,0.0,0.0,0.2945941388607025,0.37589195370674133,0.0006248649442568421,0.0,0.0006234318134374917,0.0,99998.78125,99999.0,1299160.125,2410000.0,36.20000076293945,36.20000076293945,36.20000076293945,32.382652282714844,269.13299560546875,20.0,20.000003814697266,24.02347183227539,27.0,27.0,25.813905715942383,27.0,31.926607131958008,32.0,20.0,68.57752227783203,3445994.25,0.5444816946983337,7.559999942779541,0.0,8.918519020080566,0.0,0.0,43.50009536743164,1.401298464324817e-45,0.0,0.0,0.5049998760223389,0.5049998760223389,0.5049998760223389,0.18937495350837708,0.18937495350837708,0.18937495350837708,0.0,14.500016212463379,14.500016212463379,14.500016212463379,0.0,0.0,9.074999809265137,0.0,0.0,0.0,0.0,0.0,0.0,100.0,73.97314453125,0.2199999988079071,0.0,20.0,43.50009536743164,0.0,0.0,0.0,0.0,0.0,0.007000000216066837,0.0,0.0,9.074999809265137,0.0,1.7323341369628906,0.0,0.946874737739563,0.0,0.0,0.0,0.0,0.0,0.0,20.0,0.0,0.0,9495432.0,0.0,0.0,0.0,0.0,0.0,0.0,0.0,0.351500004529953,18.93000030517578,23.030000686645508,7.69199959904654e-06,0.08500000089406967,0.009999999776482582,24.0,27.0,8.800000190734863,500000.0,0.05000000074505806,2.7000000013543968e-09,2.7000000013543968e-09,145100.0,120000.0,14650000.0,86400.0,17.0,34.5,48.70000076293945,321.8999938964844,83170.0,0.0,1.0,1.0,0.0010000000474974513,725.0,0.0,0.5,0.0,0.0,57.31999969482422,837142.875,9359.77734375,117376.1015625,2623.89794921875,83026.390625,725.0,1.0204100362898316e-05,740000000.0,1,0,1,0,1,1,0,0,1,0,0,8.799991607666016,27.0,5428.08203125,0.0,0.0,0.0,0.0,2.1811561584472656,0.0004017988685518503,0.0,0.041752804070711136,39.957069396972656,1.0,26099.4765625,10177.279296875,5.4229298257268965e-05,143726848.0,805279936.0,869883328.0,2152085504.0,-10.175586700439453,-743.529052734375,-644276800.0,-1346805376.0,44.44692611694336,28.474903106689453,54.62251281738281,772.0039672851562,106381.3984375,4240.275390625,147889.140625,167819.6875,124099.4765625,75.79998779296875,39.957069396972656,39.957069396972656,1.0,5.4229298257268965e-05,10177.279296875,816711139328.0,0.2027614861726761,137600.0,137600.0,67052200.0,54.62251281738281,6708.30810546875,1.0,0.0,1700.0,250000.0,10000.0,1038.0,0.004999999888241291,400.0,5000.0,0,0,0,0,2959622.5,47.93537139892578,47.93537139892578,1216415.25,2787693.75,0.0,0.0,100859.6484375,0.11475653201341629,5441455.0,0.0,0.0,1.0,1.0,0.11475653201341629,275.3855285644531,99.23431396484375,0.0,5957889.0,410850.25,99.23431396484375,1.0,1.0,1.0,0.0,470.4255676269531,0.0,469.5067443847656,1.0,0.0,7680000.0,254.18319702148438,266.80548095703125,255.68121337890625,0.9948402643203735,2787693.75,311.6752624511719,95.87074279785156,1.9948402643203735,0.0,269.0875244140625,1.0,0.0,-7.5742998123168945,0.0,0.0,9.999999974752427e-07,0.0,2.0,0.0003000000142492354,0.004999999888241291,0.0010000000474974513,2.0000000233721948e-07,2.0000000233721948e-07,0.0005555999814532697,993000000.0,1.0,0.05000000074505806,0.10000000149011612,0.0005000000237487257,0.0016700000269338489,0.009999999776482582,1.0,1.0,0.0010000000474974513,4.999999873689376e-05,0.00039999998989515007,0.019999999552965164,0.9891999959945679,0.9891999959945679,0.9950000047683716,0.9950000047683716,1,0,0,0,1,1,0,0,0,0,0,0,0,0,-0.0074569773860275745,-7404778.5,5000.01806640625,100859.6484375,0.0,2546223.0,0.0,1.0,2569281.25,0.0,0.0,60.0,180.0,1800.0,1800.0,0.0,0.0,0.0,0.0,-0.012236599810421467,0.0,0.0,0.0,0.0,0.0,0.0,0.0,0.0,0.0,0.0,0.0,6.602997746085748e-05,0.0,7.006492321624085e-44,1,1,0,1,1,1,1,1,1,1,1,0,1,0,1,1,1,1,0,1,0,1000,21,0,1,5001,105,0.0,0.0,120.0,120.0,0.0,0.0,0.4000000059604645,0.10000000149011612,0.10000000149011612,2.0,500.0,200.0,0.9900000095367432,300000.0,5000.0,45000.0,20000.0,0.019999999552965164,2.0,0.05000000074505806,0.019999999552965164,6.0,0.05000000074505806,0.019999999552965164,0.019999999552965164,88.30000305175781,0.10000000149011612,0.800000011920929,0.05000000074505806,0.009999999776482582,50.0,50.0,340.0,340.0,1000000.0,1,0,0,0,1,1,1,1,1,1,0,0,0,1,1,0,1.0,0.0,0.0,0.0,30.29583740234375,0.0,0.0,0.0,0.9141258597373962,0.9141258597373962,0.9141258597373962,5000.017578125,4220602.0,4225602.0,50.0,27.613609313964844,0.4000000059604645,0.0,0.0,0.10000000149011612,0.14170455932617188,0.4925430119037628,22164.435546875,20.0,29.202341079711914,778540.6875,20.94211196899414,2764.99755859375,721.224365234375,0.7785406708717346,0.9098649024963379,9.47115421295166,1.0,3220192.5,3303699.0,9.716761589050293,20.0,0.2777121663093567,27.771217346191406,0.0,636.4223022460938,1039.236328125,100000.0,50000.0,1115.300048828125,50000.0,700.0,2000.0,2800000.0,3500000.0,4000000.0,9.999999747378752e-05,4.999999873689376e-05,500.0,20000.0,100.0,500.0,60000.0,1200.0,1.0,120.0,150000.0,3000.0,300.0,1.0,300.0,0.019999999552965164,0.019999999552965164,0.009999999776482582,0.009999999776482582,0.009999999776482582,0.019999999552965164,1.100000023841858,0.019999999552965164,4.0,0.019999999552965164,88.0,1613.0,0.009999999776482582,0.20000000298023224,3.0,5.0,600.0,0.0010000000474974513,88.0,88.0,2000.0,2340.0,-0.11599799990653992,-0.03561130166053772,-0.04758000001311302,-0.01752999983727932,1,0,1,0,0,1,1,240.52484130859375,240.52484130859375,0.9659576416015625,0.9659576416015625,0.000854993297252804,20.94211196899414,163.85755920410156,105.47772216796875,527.4437866210938,52.52790451049805,52.52790451049805,0.21095657348632812,0.21095657348632812,122.5727767944336,22.97164535522461,0.0,0.0,2663660.25,20.00048065185547,20.00048065185547,99.19063568115234,99.19063568115234,63721.578125,63721.578125,1.0620262622833252,1.0620262622833252,0.057378266006708145,0.057378266006708145,4.582171440124512,4.582171440124512,19172.265625,19172.265625,4.582744121551514,102.12934112548828,104.70578002929688,2648278.75,20.00048065185547,20.00048065185547,165.18133544921875,165.18133544921875,111.56263732910156,111.56263732910156,466789.28125,466789.28125,0.0,74.4315185546875,74.4315185546875,148.8638916015625,156859.453125,156859.453125,1.045729637145996,1.045729637145996,165.5862579345703,111.56263732910156,0.0,0.0,0.0,137.18890380859375,137.18890380859375,274.3778076171875,0.0,0.0,0.0,0.0,0.0,137.18890380859375,137.18890380859375,0.026315800845623016,0.0,0.20000000298023224,0.0,0.0,0.0,0.0,0.0,0.0,0.9599996209144592,1.0,1.0,1.0,0.9999998211860657,0.9999998211860657,0.9999998211860657,190817.296875,193224.265625,0.0,14.750001907348633,0.0,14.750001907348633,7.25,12.0,10.25,296.3810119628906,297.7510070800781,29.5,-237284.65625,7927343.0,12224996.0,0.0,0.0,0.0,0.010467221029102802,0.010467221029102802,0.010467221029102802,1.0,217422.734375,0.9959999918937683,0.9959999918937683,0.9959999918937683,0.9959999918937683,0.0,3920911.0,4211186.0,432496.6875,2606300.0,3861098.0,0.004220602102577686,0.008451203815639019,482.9815979003906,7.25,12.0,10.25,0.0,0.0,0.0,0.0,0.0,0.0,105.47857666015625,482.9942626953125,224.51048278808594,224.51048278808594,224.51048278808594,27.258390426635742,27.258390426635742,27.258390426635742,3.0053679943084717,0.0,0.7552077770233154,3.0051169395446777,5.0,0.0040000081062316895,0.0040000081062316895,0.0040000081062316895,0.0040000081062316895,0.0,-0.4368000030517578,0.0,601073.625,163.85755920410156,163.85755920410156,0.0,20.0,2787601.5,7.25,12.0,10.25,20.0,20.0,20.0,0.0,0.0,0.7926306128501892,0.9211652278900146,10000.0,10000.0,0.011826000176370144,1038.5,0.027953999117016792,0.0,0.0,1.0878000259399414,1.0809999704360962,9.000000136438757e-05,103.0,33.220001220703125,1.8179999589920044,0.029999999329447746,49.0,8.329999923706055,4.159999847412109,58.0,302.0,4.5,0.699999988079071,0.4000000059604645,7.5,1.3799999952316284,2.492000102996826,7000.0,48.88999938964844,1.2000000476837158,45.0,62000.0,4590000.0,4250000.0,15900000.0,15100000.0,0.05000000074505806,0.17000000178813934,0.009999999776482582,15220000.0,1.6699999570846558,312.7799987792969,1.1100000143051147,4232.0,0.25,689000.0,4030000.0,9.829999923706055,8.550000190734863,12200000.0,231.10000610351562,88.3239974975586,633.0,1.1430000066757202,0.6858000159263611,-10.0,-3.7799999713897705,0.7799999713897705,295.5,4030000.0,12400000.0,0.9200000166893005,5.0,1,0,1,228,0,0,0,0,0,1,1,1,1,1,0,1,1,1,0,0,0,0,1,1,0,0,0,1,0,0,0,0,0,0,0,0,1,0,1,8,0,0,1,0,0.011365949176251888,5471024.5,1.0877995491027832,0.0,1.2663838863372803,281.1200256347656,0.0,-0.0007620005635544658,1,1,1,0,0,0,1,1,0,0,0,0,0,528,0.20000000298023224,0.20000000298023224,0.20000000298023224,0.0,2,0,0,0,0,0,0,0,0,0,0,0,0,0,0,0,0,0,0,0,0,0,0,0,0,0,0,0,0,0,0,0,0,0,0,0,0,0,0,0,0,0,0,0,0,0,0,0,0,0,0,1,0,0,0,0,0,0,0,0,0,0,0,0,0,0,0,0,0,0,0,0,0,0,0,0,0,0,0,0,0,0,0,0,0,0,0,0,0,0,0,0,0,0,0,0,0,0,0,0,0,0,0,0,0,0,0,0,0,0,0,0,0,0,0,0,0,0,0,0,0,0,0,0,0,0,0,0,0,0,0,0,0,0,0,0,0,0,0,0,0,0,0,1,0,0,0,0,0,0,0,0,0,0,0,-1,0,0,0,0,0,0,1,1,0,0,1.1365948915481567,-5.289031028747559,0.0,-0.5428446531295776,-1.6815581571897805e-44,291.70001220703125,281.1200256347656,297.57952880859375,-0.03794306889176369,99.20603942871094,2671.5927734375,1.0877995491027832,1.2663838863372803,-1.0,10.579986572265625,6.827850029367255e-06,0.041752804070711136,100.0,27.0,0.0,7.799991607666016,4.007631778717041,1.0,1.0,39.957069396972656,0.26632168889045715,20.0,5.4229298257268965e-05,0.0,73.97314453125,1.7323341369628906,1.8179994821548462,0.00036938843550160527,0.6817498207092285,0.5444816946983337,13.256760597229004,8.918519020080566,0.0,0.0,0.0,20.000003814697266,44.898040771484375,269.13299560546875,20.0,0.9301058053970337,283.3424987792969,40.007659912109375,0.29459047317504883,277.32049560546875,277.5650634765625,277.3330078125,284.3660583496094,285.7675476074219,284.3678894042969,100.0,3.068545341491699,22.0,100.07015228271484,280.84326171875,281.66632080078125,280.8504638671875,340.31878662109375,25.068546295166016,22.520788192749023,100.07015228271484,0.0,0.0,0.0,0.0,73.39596557617188,73.36422729492188,73.27047729492188,55.828643798828125,55.84164810180664,55.826881408691406,22.551158905029297,22.696739196777344,22.369722366333008,99.5733642578125,97.51954650878906,99.41386413574219,36.89999771118164,43.19999694824219,26.099998474121094,256.14654541015625,267.2871398925781,254.62342834472656,29.0,0.0,48.0,0.0,0.0,0.0,0.0,0.0,0.0,41.0,78.36749267578125,55.52515411376953,165.5862579345703,29.438396453857422,9.999999974752427e-07,4.413239479064941,0.0,102.12934112548828,0.0,721.224365234375,43.118465423583984,20.94211196899414,0.0,9.47115421295166,77.85406494140625,1.0,0.9716761708259583,20.0,0.0,60.0,120.0,0.0,120.0,0.0,0.0,0.0,0.0,18.131240844726562,89.18518829345703,2.0,200.0,0,0,0,0,0,0,0,0,0,0,0,0,99999,99999,27,403,1800,180,1800,0,0,-7,1,23,0,0,0,806,1424,29,31,32,0,1,0,1,0,1,0,0,1,0,0,0,0,0,1,0,0,0,0,1,0,0,0,1,0,0,0,1,0,0,0,0,0,0,0,0,0,0,0,0,1,0,1,0,0,1,1,0,0,1,1,0,1,0,1,0,1,1,0,0,1,1,0,0,1,0,1,0,0,1,1,0,1,0,0,0,0,1,0,1,0,1,0,0,0,1,0,0,0,0,0,0,1,0,0,1,0,1,0,0,1,1,0,1,0,0,1,0,0,0,1,0,1,1,1,0,0,1,0,0,0,0,0,1,1,1,0,0,0,0,0,0,0,1,0,1,0,1,0,1,0,1,0,0,0,0,0,0,0,0,1,1,1,1,0,1,0,1,1,1,1,1,1,1,0,0,0,0,0,0,1,0,1,1,1,1,1,1,1,1,1,1,1,1,0,0,1,1,0,0,1,1,0,1,1,0,0,1,1,1,0,0,0,0,1,1,1,1,0,1,1,1,1,0,0,1,1,0,1,0,1,1,0,1,1,1,1,1,1,1,1,0,1,0,0,0,0,0,0,0,0,0,0,1,0,0,1,0,0,0,0,0,0,1,1,0,0,0,0,1,0,0,0,0,0,1,0,0,1,0,0,0,0,0,0,0,0,0,0,0,0,0,0,0,0,0,0,0,0,0,0,0,0,0,0,0,0,0,0,0,1,0,0,0,0,0,0,1,0,0,0,1,1,0,0,0,0,0,1,1,0,0,0,0,0,0,0,0,1,0,0,1,0,0,0,0,1,0,0,0,0,0,0,0,0,0,0,0,0,0,0,0,0,0,0,0,0,0,0,0,0,0,0,0,0,0,0,0,0,0,0,0,0,0,0,0,0,0,0,0,0,0,0,0,0,0,0,0,0,0,0,1,0,1,0,0,0,0,0,1,0,0,0,0,0,0,0,0,0,0,0,0,0,0,0,1,0,0,0,0,0,0,0,0,0,0,0,0,0,0,1,0,0,0,0,0,0,0,0,0,0,1,0,0,0,0,0,0,0,0,0,0,0,0,0,0,0,0,0,0,0,0,0,0,0,0,0,0,0,1,0,0,0,0,0,0,1,1,1,0,0,0,0,0,0,-1,0,0,0,0,0,0,0,0,-1,0,0,-1,0,0,0,0,0,0,0,0,0,0,0,0,0,0,0,0,0,0,1,0,0,0,0,0,0,0,0,0,0,0,0,0,0,0,0,1,1,0,-1,-1,-1,1,1,1,0,0,0,0,1,0,0,1,1,0,0,0,0,1,0,0,0,0,0,0,0,0,0,0,0,0,0,0,0,0,0,0,0,0,0,0,0,0,0,0,0,0,0,1,1,0,1,0,1,1,0,1,0,1,1,0,1,0,0,1,0,0,0,0,0,0,0,0,0,0,0,0,0,0,0,0,0,0,0,0,0,0,0,0,0,0
0,1,1,300,228,8,8,228,114,25,1,0,0.0020000000949949026,4000.0,1.0,0.04500000178813934,25.0,48.0,8.0,291.70001220703125,1.7000000476837158,-3.179999907843012e-07,0.007360000163316727,0.008080000057816505,8.0,0.33000001311302185,0.0333000011742115,1.0,9.999999747378752e-06,21.0,9.999999747378752e-06,2775000064.0,9.000000136438757e-05,4.999999980020986e-13,5.0,40.0,3.0,-3.3499999046325684,3.3499999046325684,0.5,0.0004799999878741801,292.3927001953125,492.6077880859375,-0.0036125299520790577,0.002354159951210022,0.0008944629807956517,0.013157900422811508,0.800646185874939,0.02024419978260994,2650129920.0,0.006539999973028898,0,0,0,0,0,0,0,0,0,0,0,0,0,0,0,0,0,0,0,0,0,0,0,0,0,0,0,0,0,0,0,0,0,0,0,0,0,0,0,0,0,0,0,0,0,0,0,0,0,0,0,0,0,1,4,4,0,0,0,0,0,0,0,0,2,0,0.00040276572690345347,278.7329406738281,290.6773681640625,292.4168701171875,294.2154541015625,295.9718322753906,298.95263671875,300.0203552246094,300.82330322265625,301.25653076171875,301.3619689941406,301.1827087402344,300.77801513671875,300.2067565917969,299.54327392578125,298.86199951171875,298.3367919921875,297.83160400390625,297.277587890625,296.6163635253906,295.8240966796875,294.8935241699219,293.8585205078125,292.7622985839844,291.6480407714844,290.55902099609375,0.035267021507024765,0.02359645813703537,0.7713105082511902,-0.03789607062935829,0.7570942044258118,0.7682414650917053,1246.68896484375,4.17189369272819e-07,0.13258664309978485,0.008423062972724438,0.0110911400988698,0.011227285489439964,0.020726177841424942,1.0,-1.6815581571897805e-44,-5.29972505569458,0.0,99.20489501953125,2671.69384765625,0.9456039667129517,297.15069580078125,0.0,0.0,0.0,13.999991416931152,0.0,291.70001220703125,280674.71875,-0.54264235496521,6.181125640869141,130.28829956054688,10.0,7750000.0,8160000.0,86.12000274658203,119.0999984741211,0.5,9.999999747378752e-05,0.0,3.299999952316284,200.0,0.30000001192092896,309.20001220703125,2.439019908706541e-06,0,0,0,1,1,1,0,24,0,280.6844787597656,0.0,0.0,0.0,0.0,0.0,0.0,1.0911893844604492,0.8665927648544312,0.5334778428077698,0.2788558006286621,0.09126491844654083,0.08804751187562943,0.2211441993713379,0.22424989938735962,0.2229887843132019,1.0,25.0,24.0,5449913.0,5451354.5,5450082.5,276.92864990234375,277.15863037109375,276.91571044921875,283.9059753417969,285.2936706542969,283.9042663574219,4400000.0,280.41729736328125,281.22613525390625,280.40997314453125,6.977325439453125,8.135040283203125,6.988555908203125,282.8893737792969,4573.89306640625,4488.04931640625,4581.22265625,10.501096725463867,10.512681007385254,10.519566535949707,27.452239990234375,0.0,0.0,0.0020000000949949026,277.0010070800781,284.3679504394531,-94.60882568359375,0.7145603895187378,0.7243916988372803,0.720604658126831,255.47206115722656,39.0,40.0,42.0,41.0,0.0,0.0,5439431.0,5409841.0,54.435585021972656,5.0,0.014999999664723873,-180000.0,600.0,1000000.0,400000.0,0.17000000178813934,22000.0,786000.0,120000.0,0.0,40.0,30.0,36.810001373291016,0.5,18.399999618530273,50000.0,115692.3984375,15.113750457763672,0,0,1,0,0,0,0,9764760.0,0.0,0.0,0.0,0.0,0.0,-5621332.0,400000.0,1000000.0,1.0,1400000.0,0.0,0.24863532185554504,9778668.0,126869.6328125,9764760.0,340.318359375,40.007659912109375,2.4761884212493896,-5621332.0,0.0,0.0,0.0,2.2366182804107666,40.007659912109375,0.0,22230.939453125,1.2010046243667603,0.0,0.0,0.0,20.0,14.711517333984375,22.0,0.0,0.0,0.0,0.05000000074505806,0.02500000037252903,0.17000000178813934,15400000.0,0.5,6.25,0.0006667000125162303,2.0,2410000.0,4140000.0,4.734799861907959,0.15000000596046448,0.20000000298023224,0.2199999988079071,1.0,0.0,-1.0,0.0,5.0,20.0,30.0,50.0,74.0,80.0,86.0,9.800000190734863,500000.0,1.0499999802959792e-07,0.5,750.0,1000.0,600.0,1000.0,1150.0,32.0,32.0,37.400001525878906,10.0,10.0,0.007000000216066837,0.5049999952316284,82.0,189.26499938964844,0.0,1.5099999904632568,231.60000610351562,20.0,36.0,16.600000381469727,16.5,225.0,-0.1756729930639267,27.5,-0.1756729930639267,30.485509872436523,0.1561516970396042,11.10221004486084,-1.8332500457763672,-75.0,4.3520002365112305,13.857000350952148,189.26499938964844,93.30000305175781,2650000.0,0.8500000238418579,7.570000171661377,1,1,1,0,0,0,0,0,0,0,0,1,3,3,0,0,1,0,0,0,0,1,0,1,1,0,0,0,1,1,1,0,0,0,0,0,0,0,0,1,0,0,0,1,0,0,1,0,0,1,12.05141544342041,29051.265625,2153.269287109375,0.00041483284439891577,0.0004361289902590215,0.0006248649442568421,0.0,0.0,0.0,0.0,0.0,0.0,0.5475438237190247,1.0,0.0,0.0,1.0,1.0,0.0,0.0,1.0,1.0,0.0,1.0,0.0,0.0,1.0,0.0,0.0,0.29143404960632324,0.3718597888946533,0.0006248649442568421,0.0,0.0006234348984435201,0.0,99998.78125,99999.0,1285224.125,2410000.0,36.20000076293945,36.20000076293945,36.20000076293945,32.379173278808594,268.8629150390625,20.0,20.000003814697266,24.02347183227539,27.0,27.0,25.813905715942383,27.0,31.926767349243164,32.0,20.0,68.57752227783203,3445976.75,0.5444816946983337,7.559999942779541,0.0,8.918519020080566,0.0,0.0,43.59590530395508,1.401298464324817e-45,0.0,0.0,0.5049998760223389,0.5049998760223389,0.5049998760223389,0.18937495350837708,0.18937495350837708,0.18937495350837708,0.0,14.531952857971191,14.531952857971191,14.531952857971191,0.0,0.0,9.074999809265137,0.0,0.0,0.0,0.0,0.0,0.0,100.0,73.97314453125,0.2199999988079071,0.0,20.0,43.59590530395508,0.0,0.0,0.0,0.0,0.0,0.007000000216066837,0.0,0.0,9.074999809265137,0.0,1.7323341369628906,0.0,0.946874737739563,0.0,0.0,0.0,0.0,0.0,0.0,20.0,0.0,0.0,9467477.0,0.0,0.0,0.0,0.0,0.0,0.0,0.0,0.351500004529953,18.93000030517578,23.030000686645508,7.69199959904654e-06,0.08500000089406967,0.009999999776482582,24.0,27.0,8.800000190734863,500000.0,0.05000000074505806,2.7000000013543968e-09,2.7000000013543968e-09,145100.0,120000.0,14650000.0,86400.0,17.0,34.5,48.70000076293945,321.8999938964844,83170.0,0.0,1.0,1.0,0.0010000000474974513,725.0,0.0,0.5,0.0,0.0,57.31999969482422,837142.875,9359.77734375,117376.1015625,2623.89794921875,83026.390625,725.0,1.0204100362898316e-05,740000000.0,1,0,1,0,1,1,0,0,1,0,0,8.799991607666016,27.0,5449.921875,0.0,0.0,0.0,0.0,2.1899526119232178,0.00040180201176553965,0.0,0.041920796036720276,39.95947265625,1.0,26100.2890625,10216.5087890625,5.444753332994878e-05,142865040.0,799768832.0,864187968.0,2144039680.0,-9.990653991699219,-740.6253662109375,-639691584.0,-1344270720.0,44.5427360534668,28.474903106689453,54.533390045166016,769.100341796875,106381.3984375,4240.7861328125,147910.484375,167829.78125,124100.2890625,76.19998168945312,39.95947265625,39.95947265625,1.0,5.444753332994878e-05,10216.5087890625,814915125248.0,0.20279113948345184,137600.0,137600.0,66867992.0,54.533390045166016,6709.083984375,1.0,0.0,1700.0,250000.0,10000.0,1038.0,0.004999999888241291,400.0,5000.0,0,0,0,0,2959622.5,47.74382019042969,47.74382019042969,1216415.25,2787755.25,0.0,0.0,100635.453125,0.10139887034893036,5420329.5,0.0,0.0,1.0,1.0,0.10139887034893036,275.3855285644531,99.17335510253906,0.0,5957889.0,410591.3125,99.17335510253906,1.0,1.0,1.0,0.0,468.59228515625,0.0,467.6822814941406,1.0,0.0,7680000.0,253.28265380859375,265.8078918457031,254.76800537109375,0.9952447414398193,2787755.25,310.55303955078125,95.48764038085938,1.9952447414398193,0.0,268.8408508300781,1.0,0.0,-7.5742998123168945,0.0,0.0,9.999999974752427e-07,0.0,2.0,0.0003000000142492354,0.004999999888241291,0.0010000000474974513,2.0000000233721948e-07,2.0000000233721948e-07,0.0005555999814532697,993000000.0,1.0,0.05000000074505806,0.10000000149011612,0.0005000000237487257,0.0016700000269338489,0.009999999776482582,1.0,1.0,0.0010000000474974513,4.999999873689376e-05,0.00039999998989515007,0.019999999552965164,0.9891999959945679,0.9891999959945679,0.9950000047683716,0.9950000047683716,1,0,0,0,1,1,0,0,0,0,0,0,0,0,-0.0074569773860275745,-7404778.5,5000.01708984375,100635.453125,0.0,2546223.0,0.0,1.0,2569281.25,0.0,0.0,60.0,180.0,1800.0,1800.0,0.0,0.0,0.0,0.0,-0.012236599810421467,0.0,0.0,0.0,0.0,0.0,0.0,0.0,0.0,0.0,0.0,0.0,6.602997746085748e-05,0.0,7.006492321624085e-44,1,1,0,1,1,1,1,1,1,1,1,0,1,0,1,1,1,1,0,1,0,1000,21,0,1,5001,107,0.0,0.0,120.0,120.0,0.0,0.0,0.4000000059604645,0.10000000149011612,0.10000000149011612,2.0,500.0,200.0,0.9900000095367432,300000.0,5000.0,45000.0,20000.0,0.019999999552965164,2.0,0.05000000074505806,0.019999999552965164,6.0,0.05000000074505806,0.019999999552965164,0.019999999552965164,88.30000305175781,0.10000000149011612,0.800000011920929,0.05000000074505806,0.009999999776482582,50.0,50.0,340.0,340.0,1000000.0,1,0,0,0,1,1,1,1,1,1,0,0,0,1,1,0,1.0,0.0,0.0,0.0,30.33595085144043,0.0,0.0,0.0,0.9139614105224609,0.9139614105224609,0.9139614105224609,5000.0166015625,4226124.5,4231124.5,50.0,27.613582611083984,0.4000000059604645,0.0,0.0,0.10000000149011612,0.14115440845489502,0.4925430119037628,22164.435546875,20.0,29.202341079711914,778615.125,20.922096252441406,2761.9404296875,721.224365234375,0.7786151170730591,0.9095429182052612,9.4711275100708,1.0,3220183.5,3303687.0,9.716726303100586,20.0,0.2777421176433563,27.774211883544922,0.0,636.4223022460938,1057.294921875,100000.0,50000.0,1115.300048828125,50000.0,700.0,2000.0,2800000.0,3500000.0,4000000.0,9.999999747378752e-05,4.999999873689376e-05,500.0,20000.0,100.0,500.0,60000.0,1200.0,1.0,120.0,150000.0,3000.0,300.0,1.0,300.0,0.019999999552965164,0.019999999552965164,0.009999999776482582,0.009999999776482582,0.009999999776482582,0.019999999552965164,1.100000023841858,0.019999999552965164,4.0,0.019999999552965164,88.0,1613.0,0.009999999776482582,0.20000000298023224,3.0,5.0,600.0,0.0010000000474974513,88.0,88.0,2000.0,2340.0,-0.11599799990653992,-0.03561130166053772,-0.04758000001311302,-0.01752999983727932,1,0,1,0,0,1,1,236.29811096191406,236.29811096191406,0.9489898681640625,0.9489898681640625,0.0008285011863335967,20.922096252441406,163.84786987304688,102.46900177001953,518.5703125,51.029563903808594,51.029563903808594,0.20493698120117188,0.20493698120117188,118.8870849609375,21.170669555664062,0.0,0.0,2663660.25,20.00048065185547,20.00048065185547,99.08578491210938,99.08578491210938,63691.88671875,63691.88671875,1.0615314245224,1.0615314245224,0.05069943517446518,0.05069943517446518,3.4917244911193848,3.4917244911193848,14609.7255859375,14609.7255859375,3.4922878742218018,101.85211181640625,104.28401184082031,2648338.75,20.00048065185547,20.00048065185547,165.18199157714844,165.18199157714844,110.86138153076172,110.86138153076172,463855.15625,463855.15625,0.0,73.83770751953125,73.83770751953125,147.67623901367188,156823.765625,156823.765625,1.0454918146133423,1.0454918146133423,165.50694274902344,110.86138153076172,0.0,0.0,0.0,136.47544860839844,136.47544860839844,272.9508972167969,0.0,0.0,0.0,0.0,0.0,136.47544860839844,136.47544860839844,0.026315800845623016,0.0,0.20000000298023224,0.0,0.0,0.0,0.0,0.0,0.0,0.9599996209144592,1.0,1.0,1.0,0.9999998211860657,0.9999998211860657,0.9999998211860657,190817.046875,193223.921875,0.0,14.750001907348633,0.0,14.750001907348633,7.25,12.0,10.25,296.3810119628906,297.7510070800781,29.5,-243970.453125,7939616.0,12224996.0,0.0,0.0,0.0,0.009646590799093246,0.009646590799093246,0.009646590799093246,1.0,213677.203125,0.9959999918937683,0.9959999918937683,0.9959999918937683,0.9959999918937683,0.0,3933141.25,4212643.0,419250.625,2606300.0,3872238.25,0.004226124379783869,0.008462248370051384,474.49420166015625,7.25,12.0,10.25,0.0,0.0,0.0,0.0,0.0,0.0,102.46983337402344,474.5068664550781,221.25856018066406,221.25856018066406,221.25856018066406,25.12133026123047,25.12133026123047,25.12133026123047,3.005871534347534,0.0,0.7574052810668945,3.005619525909424,5.0,0.0040000081062316895,0.0040000081062316895,0.0040000081062316895,0.0040000081062316895,0.0,-0.4368000030517578,0.0,601174.3125,163.84786987304688,163.84786987304688,0.0,20.0,2787666.0,7.25,12.0,10.25,20.0,20.0,20.0,0.0,0.0,0.7926306128501892,0.9211652278900146,10000.0,10000.0,0.011826000176370144,1038.5,0.027953999117016792,0.0,0.0,1.0878000259399414,1.0809999704360962,9.000000136438757e-05,103.0,33.220001220703125,1.8179999589920044,0.029999999329447746,49.0,8.329999923706055,4.159999847412109,58.0,302.0,4.5,0.699999988079071,0.4000000059604645,7.5,1.3799999952316284,2.492000102996826,7000.0,48.88999938964844,1.2000000476837158,45.0,62000.0,4590000.0,4250000.0,15900000.0,15100000.0,0.05000000074505806,0.17000000178813934,0.009999999776482582,15220000.0,1.6699999570846558,312.7799987792969,1.1100000143051147,4232.0,0.25,689000.0,4030000.0,9.829999923706055,8.550000190734863,12200000.0,231.10000610351562,88.3239974975586,633.0,1.1430000066757202,0.6858000159263611,-10.0,-3.7799999713897705,0.7799999713897705,295.5,4030000.0,12400000.0,0.9200000166893005,5.0,1,0,1,228,0,0,0,0,0,1,1,1,1,1,0,1,1,1,0,0,0,0,1,1,0,0,0,1,0,0,0,0,0,0,0,0,1,0,1,8,0,0,1,0,0.0110911400988698,5449913.0,1.0877995491027832,0.0,1.2710816860198975,280.82916259765625,0.0,-0.000734756700694561,1,1,1,0,0,0,1,1,0,0,0,0,0,530,0.20000000298023224,0.20000000298023224,0.20000000298023224,0.0,2,0,0,0,0,0,0,0,0,0,0,0,0,0,0,0,0,0,0,0,0,0,0,0,0,0,0,0,0,0,0,0,0,0,0,0,0,0,0,0,0,0,0,0,0,0,0,0,0,0,0,1,0,0,0,0,0,0,0,0,0,0,0,0,0,0,0,0,0,0,0,0,0,0,0,0,0,0,0,0,0,0,0,0,0,0,0,0,0,0,0,0,0,0,0,0,0,0,0,0,0,0,0,0,0,0,0,0,0,0,0,0,0,0,0,0,0,0,0,0,0,0,0,0,0,0,0,0,0,0,0,0,0,0,0,0,0,0,0,0,0,0,0,1,0,0,0,0,0,0,0,0,0,0,0,-1,0,0,0,0,0,0,1,1,0,0,1.1091140508651733,-5.29972505569458,0.0,-0.54264235496521,-1.6815581571897805e-44,291.70001220703125,280.82916259765625,297.15069580078125,-0.03789607062935829,99.20489501953125,2671.69384765625,1.0877995491027832,1.2710816860198975,-1.0,10.870849609375,6.827850029367255e-06,0.041920796036720276,100.0,27.0,0.0,7.799991607666016,4.009302616119385,1.0,1.0,39.95947265625,0.26632997393608093,20.0,5.444753332994878e-05,0.0,73.97314453125,1.7323341369628906,1.8179994821548462,0.00036938843550160527,0.6817498207092285,0.5444816946983337,13.114556312561035,8.918519020080566,0.0,0.0,0.0,20.000003814697266,44.898040771484375,268.8629150390625,20.0,0.9296972751617432,283.0399475097656,40.007659912109375,0.29459047317504883,277.05029296875,277.29376220703125,277.06292724609375,284.0576477050781,285.4509582519531,284.0593566894531,100.0,2.863532304763794,22.0,99.78250885009766,280.553955078125,281.37237548828125,280.5611572265625,340.3184814453125,24.86353302001953,22.417428970336914,99.78250885009766,0.0,0.0,0.0,0.0,73.23412322998047,73.19156646728516,73.10668182373047,55.613189697265625,55.62616729736328,55.61145782470703,22.298877716064453,22.424989700317383,22.11441993713379,99.58838653564453,97.55326843261719,99.42890167236328,36.89999771118164,43.19999694824219,26.099998474121094,255.21774291992188,266.2834167480469,253.71505737304688,29.0,0.0,48.0,0.0,0.0,0.0,0.0,0.0,0.0,41.0,78.36749267578125,55.30958557128906,165.50694274902344,29.323673248291016,9.999999974752427e-07,4.278075218200684,0.0,101.85211181640625,0.0,721.224365234375,43.17481994628906,20.922096252441406,0.0,9.4711275100708,77.86151123046875,1.0,0.9716726541519165,20.0,0.0,60.0,120.0,0.0,120.0,0.0,0.0,0.0,0.0,18.131240844726562,89.18518829345703,2.0,200.0,0,0,0,0,0,0,0,0,0,0,0,0,99999,99999,27,403,1800,180,1800,0,0,-7,1,23,0,0,0,806,1424,29,31,32,0,1,0,1,0,1,0,0,1,0,0,0,0,0,1,0,0,0,0,1,0,0,0,1,0,0,0,1,0,0,0,0,0,0,0,0,0,0,0,0,1,0,1,0,0,1,1,0,0,1,1,0,1,0,1,0,1,1,0,0,0,1,0,0,0,0,0,0,0,1,1,0,1,0,0,0,0,0,0,0,0,1,0,0,0,1,0,0,0,0,0,0,1,0,0,1,0,1,0,0,1,0,0,1,0,0,1,0,0,0,1,0,1,1,1,0,0,1,0,0,0,0,0,1,1,1,0,0,0,0,0,0,0,1,0,1,0,1,0,1,0,1,0,0,0,0,0,0,0,0,1,1,1,1,0,1,0,1,1,1,1,1,1,1,0,0,0,0,0,0,1,0,1,1,1,1,1,1,1,1,1,1,1,0,0,0,1,1,0,0,1,1,0,1,1,0,0,1,1,1,0,0,0,0,1,1,1,1,0,1,1,1,1,0,0,1,1,0,1,0,1,1,0,1,1,1,1,1,1,1,1,0,1,0,0,0,0,0,0,0,0,0,0,1,0,0,1,0,0,0,0,0,0,0,0,0,0,0,0,0,0,0,0,0,0,0,0,0,0,0,0,0,0,0,0,0,0,0,0,0,0,0,0,0,0,0,0,0,0,0,0,0,0,0,0,0,0,0,0,0,0,0,0,0,0,0,0,0,0,0,0,0,0,0,0,0,0,0,0,0,0,0,0,0,0,0,0,0,0,0,0,0,0,0,0,0,0,0,0,0,0,0,0,0,0,0,0,0,0,0,0,0,0,0,0,0,0,0,0,0,0,0,0,0,0,0,0,0,0,0,0,0,0,0,0,0,0,0,0,0,0,0,0,0,0,0,0,0,0,0,0,1,0,1,0,0,0,0,0,1,0,0,0,0,0,0,0,0,0,0,0,0,0,0,0,1,0,0,0,0,0,0,0,0,0,0,0,0,0,0,1,0,0,0,0,0,0,0,0,0,0,1,0,0,0,0,0,0,0,0,0,0,0,0,0,0,0,0,0,0,0,0,0,0,0,0,0,0,0,1,0,0,0,0,0,0,1,1,1,0,0,0,0,0,0,-1,0,0,0,0,0,0,0,0,-1,0,0,-1,0,0,0,0,0,0,0,0,0,0,0,0,0,0,0,0,0,0,1,0,0,0,0,0,0,0,0,0,0,0,0,0,0,0,0,1,1,0,-1,-1,-1,1,1,1,0,0,0,0,1,0,0,1,1,0,0,0,0,1,0,0,0,0,0,0,0,0,0,0,0,0,0,0,0,0,0,0,0,0,0,0,0,0,0,0,0,0,0,1,1,0,1,0,1,1,0,1,0,1,1,0,1,0,0,1,0,0,0,0,0,0,0,0,0,0,0,0,0,0,0,0,0,0,0,0,0,0,0,0,0,0
0,1,1,300,228,8,8,228,114,25,1,0,0.0020000000949949026,4000.0,1.0,0.04500000178813934,25.0,48.0,8.0,291.70001220703125,1.7000000476837158,-3.179999907843012e-07,0.007360000163316727,0.008080000057816505,8.0,0.33000001311302185,0.0333000011742115,1.0,9.999999747378752e-06,21.0,9.999999747378752e-06,2775000064.0,9.000000136438757e-05,4.999999980020986e-13,5.0,40.0,3.0,-3.3499999046325684,3.3499999046325684,0.5,0.0004799999878741801,292.3927001953125,492.6077880859375,-0.0036125299520790577,0.002354159951210022,0.0008944629807956517,0.013157900422811508,0.800646185874939,0.02024419978260994,2650129920.0,0.006539999973028898,0,0,0,0,0,0,0,0,0,0,0,0,0,0,0,0,0,0,0,0,0,0,0,0,0,0,0,0,0,0,0,0,0,0,0,0,0,0,0,0,0,0,0,0,0,0,0,0,0,0,0,0,0,1,4,4,0,0,0,0,0,0,0,0,2,0,0.00040276572690345347,278.3209533691406,290.085693359375,291.8000793457031,293.5724182128906,295.3033752441406,298.2433776855469,299.2987365722656,300.0941162109375,300.5269775390625,300.63873291015625,300.4718933105469,300.08587646484375,299.5364074707031,298.8958740234375,298.23663330078125,297.7337341308594,297.247802734375,296.70953369140625,296.06048583984375,295.277099609375,294.3524169921875,293.3210754394531,292.2272033691406,291.1148986816406,290.0283508300781,0.03568761795759201,0.023265575990080833,0.77129727602005,-0.037826310843229294,0.7571260333061218,0.7651187181472778,1204.332275390625,4.029910201097664e-07,0.13003581762313843,0.008142785169184208,0.010697315447032452,0.010826203972101212,0.02078315243124962,1.0,-1.6815581571897805e-44,-5.315523624420166,0.0,99.20319366455078,2671.84619140625,0.9456437230110168,296.518310546875,0.0,0.0,0.0,14.599990844726562,0.0,291.70001220703125,280675.28125,-0.5423392057418823,6.1770524978637695,130.28829956054688,10.0,7750000.0,8160000.0,86.12000274658203,119.0999984741211,0.5,9.999999747378752e-05,0.0,3.299999952316284,200.0,0.30000001192092896,309.20001220703125,2.439019908706541e-06,0,0,0,1,1,1,0,24,0,280.2535400390625,0.0,0.0,0.0,0.0,0.0,0.0,1.0993295907974243,0.8665693402290344,0.5339281558990479,0.28270071744918823,0.09405095130205154,0.09080439060926437,0.21729926764965057,0.22016485035419464,0.21918997168540955,1.0,25.0,24.0,5418619.0,5420054.0,5418790.0,276.52825927734375,276.75634765625,276.5150146484375,283.44903564453125,284.8251953125,283.44732666015625,4400000.0,279.9886474609375,280.790771484375,279.9811706542969,6.9207763671875,8.06884765625,6.93231201171875,282.44097900390625,4574.90087890625,4490.37744140625,4582.22216796875,10.46562671661377,10.47536849975586,10.484528541564941,27.59051513671875,0.0,0.0,0.0020000000949949026,276.5998840332031,283.9071960449219,-93.14457702636719,0.702045202255249,0.7111032009124756,0.7082406282424927,254.3302001953125,39.0,40.0,42.0,41.0,0.0,0.0,5408288.0,5378681.0,54.30570983886719,5.0,0.014999999664723873,-180000.0,600.0,1000000.0,400000.0,0.17000000178813934,22000.0,786000.0,120000.0,0.0,40.0,30.0,36.810001373291016,0.5,18.399999618530273,50000.0,115692.3984375,15.113750457763672,0,0,1,0,0,0,0,9723761.0,0.0,0.0,0.0,0.0,0.0,-5662692.0,400000.0,1000000.0,1.0,1400000.0,0.0,0.24560225009918213,9737308.0,126869.6328125,9723761.0,340.31781005859375,40.007659912109375,2.446021318435669,-5662692.0,0.0,0.0,0.0,2.2214090824127197,40.007659912109375,0.0,22230.939453125,1.2010046243667603,0.0,0.0,0.0,20.0,14.711517333984375,22.0,0.0,0.0,0.0,0.05000000074505806,0.02500000037252903,0.17000000178813934,15400000.0,0.5,6.25,0.0006667000125162303,2.0,2410000.0,4140000.0,4.734799861907959,0.15000000596046448,0.20000000298023224,0.2199999988079071,1.0,0.0,-1.0,0.0,5.0,20.0,30.0,50.0,74.0,80.0,86.0,9.800000190734863,500000.0,1.0499999802959792e-07,0.5,750.0,1000.0,600.0,1000.0,1150.0,32.0,32.0,37.400001525878906,10.0,10.0,0.007000000216066837,0.5049999952316284,82.0,189.26499938964844,0.0,1.5099999904632568,231.60000610351562,20.0,36.0,16.600000381469727,16.5,225.0,-0.1756729930639267,27.5,-0.1756729930639267,30.485509872436523,0.1561516970396042,11.10221004486084,-1.8332500457763672,-75.0,4.3520002365112305,13.857000350952148,189.26499938964844,93.30000305175781,2650000.0,0.8500000238418579,7.570000171661377,1,1,1,0,0,0,0,0,0,0,0,1,3,3,0,0,1,0,0,0,0,1,0,1,1,0,0,0,1,1,1,0,0,0,0,0,0,0,0,1,0,0,0,1,0,0,1,0,0,1,12.05141544342041,29051.265625,2153.253173828125,0.00041483284439891577,0.0004361289902590215,0.0006248649442568421,0.0,0.0,0.0,0.0,0.0,0.0,0.5469052195549011,1.0,0.0,0.0,1.0,1.0,0.0,0.0,1.0,1.0,0.0,1.0,0.0,0.0,1.0,0.0,0.0,0.2867574095726013,0.36589252948760986,0.0006248649442568421,0.0,0.0006234394968487322,0.0,99998.78125,99999.0,1264600.125,2410000.0,36.20000076293945,36.20000076293945,36.20000076293945,32.373958587646484,268.461181640625,20.0,20.000003814697266,24.02347183227539,27.0,27.0,25.813905715942383,27.0,31.927001953125,32.0,20.0,68.57752227783203,3445950.5,0.5444816946983337,7.559999942779541,0.0,8.918519020080566,0.0,0.0,43.735626220703125,1.401298464324817e-45,0.0,0.0,0.5049998760223389,0.5049998760223389,0.5049998760223389,0.18937495350837708,0.18937495350837708,0.18937495350837708,0.0,14.578526496887207,14.578526496887207,14.578526496887207,0.0,0.0,9.074999809265137,0.0,0.0,0.0,0.0,0.0,0.0,100.0,73.97314453125,0.2199999988079071,0.0,20.0,43.735626220703125,0.0,0.0,0.0,0.0,0.0,0.007000000216066837,0.0,0.0,9.074999809265137,0.0,1.7323341369628906,0.0,0.946874737739563,0.0,0.0,0.0,0.0,0.0,0.0,20.0,0.0,0.0,9426421.0,0.0,0.0,0.0,0.0,0.0,0.0,0.0,0.351500004529953,18.93000030517578,23.030000686645508,7.69199959904654e-06,0.08500000089406967,0.009999999776482582,24.0,27.0,8.800000190734863,500000.0,0.05000000074505806,2.7000000013543968e-09,2.7000000013543968e-09,145100.0,120000.0,14650000.0,86400.0,17.0,34.5,48.70000076293945,321.8999938964844,83170.0,0.0,1.0,1.0,0.0010000000474974513,725.0,0.0,0.5,0.0,0.0,57.31999969482422,837142.875,9359.77734375,117376.1015625,2623.89794921875,83026.390625,725.0,1.0204100362898316e-05,740000000.0,1,0,1,0,1,1,0,0,1,0,0,8.799991607666016,27.0,5482.61572265625,0.0,0.0,0.0,0.0,2.203120470046997,0.000401806813897565,0.0,0.042172279208898544,39.96286392211914,1.0,26101.4453125,10275.2373046875,5.477422018884681e-05,141617136.0,791666432.0,855813120.0,2132027136.0,-9.719158172607422,-736.2919921875,-632921408.0,-1340360704.0,44.682456970214844,28.474903106689453,54.401615142822266,764.7669677734375,106381.3984375,4241.5078125,147942.4375,167844.03125,124101.4453125,76.79997253417969,39.96286392211914,39.96286392211914,1.0,5.477422018884681e-05,10275.2373046875,812245778432.0,0.20283548533916473,137600.0,137600.0,66595504.0,54.401615142822266,6710.17919921875,1.0,0.0,1700.0,250000.0,10000.0,1038.0,0.004999999888241291,400.0,5000.0,0,0,0,0,2959622.5,47.45793151855469,47.45793151855469,1216415.25,2787841.25,0.0,0.0,100331.671875,0.0842202752828598,5389017.0,0.0,0.0,1.0,1.0,0.0842202752828598,275.3855285644531,99.09059143066406,0.0,5957889.0,410239.78125,99.09059143066406,1.0,1.0,1.0,0.0,465.875244140625,0.0,464.9780578613281,1.0,0.0,7680000.0,251.9215850830078,264.31524658203125,253.3955841064453,0.9957928657531738,2787841.25,308.8604736328125,94.91586303710938,1.9957928657531738,0.0,268.4739990234375,1.0,0.0,-7.5742998123168945,0.0,0.0,9.999999974752427e-07,0.0,2.0,0.0003000000142492354,0.004999999888241291,0.0010000000474974513,2.0000000233721948e-07,2.0000000233721948e-07,0.0005555999814532697,993000000.0,1.0,0.05000000074505806,0.10000000149011612,0.0005000000237487257,0.0016700000269338489,0.009999999776482582,1.0,1.0,0.0010000000474974513,4.999999873689376e-05,0.00039999998989515007,0.019999999552965164,0.9891999959945679,0.9891999959945679,0.9950000047683716,0.9950000047683716,1,0,0,0,1,1,0,0,0,0,0,0,0,0,-0.0074569773860275745,-7404778.5,5000.015625,100331.671875,0.0,2546223.0,0.0,1.0,2569281.25,0.0,0.0,60.0,180.0,1800.0,1800.0,0.0,0.0,0.0,0.0,-0.012236599810421467,0.0,0.0,0.0,0.0,0.0,0.0,0.0,0.0,0.0,0.0,0.0,6.602997746085748e-05,0.0,7.006492321624085e-44,1,1,0,1,1,1,1,1,1,1,1,0,1,0,1,1,1,1,0,1,0,1000,22,0,1,5001,110,0.0,0.0,120.0,120.0,0.0,0.0,0.4000000059604645,0.10000000149011612,0.10000000149011612,2.0,500.0,200.0,0.9900000095367432,300000.0,5000.0,45000.0,20000.0,0.019999999552965164,2.0,0.05000000074505806,0.019999999552965164,6.0,0.05000000074505806,0.019999999552965164,0.019999999552965164,88.30000305175781,0.10000000149011612,0.800000011920929,0.05000000074505806,0.009999999776482582,50.0,50.0,340.0,340.0,1000000.0,1,0,0,0,1,1,1,1,1,1,0,0,0,1,1,0,1.0,0.0,0.0,0.0,30.215320587158203,0.0,0.0,0.0,0.9137081503868103,0.9137081503868103,0.9137081503868103,5000.01513671875,4234333.5,4239333.5,50.0,27.613542556762695,0.4000000059604645,0.0,0.0,0.10000000149011612,0.1403389871120453,0.4925430119037628,22164.435546875,20.0,29.202341079711914,778730.8125,20.8934326171875,2757.56494140625,721.224365234375,0.7787308096885681,0.9090495705604553,9.471087455749512,1.0,3220170.0,3303669.0,9.716673851013184,20.0,0.2777886986732483,27.77886962890625,0.0,636.4223022460938,1084.5728759765625,100000.0,50000.0,1115.300048828125,50000.0,700.0,2000.0,2800000.0,3500000.0,4000000.0,9.999999747378752e-05,4.999999873689376e-05,500.0,20000.0,100.0,500.0,60000.0,1200.0,1.0,120.0,150000.0,3000.0,300.0,1.0,300.0,0.019999999552965164,0.019999999552965164,0.009999999776482582,0.009999999776482582,0.009999999776482582,0.019999999552965164,1.100000023841858,0.019999999552965164,4.0,0.019999999552965164,88.0,1613.0,0.009999999776482582,0.20000000298023224,3.0,5.0,600.0,0.0010000000474974513,88.0,88.0,2000.0,2340.0,-0.11599799990653992,-0.03561130166053772,-0.04758000001311302,-0.01752999983727932,1,0,1,0,0,1,1,230.0557403564453,230.0557403564453,0.923919677734375,0.923919677734375,0.0007907170220278203,20.8934326171875,163.8331756591797,98.17784118652344,505.408935546875,48.89256286621094,48.89256286621094,0.19635772705078125,0.19635772705078125,113.6303939819336,18.730453491210938,0.0,0.0,2663660.25,20.00048065185547,20.00048065185547,98.93963623046875,98.93963623046875,63647.7890625,63647.7890625,1.0607964992523193,1.0607964992523193,0.0421101376414299,0.0421101376414299,1.8336843252182007,1.8336843252182007,7672.3193359375,7672.3193359375,1.8342339992523193,101.46221923828125,103.6912612915039,2648422.5,20.00048065185547,20.00048065185547,165.18612670898438,165.18612670898438,109.85462951660156,109.85462951660156,459642.8125,459642.8125,0.0,72.95579528808594,72.95579528808594,145.91238403320312,156770.625,156770.625,1.0451375246047974,1.0451375246047974,165.39959716796875,109.85462951660156,0.0,0.0,0.0,135.41256713867188,135.41256713867188,270.82513427734375,0.0,0.0,0.0,0.0,0.0,135.41256713867188,135.41256713867188,0.026315800845623016,0.0,0.20000000298023224,0.0,0.0,0.0,0.0,0.0,0.0,0.9599996209144592,1.0,1.0,1.0,0.9999998211860657,0.9999998211860657,0.9999998211860657,190816.671875,193223.40625,0.0,14.750001907348633,0.0,14.750001907348633,7.25,12.0,10.25,296.3810119628906,297.7510070800781,29.5,-223865.734375,8164602.0,12224996.0,0.0,0.0,0.0,0.008534685708582401,0.008534685708582401,0.008534685708582401,1.0,208322.125,0.9959999918937683,0.9959999918937683,0.9959999918937683,0.9959999918937683,0.0,3950989.25,4215413.0,400358.53125,2606300.0,3888876.75,0.004234333522617817,0.00847866665571928,461.9593200683594,7.25,12.0,10.25,0.0,0.0,0.0,0.0,0.0,0.0,98.17863464355469,461.9720458984375,216.38375854492188,216.38375854492188,216.38375854492188,0.0,0.0,0.0,3.0066275596618652,0.0,0.7610793113708496,3.006375312805176,5.0,0.0040000081062316895,0.0040000081062316895,0.0040000081062316895,0.0040000081062316895,0.0,-0.4368000030517578,0.0,601325.5,163.8331756591797,163.8331756591797,0.0,20.0,2787757.5,7.25,12.0,10.25,20.0,20.0,20.0,0.0,0.0,0.7926306128501892,0.9211652278900146,10000.0,10000.0,0.011826000176370144,1038.5,0.027953999117016792,0.0,0.0,1.0878000259399414,1.0809999704360962,9.000000136438757e-05,103.0,33.220001220703125,1.8179999589920044,0.029999999329447746,49.0,8.329999923706055,4.159999847412109,58.0,302.0,4.5,0.699999988079071,0.4000000059604645,7.5,1.3799999952316284,2.492000102996826,7000.0,48.88999938964844,1.2000000476837158,45.0,62000.0,4590000.0,4250000.0,15900000.0,15100000.0,0.05000000074505806,0.17000000178813934,0.009999999776482582,15220000.0,1.6699999570846558,312.7799987792969,1.1100000143051147,4232.0,0.25,689000.0,4030000.0,9.829999923706055,8.550000190734863,12200000.0,231.10000610351562,88.3239974975586,633.0,1.1430000066757202,0.6858000159263611,-10.0,-3.7799999713897705,0.7799999713897705,295.5,4030000.0,12400000.0,0.9200000166893005,5.0,1,0,1,228,0,0,0,0,0,1,1,1,1,1,0,1,1,1,0,0,0,0,1,1,0,0,0,1,0,0,0,0,0,0,0,0,1,0,1,8,0,0,1,0,0.010697315447032452,5418619.0,1.0877995491027832,0.0,1.27811861038208,280.39666748046875,0.0,-0.000695644470397383,1,1,1,0,0,0,1,1,0,0,0,0,0,533,0.20000000298023224,0.20000000298023224,0.20000000298023224,0.0,2,0,0,0,0,0,0,0,0,0,0,0,0,0,0,0,0,0,0,0,0,0,0,0,0,0,0,0,0,0,0,0,0,0,0,0,0,0,0,0,0,0,0,0,0,0,0,0,0,0,0,1,0,0,0,0,0,0,0,0,0,0,0,0,0,0,0,0,0,0,0,0,0,0,0,0,0,0,0,0,0,0,0,0,0,0,0,0,0,0,0,0,0,0,0,0,0,0,0,0,0,0,0,0,0,0,0,0,0,0,0,0,0,0,0,0,0,0,0,0,0,0,0,0,0,0,0,0,0,0,0,0,0,0,0,0,0,0,0,0,0,0,0,1,0,0,0,0,0,0,0,0,0,0,0,-1,0,0,0,0,0,0,1,1,0,0,1.069731593132019,-5.315523624420166,0.0,-0.5423392057418823,-1.6815581571897805e-44,291.70001220703125,280.39666748046875,296.518310546875,-0.037826310843229294,99.20319366455078,2671.84619140625,1.0877995491027832,1.27811861038208,-1.0,11.3033447265625,6.827850029367255e-06,0.042172279208898544,100.0,27.0,0.0,7.799991607666016,4.011791706085205,1.0,1.0,39.96286392211914,0.26634177565574646,20.0,5.477422018884681e-05,0.0,73.97314453125,1.7323341369628906,1.8179994821548462,0.00036938843550160527,0.6817498207092285,0.5444816946983337,12.904106140136719,8.918519020080566,0.0,0.0,0.0,20.000003814697266,44.898040771484375,268.461181640625,20.0,0.9290843605995178,282.5899658203125,40.007659912109375,0.29459047317504883,276.6480712890625,276.8900146484375,276.66119384765625,283.59912109375,284.9808349609375,283.60076904296875,100.0,2.560225009918213,22.0,99.36046600341797,280.12359619140625,280.9354248046875,280.1309814453125,340.31793212890625,24.560224533081055,22.264514923095703,99.36046600341797,0.0,0.0,0.0,0.0,72.99073028564453,72.93223571777344,72.86028289794922,55.29387664794922,55.3067741394043,55.29213333129883,21.918996810913086,22.0164852142334,21.72992706298828,99.6102294921875,97.6039047241211,99.45111083984375,36.89999771118164,43.19999694824219,26.099998474121094,253.85562133789062,264.7879333496094,252.35702514648438,29.0,0.0,48.0,0.0,0.0,0.0,0.0,0.0,0.0,41.0,78.36749267578125,54.99007034301758,165.39959716796875,29.153644561767578,9.999999974752427e-07,4.085298538208008,0.0,101.46221923828125,0.0,721.224365234375,43.258583068847656,20.8934326171875,0.0,9.471087455749512,77.87307739257812,1.0,0.9716674089431763,20.0,0.0,60.0,120.0,0.0,120.0,0.0,0.0,0.0,0.0,18.131240844726562,89.18518829345703,2.0,200.0,0,0,0,0,0,0,0,0,0,0,0,0,99999,99999,27,403,1800,180,1800,0,0,-7,1,23,0,0,0,806,1424,29,31,32,0,1,0,1,0,1,0,0,1,0,0,0,0,0,1,0,0,0,0,1,0,0,0,1,0,0,0,1,0,0,0,0,0,0,0,0,0,0,0,0,1,0,1,0,0,1,1,0,0,1,1,0,1,0,1,0,1,1,0,0,1,1,0,0,1,0,1,0,0,1,1,0,1,0,0,0,0,1,0,1,0,1,0,0,0,1,0,0,0,0,0,0,1,0,0,1,0,1,0,0,1,1,0,1,0,0,1,0,0,0,1,0,1,1,1,0,0,1,0,0,0,0,0,1,1,1,0,0,0,0,0,0,0,1,0,1,0,1,0,1,0,1,0,0,0,0,0,0,0,0,1,1,1,1,0,1,0,1,1,1,1,1,1,1,0,0,0,0,0,0,1,0,1,1,1,1,1,1,1,1,1,1,1,1,0,0,1,1,0,0,1,1,0,1,1,0,0,1,1,1,0,0,0,0,1,1,1,1,0,1,1,1,1,0,0,1,1,0,1,0,1,1,0,1,1,1,1,1,1,1,1,0,1,0,0,0,0,0,0,0,0,0,0,1,0,0,1,0,0,0,0,0,1,1,1,1,0,0,0,1,0,0,0,0,0,1,0,0,1,0,0,0,0,0,0,0,0,0,0,0,0,1,0,0,0,0,1,0,0,0,1,0,0,0,0,0,0,0,0,0,1,0,0,0,0,0,0,1,0,1,0,1,1,0,0,0,0,0,1,1,0,0,0,0,0,0,1,0,1,0,0,1,0,0,0,0,1,0,0,0,0,0,0,0,0,0,0,0,0,0,0,0,0,0,0,0,0,0,0,0,0,0,0,0,0,0,0,0,0,0,0,0,0,0,0,0,0,0,0,0,0,0,0,0,0,0,0,0,0,0,0,1,0,1,0,0,0,0,0,1,0,0,0,0,0,0,0,0,0,0,0,0,0,0,0,1,0,0,0,0,0,0,0,0,0,0,0,0,0,0,1,0,0,0,0,0,0,0,0,0,0,1,0,0,0,0,0,0,0,0,0,0,0,0,0,0,0,0,0,0,0,0,0,0,0,0,0,0,0,1,0,0,0,0,0,0,1,1,1,0,0,0,0,0,0,-1,0,0,0,0,0,0,0,0,-1,0,0,-1,0,0,0,0,0,0,0,0,0,0,0,0,0,0,0,0,0,0,1,0,0,0,0,0,0,0,0,0,0,0,0,0,0,0,0,1,1,0,-1,-1,-1,1,1,1,0,0,0,0,1,0,0,1,1,0,0,0,0,1,0,0,0,0,0,0,0,0,0,0,0,0,0,0,0,0,0,0,0,0,0,0,0,0,0,0,0,0,0,1,1,0,1,0,1,1,0,1,0,1,1,0,1,0,0,1,0,0,0,0,0,0,0,0,0,0,0,0,0,0,0,0,0,0,0,0,0,0,0,0,0,0
0,1,1,300,228,8,8,228,114,25,1,0,0.0020000000949949026,4000.0,1.0,0.04500000178813934,25.0,48.0,8.0,291.70001220703125,1.7000000476837158,-3.179999907843012e-07,0.007360000163316727,0.008080000057816505,8.0,0.33000001311302185,0.0333000011742115,1.0,9.999999747378752e-06,21.0,9.999999747378752e-06,2775000064.0,9.000000136438757e-05,4.999999980020986e-13,5.0,40.0,3.0,-3.3499999046325684,3.3499999046325684,0.5,0.0004799999878741801,292.3927001953125,492.6077880859375,-0.0036125299520790577,0.002354159951210022,0.0008944629807956517,0.013157900422811508,0.800646185874939,0.02024419978260994,2650129920.0,0.006539999973028898,0,0,0,0,0,0,0,0,0,0,0,0,0,0,0,0,0,0,0,0,0,0,0,0,0,0,0,0,0,0,0,0,0,0,0,0,0,0,0,0,0,0,0,0,0,0,0,0,0,0,0,0,0,1,4,4,0,0,0,0,0,0,0,0,2,0,0.00040287981391884387,277.9124755859375,289.5053405761719,291.19573974609375,292.94305419921875,294.64971923828125,297.5508117675781,298.59423828125,299.3823547363281,299.81488037109375,299.93255615234375,299.7773742675781,299.4089660644531,298.8800964355469,298.26129150390625,297.6229248046875,297.14111328125,296.6734313964844,296.1501770019531,295.51263427734375,294.73779296875,293.81884765625,292.7911071777344,291.6996154785156,290.58935546875,289.50531005859375,0.03610289841890335,0.022947680205106735,0.7712840437889099,-0.03776903823018074,0.7571578621864319,0.7620449066162109,1164.186767578125,3.895426914368727e-07,0.12753289937973022,0.007875069044530392,0.010324176400899887,0.010446465574204922,0.02083538845181465,1.0,-1.6815581571897805e-44,-5.331030368804932,0.0,99.20147705078125,2671.99853515625,0.945683479309082,295.8982849121094,0.0,0.0,0.0,15.199990272521973,0.0,291.70001220703125,280675.84375,-0.5420386791229248,6.172981262207031,130.28829956054688,10.0,7750000.0,8160000.0,86.12000274658203,119.0999984741211,0.5,9.999999747378752e-05,0.0,3.299999952316284,200.0,0.30000001192092896,309.20001220703125,2.439019908706541e-06,0,0,0,1,1,1,0,24,0,279.8270263671875,0.0,0.0,0.0,0.0,0.0,0.0,1.1075105667114258,0.866545557975769,0.5343846082687378,0.2865629494190216,0.09687516838312149,0.0936017781496048,0.2134370505809784,0.2160699963569641,0.2153751254081726,1.0,25.0,24.0,5387765.5,5389195.0,5387935.5,276.1318359375,276.358154296875,276.118408203125,282.9967346191406,284.3619689941406,282.9951477050781,4400000.0,279.56427001953125,280.36004638671875,279.5567626953125,6.864898681640625,8.003814697265625,6.876739501953125,281.9967346191406,4575.896484375,4492.70947265625,4583.203125,10.430049896240234,10.438010215759277,10.449396133422852,27.73150634765625,0.0,0.0,0.0020000000949949026,276.2027893066406,283.4512939453125,-91.74275970458984,0.689475417137146,0.6977859735488892,0.6958266496658325,253.16424560546875,39.0,40.0,42.0,41.0,0.0,0.0,5377577.0,5347952.5,54.17839050292969,5.0,0.014999999664723873,-180000.0,600.0,1000000.0,400000.0,0.17000000178813934,22000.0,786000.0,120000.0,0.0,40.0,30.0,36.810001373291016,0.5,18.399999618530273,50000.0,115692.3984375,15.113750457763672,0,0,1,0,0,0,0,9683810.0,0.0,0.0,0.0,0.0,0.0,-5702986.0,400000.0,1000000.0,1.0,1400000.0,0.0,0.24261771142482758,9697014.0,126869.6328125,9683810.0,340.3173828125,40.007659912109375,2.4163336753845215,-5702986.0,0.0,0.0,0.0,2.206441640853882,40.007659912109375,0.0,22230.939453125,1.2010046243667603,0.0,0.0,0.0,20.0,14.711517333984375,22.0,0.0,0.0,0.0,0.05000000074505806,0.02500000037252903,0.17000000178813934,15400000.0,0.5,6.25,0.0006667000125162303,2.0,2410000.0,4140000.0,4.734799861907959,0.15000000596046448,0.20000000298023224,0.2199999988079071,1.0,0.0,-1.0,0.0,5.0,20.0,30.0,50.0,74.0,80.0,86.0,9.800000190734863,500000.0,1.0499999802959792e-07,0.5,750.0,1000.0,600.0,1000.0,1150.0,32.0,32.0,37.400001525878906,10.0,10.0,0.007000000216066837,0.5049999952316284,82.0,189.26499938964844,0.0,1.5099999904632568,231.60000610351562,20.0,36.0,16.600000381469727,16.5,225.0,-0.1756729930639267,27.5,-0.1756729930639267,30.485509872436523,0.1561516970396042,11.10221004486084,-1.8332500457763672,-75.0,4.3520002365112305,13.857000350952148,189.26499938964844,93.30000305175781,2650000.0,0.8500000238418579,7.570000171661377,1,1,1,0,0,0,0,0,0,0,0,1,3,3,0,0,1,0,0,0,0,1,0,1,1,0,0,0,1,1,1,0,0,0,0,0,0,0,0,1,0,0,0,1,0,0,1,0,0,1,12.05141544342041,29051.265625,2153.237060546875,0.00041483284439891577,0.0004361289902590215,0.0006248649442568421,0.0,0.0,0.0,0.0,0.0,0.0,0.5463385581970215,1.0,0.0,0.0,1.0,1.0,0.0,0.0,1.0,1.0,0.0,1.0,0.0,0.0,1.0,0.0,0.0,0.28215575218200684,0.36002102494239807,0.0006248649442568421,0.0,0.0006234438624233007,0.0,99998.78125,99999.0,1244306.875,2410000.0,36.20000076293945,36.20000076293945,36.20000076293945,32.368751525878906,268.0634765625,20.0,20.000003814697266,24.02347183227539,27.0,27.0,25.813905715942383,27.0,31.92722511291504,32.0,20.0,68.57752227783203,3445924.25,0.5446359515190125,7.559999942779541,0.0,8.918364524841309,0.0,0.0,43.870811462402344,1.401298464324817e-45,0.0,0.0,0.5049998760223389,0.5049998760223389,0.5049998760223389,0.18937495350837708,0.18937495350837708,0.18937495350837708,0.0,14.623588562011719,14.623588562011719,14.623588562011719,0.0,0.0,9.074999809265137,0.0,0.0,0.0,0.0,0.0,0.0,100.0,73.97314453125,0.2199999988079071,0.0,20.0,43.870811462402344,0.0,0.0,0.0,0.0,0.0,0.007000000216066837,0.0,0.0,9.074999809265137,0.0,1.7323341369628906,0.0,0.946874737739563,0.0,0.0,0.0,0.0,0.0,0.0,20.0,0.0,0.0,9386425.0,0.0,0.0,0.0,0.0,0.0,0.0,0.0,0.351500004529953,18.93000030517578,23.030000686645508,7.69199959904654e-06,0.08500000089406967,0.009999999776482582,24.0,27.0,8.800000190734863,500000.0,0.05000000074505806,2.7000000013543968e-09,2.7000000013543968e-09,145100.0,120000.0,14650000.0,86400.0,17.0,34.5,48.70000076293945,321.8999938964844,83170.0,0.0,1.0,1.0,0.0010000000474974513,725.0,0.0,0.5,0.0,0.0,57.31999969482422,837142.875,9359.77734375,117376.1015625,2623.89794921875,83026.390625,725.0,1.0204100362898316e-05,740000000.0,1,0,1,0,1,1,0,0,1,0,0,8.799991607666016,27.0,5515.23046875,0.0,0.0,0.0,0.0,2.2162578105926514,0.0004018117324449122,0.0,0.042423151433467865,39.96600341796875,1.0,26102.53125,10333.830078125,5.510012124432251e-05,140414208.0,783753024.0,847632128.0,2120182656.0,-9.454750061035156,-732.02099609375,-626288576.0,-1336429568.0,44.81764221191406,28.474903106689453,54.27239227294922,760.4959716796875,106381.3984375,4242.17578125,147974.375,167857.21875,124102.53125,77.39996337890625,39.96600341796875,39.96600341796875,1.0,5.510012124432251e-05,10333.830078125,809605988352.0,0.20287978649139404,137600.0,137600.0,66327924.0,54.27239227294922,6711.193359375,1.0,0.0,1700.0,250000.0,10000.0,1038.0,0.004999999888241291,400.0,5000.0,0,0,0,0,2959622.5,47.17375183105469,47.17375183105469,1216415.25,2787921.5,0.0,0.0,100062.9140625,0.06995201855897903,5358145.0,0.0,0.0,1.0,1.0,0.06995201855897903,275.3855285644531,99.01719665527344,0.0,5957889.0,409928.0625,99.01719665527344,1.0,1.0,1.0,0.0,463.1966552734375,0.0,462.3118896484375,1.0,0.0,7680000.0,250.5807342529297,262.83709716796875,252.03794860839844,0.9962778091430664,2787921.5,307.19207763671875,94.34750366210938,1.9962778091430664,0.0,268.1106872558594,1.0,0.0,-7.5742998123168945,0.0,0.0,9.999999974752427e-07,0.0,2.0,0.0003000000142492354,0.004999999888241291,0.0010000000474974513,2.0000000233721948e-07,2.0000000233721948e-07,0.0005555999814532697,993000000.0,1.0,0.05000000074505806,0.10000000149011612,0.0005000000237487257,0.0016700000269338489,0.009999999776482582,1.0,1.0,0.0010000000474974513,4.999999873689376e-05,0.00039999998989515007,0.019999999552965164,0.9891999959945679,0.9891999959945679,0.9950000047683716,0.9950000047683716,1,0,0,0,1,1,0,0,0,0,0,0,0,0,-0.0074569773860275745,-7404778.5,5000.01416015625,100062.9140625,0.0,2546223.0,0.0,1.0,2569281.25,0.0,0.0,60.0,180.0,1800.0,1800.0,0.0,0.0,0.0,0.0,-0.012236599810421467,0.0,0.0,0.0,0.0,0.0,0.0,0.0,0.0,0.0,0.0,0.0,6.602997746085748e-05,0.0,7.006492321624085e-44,1,1,0,1,1,1,1,1,1,1,1,0,1,0,1,1,1,1,0,1,0,1000,22,0,1,5001,113,0.0,0.0,120.0,120.0,0.0,0.0,0.4000000059604645,0.10000000149011612,0.10000000149011612,2.0,500.0,200.0,0.9900000095367432,300000.0,5000.0,45000.0,20000.0,0.019999999552965164,2.0,0.05000000074505806,0.019999999552965164,6.0,0.05000000074505806,0.019999999552965164,0.019999999552965164,88.30000305175781,0.10000000149011612,0.800000011920929,0.05000000074505806,0.009999999776482582,50.0,50.0,340.0,340.0,1000000.0,1,0,0,0,1,1,1,1,1,1,0,0,0,1,1,0,1.0,0.0,0.0,0.0,30.1019287109375,0.0,0.0,0.0,0.9134470224380493,0.9134470224380493,0.9134470224380493,5000.013671875,4242444.0,4247444.0,50.0,27.613502502441406,0.4000000059604645,0.0,0.0,0.10000000149011612,0.13953502476215363,0.4925430119037628,22164.435546875,20.0,29.202341079711914,778851.3125,20.86630630493164,2753.42626953125,721.224365234375,0.778851330280304,0.9085440039634705,9.471048355102539,1.0,3220156.5,3303651.0,9.716620445251465,20.0,0.27783524990081787,27.783525466918945,0.0,636.4223022460938,1112.0791015625,100000.0,50000.0,1115.300048828125,50000.0,700.0,2000.0,2800000.0,3500000.0,4000000.0,9.999999747378752e-05,4.999999873689376e-05,500.0,20000.0,100.0,500.0,60000.0,1200.0,1.0,120.0,150000.0,3000.0,300.0,1.0,300.0,0.019999999552965164,0.019999999552965164,0.009999999776482582,0.009999999776482582,0.009999999776482582,0.019999999552965164,1.100000023841858,0.019999999552965164,4.0,0.019999999552965164,88.0,1613.0,0.009999999776482582,0.20000000298023224,3.0,5.0,600.0,0.0010000000474974513,88.0,88.0,2000.0,2340.0,-0.11599799990653992,-0.03561130166053772,-0.04758000001311302,-0.01752999983727932,1,0,1,0,0,1,1,223.93576049804688,223.93576049804688,0.8993377685546875,0.8993377685546875,0.0007551548769697547,20.86630630493164,163.81834411621094,94.1390380859375,492.44085693359375,46.88124084472656,46.88124084472656,0.1882781982421875,0.1882781982421875,108.68284606933594,16.57150650024414,0.0,0.0,2663660.25,20.00048065185547,20.00048065185547,98.80596923828125,98.80596923828125,63604.21484375,63604.21484375,1.060070276260376,1.060070276260376,0.03497600927948952,0.03497600927948952,0.16060671210289001,0.16060671210289001,671.99462890625,671.99462890625,0.161143958568573,101.10155487060547,103.14353942871094,2648500.5,20.00048065185547,20.00048065185547,165.19351196289062,165.19351196289062,108.90116882324219,108.90116882324219,455653.4375,455653.4375,0.0,72.08433532714844,72.08433532714844,144.16941833496094,156717.953125,156717.953125,1.0447863340377808,1.0447863340377808,165.3051300048828,108.90116882324219,0.0,0.0,0.0,134.3590087890625,134.3590087890625,268.718017578125,0.0,0.0,0.0,0.0,0.0,134.3590087890625,134.3590087890625,0.026315800845623016,0.0,0.20000000298023224,0.0,0.0,0.0,0.0,0.0,0.0,0.9599996209144592,1.0,1.0,1.0,0.9999998211860657,0.9999998211860657,0.9999998211860657,190816.28125,193222.890625,0.0,14.750001907348633,0.0,14.750001907348633,7.25,12.0,10.25,296.3810119628906,297.7510070800781,29.5,-204967.609375,8376188.0,12224996.0,0.0,0.0,0.0,0.007550943177193403,0.007550943177193403,0.007550943177193403,1.0,203266.828125,0.9959999918937683,0.9959999918937683,0.9959999918937683,0.9959999918937683,0.0,3968266.5,4218802.5,382577.4375,2606300.0,3905426.25,0.004242443945258856,0.008494887501001358,449.6701965332031,7.25,12.0,10.25,0.0,0.0,0.0,0.0,0.0,0.0,94.1397933959961,449.68292236328125,211.51632690429688,211.51632690429688,211.51632690429688,0.0,0.0,0.0,3.0073840618133545,0.0,0.7652071118354797,3.007132053375244,5.0,0.0040000081062316895,0.0040000081062316895,0.0040000081062316895,0.0040000081062316895,0.0,-0.4368000030517578,0.0,601476.8125,163.81834411621094,163.81834411621094,0.0,20.0,2787842.5,7.25,12.0,10.25,20.0,20.0,20.0,0.0,0.0,0.7926306128501892,0.9211652278900146,10000.0,10000.0,0.011826000176370144,1038.5,0.027953999117016792,0.0,0.0,1.0878000259399414,1.0809999704360962,9.000000136438757e-05,103.0,33.220001220703125,1.8179999589920044,0.029999999329447746,49.0,8.329999923706055,4.159999847412109,58.0,302.0,4.5,0.699999988079071,0.4000000059604645,7.5,1.3799999952316284,2.492000102996826,7000.0,48.88999938964844,1.2000000476837158,45.0,62000.0,4590000.0,4250000.0,15900000.0,15100000.0,0.05000000074505806,0.17000000178813934,0.009999999776482582,15220000.0,1.6699999570846558,312.7799987792969,1.1100000143051147,4232.0,0.25,689000.0,4030000.0,9.829999923706055,8.550000190734863,12200000.0,231.10000610351562,88.3239974975586,633.0,1.1430000066757202,0.6858000159263611,-10.0,-3.7799999713897705,0.7799999713897705,295.5,4030000.0,12400000.0,0.9200000166893005,5.0,1,0,1,228,0,0,0,0,0,1,1,1,1,1,0,1,1,1,0,0,0,0,1,1,0,0,0,1,0,0,0,0,0,0,0,0,1,0,1,8,0,0,1,0,0.010324176400899887,5387765.5,1.0877995491027832,0.0,1.285140037536621,279.96875,0.0,-0.0006588888354599476,1,1,1,0,0,0,1,1,0,0,0,0,0,536,0.20000000298023224,0.20000000298023224,0.20000000298023224,0.0,2,0,0,0,0,0,0,0,0,0,0,0,0,0,0,0,0,0,0,0,0,0,0,0,0,0,0,0,0,0,0,0,0,0,0,0,0,0,0,0,0,0,0,0,0,0,0,0,0,0,0,1,0,0,0,0,0,0,0,0,0,0,0,0,0,0,0,0,0,0,0,0,0,0,0,0,0,0,0,0,0,0,0,0,0,0,0,0,0,0,0,0,0,0,0,0,0,0,0,0,0,0,0,0,0,0,0,0,0,0,0,0,0,0,0,0,0,0,0,0,0,0,0,0,0,0,0,0,0,0,0,0,0,0,0,0,0,0,0,0,0,0,0,1,0,0,0,0,0,0,0,0,0,0,0,-1,0,0,0,0,0,0,1,1,0,0,1.03241765499115,-5.331030368804932,0.0,-0.5420386791229248,-1.6815581571897805e-44,291.70001220703125,279.96875,295.8982849121094,-0.03776903823018074,99.20147705078125,2671.99853515625,1.0877995491027832,1.285140037536621,-1.0,11.73126220703125,6.827850029367255e-06,0.042423151433467865,100.0,27.0,0.0,7.799991607666016,4.014261245727539,1.0,1.0,39.96600341796875,0.2663528621196747,20.0,5.510012124432251e-05,0.0,73.97314453125,1.7323341369628906,1.8179994821548462,0.00036938843550160527,0.6817498207092285,0.5446359515190125,12.69703197479248,8.918364524841309,0.0,0.0,0.0,20.000003814697266,44.898040771484375,268.0634765625,20.0,0.9284720420837402,282.14434814453125,40.007659912109375,0.29459047317504883,276.25018310546875,276.49053955078125,276.26348876953125,283.1453857421875,284.51593017578125,283.14703369140625,100.0,2.2617712020874023,22.0,98.94930267333984,279.6977844238281,280.50323486328125,279.70526123046875,340.31744384765625,24.261770248413086,22.114044189453125,98.94930267333984,0.0,0.0,0.0,0.0,72.74661254882812,72.67256164550781,72.61311340332031,54.979034423828125,54.991886138916016,54.977298736572266,21.537511825561523,21.60700035095215,21.343704223632812,99.63184356689453,97.65454864501953,99.47283172607422,36.89999771118164,43.19999694824219,26.099998474121094,252.49649047851562,263.3183288574219,251.0140380859375,29.0,0.0,48.0,0.0,0.0,0.0,0.0,0.0,0.0,41.0,78.36749267578125,54.675048828125,165.3051300048828,28.986024856567383,9.999999974752427e-07,3.9038586616516113,0.0,101.10155487060547,0.0,721.224365234375,43.341346740722656,20.86630630493164,0.0,9.471048355102539,77.8851318359375,1.0,0.9716620445251465,20.0,0.0,60.0,120.0,0.0,120.0,0.0,0.0,0.0,0.0,18.136377334594727,89.18364715576172,2.0,200.0,0,0,0,0,0,0,0,0,0,0,0,0,99999,99999,27,403,1800,180,1800,0,0,-7,1,23,0,0,0,806,1424,29,31,32,0,1,0,1,0,1,0,0,1,0,0,0,0,0,1,0,0,0,0,1,0,0,0,1,0,0,0,1,0,0,0,0,0,0,0,0,0,0,0,0,1,0,1,0,0,1,1,0,0,1,1,0,1,0,1,0,1,1,0,0,1,1,0,0,1,0,1,0,0,1,1,0,1,0,0,0,0,1,0,1,0,1,0,0,0,1,0,0,0,0,0,0,1,0,0,1,0,1,0,0,1,1,0,1,0,0,1,0,0,0,1,0,1,1,1,0,0,1,0,0,0,0,0,1,1,1,0,0,0,0,0,0,0,1,0,1,0,1,0,1,0,1,0,0,0,0,0,0,0,0,1,1,1,1,0,1,0,1,1,1,1,1,1,1,0,0,0,0,0,0,1,0,1,1,1,1,1,1,1,1,1,1,1,1,0,0,1,1,0,0,1,1,0,1,1,0,0,1,1,1,0,0,0,0,1,1,1,1,0,1,1,1,1,0,0,1,1,0,1,0,1,1,0,1,1,1,1,1,1,1,1,0,1,0,0,0,0,0,0,0,0,0,0,1,0,0,1,0,0,0,0,0,0,1,1,0,0,0,0,1,0,0,0,0,0,1,0,0,1,0,0,0,0,0,0,0,0,0,0,0,0,0,0,0,0,0,0,0,0,0,0,0,0,0,0,0,0,0,0,0,1,0,0,0,0,0,0,1,0,0,0,1,1,0,0,0,0,0,1,1,0,0,0,0,0,0,0,0,1,0,0,1,0,0,0,0,1,0,0,0,0,0,0,0,0,0,0,0,0,0,0,0,0,0,0,0,0,0,0,0,0,0,0,0,0,0,0,0,0,0,0,0,0,0,0,0,0,0,0,0,0,0,0,0,0,0,0,0,0,0,0,1,0,1,0,0,0,0,0,1,0,0,0,0,0,0,0,0,0,0,0,0,0,0,0,1,0,0,0,0,0,0,0,0,0,0,0,0,0,0,1,0,0,0,0,0,0,0,0,0,0,1,0,0,0,0,0,0,0,0,0,0,0,0,0,0,0,0,0,0,0,0,0,0,0,0,0,0,0,1,0,0,0,0,0,0,1,1,1,0,0,0,0,0,0,-1,0,0,0,0,0,0,0,0,-1,0,0,-1,0,0,0,0,0,0,0,0,0,0,0,0,0,0,0,0,0,0,1,0,0,0,0,0,0,0,0,0,0,0,0,0,0,0,0,1,1,0,-1,-1,-1,1,1,1,0,0,0,0,1,0,0,1,1,0,0,0,0,1,0,0,0,0,0,0,0,0,0,0,0,0,0,0,0,0,0,0,0,0,0,0,0,0,0,0,0,0,0,1,1,0,1,0,1,1,0,1,0,1,1,0,1,0,0,1,0,0,0,0,0,0,0,0,0,0,0,0,0,0,0,0,0,0,0,0,0,0,0,0,0,0
0,1,1,300,228,8,8,228,114,25,1,0,0.0020000000949949026,4000.0,1.0,0.04500000178813934,25.0,48.0,8.0,291.70001220703125,1.7000000476837158,-3.179999907843012e-07,0.007360000163316727,0.008080000057816505,8.0,0.33000001311302185,0.0333000011742115,1.0,9.999999747378752e-06,21.0,9.999999747378752e-06,2775000064.0,9.000000136438757e-05,4.999999980020986e-13,5.0,40.0,3.0,-3.3499999046325684,3.3499999046325684,0.5,0.0004799999878741801,292.3927001953125,492.6077880859375,-0.0036125299520790577,0.002354159951210022,0.0008944629807956517,0.013157900422811508,0.800646185874939,0.02024419978260994,2650129920.0,0.006539999973028898,0,0,0,0,0,0,0,0,0,0,0,0,0,0,0,0,0,0,0,0,0,0,0,0,0,0,0,0,0,0,0,0,0,0,0,0,0,0,0,0,0,0,0,0,0,0,0,0,0,0,0,0,0,1,4,4,0,0,0,0,0,0,0,0,2,0,0.00040287981391884387,277.508056640625,288.93585205078125,290.6033630371094,292.3267517089844,294.01025390625,296.8741455078125,297.90618896484375,298.68731689453125,299.119384765625,299.2425842285156,299.0984802246094,298.7466125488281,298.2372131347656,297.638916015625,297.0202941894531,296.5584716796875,296.10809326171875,295.59906005859375,294.9725341796875,294.20587158203125,293.29248046875,292.2683410644531,291.17926025390625,290.0710754394531,288.9896240234375,0.03651244565844536,0.022645894438028336,0.7712708115577698,-0.037700898945331573,0.7571896910667419,0.7590193748474121,1126.046630859375,3.7675539488191134e-07,0.12507708370685577,0.007623198442161083,0.009970412589609623,0.01008619461208582,0.020893530920147896,1.0,-1.6815581571897805e-44,-5.3462724685668945,0.0,99.19978332519531,2672.150634765625,0.9457232356071472,295.2901306152344,0.0,0.0,0.0,15.799989700317383,0.0,291.70001220703125,280676.40625,-0.54173743724823,6.168915748596191,130.28829956054688,10.0,7750000.0,8160000.0,86.12000274658203,119.0999984741211,0.5,9.999999747378752e-05,0.0,3.299999952316284,200.0,0.30000001192092896,309.20001220703125,2.439019908706541e-06,0,0,0,1,1,1,0,24,0,279.4049072265625,0.0,0.0,0.0,0.0,0.0,0.0,1.1157286167144775,0.866521418094635,0.5348472595214844,0.29044070839881897,0.0997377261519432,0.09643975645303726,0.20955929160118103,0.21196721494197845,0.21154598891735077,1.0,25.0,24.0,5357333.5,5358757.5,5357504.0,275.73944091796875,275.96417236328125,275.72576904296875,282.54901123046875,283.9036865234375,282.5474853515625,4400000.0,279.14422607421875,279.9339294433594,279.1366271972656,6.8095703125,7.93951416015625,6.82171630859375,281.55682373046875,4576.86865234375,4495.02294921875,4584.17236328125,10.394383430480957,10.400616645812988,10.41418170928955,27.87432861328125,0.0,0.0,0.0020000000949949026,275.8097839355469,283.00006103515625,-90.39673614501953,0.6768571138381958,0.6844440698623657,0.6833677291870117,251.978271484375,39.0,40.0,42.0,41.0,0.0,0.0,5347279.0,5317637.0,54.053565979003906,5.0,0.014999999664723873,-180000.0,600.0,1000000.0,400000.0,0.17000000178813934,22000.0,786000.0,120000.0,0.0,40.0,30.0,36.810001373291016,0.5,18.399999618530273,50000.0,115692.3984375,15.113750457763672,0,0,1,0,0,0,0,9644861.0,0.0,0.0,0.0,0.0,0.0,-5742264.0,400000.0,1000000.0,1.0,1400000.0,0.0,0.2396797388792038,9657736.0,126869.6328125,9644861.0,340.31671142578125,40.007659912109375,2.387103796005249,-5742264.0,0.0,0.0,0.0,2.1917052268981934,40.007659912109375,0.0,22230.939453125,1.2010046243667603,0.0,0.0,0.0,20.0,14.711517333984375,22.0,0.0,0.0,0.0,0.05000000074505806,0.02500000037252903,0.17000000178813934,15400000.0,0.5,6.25,0.0006667000125162303,2.0,2410000.0,4140000.0,4.734799861907959,0.15000000596046448,0.20000000298023224,0.2199999988079071,1.0,0.0,-1.0,0.0,5.0,20.0,30.0,50.0,74.0,80.0,86.0,9.800000190734863,500000.0,1.0499999802959792e-07,0.5,750.0,1000.0,600.0,1000.0,1150.0,32.0,32.0,37.400001525878906,10.0,10.0,0.007000000216066837,0.5049999952316284,82.0,189.26499938964844,0.0,1.5099999904632568,231.60000610351562,20.0,36.0,16.600000381469727,16.5,225.0,-0.1756729930639267,27.5,-0.1756729930639267,30.485509872436523,0.1561516970396042,11.10221004486084,-1.8332500457763672,-75.0,4.3520002365112305,13.857000350952148,189.26499938964844,93.30000305175781,2650000.0,0.8500000238418579,7.570000171661377,1,1,1,0,0,0,0,0,0,0,0,1,3,3,0,0,1,0,0,0,0,1,0,1,1,0,0,0,1,1,1,0,0,0,0,0,0,0,0,1,0,0,0,1,0,0,1,0,0,1,12.05141544342041,29051.265625,2153.220703125,0.00041483284439891577,0.0004361289902590215,0.0006248649442568421,0.0,0.0,0.0,0.0,0.0,0.0,0.5458428263664246,1.0,0.0,0.0,1.0,1.0,0.0,0.0,1.0,1.0,0.0,1.0,0.0,0.0,1.0,0.0,0.0,0.27762800455093384,0.3542437255382538,0.0006248649442568421,0.0,0.0006234481115825474,0.0,99998.78125,99999.0,1224339.5,2410000.0,36.20000076293945,36.20000076293945,36.20000076293945,32.36354446411133,267.6697998046875,20.0,20.000003814697266,24.02347183227539,27.0,27.0,25.813905715942383,27.0,31.927440643310547,32.0,20.0,68.57752227783203,3445898.0,0.5446359515190125,7.559999942779541,0.0,8.918364524841309,0.0,0.0,44.001731872558594,1.401298464324817e-45,0.0,0.0,0.5049998760223389,0.5049998760223389,0.5049998760223389,0.18937495350837708,0.18937495350837708,0.18937495350837708,0.0,14.667228698730469,14.667228698730469,14.667228698730469,0.0,0.0,9.074999809265137,0.0,0.0,0.0,0.0,0.0,0.0,100.0,73.97314453125,0.2199999988079071,0.0,20.0,44.001731872558594,0.0,0.0,0.0,0.0,0.0,0.007000000216066837,0.0,0.0,9.074999809265137,0.0,1.7323341369628906,0.0,0.946874737739563,0.0,0.0,0.0,0.0,0.0,0.0,20.0,0.0,0.0,9347432.0,0.0,0.0,0.0,0.0,0.0,0.0,0.0,0.351500004529953,18.93000030517578,23.030000686645508,7.69199959904654e-06,0.08500000089406967,0.009999999776482582,24.0,27.0,8.800000190734863,500000.0,0.05000000074505806,2.7000000013543968e-09,2.7000000013543968e-09,145100.0,120000.0,14650000.0,86400.0,17.0,34.5,48.70000076293945,321.8999938964844,83170.0,0.0,1.0,1.0,0.0010000000474974513,725.0,0.0,0.5,0.0,0.0,57.31999969482422,837142.875,9359.77734375,117376.1015625,2623.89794921875,83026.390625,725.0,1.0204100362898316e-05,740000000.0,1,0,1,0,1,1,0,0,1,0,0,8.799991607666016,27.0,5547.7685546875,0.0,0.0,0.0,0.0,2.2293667793273926,0.0004018168256152421,0.0,0.04267343506217003,39.96889114379883,1.0,26103.5234375,10392.291015625,5.5425258324248716e-05,139266288.0,776026688.0,839642944.0,2108500864.0,-9.197063446044922,-727.8103637695312,-619796032.0,-1332474240.0,44.94856262207031,28.474903106689453,54.145626068115234,756.2852783203125,106381.3984375,4242.7900390625,148006.296875,167869.34375,124103.5234375,77.99995422363281,39.96889114379883,39.96889114379883,1.0,5.5425258324248716e-05,10392.291015625,806996017152.0,0.20292402803897858,137600.0,137600.0,66065068.0,54.145626068115234,6712.126953125,1.0,0.0,1700.0,250000.0,10000.0,1038.0,0.004999999888241291,400.0,5000.0,0,0,0,0,2959622.5,46.891273498535156,46.891273498535156,1216415.25,2787994.5,0.0,0.0,99825.1328125,0.05810102820396423,5327698.5,0.0,0.0,1.0,1.0,0.05810102820396423,275.3855285644531,98.9416732788086,0.0,5957889.0,409607.3125,98.9416732788086,1.0,1.0,1.0,0.0,460.5548400878906,0.0,459.68243408203125,1.0,0.0,7680000.0,249.25021362304688,261.3931579589844,250.6986541748047,0.9967068433761597,2787994.5,305.5470275878906,93.78254699707031,1.9967068433761597,0.0,267.7507629394531,1.0,0.0,-7.5742998123168945,0.0,0.0,9.999999974752427e-07,0.0,2.0,0.0003000000142492354,0.004999999888241291,0.0010000000474974513,2.0000000233721948e-07,2.0000000233721948e-07,0.0005555999814532697,993000000.0,1.0,0.05000000074505806,0.10000000149011612,0.0005000000237487257,0.0016700000269338489,0.009999999776482582,1.0,1.0,0.0010000000474974513,4.999999873689376e-05,0.00039999998989515007,0.019999999552965164,0.9891999959945679,0.9891999959945679,0.9950000047683716,0.9950000047683716,1,0,0,0,1,1,0,0,0,0,0,0,0,0,-0.0074569773860275745,-7404778.5,5000.0126953125,99825.1328125,0.0,2546223.0,0.0,1.0,2569281.25,0.0,0.0,60.0,180.0,1800.0,1800.0,0.0,0.0,0.0,0.0,-0.012236599810421467,0.0,0.0,0.0,0.0,0.0,0.0,0.0,0.0,0.0,0.0,0.0,6.602997746085748e-05,0.0,7.006492321624085e-44,1,1,0,1,1,1,1,1,1,1,1,0,1,0,1,1,1,1,0,1,0,1000,23,0,1,5001,116,0.0,0.0,120.0,120.0,0.0,0.0,0.4000000059604645,0.10000000149011612,0.10000000149011612,2.0,500.0,200.0,0.9900000095367432,300000.0,5000.0,45000.0,20000.0,0.019999999552965164,2.0,0.05000000074505806,0.019999999552965164,6.0,0.05000000074505806,0.019999999552965164,0.019999999552965164,88.30000305175781,0.10000000149011612,0.800000011920929,0.05000000074505806,0.009999999776482582,50.0,50.0,340.0,340.0,1000000.0,1,0,0,0,1,1,1,1,1,1,0,0,0,1,1,0,1.0,0.0,0.0,0.0,29.995349884033203,0.0,0.0,0.0,0.913178026676178,0.913178026676178,0.913178026676178,5000.01220703125,4250446.5,4255446.5,50.0,27.613462448120117,0.4000000059604645,0.0,0.0,0.10000000149011612,0.13874214887619019,0.4925430119037628,22164.435546875,20.0,29.202341079711914,778976.5,20.84062385559082,2749.510498046875,721.224365234375,0.7789765000343323,0.9080263376235962,9.471009254455566,1.0,3220143.0,3303633.0,9.716567039489746,20.0,0.2778807282447815,27.78807258605957,0.0,636.4223022460938,1139.813720703125,100000.0,50000.0,1115.300048828125,50000.0,700.0,2000.0,2800000.0,3500000.0,4000000.0,9.999999747378752e-05,4.999999873689376e-05,500.0,20000.0,100.0,500.0,60000.0,1200.0,1.0,120.0,150000.0,3000.0,300.0,1.0,300.0,0.019999999552965164,0.019999999552965164,0.009999999776482582,0.009999999776482582,0.009999999776482582,0.019999999552965164,1.100000023841858,0.019999999552965164,4.0,0.019999999552965164,88.0,1613.0,0.009999999776482582,0.20000000298023224,3.0,5.0,600.0,0.0010000000474974513,88.0,88.0,2000.0,2340.0,-0.11599799990653992,-0.03561130166053772,-0.04758000001311302,-0.01752999983727932,1,0,1,0,0,1,1,217.9427032470703,217.9427032470703,0.875274658203125,0.875274658203125,0.0007216839585453272,20.84062385559082,163.80340576171875,90.33775329589844,479.6812438964844,44.98820114135742,44.98820114135742,0.18067550659179688,0.18067550659179688,104.02626037597656,14.661408424377441,0.0,0.0,2663660.25,20.00048065185547,20.00048065185547,98.68389129638672,98.68389129638672,63561.15625,63561.15625,1.0593526363372803,1.0593526363372803,0.029050514101982117,0.029050514101982117,-1.5145282745361328,-1.5145282745361328,-6336.9384765625,-6336.9384765625,-1.5140025615692139,100.76811218261719,102.63778686523438,2648572.25,20.00048065185547,20.00048065185547,165.20359802246094,165.20359802246094,107.99978637695312,107.99978637695312,451881.9375,451881.9375,0.0,71.22315979003906,71.22315979003906,142.44703674316406,156665.734375,156665.734375,1.0444382429122925,1.0444382429122925,165.222412109375,107.99978637695312,0.0,0.0,0.0,133.31472778320312,133.31472778320312,266.62945556640625,0.0,0.0,0.0,0.0,0.0,133.31472778320312,133.31472778320312,0.026315800845623016,0.0,0.20000000298023224,0.0,0.0,0.0,0.0,0.0,0.0,0.9599996209144592,1.0,1.0,1.0,0.9999998211860657,0.9999998211860657,0.9999998211860657,190815.875,193222.359375,0.0,14.750001907348633,0.0,14.750001907348633,7.25,12.0,10.25,296.3810119628906,297.7510070800781,29.5,-187204.78125,8575164.0,12224996.0,0.0,0.0,0.0,0.006680591031908989,0.006680591031908989,0.006680591031908989,1.0,198494.0625,0.9959999918937683,0.9959999918937683,0.9959999918937683,0.9959999918937683,0.0,3985000.5,4222727.5,365842.0,2606300.0,3921884.25,0.004250446334481239,0.0085108932107687,437.6359558105469,7.25,12.0,10.25,0.0,0.0,0.0,0.0,0.0,0.0,90.3384780883789,437.6487121582031,206.6604461669922,206.6604461669922,206.6604461669922,0.0,0.0,0.0,3.0081403255462646,0.0,0.7697888612747192,3.0078883171081543,5.0,0.0040000081062316895,0.0040000081062316895,0.0040000081062316895,0.0040000081062316895,0.0,-0.4368000030517578,0.0,601628.0625,163.80340576171875,163.80340576171875,0.0,20.0,2787920.75,7.25,12.0,10.25,20.0,20.0,20.0,0.0,0.0,0.7926306128501892,0.9211652278900146,10000.0,10000.0,0.011826000176370144,1038.5,0.027953999117016792,0.0,0.0,1.0878000259399414,1.0809999704360962,9.000000136438757e-05,103.0,33.220001220703125,1.8179999589920044,0.029999999329447746,49.0,8.329999923706055,4.159999847412109,58.0,302.0,4.5,0.699999988079071,0.4000000059604645,7.5,1.3799999952316284,2.492000102996826,7000.0,48.88999938964844,1.2000000476837158,45.0,62000.0,4590000.0,4250000.0,15900000.0,15100000.0,0.05000000074505806,0.17000000178813934,0.009999999776482582,15220000.0,1.6699999570846558,312.7799987792969,1.1100000143051147,4232.0,0.25,689000.0,4030000.0,9.829999923706055,8.550000190734863,12200000.0,231.10000610351562,88.3239974975586,633.0,1.1430000066757202,0.6858000159263611,-10.0,-3.7799999713897705,0.7799999713897705,295.5,4030000.0,12400000.0,0.9200000166893005,5.0,1,0,1,228,0,0,0,0,0,1,1,1,1,1,0,1,1,1,0,0,0,0,1,1,0,0,0,1,0,0,0,0,0,0,0,0,1,0,1,8,0,0,1,0,0.009970412589609623,5357333.5,1.0877995491027832,0.0,1.2921476364135742,279.5451354980469,0.0,-0.0006243064417503774,1,1,1,0,0,0,1,1,0,0,0,0,0,539,0.20000000298023224,0.20000000298023224,0.20000000298023224,0.0,2,0,0,0,0,0,0,0,0,0,0,0,0,0,0,0,0,0,0,0,0,0,0,0,0,0,0,0,0,0,0,0,0,0,0,0,0,0,0,0,0,0,0,0,0,0,0,0,0,0,0,1,0,0,0,0,0,0,0,0,0,0,0,0,0,0,0,0,0,0,0,0,0,0,0,0,0,0,0,0,0,0,0,0,0,0,0,0,0,0,0,0,0,0,0,0,0,0,0,0,0,0,0,0,0,0,0,0,0,0,0,0,0,0,0,0,0,0,0,0,0,0,0,0,0,0,0,0,0,0,0,0,0,0,0,0,0,0,0,0,0,0,0,1,0,0,0,0,0,0,0,0,0,0,0,-1,0,0,0,0,0,0,1,1,0,0,0.9970412850379944,-5.3462724685668945,0.0,-0.54173743724823,-1.6815581571897805e-44,291.70001220703125,279.5451354980469,295.2901306152344,-0.037700898945331573,99.19978332519531,2672.150634765625,1.0877995491027832,1.2921476364135742,-1.0,12.154876708984375,6.827850029367255e-06,0.04267343506217003,100.0,27.0,0.0,7.799991607666016,4.016711235046387,1.0,1.0,39.96889114379883,0.2663629651069641,20.0,5.5425258324248716e-05,0.0,73.97314453125,1.7323341369628906,1.8179994821548462,0.00036938843550160527,0.6817498207092285,0.5446359515190125,12.49328327178955,8.918364524841309,0.0,0.0,0.0,20.000003814697266,44.898040771484375,267.6697998046875,20.0,0.9278602600097656,281.70294189453125,40.007659912109375,0.29459047317504883,275.85626220703125,276.09503173828125,275.86981201171875,282.69610595703125,284.055908203125,282.69781494140625,100.0,1.9679739475250244,22.0,98.54850769042969,279.27618408203125,280.0754699707031,279.2838134765625,340.31689453125,23.967973709106445,21.965923309326172,98.54850769042969,0.0,0.0,0.0,0.0,72.50190734863281,72.41259002685547,72.36529541015625,54.66850662231445,54.68130111694336,54.66676712036133,21.154598236083984,21.19672203063965,20.955928802490234,99.6529312133789,97.7050552368164,99.49408721923828,36.89999771118164,43.19999694824219,26.099998474121094,251.14410400390625,261.8527526855469,249.6707000732422,29.0,0.0,48.0,0.0,0.0,0.0,0.0,0.0,0.0,41.0,78.36749267578125,54.3643684387207,165.222412109375,28.820701599121094,9.999999974752427e-07,3.733088493347168,0.0,100.76811218261719,0.0,721.224365234375,43.423004150390625,20.84062385559082,0.0,9.471009254455566,77.89765167236328,1.0,0.9716566801071167,20.0,0.0,60.0,120.0,0.0,120.0,0.0,0.0,0.0,0.0,18.136377334594727,89.18364715576172,2.0,200.0,0,0,0,0,0,0,0,0,0,0,0,0,99999,99999,27,403,1800,180,1800,0,0,-7,0,23,0,0,0,806,1424,29,31,32,0,1,0,1,0,1,0,0,1,0,0,0,0,0,1,0,0,0,0,1,0,0,0,1,0,0,0,1,0,0,0,0,0,0,0,0,0,0,0,0,1,0,1,0,0,1,1,0,0,1,1,0,1,0,1,0,1,1,0,0,0,1,0,0,0,0,0,0,0,1,1,0,1,0,0,0,0,0,0,0,0,1,0,0,0,1,0,0,0,0,0,0,1,0,0,1,0,1,0,0,1,0,0,1,0,0,1,0,0,0,1,0,1,1,1,0,0,1,0,0,0,0,0,1,1,1,0,0,0,0,0,0,0,1,0,1,0,1,0,1,0,1,0,0,0,0,0,0,0,0,1,1,1,1,0,1,0,1,1,1,1,1,1,1,0,0,0,0,0,0,1,0,1,1,1,1,1,1,1,1,1,1,1,0,0,0,1,1,0,0,1,1,0,1,1,0,0,1,1,1,0,0,0,0,1,1,1,1,0,1,1,1,1,0,0,1,1,0,1,0,1,1,0,1,1,1,1,1,1,1,1,0,1,0,0,0,0,0,0,0,0,0,0,1,0,0,1,0,0,0,0,0,0,0,0,0,0,0,0,0,0,0,0,0,0,0,0,0,0,0,0,0,0,0,0,0,0,0,0,0,0,0,0,0,0,0,0,0,0,0,0,0,0,0,0,0,0,0,0,0,0,0,0,0,0,0,0,0,0,0,0,0,0,0,0,0,0,0,0,0,0,0,0,0,0,0,0,0,0,0,0,0,0,0,0,0,0,0,0,0,0,0,0,0,0,0,0,0,0,0,0,0,0,0,0,0,0,0,0,0,0,0,0,0,0,0,0,0,0,0,0,0,0,0,0,0,0,0,0,0,0,0,0,0,0,0,0,0,0,0,0,1,0,1,0,0,0,0,0,1,0,0,0,0,0,0,0,0,0,0,0,0,0,0,0,1,0,0,0,0,0,0,0,0,0,0,0,0,0,0,1,0,0,0,0,0,0,0,0,0,0,1,0,0,0,0,0,0,0,0,0,0,0,0,0,0,0,0,0,0,0,0,0,0,0,0,0,0,0,1,0,0,0,0,0,0,1,1,1,0,0,0,0,0,0,-1,0,0,0,0,0,0,0,0,-1,0,0,-1,0,0,0,0,0,0,0,0,0,0,0,0,0,0,0,0,0,0,1,0,0,0,0,0,0,0,0,0,0,0,0,0,0,0,0,1,1,0,-1,-1,-1,1,1,1,0,0,0,0,1,0,0,1,1,0,0,0,0,1,0,0,0,0,0,0,0,0,0,0,0,0,0,0,0,0,0,0,0,0,0,0,0,0,0,0,0,0,0,1,1,0,1,0,1,1,0,1,0,1,1,0,1,0,0,1,0,0,0,0,0,0,0,0,0,0,0,0,0,0,0,0,0,0,0,0,0,0,0,0,0,0
0,1,1,300,228,8,8,228,114,25,1,0,0.0020000000949949026,4000.0,1.0,0.04500000178813934,25.0,48.0,8.0,291.70001220703125,1.7000000476837158,-3.179999907843012e-07,0.007360000163316727,0.008080000057816505,8.0,0.33000001311302185,0.0333000011742115,1.0,9.999999747378752e-06,21.0,9.999999747378752e-06,2775000064.0,9.000000136438757e-05,4.999999980020986e-13,5.0,40.0,3.0,-3.3499999046325684,3.3499999046325684,0.5,0.0004799999878741801,292.3927001953125,492.6077880859375,-0.0036125299520790577,0.002354159951210022,0.0008944629807956517,0.013157900422811508,0.800646185874939,0.02024419978260994,2650129920.0,0.006539999973028898,0,0,0,0,0,0,0,0,0,0,0,0,0,0,0,0,0,0,0,0,0,0,0,0,0,0,0,0,0,0,0,0,0,0,0,0,0,0,0,0,0,0,0,0,0,0,0,0,0,0,0,0,0,1,4,4,0,0,0,0,0,0,0,0,2,0,0.00040287981391884387,277.1073913574219,288.37713623046875,290.02276611328125,291.72332763671875,293.3846435546875,296.212890625,297.2339782714844,298.0083312988281,298.43988037109375,298.5682067871094,298.4344787597656,298.0982666015625,297.6073303222656,297.0284729003906,296.4285583496094,295.985595703125,295.55157470703125,295.0560607910156,294.44000244140625,293.68121337890625,292.773193359375,291.7525939941406,290.666015625,289.5599670410156,288.48114013671875,0.03691627457737923,0.022357532754540443,0.7712575793266296,-0.03763347119092941,0.757221519947052,0.7560412883758545,1089.9383544921875,3.6465132779994747e-07,0.12266755104064941,0.007384379394352436,0.00963539443910122,0.009745053946971893,0.020951513200998306,1.0,-1.6815581571897805e-44,-5.361215591430664,0.0,99.19808197021484,2672.3037109375,0.9457629919052124,294.6935119628906,0.0,0.0,0.0,16.39999008178711,0.0,291.70001220703125,280676.96875,-0.5414376854896545,6.164855003356934,130.28829956054688,10.0,7750000.0,8160000.0,86.12000274658203,119.0999984741211,0.5,9.999999747378752e-05,0.0,3.299999952316284,200.0,0.30000001192092896,309.20001220703125,2.439019908706541e-06,0,0,0,1,1,1,0,24,0,278.98712158203125,0.0,0.0,0.0,0.0,0.0,0.0,1.12398099899292,0.8664969801902771,0.5353161096572876,0.2943324148654938,0.10263875871896744,0.09931840002536774,0.20566758513450623,0.20785783231258392,0.20770396292209625,1.0,25.0,24.0,5327306.5,5328724.5,5327476.5,275.35089111328125,275.5740966796875,275.33709716796875,282.1059265136719,283.4504089355469,282.1043395996094,4400000.0,278.7283935546875,279.51226806640625,278.720703125,6.755035400390625,7.876312255859375,6.767242431640625,281.1214294433594,4577.83837890625,4497.32275390625,4585.1357421875,10.358633995056152,10.363199234008789,10.378890991210938,28.01934814453125,0.0,0.0,0.0020000000949949026,275.4206848144531,282.5535583496094,-89.1051254272461,0.6641954183578491,0.6710828542709351,0.6708685159683228,250.77569580078125,39.0,40.0,42.0,41.0,0.0,0.0,5317385.0,5287728.5,53.9313850402832,5.0,0.014999999664723873,-180000.0,600.0,1000000.0,400000.0,0.17000000178813934,22000.0,786000.0,120000.0,0.0,40.0,30.0,36.810001373291016,0.5,18.399999618530273,50000.0,115692.3984375,15.113750457763672,0,0,1,0,0,0,0,9606873.0,0.0,0.0,0.0,0.0,0.0,-5780569.0,400000.0,1000000.0,1.0,1400000.0,0.0,0.23678627610206604,9619431.0,126869.6328125,9606873.0,340.31610107421875,40.007659912109375,2.358313798904419,-5780569.0,0.0,0.0,0.0,2.1771903038024902,40.007659912109375,0.0,22230.939453125,1.2010046243667603,0.0,0.0,0.0,20.0,14.711517333984375,22.0,0.0,0.0,0.0,0.05000000074505806,0.02500000037252903,0.17000000178813934,15400000.0,0.5,6.25,0.0006667000125162303,2.0,2410000.0,4140000.0,4.734799861907959,0.15000000596046448,0.20000000298023224,0.2199999988079071,1.0,0.0,-1.0,0.0,5.0,20.0,30.0,50.0,74.0,80.0,86.0,9.800000190734863,500000.0,1.0499999802959792e-07,0.5,750.0,1000.0,600.0,1000.0,1150.0,32.0,32.0,37.400001525878906,10.0,10.0,0.007000000216066837,0.5049999952316284,82.0,189.26499938964844,0.0,1.5099999904632568,231.60000610351562,20.0,36.0,16.600000381469727,16.5,225.0,-0.1756729930639267,27.5,-0.1756729930639267,30.485509872436523,0.1561516970396042,11.10221004486084,-1.8332500457763672,-75.0,4.3520002365112305,13.857000350952148,189.26499938964844,93.30000305175781,2650000.0,0.8500000238418579,7.570000171661377,1,1,1,0,0,0,0,0,0,0,0,1,3,3,0,0,1,0,0,0,0,1,0,1,1,0,0,0,1,1,1,0,0,0,0,0,0,0,0,1,0,0,0,1,0,0,1,0,0,1,12.05141544342041,29051.265625,2153.203857421875,0.00041483284439891577,0.0004361289902590215,0.0006248649442568421,0.0,0.0,0.0,0.0,0.0,0.0,0.5454168915748596,1.0,0.0,0.0,1.0,1.0,0.0,0.0,1.0,1.0,0.0,1.0,0.0,0.0,1.0,0.0,0.0,0.27317285537719727,0.34855911135673523,0.0006248649442568421,0.0,0.0006234521279111505,0.0,99998.78125,99999.0,1204692.25,2410000.0,36.20000076293945,36.20000076293945,36.20000076293945,32.35833740234375,267.27996826171875,20.0,20.000003814697266,24.02347183227539,27.0,27.0,25.813905715942383,27.0,31.927650451660156,32.0,20.0,68.57752227783203,3445871.75,0.5446359515190125,7.559999942779541,0.0,8.918364524841309,0.0,0.0,44.12862014770508,1.401298464324817e-45,0.0,0.0,0.5049998760223389,0.5049998760223389,0.5049998760223389,0.18937495350837708,0.18937495350837708,0.18937495350837708,0.0,14.709525108337402,14.709525108337402,14.709525108337402,0.0,0.0,9.074999809265137,0.0,0.0,0.0,0.0,0.0,0.0,100.0,73.97314453125,0.2199999988079071,0.0,20.0,44.12862014770508,0.0,0.0,0.0,0.0,0.0,0.007000000216066837,0.0,0.0,9.074999809265137,0.0,1.7323341369628906,0.0,0.946874737739563,0.0,0.0,0.0,0.0,0.0,0.0,20.0,0.0,0.0,9309398.0,0.0,0.0,0.0,0.0,0.0,0.0,0.0,0.351500004529953,18.93000030517578,23.030000686645508,7.69199959904654e-06,0.08500000089406967,0.009999999776482582,24.0,27.0,8.800000190734863,500000.0,0.05000000074505806,2.7000000013543968e-09,2.7000000013543968e-09,145100.0,120000.0,14650000.0,86400.0,17.0,34.5,48.70000076293945,321.8999938964844,83170.0,0.0,1.0,1.0,0.0010000000474974513,725.0,0.0,0.5,0.0,0.0,57.31999969482422,837142.875,9359.77734375,117376.1015625,2623.89794921875,83026.390625,725.0,1.0204100362898316e-05,740000000.0,1,0,1,0,1,1,0,0,1,0,0,8.799991607666016,27.0,5580.23095703125,0.0,0.0,0.0,0.0,2.242445230484009,0.0004018220352008939,0.0,0.042923133820295334,39.9715461730957,1.0,26104.453125,10450.6220703125,5.574963506660424e-05,138164736.0,768475904.0,831834432.0,2096804480.0,-8.946285247802734,-723.5963134765625,-613448320.0,-1328328576.0,45.0754508972168,28.474903106689453,54.02173614501953,752.0712890625,106381.3984375,4243.35498046875,148038.203125,167880.5,124104.453125,78.59994506835938,39.9715461730957,39.9715461730957,1.0,5.574963506660424e-05,10450.6220703125,804415930368.0,0.20296820998191833,137600.0,137600.0,65807396.0,54.02173614501953,6712.98583984375,1.0,0.0,1700.0,250000.0,10000.0,1038.0,0.004999999888241291,400.0,5000.0,0,0,0,0,2959622.5,46.61048889160156,46.61048889160156,1216415.25,2788062.0,0.0,0.0,99614.7578125,0.04825778305530548,5297656.0,0.0,0.0,1.0,1.0,0.04825778305530548,275.3855285644531,98.87142181396484,0.0,5957889.0,409309.03125,98.87142181396484,1.0,1.0,1.0,0.0,457.94873046875,0.0,457.087890625,1.0,0.0,7680000.0,247.92381286621094,259.9429626464844,249.35943603515625,0.9970864057540894,2788062.0,303.8647155761719,93.22097778320312,1.9970864057540894,0.0,267.3941650390625,1.0,0.0,-7.5742998123168945,0.0,0.0,9.999999974752427e-07,0.0,2.0,0.0003000000142492354,0.004999999888241291,0.0010000000474974513,2.0000000233721948e-07,2.0000000233721948e-07,0.0005555999814532697,993000000.0,1.0,0.05000000074505806,0.10000000149011612,0.0005000000237487257,0.0016700000269338489,0.009999999776482582,1.0,1.0,0.0010000000474974513,4.999999873689376e-05,0.00039999998989515007,0.019999999552965164,0.9891999959945679,0.9891999959945679,0.9950000047683716,0.9950000047683716,1,0,0,0,1,1,0,0,0,0,0,0,0,0,-0.0074569773860275745,-7404778.5,5000.01171875,99614.7578125,0.0,2546223.0,0.0,1.0,2569281.25,0.0,0.0,60.0,180.0,1800.0,1800.0,0.0,0.0,0.0,0.0,-0.012236599810421467,0.0,0.0,0.0,0.0,0.0,0.0,0.0,0.0,0.0,0.0,0.0,6.602997746085748e-05,0.0,7.006492321624085e-44,1,1,0,1,1,1,1,1,1,1,1,0,1,0,1,1,1,1,0,1,0,1000,23,0,1,5001,119,0.0,0.0,120.0,120.0,0.0,0.0,0.4000000059604645,0.10000000149011612,0.10000000149011612,2.0,500.0,200.0,0.9900000095367432,300000.0,5000.0,45000.0,20000.0,0.019999999552965164,2.0,0.05000000074505806,0.019999999552965164,6.0,0.05000000074505806,0.019999999552965164,0.019999999552965164,88.30000305175781,0.10000000149011612,0.800000011920929,0.05000000074505806,0.009999999776482582,50.0,50.0,340.0,340.0,1000000.0,1,0,0,0,1,1,1,1,1,1,0,0,0,1,1,0,1.0,0.0,0.0,0.0,29.895179748535156,0.0,0.0,0.0,0.9129012227058411,0.9129012227058411,0.9129012227058411,5000.01171875,4258331.0,4263331.0,50.0,27.613422393798828,0.4000000059604645,0.0,0.0,0.10000000149011612,0.1379597932100296,0.4925430119037628,22164.435546875,20.0,29.202341079711914,779106.25,20.816299438476562,2745.803466796875,721.224365234375,0.7791062593460083,0.9074966907501221,9.470969200134277,1.0,3220129.5,3303615.0,9.716514587402344,20.0,0.27792730927467346,27.7927303314209,0.0,636.4223022460938,1167.7513427734375,100000.0,50000.0,1115.300048828125,50000.0,700.0,2000.0,2800000.0,3500000.0,4000000.0,9.999999747378752e-05,4.999999873689376e-05,500.0,20000.0,100.0,500.0,60000.0,1200.0,1.0,120.0,150000.0,3000.0,300.0,1.0,300.0,0.019999999552965164,0.019999999552965164,0.009999999776482582,0.009999999776482582,0.009999999776482582,0.019999999552965164,1.100000023841858,0.019999999552965164,4.0,0.019999999552965164,88.0,1613.0,0.009999999776482582,0.20000000298023224,3.0,5.0,600.0,0.0010000000474974513,88.0,88.0,2000.0,2340.0,-0.11599799990653992,-0.03561130166053772,-0.04758000001311302,-0.01752999983727932,1,0,1,0,0,1,1,212.07994079589844,212.07994079589844,0.8517303466796875,0.8517303466796875,0.0006901813903823495,20.816299438476562,163.78836059570312,86.76000213623047,467.14337158203125,43.20648193359375,43.20648193359375,0.17351913452148438,0.17351913452148438,99.64351654052734,12.971475601196289,0.0,0.0,2663660.25,20.00048065185547,20.00048065185547,98.57256317138672,98.57256317138672,63518.609375,63518.609375,1.0586434602737427,1.0586434602737427,0.02412889152765274,0.02412889152765274,-3.179459810256958,-3.179459810256958,-13303.1787109375,-13303.1787109375,-3.1789448261260986,100.46000671386719,102.17111206054688,2648638.0,20.00048065185547,20.00048065185547,165.21580505371094,165.21580505371094,107.14906311035156,107.14906311035156,448322.4375,448322.4375,0.0,70.37215423583984,70.37215423583984,140.7449951171875,156613.984375,156613.984375,1.0440932512283325,1.0440932512283325,165.1503448486328,107.14906311035156,0.0,0.0,0.0,132.27975463867188,132.27975463867188,264.55950927734375,0.0,0.0,0.0,0.0,0.0,132.27975463867188,132.27975463867188,0.026315800845623016,0.0,0.20000000298023224,0.0,0.0,0.0,0.0,0.0,0.0,0.9599996209144592,1.0,1.0,1.0,0.9999998211860657,0.9999998211860657,0.9999998211860657,190815.5,193221.84375,0.0,14.750001907348633,0.0,14.750001907348633,7.25,12.0,10.25,296.3810119628906,297.7510070800781,29.5,-170510.15625,8762273.0,12224996.0,0.0,0.0,0.0,0.005910559091717005,0.005910559091717005,0.005910559091717005,1.0,193987.59375,0.9959999918937683,0.9959999918937683,0.9959999918937683,0.9959999918937683,0.0,4001216.5,4227114.0,350090.71875,2606300.0,3938248.5,0.004258330911397934,0.008526661433279514,425.86334228515625,7.25,12.0,10.25,0.0,0.0,0.0,0.0,0.0,0.0,86.76068878173828,425.8761291503906,201.82122802734375,201.82122802734375,201.82122802734375,0.0,0.0,0.0,3.0088956356048584,0.0,0.7748241424560547,3.0086441040039062,5.0,0.0040000081062316895,0.0040000081062316895,0.0040000081062316895,0.0040000081062316895,0.0,-0.4368000030517578,0.0,601779.125,163.78836059570312,163.78836059570312,0.0,20.0,2787993.5,7.25,12.0,10.25,20.0,20.0,20.0,0.0,0.0,0.7926306128501892,0.9211652278900146,10000.0,10000.0,0.011826000176370144,1038.5,0.027953999117016792,0.0,0.0,1.0878000259399414,1.0809999704360962,9.000000136438757e-05,103.0,33.220001220703125,1.8179999589920044,0.029999999329447746,49.0,8.329999923706055,4.159999847412109,58.0,302.0,4.5,0.699999988079071,0.4000000059604645,7.5,1.3799999952316284,2.492000102996826,7000.0,48.88999938964844,1.2000000476837158,45.0,62000.0,4590000.0,4250000.0,15900000.0,15100000.0,0.05000000074505806,0.17000000178813934,0.009999999776482582,15220000.0,1.6699999570846558,312.7799987792969,1.1100000143051147,4232.0,0.25,689000.0,4030000.0,9.829999923706055,8.550000190734863,12200000.0,231.10000610351562,88.3239974975586,633.0,1.1430000066757202,0.6858000159263611,-10.0,-3.7799999713897705,0.7799999713897705,295.5,4030000.0,12400000.0,0.9200000166893005,5.0,1,0,1,228,0,0,0,0,0,1,1,1,1,1,0,1,1,1,0,0,0,0,1,1,0,0,0,1,0,0,0,0,0,0,0,0,1,0,1,8,0,0,1,0,0.00963539443910122,5327306.5,1.0877995491027832,0.0,1.2991347312927246,279.1259460449219,0.0,-0.0005913993809372187,1,1,1,0,0,0,1,1,0,0,0,0,0,542,0.20000000298023224,0.20000000298023224,0.20000000298023224,0.0,2,0,0,0,0,0,0,0,0,0,0,0,0,0,0,0,0,0,0,0,0,0,0,0,0,0,0,0,0,0,0,0,0,0,0,0,0,0,0,0,0,0,0,0,0,0,0,0,0,0,0,1,0,0,0,0,0,0,0,0,0,0,0,0,0,0,0,0,0,0,0,0,0,0,0,0,0,0,0,0,0,0,0,0,0,0,0,0,0,0,0,0,0,0,0,0,0,0,0,0,0,0,0,0,0,0,0,0,0,0,0,0,0,0,0,0,0,0,0,0,0,0,0,0,0,0,0,0,0,0,0,0,0,0,0,0,0,0,0,0,0,0,0,1,0,0,0,0,0,0,0,0,0,0,0,-1,0,0,0,0,0,0,1,1,0,0,0.9635394215583801,-5.361215591430664,0.0,-0.5414376854896545,-1.6815581571897805e-44,291.70001220703125,279.1259460449219,294.6935119628906,-0.03763347119092941,99.19808197021484,2672.3037109375,1.0877995491027832,1.2991347312927246,-1.0,12.574066162109375,6.827850029367255e-06,0.042923133820295334,100.0,27.0,0.0,7.799991607666016,4.019142150878906,1.0,1.0,39.9715461730957,0.2663724720478058,20.0,5.574963506660424e-05,0.0,73.97314453125,1.7323341369628906,1.8179994821548462,0.00036938843550160527,0.6817498207092285,0.5446359515190125,12.292800903320312,8.918364524841309,0.0,0.0,0.0,20.000003814697266,44.898040771484375,267.27996826171875,20.0,0.9272493720054626,281.2659912109375,40.007659912109375,0.29459047317504883,275.46624755859375,275.70367431640625,275.47998046875,282.25146484375,283.60101318359375,282.25311279296875,100.0,1.6786277294158936,22.0,98.15763854980469,278.8588562011719,279.65234375,278.8665466308594,340.31622314453125,23.678627014160156,21.820045471191406,98.15763854980469,0.0,0.0,0.0,0.0,72.25665283203125,72.15245056152344,72.11687469482422,54.36210632324219,54.374839782714844,54.36037063598633,20.770397186279297,20.785783767700195,20.56675910949707,99.67384338378906,97.75519561767578,99.51529693603516,36.89999771118164,43.19999694824219,26.099998474121094,249.80355834960938,260.40374755859375,248.34317016601562,29.0,0.0,48.0,0.0,0.0,0.0,0.0,0.0,0.0,41.0,78.36749267578125,54.05781173706055,165.1503448486328,28.657617568969727,9.999999974752427e-07,3.5723607540130615,0.0,100.46000671386719,0.0,721.224365234375,43.503456115722656,20.816299438476562,0.0,9.470969200134277,77.91062927246094,1.0,0.9716514348983765,20.0,0.0,60.0,120.0,0.0,120.0,0.0,0.0,0.0,0.0,18.136377334594727,89.18364715576172,2.0,200.0,0,0,0,0,0,0,0,0,0,0,0,0,99999,99999,27,403,1800,180,1800,0,0,-7,0,23,0,0,0,806,1424,29,31,32,0,1,0,1,0,1,0,0,1,0,0,0,0,0,1,0,0,0,0,1,0,0,0,1,0,0,0,1,0,0,0,0,0,0,0,0,0,0,0,0,1,0,1,0,0,1,1,0,0,1,1,0,1,0,1,0,1,1,0,0,0,1,0,0,0,0,0,0,0,1,1,0,1,0,0,0,0,0,0,0,0,1,0,0,0,1,0,0,0,0,0,0,1,0,0,1,0,1,0,0,1,0,0,1,0,0,1,0,0,0,1,0,1,1,1,0,0,1,0,0,0,0,0,1,1,1,0,0,0,0,0,0,0,1,0,1,0,1,0,1,0,1,0,0,0,0,0,0,0,0,1,1,1,1,0,1,0,1,1,1,1,1,1,1,0,0,0,0,0,0,1,0,1,1,1,1,1,1,1,1,1,1,1,0,0,0,1,1,0,0,1,1,0,1,1,0,0,1,1,1,0,0,0,0,1,1,1,1,0,1,1,1,1,0,0,1,1,0,1,0,1,1,0,1,1,1,1,1,1,1,1,0,1,0,0,0,0,0,0,0,0,0,0,1,0,0,1,0,0,0,0,0,1,0,0,1,0,0,0,0,0,0,0,0,0,0,0,0,0,0,0,0,0,0,0,0,0,0,0,0,0,1,0,0,0,0,1,0,0,0,1,0,0,0,0,0,0,0,0,0,0,0,0,0,0,0,0,0,0,1,0,0,0,0,0,0,0,0,0,0,0,0,0,0,0,0,1,0,0,0,0,0,0,0,0,0,0,0,0,0,0,0,0,0,0,0,0,0,0,0,0,0,0,0,0,0,0,0,0,0,0,0,0,0,0,0,0,0,0,0,0,0,0,0,0,0,0,0,0,0,0,0,0,0,0,0,0,0,0,0,0,1,0,1,0,0,0,0,0,1,0,0,0,0,0,0,0,0,0,0,0,0,0,0,0,1,0,0,0,0,0,0,0,0,0,0,0,0,0,0,1,0,0,0,0,0,0,0,0,0,0,1,0,0,0,0,0,0,0,0,0,0,0,0,0,0,0,0,0,0,0,0,0,0,0,0,0,0,0,1,0,0,0,0,0,0,1,1,1,0,0,0,0,0,0,-1,0,0,0,0,0,0,0,0,-1,0,0,-1,0,0,0,0,0,0,0,0,0,0,0,0,0,0,0,0,0,0,1,0,0,0,0,0,0,0,0,0,0,0,0,0,0,0,0,1,1,0,-1,-1,-1,1,1,1,0,0,0,0,1,0,0,1,1,0,0,0,0,1,0,0,0,0,0,0,0,0,0,0,0,0,0,0,0,0,0,0,0,0,0,0,0,0,0,0,0,0,0,1,1,0,1,0,1,1,0,1,0,1,1,0,1,0,0,1,0,0,0,0,0,0,0,0,0,0,0,0,0,0,0,0,0,0,0,0,0,0,0,0,0,0
0,1,1,300,228,8,8,228,114,25,1,0,0.0020000000949949026,4000.0,1.0,0.04500000178813934,25.0,48.0,8.0,291.70001220703125,1.7000000476837158,-3.179999907843012e-07,0.007360000163316727,0.008080000057816505,8.0,0.33000001311302185,0.0333000011742115,1.0,9.999999747378752e-06,21.0,9.999999747378752e-06,2775000064.0,9.000000136438757e-05,4.999999980020986e-13,5.0,40.0,3.0,-3.3499999046325684,3.3499999046325684,0.5,0.0004799999878741801,292.3927001953125,492.6077880859375,-0.0036125299520790577,0.002354159951210022,0.0008944629807956517,0.013157900422811508,0.800646185874939,0.02024419978260994,2650129920.0,0.006539999973028898,0,0,0,0,0,0,0,0,0,0,0,0,0,0,0,0,0,0,0,0,0,0,0,0,0,0,0,0,0,0,0,0,0,0,0,0,0,0,0,0,0,0,0,0,0,0,0,0,0,0,0,0,0,1,4,4,0,0,0,0,0,0,0,0,2,0,0.00040287981391884387,276.8424072265625,288.01043701171875,289.64202880859375,291.3279113769531,292.9749755859375,295.78033447265625,296.79437255859375,297.5643310546875,297.9954833984375,298.1270751953125,297.9999084472656,297.6737060546875,297.1944885253906,296.62799072265625,296.03997802734375,295.6090393066406,295.1853942871094,294.6983947753906,294.0890197753906,293.33526611328125,292.4307861328125,291.41253662109375,290.3276062011719,289.2231140136719,288.14605712890625,0.03718232363462448,0.022172391414642334,0.7712487578392029,-0.03758890926837921,0.757242739200592,0.7540819644927979,1066.9263916015625,3.56938016921049e-07,0.12108653038740158,0.007232048083096743,0.009421918541193008,0.00952769536525011,0.020990071818232536,1.0,-1.6815581571897805e-44,-5.371011734008789,0.0,99.19694519042969,2672.405029296875,0.9457894563674927,294.30194091796875,0.0,0.0,0.0,16.799991607666016,0.0,291.70001220703125,280677.34375,-0.54123854637146,6.162154197692871,130.28829956054688,10.0,7750000.0,8160000.0,86.12000274658203,119.0999984741211,0.5,9.999999747378752e-05,0.0,3.299999952316284,200.0,0.30000001192092896,309.20001220703125,2.439019908706541e-06,0,0,0,1,1,1,0,24,0,278.71087646484375,0.0,0.0,0.0,0.0,0.0,0.0,1.1294995546340942,0.8664804697036743,0.5356321334838867,0.29693371057510376,0.10459422320127487,0.10126011073589325,0.20306628942489624,0.2051154375076294,0.20513638854026794,1.0,25.0,24.0,5307506.5,5308919.5,5307676.0,275.093994140625,275.3162841796875,275.080078125,281.8128967285156,283.1507873535156,281.8113098144531,4400000.0,278.45343017578125,279.2335205078125,278.4456787109375,6.718902587890625,7.834503173828125,6.731231689453125,280.8334045410156,4578.4794921875,4498.84375,4585.7705078125,10.334765434265137,10.338249206542969,10.355332374572754,28.11688232421875,0.0,0.0,0.0020000000949949026,275.1634521484375,282.2583312988281,-88.2591323852539,0.6557329893112183,0.6621667146682739,0.6625162363052368,249.96641540527344,39.0,40.0,42.0,41.0,0.0,0.0,5297669.0,5268003.5,53.85140609741211,5.0,0.014999999664723873,-180000.0,600.0,1000000.0,400000.0,0.17000000178813934,22000.0,786000.0,120000.0,0.0,40.0,30.0,36.810001373291016,0.5,18.399999618530273,50000.0,115692.3984375,15.113750457763672,0,0,1,0,0,0,0,9582061.0,0.0,0.0,0.0,0.0,0.0,-5805585.0,400000.0,1000000.0,1.0,1400000.0,0.0,0.23488132655620575,9594415.0,126869.6328125,9582061.0,340.31561279296875,40.007659912109375,2.339358329772949,-5805585.0,0.0,0.0,0.0,2.1676337718963623,40.007659912109375,0.0,22230.939453125,1.2010046243667603,0.0,0.0,0.0,20.0,14.711517333984375,22.0,0.0,0.0,0.0,0.05000000074505806,0.02500000037252903,0.17000000178813934,15400000.0,0.5,6.25,0.0006667000125162303,2.0,2410000.0,4140000.0,4.734799861907959,0.15000000596046448,0.20000000298023224,0.2199999988079071,1.0,0.0,-1.0,0.0,5.0,20.0,30.0,50.0,74.0,80.0,86.0,9.800000190734863,500000.0,1.0499999802959792e-07,0.5,750.0,1000.0,600.0,1000.0,1150.0,32.0,32.0,37.400001525878906,10.0,10.0,0.007000000216066837,0.5049999952316284,82.0,189.26499938964844,0.0,1.5099999904632568,231.60000610351562,20.0,36.0,16.600000381469727,16.5,225.0,-0.1756729930639267,27.5,-0.1756729930639267,30.485509872436523,0.1561516970396042,11.10221004486084,-1.8332500457763672,-75.0,4.3520002365112305,13.857000350952148,189.26499938964844,93.30000305175781,2650000.0,0.8500000238418579,7.570000171661377,1,1,1,0,0,0,0,0,0,0,0,1,3,3,0,0,1,0,0,0,0,1,0,1,1,0,0,0,1,1,1,0,0,0,0,0,0,0,0,1,0,0,0,1,0,0,1,0,0,1,12.05141544342041,29051.265625,2153.192626953125,0.00041483284439891577,0.0004361289902590215,0.0006248649442568421,0.0,0.0,0.0,0.0,0.0,0.0,0.5451712012290955,1.0,0.0,0.0,1.0,1.0,0.0,0.0,1.0,1.0,0.0,1.0,0.0,0.0,1.0,0.0,0.0,0.2702425420284271,0.34482014179229736,0.0006248649442568421,0.0,0.0006234548054635525,0.0,99998.78125,99999.0,1191769.625,2410000.0,36.20000076293945,36.20000076293945,36.20000076293945,32.35486602783203,267.02227783203125,20.0,20.000003814697266,24.02347183227539,27.0,27.0,25.813905715942383,27.0,31.927783966064453,32.0,20.0,68.57752227783203,3445854.25,0.5446359515190125,7.559999942779541,0.0,8.918364524841309,0.0,0.0,44.211090087890625,1.401298464324817e-45,0.0,0.0,0.5049998760223389,0.5049998760223389,0.5049998760223389,0.18937495350837708,0.18937495350837708,0.18937495350837708,0.0,14.737014770507812,14.737014770507812,14.737014770507812,0.0,0.0,9.074999809265137,0.0,0.0,0.0,0.0,0.0,0.0,100.0,73.97314453125,0.2199999988079071,0.0,20.0,44.211090087890625,0.0,0.0,0.0,0.0,0.0,0.007000000216066837,0.0,0.0,9.074999809265137,0.0,1.7323341369628906,0.0,0.946874737739563,0.0,0.0,0.0,0.0,0.0,0.0,20.0,0.0,0.0,9284553.0,0.0,0.0,0.0,0.0,0.0,0.0,0.0,0.351500004529953,18.93000030517578,23.030000686645508,7.69199959904654e-06,0.08500000089406967,0.009999999776482582,24.0,27.0,8.800000190734863,500000.0,0.05000000074505806,2.7000000013543968e-09,2.7000000013543968e-09,145100.0,120000.0,14650000.0,86400.0,17.0,34.5,48.70000076293945,321.8999938964844,83170.0,0.0,1.0,1.0,0.0010000000474974513,725.0,0.0,0.5,0.0,0.0,57.31999969482422,837142.875,9359.77734375,117376.1015625,2623.89794921875,83026.390625,725.0,1.0204100362898316e-05,740000000.0,1,0,1,0,1,1,0,0,1,0,0,8.799991607666016,27.0,5601.83154296875,0.0,0.0,0.0,0.0,2.251147508621216,0.00040182555676437914,0.0,0.043089285492897034,39.97317886352539,1.0,26105.0078125,10489.4384765625,5.596547634922899e-05,137454912.0,763530560.0,826720128.0,2089175936.0,-8.782798767089844,-720.8486328125,-609283648.0,-1325645312.0,45.157920837402344,28.474903106689453,53.94071960449219,749.3235473632812,106381.3984375,4243.70166015625,148059.453125,167887.34375,124105.0078125,78.99993896484375,39.97317886352539,39.97317886352539,1.0,5.596547634922899e-05,10489.4384765625,802712649728.0,0.2029975801706314,137600.0,137600.0,65638432.0,53.94071960449219,6713.5126953125,1.0,0.0,1700.0,250000.0,10000.0,1038.0,0.004999999888241291,400.0,5000.0,0,0,0,0,2959622.5,46.42423629760742,46.42423629760742,1216415.25,2788103.5,0.0,0.0,99488.15625,0.042640578001737595,5277844.0,0.0,0.0,1.0,1.0,0.042640578001737595,275.3855285644531,98.82908630371094,0.0,5957889.0,409129.21875,98.82908630371094,1.0,1.0,1.0,0.0,456.2304992675781,0.0,455.37689208984375,1.0,0.0,7680000.0,247.0486297607422,258.9948425292969,248.4798583984375,0.9973149299621582,2788103.5,302.7859802246094,92.84847259521484,1.9973149299621582,0.0,267.1581726074219,1.0,0.0,-7.5742998123168945,0.0,0.0,9.999999974752427e-07,0.0,2.0,0.0003000000142492354,0.004999999888241291,0.0010000000474974513,2.0000000233721948e-07,2.0000000233721948e-07,0.0005555999814532697,993000000.0,1.0,0.05000000074505806,0.10000000149011612,0.0005000000237487257,0.0016700000269338489,0.009999999776482582,1.0,1.0,0.0010000000474974513,4.999999873689376e-05,0.00039999998989515007,0.019999999552965164,0.9891999959945679,0.9891999959945679,0.9950000047683716,0.9950000047683716,1,0,0,0,1,1,0,0,0,0,0,0,0,0,-0.0074569773860275745,-7404778.5,5000.01171875,99488.15625,0.0,2546223.0,0.0,1.0,2569281.25,0.0,0.0,60.0,180.0,1800.0,1800.0,0.0,0.0,0.0,0.0,-0.012236599810421467,0.0,0.0,0.0,0.0,0.0,0.0,0.0,0.0,0.0,0.0,0.0,6.602997746085748e-05,0.0,7.006492321624085e-44,1,1,0,1,1,1,1,1,1,1,1,0,1,0,1,1,1,1,0,1,0,1000,24,0,1,5001,121,0.0,0.0,120.0,120.0,0.0,0.0,0.4000000059604645,0.10000000149011612,0.10000000149011612,2.0,500.0,200.0,0.9900000095367432,300000.0,5000.0,45000.0,20000.0,0.019999999552965164,2.0,0.05000000074505806,0.019999999552965164,6.0,0.05000000074505806,0.019999999552965164,0.019999999552965164,88.30000305175781,0.10000000149011612,0.800000011920929,0.05000000074505806,0.009999999776482582,50.0,50.0,340.0,340.0,1000000.0,1,0,0,0,1,1,1,1,1,1,0,0,0,1,1,0,1.0,0.0,0.0,0.0,29.83177375793457,0.0,0.0,0.0,0.9127123355865479,0.9127123355865479,0.9127123355865479,5000.01171875,4263517.5,4268517.5,50.0,27.61339569091797,0.4000000059604645,0.0,0.0,0.10000000149011612,0.13744385540485382,0.4925430119037628,22164.435546875,20.0,29.202341079711914,779195.25,20.800790786743164,2743.440673828125,721.224365234375,0.779195249080658,0.9071370363235474,9.470942497253418,1.0,3220120.5,3303603.0,9.716479301452637,20.0,0.27795836329460144,27.795835494995117,0.0,636.4223022460938,1186.392578125,100000.0,50000.0,1115.300048828125,50000.0,700.0,2000.0,2800000.0,3500000.0,4000000.0,9.999999747378752e-05,4.999999873689376e-05,500.0,20000.0,100.0,500.0,60000.0,1200.0,1.0,120.0,150000.0,3000.0,300.0,1.0,300.0,0.019999999552965164,0.019999999552965164,0.009999999776482582,0.009999999776482582,0.009999999776482582,0.019999999552965164,1.100000023841858,0.019999999552965164,4.0,0.019999999552965164,88.0,1613.0,0.009999999776482582,0.20000000298023224,3.0,5.0,600.0,0.0010000000474974513,88.0,88.0,2000.0,2340.0,-0.11599799990653992,-0.03561130166053772,-0.04758000001311302,-0.01752999983727932,1,0,1,0,0,1,1,208.24496459960938,208.24496459960938,0.836334228515625,0.836334228515625,0.0006702158716507256,20.800790786743164,163.7782745361328,84.49250030517578,458.9136657714844,42.077266693115234,42.077266693115234,0.16898345947265625,0.16898345947265625,96.86582946777344,11.954511642456055,0.0,0.0,2663660.25,20.00048065185547,20.00048065185547,98.50391387939453,98.50391387939453,63490.52734375,63490.52734375,1.0581754446029663,1.0581754446029663,0.021320289000868797,0.021320289000868797,-4.2781596183776855,-4.2781596183776855,-17900.25,-17900.25,-4.277651309967041,100.26781463623047,101.88036346435547,2648679.0,20.00048065185547,20.00048065185547,165.22488403320312,165.22488403320312,106.60929870605469,106.60929870605469,446064.0,446064.0,0.0,69.81053161621094,69.81053161621094,139.62173461914062,156579.71875,156579.71875,1.0438648462295532,1.0438648462295532,165.10772705078125,106.60929870605469,0.0,0.0,0.0,131.59454345703125,131.59454345703125,263.1890869140625,0.0,0.0,0.0,0.0,0.0,131.59454345703125,131.59454345703125,0.026315800845623016,0.0,0.20000000298023224,0.0,0.0,0.0,0.0,0.0,0.0,0.9599996209144592,1.0,1.0,1.0,0.9999998211860657,0.9999998211860657,0.9999998211860657,190815.25,193221.5,0.0,14.750001907348633,0.0,14.750001907348633,7.25,12.0,10.25,296.3810119628906,297.7510070800781,29.5,-159942.515625,8880767.0,12224996.0,0.0,0.0,0.0,0.005447171162813902,0.005447171162813902,0.005447171162813902,1.0,191123.65625,0.9959999918937683,0.9959999918937683,0.9959999918937683,0.9959999918937683,0.0,4011750.75,4230260.5,340107.9375,2606300.0,3949105.25,0.0042635174468159676,0.008537034504115582,418.16259765625,7.25,12.0,10.25,0.0,0.0,0.0,0.0,0.0,0.0,84.49317169189453,418.1754150390625,198.60589599609375,198.60589599609375,198.60589599609375,0.0,0.0,0.0,3.0093984603881836,0.0,0.7784327268600464,3.0091471672058105,5.0,0.0040000081062316895,0.0040000081062316895,0.0040000081062316895,0.0040000081062316895,0.0,-0.4368000030517578,0.0,601879.6875,163.7782745361328,163.7782745361328,0.0,20.0,2788038.5,7.25,12.0,10.25,20.0,20.0,20.0,0.0,0.0,0.7926306128501892,0.9211652278900146,10000.0,10000.0,0.011826000176370144,1038.5,0.027953999117016792,0.0,0.0,1.0878000259399414,1.0809999704360962,9.000000136438757e-05,103.0,33.220001220703125,1.8179999589920044,0.029999999329447746,49.0,8.329999923706055,4.159999847412109,58.0,302.0,4.5,0.699999988079071,0.4000000059604645,7.5,1.3799999952316284,2.492000102996826,7000.0,48.88999938964844,1.2000000476837158,45.0,62000.0,4590000.0,4250000.0,15900000.0,15100000.0,0.05000000074505806,0.17000000178813934,0.009999999776482582,15220000.0,1.6699999570846558,312.7799987792969,1.1100000143051147,4232.0,0.25,689000.0,4030000.0,9.829999923706055,8.550000190734863,12200000.0,231.10000610351562,88.3239974975586,633.0,1.1430000066757202,0.6858000159263611,-10.0,-3.7799999713897705,0.7799999713897705,295.5,4030000.0,12400000.0,0.9200000166893005,5.0,1,0,1,228,0,0,0,0,0,1,1,1,1,1,0,1,1,1,0,0,0,0,1,1,0,0,0,1,0,0,0,0,0,0,0,0,1,0,1,8,0,0,1,0,0.009421918541193008,5307506.5,1.0877995491027832,0.0,1.3037834167480469,278.8487854003906,0.0,-0.0005704317009076476,1,1,1,0,0,0,1,1,0,0,0,0,0,544,0.20000000298023224,0.20000000298023224,0.20000000298023224,0.0,2,0,0,0,0,0,0,0,0,0,0,0,0,0,0,0,0,0,0,0,0,0,0,0,0,0,0,0,0,0,0,0,0,0,0,0,0,0,0,0,0,0,0,0,0,0,0,0,0,0,0,1,0,0,0,0,0,0,0,0,0,0,0,0,0,0,0,0,0,0,0,0,0,0,0,0,0,0,0,0,0,0,0,0,0,0,0,0,0,0,0,0,0,0,0,0,0,0,0,0,0,0,0,0,0,0,0,0,0,0,0,0,0,0,0,0,0,0,0,0,0,0,0,0,0,0,0,0,0,0,0,0,0,0,0,0,0,0,0,0,0,0,0,1,0,0,0,0,0,0,0,0,0,0,0,-1,0,0,0,0,0,0,1,1,0,0,0.9421918392181396,-5.371011734008789,0.0,-0.54123854637146,-1.6815581571897805e-44,291.70001220703125,278.8487854003906,294.30194091796875,-0.03758890926837921,99.19694519042969,2672.405029296875,1.0877995491027832,1.3037834167480469,-1.0,12.851226806640625,6.827850029367255e-06,0.043089285492897034,100.0,27.0,0.0,7.799991607666016,4.020752429962158,1.0,1.0,39.97317886352539,0.26637813448905945,20.0,5.596547634922899e-05,0.0,73.97314453125,1.7323341369628906,1.8179994821548462,0.00036938843550160527,0.6817498207092285,0.5446359515190125,12.160937309265137,8.918364524841309,0.0,0.0,0.0,20.000003814697266,44.898040771484375,267.02227783203125,20.0,0.9268423318862915,280.9771728515625,40.007659912109375,0.29459047317504883,275.20843505859375,275.44500732421875,275.2222900390625,281.95758056640625,283.30035400390625,281.9591064453125,100.0,1.4881327152252197,22.0,97.90237426757812,278.5830078125,279.3726806640625,278.5906982421875,340.3157958984375,23.48813247680664,21.7240047454834,97.90237426757812,0.0,0.0,0.0,0.0,72.09291076660156,71.97894287109375,71.95098114013672,54.160057067871094,54.17274856567383,54.158329010009766,20.513639450073242,20.51154327392578,20.306629180908203,99.68775939941406,97.78836059570312,99.52925109863281,36.89999771118164,43.19999694824219,26.099998474121094,248.9249267578125,259.44873046875,247.47265625,29.0,0.0,48.0,0.0,0.0,0.0,0.0,0.0,0.0,41.0,78.36749267578125,53.855648040771484,165.10772705078125,28.550094604492188,9.999999974752427e-07,3.4704954624176025,0.0,100.26781463623047,0.0,721.224365234375,43.55638122558594,20.800790786743164,0.0,9.470942497253418,77.91952514648438,1.0,0.9716479182243347,20.0,0.0,60.0,120.0,0.0,120.0,0.0,0.0,0.0,0.0,18.136377334594727,89.18364715576172,2.0,200.0,0,0,0,0,0,0,0,0,0,0,0,0,99999,99999,28,403,1800,180,1800,0,0,-7,0,23,0,0,0,806,1424,29,31,32,0,1,0,1,0,1,0,0,1,0,0,0,0,0,1,0,0,0,0,1,0,0,0,1,0,0,0,1,0,0,0,0,0,0,0,0,0,0,0,0,1,0,1,0,0,1,1,0,0,1,1,0,1,0,1,0,1,1,0,0,1,1,0,0,1,0,1,0,0,1,1,0,1,0,0,0,0,1,0,1,0,1,0,0,0,1,0,0,0,0,0,0,1,0,0,1,0,1,0,0,1,1,0,1,0,0,1,0,0,0,1,0,1,1,1,0,0,1,0,0,0,0,0,1,1,1,0,0,0,0,0,0,0,1,0,1,0,1,0,1,0,1,0,0,0,0,0,0,0,0,1,1,1,1,0,1,0,1,1,1,1,1,1,1,0,0,0,0,0,0,1,0,1,1,1,1,1,1,1,1,1,1,1,1,0,0,1,1,0,0,1,1,0,1,1,0,0,1,1,1,0,0,0,0,1,1,1,1,0,1,1,1,1,0,0,1,1,0,1,0,1,1,0,1,1,1,1,1,1,1,1,0,1,0,0,0,0,0,0,0,0,0,0,1,0,0,1,0,0,0,0,0,0,1,1,0,0,0,0,1,0,0,0,0,0,1,0,0,1,0,0,0,0,0,0,0,0,0,0,0,0,0,0,0,0,0,0,0,0,0,0,0,0,0,0,0,0,0,0,0,1,0,0,0,0,0,0,1,0,0,0,1,1,0,0,0,0,0,1,1,0,0,0,0,0,0,0,0,1,0,0,1,0,0,0,0,1,0,0,0,0,0,0,0,0,0,0,0,0,0,0,0,0,0,0,0,0,0,0,0,0,0,0,0,0,0,0,0,0,0,0,0,0,0,0,0,0,0,0,0,0,0,0,0,0,0,0,0,0,0,0,1,0,1,0,0,0,0,0,1,0,0,0,0,0,0,0,0,0,0,0,0,0,0,0,1,0,0,0,0,0,0,0,0,0,0,0,0,0,0,1,0,0,0,0,0,0,0,0,0,0,1,0,0,0,0,0,0,0,0,0,0,0,0,0,0,0,0,0,0,0,0,0,0,0,0,0,0,0,1,0,0,0,0,0,0,1,1,1,0,0,0,0,0,0,-1,0,0,0,0,0,0,0,0,-1,0,0,-1,0,0,0,0,0,0,0,0,0,0,0,0,0,0,0,0,0,0,1,0,0,0,0,0,0,0,0,0,0,0,0,0,0,0,0,1,1,0,-1,-1,-1,1,1,1,0,0,0,0,1,0,0,1,1,0,0,0,0,1,0,0,0,0,0,0,0,0,0,0,0,0,0,0,0,0,0,0,0,0,0,0,0,0,0,0,0,0,0,1,1,0,1,0,1,1,0,1,0,1,1,0,1,0,0,1,0,0,0,0,0,0,0,0,0,0,0,0,0,0,0,0,0,0,0,0,0,0,0,0,0,0
0,1,1,300,228,8,8,228,114,25,1,0,0.0020000000949949026,4000.0,1.0,0.04500000178813934,25.0,48.0,8.0,291.70001220703125,1.7000000476837158,-3.179999907843012e-07,0.007360000163316727,0.008080000057816505,8.0,0.33000001311302185,0.0333000011742115,1.0,9.999999747378752e-06,21.0,9.999999747378752e-06,2775000064.0,9.000000136438757e-05,4.999999980020986e-13,5.0,40.0,3.0,-3.3499999046325684,3.3499999046325684,0.5,0.0004799999878741801,292.3927001953125,492.6077880859375,-0.0036125299520790577,0.002354159951210022,0.0008944629807956517,0.013157900422811508,0.800646185874939,0.02024419978260994,2650129920.0,0.006539999973028898,0,0,0,0,0,0,0,0,0,0,0,0,0,0,0,0,0,0,0,0,0,0,0,0,0,0,0,0,0,0,0,0,0,0,0,0,0,0,0,0,0,0,0,0,0,0,0,0,0,0,0,0,0,1,4,4,0,0,0,0,0,0,0,0,2,0,0.00040299457032233477,276.4484558105469,287.46844482421875,289.0797119140625,290.7444152832031,292.3709716796875,295.14324951171875,296.1470031738281,296.91058349609375,297.341064453125,297.4772644042969,297.3595275878906,297.0475769042969,296.58514404296875,296.0364074707031,295.4654846191406,295.0517272949219,294.64300537109375,294.16827392578125,293.5685119628906,292.8220520019531,291.9227294921875,290.90802001953125,289.82568359375,288.7235107421875,287.64910888671875,0.03757636249065399,0.0219030249863863,0.7712355256080627,-0.03753451257944107,0.7572745680809021,0.7511812448501587,1033.841552734375,3.4585508501550066e-07,0.11875240504741669,0.0070114778354763985,0.009115326218307018,0.009215759113430977,0.021043216809630394,1.0,-1.6815581571897805e-44,-5.385468482971191,0.0,99.19522094726562,2672.5576171875,0.9458292126655579,293.7235412597656,0.0,0.0,0.0,17.399993896484375,0.0,291.70001220703125,280677.90625,-0.5409432649612427,6.15809965133667,130.28829956054688,10.0,7750000.0,8160000.0,86.12000274658203,119.0999984741211,0.5,9.999999747378752e-05,0.0,3.299999952316284,200.0,0.30000001192092896,309.20001220703125,2.439019908706541e-06,0,0,0,1,1,1,0,24,0,278.29998779296875,0.0,0.0,0.0,0.0,0.0,0.0,1.137800931930542,0.8664554357528687,0.5361114144325256,0.30084478855133057,0.1075596734881401,0.1042066365480423,0.19915519654750824,0.20099835097789764,0.20127654075622559,1.0,25.0,24.0,5278121.0,5279530.0,5278289.5,274.71185302734375,274.9326171875,274.6976318359375,281.3769836425781,282.7053527832031,281.3755187988281,4400000.0,278.04443359375,278.8189697265625,278.03656005859375,6.665130615234375,7.772735595703125,6.677886962890625,280.4053039550781,4579.4423828125,4501.109375,4586.72314453125,10.298912048339844,10.300816535949707,10.319951057434082,28.2640380859375,0.0,0.0,0.0020000000949949026,274.78070068359375,281.8193054199219,-87.03318786621094,0.6430104970932007,0.6487827301025391,0.6499615907669067,248.7428436279297,39.0,40.0,42.0,41.0,0.0,0.0,5268407.0,5238727.5,53.733551025390625,5.0,0.014999999664723873,-180000.0,600.0,1000000.0,400000.0,0.17000000178813934,22000.0,786000.0,120000.0,0.0,40.0,30.0,36.810001373291016,0.5,18.399999618530273,50000.0,115692.3984375,15.113750457763672,0,0,1,0,0,0,0,9545588.0,0.0,0.0,0.0,0.0,0.0,-5842352.0,400000.0,1000000.0,1.0,1400000.0,0.0,0.23205871880054474,9557648.0,126869.6328125,9545588.0,340.31494140625,40.007659912109375,2.311269521713257,-5842352.0,0.0,0.0,0.0,2.153472423553467,40.007659912109375,0.0,22230.939453125,1.2010046243667603,0.0,0.0,0.0,20.0,14.711517333984375,22.0,0.0,0.0,0.0,0.05000000074505806,0.02500000037252903,0.17000000178813934,15400000.0,0.5,6.25,0.0006667000125162303,2.0,2410000.0,4140000.0,4.734799861907959,0.15000000596046448,0.20000000298023224,0.2199999988079071,1.0,0.0,-1.0,0.0,5.0,20.0,30.0,50.0,74.0,80.0,86.0,9.800000190734863,500000.0,1.0499999802959792e-07,0.5,750.0,1000.0,600.0,1000.0,1150.0,32.0,32.0,37.400001525878906,10.0,10.0,0.007000000216066837,0.5049999952316284,82.0,189.26499938964844,0.0,1.5099999904632568,231.60000610351562,20.0,36.0,16.600000381469727,16.5,225.0,-0.1756729930639267,27.5,-0.1756729930639267,30.485509872436523,0.1561516970396042,11.10221004486084,-1.8332500457763672,-75.0,4.3520002365112305,13.857000350952148,189.26499938964844,93.30000305175781,2650000.0,0.8500000238418579,7.570000171661377,1,1,1,0,0,0,0,0,0,0,0,1,3,3,0,0,1,0,0,0,0,1,0,1,1,0,0,0,1,1,1,0,0,0,0,0,0,0,0,1,0,0,0,1,0,0,1,0,0,1,12.05141544342041,29051.265625,2153.17578125,0.00041483284439891577,0.0004361289902590215,0.0006248649442568421,0.0,0.0,0.0,0.0,0.0,0.0,0.5448593497276306,1.0,0.0,0.0,1.0,1.0,0.0,0.0,1.0,1.0,0.0,1.0,0.0,0.0,1.0,0.0,0.0,0.2659059166908264,0.33928677439689636,0.0006248649442568421,0.0,0.0006234585889615119,0.0,99998.78125,99999.0,1172645.125,2410000.0,36.20000076293945,36.20000076293945,36.20000076293945,32.34965896606445,266.63885498046875,20.0,20.000003814697266,24.02347183227539,27.0,27.0,25.813905715942383,27.0,31.927980422973633,32.0,20.0,68.57752227783203,3445828.0,0.5447911024093628,7.559999942779541,0.0,8.918209075927734,0.0,0.0,44.331748962402344,1.401298464324817e-45,0.0,0.0,0.5049998760223389,0.5049998760223389,0.5049998760223389,0.18937495350837708,0.18937495350837708,0.18937495350837708,0.0,14.777234077453613,14.777234077453613,14.777234077453613,0.0,0.0,9.074999809265137,0.0,0.0,0.0,0.0,0.0,0.0,100.0,73.97314453125,0.2199999988079071,0.0,20.0,44.331748962402344,0.0,0.0,0.0,0.0,0.0,0.007000000216066837,0.0,0.0,9.074999809265137,0.0,1.7323341369628906,0.0,0.946874737739563,0.0,0.0,0.0,0.0,0.0,0.0,20.0,0.0,0.0,9248042.0,0.0,0.0,0.0,0.0,0.0,0.0,0.0,0.351500004529953,18.93000030517578,23.030000686645508,7.69199959904654e-06,0.08500000089406967,0.009999999776482582,24.0,27.0,8.800000190734863,500000.0,0.05000000074505806,2.7000000013543968e-09,2.7000000013543968e-09,145100.0,120000.0,14650000.0,86400.0,17.0,34.5,48.70000076293945,321.8999938964844,83170.0,0.0,1.0,1.0,0.0010000000474974513,725.0,0.0,0.5,0.0,0.0,57.31999969482422,837142.875,9359.77734375,117376.1015625,2623.89794921875,83026.390625,725.0,1.0204100362898316e-05,740000000.0,1,0,1,0,1,1,0,0,1,0,0,8.799991607666016,27.0,5634.171875,0.0,0.0,0.0,0.0,2.264179229736328,0.00040183094097301364,0.0,0.043338049203157425,39.97543716430664,1.0,26105.8046875,10547.5595703125,5.628863436868414e-05,136419376.0,756272320.0,819212096.0,2077728000.0,-8.54251480102539,-716.7267456054688,-603162752.0,-1321455744.0,45.27857971191406,28.474903106689453,53.82109451293945,745.20166015625,106381.3984375,4244.18212890625,148091.296875,167896.84375,124105.8046875,79.59992980957031,39.97543716430664,39.97543716430664,1.0,5.628863436868414e-05,10547.5595703125,800182960128.0,0.20304161310195923,137600.0,137600.0,65388600.0,53.82109451293945,6714.24365234375,1.0,0.0,1700.0,250000.0,10000.0,1038.0,0.004999999888241291,400.0,5000.0,0,0,0,0,2959622.5,46.14624786376953,46.14624786376953,1216415.25,2788161.5,0.0,0.0,99316.625,0.035416580736637115,5248445.5,0.0,0.0,1.0,1.0,0.035416580736637115,275.3855285644531,98.77168273925781,0.0,5957889.0,408885.5,98.77168273925781,1.0,1.0,1.0,0.0,453.6805114746094,0.0,452.837890625,1.0,0.0,7680000.0,245.74307250976562,257.5769348144531,247.1577606201172,0.997624397277832,2788161.5,301.1402282714844,92.29249572753906,1.997624397277832,0.0,266.8067321777344,1.0,0.0,-7.5742998123168945,0.0,0.0,9.999999974752427e-07,0.0,2.0,0.0003000000142492354,0.004999999888241291,0.0010000000474974513,2.0000000233721948e-07,2.0000000233721948e-07,0.0005555999814532697,993000000.0,1.0,0.05000000074505806,0.10000000149011612,0.0005000000237487257,0.0016700000269338489,0.009999999776482582,1.0,1.0,0.0010000000474974513,4.999999873689376e-05,0.00039999998989515007,0.019999999552965164,0.9891999959945679,0.9891999959945679,0.9950000047683716,0.9950000047683716,1,0,0,0,1,1,0,0,0,0,0,0,0,0,-0.0074569773860275745,-7404778.5,5000.01171875,99316.625,0.0,2546223.0,0.0,1.0,2569281.25,0.0,0.0,60.0,180.0,1800.0,1800.0,0.0,0.0,0.0,0.0,-0.012236599810421467,0.0,0.0,0.0,0.0,0.0,0.0,0.0,0.0,0.0,0.0,0.0,6.602997746085748e-05,0.0,7.006492321624085e-44,1,1,0,1,1,1,1,1,1,1,1,0,1,0,1,1,1,1,0,1,0,1000,24,0,1,5001,124,0.0,0.0,120.0,120.0,0.0,0.0,0.4000000059604645,0.10000000149011612,0.10000000149011612,2.0,500.0,200.0,0.9900000095367432,300000.0,5000.0,45000.0,20000.0,0.019999999552965164,2.0,0.05000000074505806,0.019999999552965164,6.0,0.05000000074505806,0.019999999552965164,0.019999999552965164,88.30000305175781,0.10000000149011612,0.800000011920929,0.05000000074505806,0.009999999776482582,50.0,50.0,340.0,340.0,1000000.0,1,0,0,0,1,1,1,1,1,1,0,0,0,1,1,0,1.0,0.0,0.0,0.0,29.741455078125,0.0,0.0,0.0,0.9124225378036499,0.9124225378036499,0.9124225378036499,5000.01171875,4271185.0,4276185.0,50.0,27.61335563659668,0.4000000059604645,0.0,0.0,0.10000000149011612,0.13667826354503632,0.4925430119037628,22164.435546875,20.0,29.202341079711914,779332.375,20.778541564941406,2740.052490234375,721.224365234375,0.7793323993682861,0.9065879583358765,9.470903396606445,1.0,3220107.0,3303585.0,9.716426849365234,20.0,0.2780049443244934,27.800495147705078,0.0,636.4223022460938,1214.353515625,100000.0,50000.0,1115.300048828125,50000.0,700.0,2000.0,2800000.0,3500000.0,4000000.0,9.999999747378752e-05,4.999999873689376e-05,500.0,20000.0,100.0,500.0,60000.0,1200.0,1.0,120.0,150000.0,3000.0,300.0,1.0,300.0,0.019999999552965164,0.019999999552965164,0.009999999776482582,0.009999999776482582,0.009999999776482582,0.019999999552965164,1.100000023841858,0.019999999552965164,4.0,0.019999999552965164,88.0,1613.0,0.009999999776482582,0.20000000298023224,3.0,5.0,600.0,0.0010000000474974513,88.0,88.0,2000.0,2340.0,-0.11599799990653992,-0.03561130166053772,-0.04758000001311302,-0.01752999983727932,1,0,1,0,0,1,1,202.60391235351562,202.60391235351562,0.8136749267578125,0.8136749267578125,0.0006417401018552482,20.778541564941406,163.76309204101562,81.25849914550781,446.76947021484375,40.466732025146484,40.466732025146484,0.16251754760742188,0.16251754760742188,92.9041748046875,10.576586723327637,0.0,0.0,2663660.25,20.00048065185547,20.00048065185547,98.40874481201172,98.40874481201172,63448.8203125,63448.8203125,1.0574803352355957,1.0574803352355957,0.017708290368318558,0.017708290368318558,-5.9018049240112305,-5.9018049240112305,-24693.744140625,-24693.744140625,-5.901306629180908,99.99810028076172,101.47284698486328,2648735.0,20.00048065185547,20.00048065185547,165.23956298828125,165.23956298828125,105.83946990966797,105.83946990966797,442842.96875,442842.96875,0.0,68.97640228271484,68.97640228271484,137.9534454345703,156528.71875,156528.71875,1.0435247421264648,1.0435247421264648,165.05120849609375,105.83946990966797,0.0,0.0,0.0,130.57421875,130.57421875,261.1484375,0.0,0.0,0.0,0.0,0.0,130.57421875,130.57421875,0.026315800845623016,0.0,0.20000000298023224,0.0,0.0,0.0,0.0,0.0,0.0,0.9599996209144592,1.0,1.0,1.0,0.9999998211860657,0.9999998211860657,0.9999998211860657,190814.859375,193220.984375,0.0,14.750001907348633,0.0,14.750001907348633,7.25,12.0,10.25,296.3810119628906,297.7510070800781,29.5,-144889.8125,9049633.0,12224996.0,0.0,0.0,0.0,0.004819307941943407,0.004819307941943407,0.004819307941943407,1.0,187027.484375,0.9959999918937683,0.9959999918937683,0.9959999918937683,0.9959999918937683,0.0,4027153.75,4235268.0,325870.0625,2606300.0,3965309.75,0.004271185025572777,0.0085523696616292,406.8351745605469,7.25,12.0,10.25,0.0,0.0,0.0,0.0,0.0,0.0,81.25914001464844,406.8479919433594,193.80311584472656,193.80311584472656,193.80311584472656,0.0,0.0,0.0,3.010150909423828,0.0,0.7842223644256592,3.0099003314971924,5.0,0.0040000081062316895,0.0040000081062316895,0.0040000081062316895,0.0040000081062316895,0.0,-0.4368000030517578,0.0,602030.1875,163.76309204101562,163.76309204101562,0.0,20.0,2788101.5,7.25,12.0,10.25,20.0,20.0,20.0,0.0,0.0,0.7926306128501892,0.9211652278900146,10000.0,10000.0,0.011826000176370144,1038.5,0.027953999117016792,0.0,0.0,1.0878000259399414,1.0809999704360962,9.000000136438757e-05,103.0,33.220001220703125,1.8179999589920044,0.029999999329447746,49.0,8.329999923706055,4.159999847412109,58.0,302.0,4.5,0.699999988079071,0.4000000059604645,7.5,1.3799999952316284,2.492000102996826,7000.0,48.88999938964844,1.2000000476837158,45.0,62000.0,4590000.0,4250000.0,15900000.0,15100000.0,0.05000000074505806,0.17000000178813934,0.009999999776482582,15220000.0,1.6699999570846558,312.7799987792969,1.1100000143051147,4232.0,0.25,689000.0,4030000.0,9.829999923706055,8.550000190734863,12200000.0,231.10000610351562,88.3239974975586,633.0,1.1430000066757202,0.6858000159263611,-10.0,-3.7799999713897705,0.7799999713897705,295.5,4030000.0,12400000.0,0.9200000166893005,5.0,1,0,1,228,0,0,0,0,0,1,1,1,1,1,0,1,1,1,0,0,0,0,1,1,0,0,0,1,0,0,0,0,0,0,0,0,1,0,1,8,0,0,1,0,0.009115326218307018,5278121.0,1.0877995491027832,0.0,1.3107402324676514,278.4364929199219,0.0,-0.0005407983553595841,1,1,1,0,0,0,1,1,0,0,0,0,0,547,0.20000000298023224,0.20000000298023224,0.20000000298023224,0.0,2,0,0,0,0,0,0,0,0,0,0,0,0,0,0,0,0,0,0,0,0,0,0,0,0,0,0,0,0,0,0,0,0,0,0,0,0,0,0,0,0,0,0,0,0,0,0,0,0,0,0,1,0,0,0,0,0,0,0,0,0,0,0,0,0,0,0,0,0,0,0,0,0,0,0,0,0,0,0,0,0,0,0,0,0,0,0,0,0,0,0,0,0,0,0,0,0,0,0,0,0,0,0,0,0,0,0,0,0,0,0,0,0,0,0,0,0,0,0,0,0,0,0,0,0,0,0,0,0,0,0,0,0,0,0,0,0,0,0,0,0,0,0,1,0,0,0,0,0,0,0,0,0,0,0,-1,0,0,0,0,0,0,1,1,0,0,0.9115326404571533,-5.385468482971191,0.0,-0.5409432649612427,-1.6815581571897805e-44,291.70001220703125,278.4364929199219,293.7235412597656,-0.03753451257944107,99.19522094726562,2672.5576171875,1.0877995491027832,1.3107402324676514,-1.0,13.263519287109375,6.827850029367255e-06,0.043338049203157425,100.0,27.0,0.0,7.799991607666016,4.023151874542236,1.0,1.0,39.97543716430664,0.2663862407207489,20.0,5.628863436868414e-05,0.0,73.97314453125,1.7323341369628906,1.8179994821548462,0.00036938843550160527,0.6817498207092285,0.5447911024093628,11.965788841247559,8.918209075927734,0.0,0.0,0.0,20.000003814697266,44.898040771484375,266.63885498046875,20.0,0.926233172416687,280.54736328125,40.007659912109375,0.29459047317504883,274.82470703125,275.06011962890625,274.8388671875,281.520263671875,282.85321044921875,281.52178955078125,100.0,1.2058720588684082,22.0,97.5271987915039,278.1724853515625,278.9566650390625,278.1803283691406,340.31512451171875,23.20587158203125,21.58169937133789,97.5271987915039,0.0,0.0,0.0,0.0,71.84698486328125,71.7186508178711,71.70177459716797,53.86019515991211,53.87285232543945,53.85847473144531,20.127655029296875,20.099834442138672,19.91551971435547,99.70853424072266,97.83785247802734,99.55020904541016,36.89999771118164,43.19999694824219,26.099998474121094,247.60061645507812,258.03155517578125,246.1596221923828,29.0,0.0,48.0,0.0,0.0,0.0,0.0,0.0,0.0,41.0,78.36749267578125,53.5556640625,165.05120849609375,28.390520095825195,9.999999974752427e-07,3.3252108097076416,0.0,99.99810028076172,0.0,721.224365234375,43.634620666503906,20.778541564941406,0.0,9.470903396606445,77.93324279785156,1.0,0.9716426730155945,20.0,0.0,60.0,120.0,0.0,120.0,0.0,0.0,0.0,0.0,18.141542434692383,89.18209075927734,2.0,200.0,0,0,0,0,0,0,0,0,0,0,0,0,99999,99999,28,403,1800,180,1800,0,0,-7,0,23,0,0,0,806,1424,29,31,32,0,1,0,1,0,1,0,0,1,0,0,0,0,0,1,0,0,0,0,1,0,0,0,1,0,0,0,1,0,0,0,0,0,0,0,0,0,0,0,0,1,0,1,0,0,1,1,0,0,1,1,0,1,0,1,0,1,1,0,0,0,1,0,0,0,0,0,0,0,1,1,0,1,0,0,0,0,0,0,0,0,1,0,0,0,1,0,0,0,0,0,0,1,0,0,1,0,1,0,0,1,0,0,1,0,0,1,0,0,0,1,0,1,1,1,0,0,1,0,0,0,0,0,1,1,1,0,0,0,0,0,0,0,1,0,1,0,1,0,1,0,1,0,0,0,0,0,0,0,0,1,1,1,1,0,1,0,1,1,1,1,1,1,1,0,0,0,0,0,0,1,0,1,1,1,1,1,1,1,1,1,1,1,0,0,0,1,1,0,0,1,1,0,1,1,0,0,1,1,1,0,0,0,0,1,1,1,1,0,1,1,1,1,0,0,1,1,0,1,0,1,1,0,1,1,1,1,1,1,1,1,0,1,0,0,0,0,0,0,0,0,0,0,1,0,0,1,0,0,0,0,0,0,0,0,0,0,0,0,0,0,0,0,0,0,0,0,0,0,0,0,0,0,0,0,0,0,0,0,0,0,0,0,0,0,0,0,0,0,0,0,0,0,0,0,0,0,0,0,0,0,0,0,0,0,0,0,0,0,0,0,0,0,0,0,0,0,0,0,0,0,0,0,0,0,0,0,0,0,0,0,0,0,0,0,0,0,0,0,0,0,0,0,0,0,0,0,0,0,0,0,0,0,0,0,0,0,0,0,0,0,0,0,0,0,0,0,0,0,0,0,0,0,0,0,0,0,0,0,0,0,0,0,0,0,0,0,0,0,0,0,1,0,1,0,0,0,0,0,1,0,0,0,0,0,0,0,0,0,0,0,0,0,0,0,1,0,0,0,0,0,0,0,0,0,0,0,0,0,0,1,0,0,0,0,0,0,0,0,0,0,1,0,0,0,0,0,0,0,0,0,0,0,0,0,0,0,0,0,0,0,0,0,0,0,0,0,0,0,1,0,0,0,0,0,0,1,1,1,0,0,0,0,0,0,-1,0,0,0,0,0,0,0,0,-1,0,0,-1,0,0,0,0,0,0,0,0,0,0,0,0,0,0,0,0,0,0,1,0,0,0,0,0,0,0,0,0,0,0,0,0,0,0,0,1,1,0,-1,-1,-1,1,1,1,0,0,0,0,1,0,0,1,1,0,0,0,0,1,0,0,0,0,0,0,0,0,0,0,0,0,0,0,0,0,0,0,0,0,0,0,0,0,0,0,0,0,0,1,1,0,1,0,1,1,0,1,0,1,1,0,1,0,0,1,0,0,0,0,0,0,0,0,0,0,0,0,0,0,0,0,0,0,0,0,0,0,0,0,0,0
0,1,1,300,228,8,8,228,114,25,1,0,0.0020000000949949026,4000.0,1.0,0.04500000178813934,25.0,48.0,8.0,291.70001220703125,1.7000000476837158,-3.179999907843012e-07,0.007360000163316727,0.008080000057816505,8.0,0.33000001311302185,0.0333000011742115,1.0,9.999999747378752e-06,21.0,9.999999747378752e-06,2775000064.0,9.000000136438757e-05,4.999999980020986e-13,5.0,40.0,3.0,-3.3499999046325684,3.3499999046325684,0.5,0.0004799999878741801,292.3927001953125,492.6077880859375,-0.0036125299520790577,0.002354159951210022,0.0008944629807956517,0.013157900422811508,0.800646185874939,0.02024419978260994,2650129920.0,0.006539999973028898,0,0,0,0,0,0,0,0,0,0,0,0,0,0,0,0,0,0,0,0,0,0,0,0,0,0,0,0,0,0,0,0,0,0,0,0,0,0,0,0,0,0,0,0,0,0,0,0,0,0,0,0,0,1,4,4,0,0,0,0,0,0,0,0,2,0,0.00040299457032233477,276.0582275390625,286.9362487792969,288.5281066894531,290.17254638671875,291.7794189453125,294.52001953125,295.5139465332031,296.2713317871094,296.7010803222656,296.841552734375,296.73260498046875,296.4341125488281,295.98760986328125,295.4556579589844,294.9009094238281,294.50341796875,294.1087646484375,293.6457214355469,293.0551452636719,292.315673828125,291.4213562011719,290.41015625,289.3304443359375,288.2305603027344,287.1589050292969,0.03796451911330223,0.021647049114108086,0.7712222933769226,-0.037469010800123215,0.7573063969612122,0.7483258247375488,1002.4376831054688,3.3532759857735073e-07,0.11646246165037155,0.006803970318287611,0.008824645541608334,0.00891980528831482,0.021101709455251694,1.0,-1.6815581571897805e-44,-5.39964485168457,0.0,99.19351959228516,2672.710205078125,0.945868968963623,293.1556396484375,0.0,0.0,0.0,17.999996185302734,0.0,291.70001220703125,280678.46875,-0.540648341178894,6.154060363769531,130.28829956054688,10.0,7750000.0,8160000.0,86.12000274658203,119.0999984741211,0.5,9.999999747378752e-05,0.0,3.299999952316284,200.0,0.30000001192092896,309.20001220703125,2.439019908706541e-06,0,0,0,1,1,1,0,24,0,277.8932189941406,0.0,0.0,0.0,0.0,0.0,0.0,1.146127700805664,0.8664300441741943,0.536596953868866,0.30476540327072144,0.11056390404701233,0.1071939468383789,0.19523458182811737,0.1968783438205719,0.19740799069404602,1.0,25.0,24.0,5249101.0,5250505.0,5249268.5,274.333251953125,274.55279541015625,274.31884765625,280.94561767578125,282.26470947265625,280.94403076171875,4400000.0,277.6394348144531,278.40875244140625,277.6314392089844,6.61236572265625,7.7119140625,6.62518310546875,279.98150634765625,4580.4033203125,4503.34423828125,4587.67724609375,10.263011932373047,10.26339054107666,10.284525871276855,28.412322998046875,0.0,0.0,0.0020000000949949026,274.4016418457031,281.3847961425781,-85.87338256835938,0.6302590370178223,0.6353909969329834,0.6373797655105591,247.51043701171875,39.0,40.0,42.0,41.0,0.0,0.0,5239508.0,5209816.5,53.6180305480957,5.0,0.014999999664723873,-180000.0,600.0,1000000.0,400000.0,0.17000000178813934,22000.0,786000.0,120000.0,0.0,40.0,30.0,36.810001373291016,0.5,18.399999618530273,50000.0,115692.3984375,15.113750457763672,0,0,1,0,0,0,0,9509970.0,0.0,0.0,0.0,0.0,0.0,-5878249.0,400000.0,1000000.0,1.0,1400000.0,0.0,0.2292768508195877,9521751.0,126869.6328125,9509970.0,340.31402587890625,40.007659912109375,2.2835817337036133,-5878249.0,0.0,0.0,0.0,2.1395132541656494,40.007659912109375,0.0,22230.939453125,1.2010046243667603,0.0,0.0,0.0,20.0,14.711517333984375,22.0,0.0,0.0,0.0,0.05000000074505806,0.02500000037252903,0.17000000178813934,15400000.0,0.5,6.25,0.0006667000125162303,2.0,2410000.0,4140000.0,4.734799861907959,0.15000000596046448,0.20000000298023224,0.2199999988079071,1.0,0.0,-1.0,0.0,5.0,20.0,30.0,50.0,74.0,80.0,86.0,9.800000190734863,500000.0,1.0499999802959792e-07,0.5,750.0,1000.0,600.0,1000.0,1150.0,32.0,32.0,37.400001525878906,10.0,10.0,0.007000000216066837,0.5049999952316284,82.0,189.26499938964844,0.0,1.5099999904632568,231.60000610351562,20.0,36.0,16.600000381469727,16.5,225.0,-0.1756729930639267,27.5,-0.1756729930639267,30.485509872436523,0.1561516970396042,11.10221004486084,-1.8332500457763672,-75.0,4.3520002365112305,13.857000350952148,189.26499938964844,93.30000305175781,2650000.0,0.8500000238418579,7.570000171661377,1,1,1,0,0,0,0,0,0,0,0,1,3,3,0,0,1,0,0,0,0,1,0,1,1,0,0,0,1,1,1,0,0,0,0,0,0,0,0,1,0,0,0,1,0,0,1,0,0,1,12.05141544342041,29051.265625,2153.158935546875,0.00041483284439891577,0.0004361289902590215,0.0006248649442568421,0.0,0.0,0.0,0.0,0.0,0.0,0.5446145534515381,1.0,0.0,0.0,1.0,1.0,0.0,0.0,1.0,1.0,0.0,1.0,0.0,0.0,1.0,0.0,0.0,0.261638879776001,0.3338421881198883,0.0006248649442568421,0.0,0.0006234623142518103,0.0,99998.78125,99999.0,1153827.5,2410000.0,36.20000076293945,36.20000076293945,36.20000076293945,32.344451904296875,266.259033203125,20.0,20.000003814697266,24.02347183227539,27.0,27.0,25.813905715942383,27.0,31.92816925048828,32.0,20.0,68.57752227783203,3445801.5,0.5447911024093628,7.559999942779541,0.0,8.918209075927734,0.0,0.0,44.44892120361328,1.401298464324817e-45,0.0,0.0,0.5049998760223389,0.5049998760223389,0.5049998760223389,0.18937495350837708,0.18937495350837708,0.18937495350837708,0.0,14.816291809082031,14.816291809082031,14.816291809082031,0.0,0.0,9.074999809265137,0.0,0.0,0.0,0.0,0.0,0.0,100.0,73.97314453125,0.2199999988079071,0.0,20.0,44.44892120361328,0.0,0.0,0.0,0.0,0.0,0.007000000216066837,0.0,0.0,9.074999809265137,0.0,1.7323341369628906,0.0,0.946874737739563,0.0,0.0,0.0,0.0,0.0,0.0,20.0,0.0,0.0,9212355.0,0.0,0.0,0.0,0.0,0.0,0.0,0.0,0.351500004529953,18.93000030517578,23.030000686645508,7.69199959904654e-06,0.08500000089406967,0.009999999776482582,24.0,27.0,8.800000190734863,500000.0,0.05000000074505806,2.7000000013543968e-09,2.7000000013543968e-09,145100.0,120000.0,14650000.0,86400.0,17.0,34.5,48.70000076293945,321.8999938964844,83170.0,0.0,1.0,1.0,0.0010000000474974513,725.0,0.0,0.5,0.0,0.0,57.31999969482422,837142.875,9359.77734375,117376.1015625,2623.89794921875,83026.390625,725.0,1.0204100362898316e-05,740000000.0,1,0,1,0,1,1,0,0,1,0,0,8.799991607666016,27.0,5666.44091796875,0.0,0.0,0.0,0.0,2.2771835327148438,0.0004018364998046309,0.0,0.043586261570453644,39.97746658325195,1.0,26106.53125,10605.5595703125,5.6611075706314296e-05,135429856.0,749177152.0,811871680.0,2066338816.0,-8.308258056640625,-712.62744140625,-597164928.0,-1317161472.0,45.395751953125,28.474903106689453,53.704010009765625,741.1024169921875,106381.3984375,4244.61376953125,148123.140625,167905.359375,124106.53125,80.19992065429688,39.97746658325195,39.97746658325195,1.0,5.6611075706314296e-05,10605.5595703125,797683744768.0,0.20308560132980347,137600.0,137600.0,65143392.0,53.704010009765625,6714.89990234375,1.0,0.0,1700.0,250000.0,10000.0,1038.0,0.004999999888241291,400.0,5000.0,0,0,0,0,2959622.5,45.86992263793945,45.86992263793945,1216415.25,2788213.25,0.0,0.0,99164.8671875,0.029416443780064583,5219413.0,0.0,0.0,1.0,1.0,0.029416443780064583,275.3855285644531,98.72084045410156,0.0,5957889.0,408669.5625,98.72084045410156,1.0,1.0,1.0,0.0,451.16265869140625,0.0,450.3305969238281,1.0,0.0,7680000.0,244.44448852539062,256.1650085449219,245.8472900390625,0.9978982210159302,2788213.25,299.486083984375,91.7398452758789,1.9978982210159302,0.0,266.4582214355469,1.0,0.0,-7.5742998123168945,0.0,0.0,9.999999974752427e-07,0.0,2.0,0.0003000000142492354,0.004999999888241291,0.0010000000474974513,2.0000000233721948e-07,2.0000000233721948e-07,0.0005555999814532697,993000000.0,1.0,0.05000000074505806,0.10000000149011612,0.0005000000237487257,0.0016700000269338489,0.009999999776482582,1.0,1.0,0.0010000000474974513,4.999999873689376e-05,0.00039999998989515007,0.019999999552965164,0.9891999959945679,0.9891999959945679,0.9950000047683716,0.9950000047683716,1,0,0,0,1,1,0,0,0,0,0,0,0,0,-0.0074569773860275745,-7404778.5,5000.01171875,99164.8671875,0.0,2546223.0,0.0,1.0,2569281.25,0.0,0.0,60.0,180.0,1800.0,1800.0,0.0,0.0,0.0,0.0,-0.012236599810421467,0.0,0.0,0.0,0.0,0.0,0.0,0.0,0.0,0.0,0.0,0.0,6.602997746085748e-05,0.0,7.006492321624085e-44,1,1,0,1,1,1,1,1,1,1,1,0,1,0,1,1,1,1,0,1,0,1000,25,0,1,5001,127,0.0,0.0,120.0,120.0,0.0,0.0,0.4000000059604645,0.10000000149011612,0.10000000149011612,2.0,500.0,200.0,0.9900000095367432,300000.0,5000.0,45000.0,20000.0,0.019999999552965164,2.0,0.05000000074505806,0.019999999552965164,6.0,0.05000000074505806,0.019999999552965164,0.019999999552965164,88.30000305175781,0.10000000149011612,0.800000011920929,0.05000000074505806,0.009999999776482582,50.0,50.0,340.0,340.0,1000000.0,1,0,0,0,1,1,1,1,1,1,0,0,0,1,1,0,1.0,0.0,0.0,0.0,29.656583786010742,0.0,0.0,0.0,0.9121249914169312,0.9121249914169312,0.9121249914169312,5000.01171875,4278711.5,4283711.5,50.0,27.61331558227539,0.4000000059604645,0.0,0.0,0.10000000149011612,0.13592220842838287,0.4925430119037628,22164.435546875,20.0,29.202341079711914,779473.6875,20.757442474365234,2736.841064453125,721.224365234375,0.7794736623764038,0.9060273766517639,9.470863342285156,1.0,3220093.5,3303567.0,9.716373443603516,20.0,0.27805039286613464,27.805038452148438,0.0,636.4223022460938,1242.3133544921875,100000.0,50000.0,1115.300048828125,50000.0,700.0,2000.0,2800000.0,3500000.0,4000000.0,9.999999747378752e-05,4.999999873689376e-05,500.0,20000.0,100.0,500.0,60000.0,1200.0,1.0,120.0,150000.0,3000.0,300.0,1.0,300.0,0.019999999552965164,0.019999999552965164,0.009999999776482582,0.009999999776482582,0.009999999776482582,0.019999999552965164,1.100000023841858,0.019999999552965164,4.0,0.019999999552965164,88.0,1613.0,0.009999999776482582,0.20000000298023224,3.0,5.0,600.0,0.0010000000474974513,88.0,88.0,2000.0,2340.0,-0.11599799990653992,-0.03561130166053772,-0.04758000001311302,-0.01752999983727932,1,0,1,0,0,1,1,197.09716796875,197.09716796875,0.7915496826171875,0.7915496826171875,0.0006149389082565904,20.757442474365234,163.74783325195312,78.21468353271484,434.8726501464844,38.95091247558594,38.95091247558594,0.15642929077148438,0.15642929077148438,89.17550659179688,9.357486724853516,0.0,0.0,2663660.25,20.00048065185547,20.00048065185547,98.3222885131836,98.3222885131836,63407.60546875,63407.60546875,1.056793451309204,1.056793451309204,0.014708221890032291,0.014708221890032291,-7.488277435302734,-7.488277435302734,-31331.705078125,-31331.705078125,-7.487789154052734,99.74931335449219,101.09752655029297,2648786.75,20.00048065185547,20.00048065185547,165.2550506591797,165.2550506591797,105.11585235595703,105.11585235595703,439815.28125,439815.28125,0.0,68.15214538574219,68.15214538574219,136.30490112304688,156478.140625,156478.140625,1.0431876182556152,1.0431876182556152,165.0028076171875,105.11585235595703,0.0,0.0,0.0,129.56285095214844,129.56285095214844,259.1257019042969,0.0,0.0,0.0,0.0,0.0,129.56285095214844,129.56285095214844,0.026315800845623016,0.0,0.20000000298023224,0.0,0.0,0.0,0.0,0.0,0.0,0.9599996209144592,1.0,1.0,1.0,0.9999998211860657,0.9999998211860657,0.9999998211860657,190814.453125,193220.453125,0.0,14.750001907348633,0.0,14.750001907348633,7.25,12.0,10.25,296.3810119628906,297.7510070800781,29.5,-130745.1328125,9208409.0,12224996.0,0.0,0.0,0.0,0.00426381453871727,0.00426381453871727,0.00426381453871727,1.0,183158.71875,0.9959999918937683,0.9959999918937683,0.9959999918937683,0.9959999918937683,0.0,4042096.0,4240571.5,312469.46875,2606300.0,3981417.25,0.004278711508959532,0.00856742262840271,395.7774353027344,7.25,12.0,10.25,0.0,0.0,0.0,0.0,0.0,0.0,78.21530151367188,395.790283203125,189.02723693847656,189.02723693847656,189.02723693847656,0.0,0.0,0.0,3.0109009742736816,0.0,0.7904630303382874,3.010651111602783,5.0,0.0040000081062316895,0.0040000081062316895,0.0040000081062316895,0.0040000081062316895,0.0,-0.4368000030517578,0.0,602180.1875,163.74783325195312,163.74783325195312,0.0,20.0,2788158.5,7.25,12.0,10.25,20.0,20.0,20.0,0.0,0.0,0.7926306128501892,0.9211652278900146,10000.0,10000.0,0.011826000176370144,1038.5,0.027953999117016792,0.0,0.0,1.0878000259399414,1.0809999704360962,9.000000136438757e-05,103.0,33.220001220703125,1.8179999589920044,0.029999999329447746,49.0,8.329999923706055,4.159999847412109,58.0,302.0,4.5,0.699999988079071,0.4000000059604645,7.5,1.3799999952316284,2.492000102996826,7000.0,48.88999938964844,1.2000000476837158,45.0,62000.0,4590000.0,4250000.0,15900000.0,15100000.0,0.05000000074505806,0.17000000178813934,0.009999999776482582,15220000.0,1.6699999570846558,312.7799987792969,1.1100000143051147,4232.0,0.25,689000.0,4030000.0,9.829999923706055,8.550000190734863,12200000.0,231.10000610351562,88.3239974975586,633.0,1.1430000066757202,0.6858000159263611,-10.0,-3.7799999713897705,0.7799999713897705,295.5,4030000.0,12400000.0,0.9200000166893005,5.0,1,0,1,228,0,0,0,0,0,1,1,1,1,1,0,1,1,1,0,0,0,0,1,1,0,0,0,1,0,0,0,0,0,0,0,0,1,0,1,8,0,0,1,0,0.008824645541608334,5249101.0,1.0877995491027832,0.0,1.3176738023757935,278.0283508300781,0.0,-0.000512682949192822,1,1,1,0,0,0,1,1,0,0,0,0,0,550,0.20000000298023224,0.20000000298023224,0.20000000298023224,0.0,2,0,0,0,0,0,0,0,0,0,0,0,0,0,0,0,0,0,0,0,0,0,0,0,0,0,0,0,0,0,0,0,0,0,0,0,0,0,0,0,0,0,0,0,0,0,0,0,0,0,0,1,0,0,0,0,0,0,0,0,0,0,0,0,0,0,0,0,0,0,0,0,0,0,0,0,0,0,0,0,0,0,0,0,0,0,0,0,0,0,0,0,0,0,0,0,0,0,0,0,0,0,0,0,0,0,0,0,0,0,0,0,0,0,0,0,0,0,0,0,0,0,0,0,0,0,0,0,0,0,0,0,0,0,0,0,0,0,0,0,0,0,0,1,0,0,0,0,0,0,0,0,0,0,0,-1,0,0,0,0,0,0,1,1,0,0,0.8824645280838013,-5.39964485168457,0.0,-0.540648341178894,-1.6815581571897805e-44,291.70001220703125,278.0283508300781,293.1556396484375,-0.037469010800123215,99.19351959228516,2672.710205078125,1.0877995491027832,1.3176738023757935,-1.0,13.671661376953125,6.827850029367255e-06,0.043586261570453644,100.0,27.0,0.0,7.799991607666016,4.025533676147461,1.0,1.0,39.97746658325195,0.26639366149902344,20.0,5.6611075706314296e-05,0.0,73.97314453125,1.7323341369628906,1.8179994821548462,0.00036938843550160527,0.6817498207092285,0.5447911024093628,11.773771286010742,8.918209075927734,0.0,0.0,0.0,20.000003814697266,44.898040771484375,266.259033203125,20.0,0.9256252646446228,280.1222229003906,40.007659912109375,0.29459047317504883,274.44464111328125,274.6790771484375,274.45904541015625,281.0873107910156,282.4110412597656,281.0888977050781,100.0,0.9276852011680603,22.0,97.16090393066406,277.7659912109375,278.5450439453125,277.77398681640625,340.3143310546875,22.927684783935547,21.441450119018555,97.16090393066406,0.0,0.0,0.0,0.0,71.60073852539062,71.4583740234375,71.45223999023438,53.564064025878906,53.57667922973633,53.562355041503906,19.740798950195312,19.687833786010742,19.52345848083496,99.72908782958984,97.88652801513672,99.57099151611328,36.89999771118164,43.19999694824219,26.099998474121094,246.2854461669922,256.61944580078125,244.86094665527344,29.0,0.0,48.0,0.0,0.0,0.0,0.0,0.0,0.0,41.0,78.36749267578125,53.25941467285156,165.0028076171875,28.232955932617188,9.999999974752427e-07,3.188469886779785,0.0,99.74931335449219,0.0,721.224365234375,43.711421966552734,20.757442474365234,0.0,9.470863342285156,77.9473648071289,1.0,0.9716373682022095,20.0,0.0,60.0,120.0,0.0,120.0,0.0,0.0,0.0,0.0,18.141542434692383,89.18209075927734,2.0,200.0,0,0,0,0,0,0,0,0,0,0,0,0,99999,99999,28,403,1800,180,1800,0,0,-7,0,23,0,0,0,806,1424,29,31,32,0,1,0,1,0,1,0,0,1,0,0,0,0,0,1,0,0,0,0,1,0,0,0,1,0,0,0,1,0,0,0,0,0,0,0,0,0,0,0,0,1,0,1,0,0,1,1,0,0,1,1,0,1,0,1,0,1,1,0,0,0,1,0,0,0,0,0,0,0,1,1,0,1,0,0,0,0,0,0,0,0,1,0,0,0,1,0,0,0,0,0,0,1,0,0,1,0,1,0,0,1,0,0,1,0,0,1,0,0,0,1,0,1,1,1,0,0,1,0,0,0,0,0,1,1,1,0,0,0,0,0,0,0,1,0,1,0,1,0,1,0,1,0,0,0,0,0,0,0,0,1,1,1,1,0,1,0,1,1,1,1,1,1,1,0,0,0,0,0,0,1,0,1,1,1,1,1,1,1,1,1,1,1,0,0,0,1,1,0,0,1,1,0,1,1,0,0,1,1,1,0,0,0,0,1,1,1,1,0,1,1,1,1,0,0,1,1,0,1,0,1,1,0,1,1,1,1,1,1,1,1,0,1,0,0,0,0,0,0,0,0,0,0,1,0,0,1,0,0,0,0,0,1,0,0,1,0,0,0,0,0,0,0,0,0,0,0,0,0,0,0,0,0,0,0,0,0,0,0,0,0,1,0,0,0,0,1,0,0,0,1,0,0,0,0,0,0,0,0,0,0,0,0,0,0,0,0,0,0,1,0,0,0,0,0,0,0,0,0,0,0,0,0,0,0,0,1,0,0,0,0,0,0,0,0,0,0,0,0,0,0,0,0,0,0,0,0,0,0,0,0,0,0,0,0,0,0,0,0,0,0,0,0,0,0,0,0,0,0,0,0,0,0,0,0,0,0,0,0,0,0,0,0,0,0,0,0,0,0,0,0,1,0,1,0,0,0,0,0,1,0,0,0,0,0,0,0,0,0,0,0,0,0,0,0,1,0,0,0,0,0,0,0,0,0,0,0,0,0,0,1,0,0,0,0,0,0,0,0,0,0,1,0,0,0,0,0,0,0,0,0,0,0,0,0,0,0,0,0,0,0,0,0,0,0,0,0,0,0,1,0,0,0,0,0,0,1,1,1,0,0,0,0,0,0,-1,0,0,0,0,0,0,0,0,-1,0,0,-1,0,0,0,0,0,0,0,0,0,0,0,0,0,0,0,0,0,0,1,0,0,0,0,0,0,0,0,0,0,0,0,0,0,0,0,1,1,0,-1,-1,-1,1,1,1,0,0,0,0,1,0,0,1,1,0,0,0,0,1,0,0,0,0,0,0,0,0,0,0,0,0,0,0,0,0,0,0,0,0,0,0,0,0,0,0,0,0,0,1,1,0,1,0,1,1,0,1,0,1,1,0,1,0,0,1,0,0,0,0,0,0,0,0,0,0,0,0,0,0,0,0,0,0,0,0,0,0,0,0,0,0
0,1,1,300,228,8,8,228,114,25,1,0,0.0020000000949949026,4000.0,1.0,0.04500000178813934,25.0,48.0,8.0,291.70001220703125,1.7000000476837158,-3.179999907843012e-07,0.007360000163316727,0.008080000057816505,8.0,0.33000001311302185,0.0333000011742115,1.0,9.999999747378752e-06,21.0,9.999999747378752e-06,2775000064.0,9.000000136438757e-05,4.999999980020986e-13,5.0,40.0,3.0,-3.3499999046325684,3.3499999046325684,0.5,0.0004799999878741801,292.3927001953125,492.6077880859375,-0.0036125299520790577,0.002354159951210022,0.0008944629807956517,0.013157900422811508,0.800646185874939,0.02024419978260994,2650129920.0,0.006539999973028898,0,0,0,0,0,0,0,0,0,0,0,0,0,0,0,0,0,0,0,0,0,0,0,0,0,0,0,0,0,0,0,0,0,0,0,0,0,0,0,0,0,0,0,0,0,0,0,0,0,0,0,0,0,1,4,4,0,0,0,0,0,0,0,0,2,0,0.00040299457032233477,275.671875,286.41357421875,287.9868469238281,289.6119079589844,291.1999816894531,293.9101867675781,294.89459228515625,295.64605712890625,296.07501220703125,296.2193908691406,296.1188049316406,295.8330383300781,295.4015808105469,294.8855285644531,294.3460998535156,293.96392822265625,293.5826110839844,293.130615234375,292.5487365722656,291.81597900390625,290.9264831542969,289.9187316894531,288.8416442871094,287.7441711425781,286.67523193359375,0.03834685683250427,0.021402085199952126,0.7712090611457825,-0.037404052913188934,0.7573382258415222,0.7455152273178101,972.6795654296875,3.253536249303579e-07,0.11421594023704529,0.006607042625546455,0.008549158461391926,0.00863935612142086,0.02115982584655285,1.0,-1.6815581571897805e-44,-5.41351842880249,0.0,99.19181823730469,2672.86279296875,0.9459087252616882,292.597900390625,0.0,0.0,0.0,18.599998474121094,0.0,291.70001220703125,280679.03125,-0.5403560996055603,6.150031089782715,130.28829956054688,10.0,7750000.0,8160000.0,86.12000274658203,119.0999984741211,0.5,9.999999747378752e-05,0.0,3.299999952316284,200.0,0.30000001192092896,309.20001220703125,2.439019908706541e-06,0,0,0,1,1,1,0,24,0,277.4903869628906,0.0,0.0,0.0,0.0,0.0,0.0,1.154477834701538,0.8664042949676514,0.5370887517929077,0.3086945414543152,0.1136070117354393,0.11022205650806427,0.19130544364452362,0.19275666773319244,0.19353200495243073,1.0,25.0,24.0,5220437.0,5221836.5,5220604.0,273.9581298828125,274.17645263671875,273.9434814453125,280.51849365234375,281.828857421875,280.51690673828125,4400000.0,277.2383117675781,278.0026550292969,277.2301940917969,6.56036376953125,7.65240478515625,6.57342529296875,279.56207275390625,4581.36328125,4505.5556640625,4588.62109375,10.227076530456543,10.22597599029541,10.249075889587402,28.561553955078125,0.0,0.0,0.0020000000949949026,274.0260314941406,280.9547424316406,-84.77599334716797,0.61748206615448,0.6219946146011353,0.6247766017913818,246.27035522460938,39.0,40.0,42.0,41.0,0.0,0.0,5210957.5,5181253.0,53.50499725341797,5.0,0.014999999664723873,-180000.0,600.0,1000000.0,400000.0,0.17000000178813934,22000.0,786000.0,120000.0,0.0,40.0,30.0,36.810001373291016,0.5,18.399999618530273,50000.0,115692.3984375,15.113750457763672,0,0,1,0,0,0,0,9475161.0,0.0,0.0,0.0,0.0,0.0,-5913325.0,400000.0,1000000.0,1.0,1400000.0,0.0,0.22653339803218842,9486675.0,126869.6328125,9475161.0,340.31329345703125,40.007659912109375,2.256270170211792,-5913325.0,0.0,0.0,0.0,2.125743865966797,40.007659912109375,0.0,22230.939453125,1.2010046243667603,0.0,0.0,0.0,20.0,14.711517333984375,22.0,0.0,0.0,0.0,0.05000000074505806,0.02500000037252903,0.17000000178813934,15400000.0,0.5,6.25,0.0006667000125162303,2.0,2410000.0,4140000.0,4.734799861907959,0.15000000596046448,0.20000000298023224,0.2199999988079071,1.0,0.0,-1.0,0.0,5.0,20.0,30.0,50.0,74.0,80.0,86.0,9.800000190734863,500000.0,1.0499999802959792e-07,0.5,750.0,1000.0,600.0,1000.0,1150.0,32.0,32.0,37.400001525878906,10.0,10.0,0.007000000216066837,0.5049999952316284,82.0,189.26499938964844,0.0,1.5099999904632568,231.60000610351562,20.0,36.0,16.600000381469727,16.5,225.0,-0.1756729930639267,27.5,-0.1756729930639267,30.485509872436523,0.1561516970396042,11.10221004486084,-1.8332500457763672,-75.0,4.3520002365112305,13.857000350952148,189.26499938964844,93.30000305175781,2650000.0,0.8500000238418579,7.570000171661377,1,1,1,0,0,0,0,0,0,0,0,1,3,3,0,0,1,0,0,0,0,1,0,1,1,0,0,0,1,1,1,0,0,0,0,0,0,0,0,1,0,0,0,1,0,0,1,0,0,1,12.05141544342041,29051.265625,2153.14208984375,0.00041483284439891577,0.0004361289902590215,0.0006248649442568421,0.0,0.0,0.0,0.0,0.0,0.0,0.5444358587265015,1.0,0.0,0.0,1.0,1.0,0.0,0.0,1.0,1.0,0.0,1.0,0.0,0.0,1.0,0.0,0.0,0.25744032859802246,0.3284849524497986,0.0006248649442568421,0.0,0.000623465864919126,0.0,99998.78125,99999.0,1135311.875,2410000.0,36.20000076293945,36.20000076293945,36.20000076293945,32.3392448425293,265.8828125,20.0,20.000003814697266,24.02347183227539,27.0,27.0,25.813905715942383,27.0,31.92835235595703,32.0,20.0,68.57752227783203,3445774.5,0.5447911024093628,7.559999942779541,0.0,8.918209075927734,0.0,0.0,44.56279373168945,1.401298464324817e-45,0.0,0.0,0.5049998760223389,0.5049998760223389,0.5049998760223389,0.18937495350837708,0.18937495350837708,0.18937495350837708,0.0,14.854249000549316,14.854249000549316,14.854249000549316,0.0,0.0,9.074999809265137,0.0,0.0,0.0,0.0,0.0,0.0,100.0,73.97314453125,0.2199999988079071,0.0,20.0,44.56279373168945,0.0,0.0,0.0,0.0,0.0,0.007000000216066837,0.0,0.0,9.074999809265137,0.0,1.7323341369628906,0.0,0.946874737739563,0.0,0.0,0.0,0.0,0.0,0.0,20.0,0.0,0.0,9177480.0,0.0,0.0,0.0,0.0,0.0,0.0,0.0,0.351500004529953,18.93000030517578,23.030000686645508,7.69199959904654e-06,0.08500000089406967,0.009999999776482582,24.0,27.0,8.800000190734863,500000.0,0.05000000074505806,2.7000000013543968e-09,2.7000000013543968e-09,145100.0,120000.0,14650000.0,86400.0,17.0,34.5,48.70000076293945,321.8999938964844,83170.0,0.0,1.0,1.0,0.0010000000474974513,725.0,0.0,0.5,0.0,0.0,57.31999969482422,837142.875,9359.77734375,117376.1015625,2623.89794921875,83026.390625,725.0,1.0204100362898316e-05,740000000.0,1,0,1,0,1,1,0,0,1,0,0,8.799991607666016,27.0,5698.64013671875,0.0,0.0,0.0,0.0,2.2901597023010254,0.00040184217505156994,0.0,0.043833937495946884,39.979270935058594,1.0,26107.203125,10663.439453125,5.6932822189992294e-05,134478640.0,742233984.0,804687872.0,2055172992.0,-8.079841613769531,-708.60986328125,-591289472.0,-1312938880.0,45.50962448120117,28.474903106689453,53.5894660949707,737.084716796875,106381.3984375,4244.99658203125,148154.9375,167912.9375,124107.203125,80.79991149902344,39.979270935058594,39.979270935058594,1.0,5.6932822189992294e-05,10663.439453125,795215069184.0,0.20312948524951935,137600.0,137600.0,64902740.0,53.5894660949707,6715.4833984375,1.0,0.0,1700.0,250000.0,10000.0,1038.0,0.004999999888241291,400.0,5000.0,0,0,0,0,2959622.5,45.595252990722656,45.595252990722656,1216415.25,2788260.5,0.0,0.0,99030.59375,0.024432826787233353,5190736.0,0.0,0.0,1.0,1.0,0.024432826787233353,275.3855285644531,98.67581939697266,0.0,5957889.0,408478.46875,98.67581939697266,1.0,1.0,1.0,0.0,448.6763916015625,0.0,447.85400390625,1.0,0.0,7680000.0,243.16281127929688,254.78314208984375,244.55856323242188,0.9981404542922974,2788260.5,297.8819885253906,91.19050598144531,1.9981404542922974,0.0,266.1125183105469,1.0,0.0,-7.5742998123168945,0.0,0.0,9.999999974752427e-07,0.0,2.0,0.0003000000142492354,0.004999999888241291,0.0010000000474974513,2.0000000233721948e-07,2.0000000233721948e-07,0.0005555999814532697,993000000.0,1.0,0.05000000074505806,0.10000000149011612,0.0005000000237487257,0.0016700000269338489,0.009999999776482582,1.0,1.0,0.0010000000474974513,4.999999873689376e-05,0.00039999998989515007,0.019999999552965164,0.9891999959945679,0.9891999959945679,0.9950000047683716,0.9950000047683716,1,0,0,0,1,1,0,0,0,0,0,0,0,0,-0.0074569773860275745,-7404778.5,5000.01171875,99030.59375,0.0,2546223.0,0.0,1.0,2569281.25,0.0,0.0,60.0,180.0,1800.0,1800.0,0.0,0.0,0.0,0.0,-0.012236599810421467,0.0,0.0,0.0,0.0,0.0,0.0,0.0,0.0,0.0,0.0,0.0,6.602997746085748e-05,0.0,7.006492321624085e-44,1,1,0,1,1,1,1,1,1,1,1,0,1,0,1,1,1,1,0,1,0,1000,26,0,1,5001,130,0.0,0.0,120.0,120.0,0.0,0.0,0.4000000059604645,0.10000000149011612,0.10000000149011612,2.0,500.0,200.0,0.9900000095367432,300000.0,5000.0,45000.0,20000.0,0.019999999552965164,2.0,0.05000000074505806,0.019999999552965164,6.0,0.05000000074505806,0.019999999552965164,0.019999999552965164,88.30000305175781,0.10000000149011612,0.800000011920929,0.05000000074505806,0.009999999776482582,50.0,50.0,340.0,340.0,1000000.0,1,0,0,0,1,1,1,1,1,1,0,0,0,1,1,0,1.0,0.0,0.0,0.0,29.576839447021484,0.0,0.0,0.0,0.9118197560310364,0.9118197560310364,0.9118197560310364,5000.01171875,4286088.5,4291088.5,50.0,27.6132755279541,0.4000000059604645,0.0,0.0,0.10000000149011612,0.135175421833992,0.4925430119037628,22164.435546875,20.0,29.202341079711914,779619.1875,20.7374267578125,2733.79541015625,721.224365234375,0.7796192169189453,0.9054555892944336,9.470823287963867,1.0,3220080.0,3303549.0,9.716320037841797,20.0,0.2780969738960266,27.8096981048584,0.0,636.4223022460938,1270.2720947265625,100000.0,50000.0,1115.300048828125,50000.0,700.0,2000.0,2800000.0,3500000.0,4000000.0,9.999999747378752e-05,4.999999873689376e-05,500.0,20000.0,100.0,500.0,60000.0,1200.0,1.0,120.0,150000.0,3000.0,300.0,1.0,300.0,0.019999999552965164,0.019999999552965164,0.009999999776482582,0.009999999776482582,0.009999999776482582,0.019999999552965164,1.100000023841858,0.019999999552965164,4.0,0.019999999552965164,88.0,1613.0,0.009999999776482582,0.20000000298023224,3.0,5.0,600.0,0.0010000000474974513,88.0,88.0,2000.0,2340.0,-0.11599799990653992,-0.03561130166053772,-0.04758000001311302,-0.01752999983727932,1,0,1,0,0,1,1,191.72471618652344,191.72471618652344,0.7699737548828125,0.7699737548828125,0.0005897139199078083,20.7374267578125,163.73252868652344,75.34986114501953,423.22930908203125,37.52423095703125,37.52423095703125,0.15069961547851562,0.15069961547851562,85.66610717773438,8.278905868530273,0.0,0.0,2663660.25,20.00048065185547,20.00048065185547,98.24388122558594,98.24388122558594,63366.8828125,63366.8828125,1.056114673614502,1.056114673614502,0.012216413393616676,0.012216413393616676,-9.03003978729248,-9.03003978729248,-37782.59375,-37782.59375,-9.029560089111328,99.51996612548828,100.75204467773438,2648833.25,20.00048065185547,20.00048065185547,165.27090454101562,165.27090454101562,104.43659210205078,104.43659210205078,436973.1875,436973.1875,0.0,67.33760833740234,67.33760833740234,134.67581176757812,156428.03125,156428.03125,1.042853593826294,1.042853593826294,164.96165466308594,104.43659210205078,0.0,0.0,0.0,128.56077575683594,128.56077575683594,257.1215515136719,0.0,0.0,0.0,0.0,0.0,128.56077575683594,128.56077575683594,0.026315800845623016,0.0,0.20000000298023224,0.0,0.0,0.0,0.0,0.0,0.0,0.9599996209144592,1.0,1.0,1.0,0.9999998211860657,0.9999998211860657,0.9999998211860657,190814.0625,193219.9375,0.0,14.750001907348633,0.0,14.750001907348633,7.25,12.0,10.25,296.3810119628906,297.7510070800781,29.5,-117454.796875,9357691.0,12224996.0,0.0,0.0,0.0,0.0037723497953265905,0.0037723497953265905,0.0037723497953265905,1.0,179504.265625,0.9959999918937683,0.9959999918937683,0.9959999918937683,0.9959999918937683,0.0,4056596.5,4246119.5,299856.96875,2606300.0,3997426.5,0.004286088515073061,0.008582176640629768,384.9893798828125,7.25,12.0,10.25,0.0,0.0,0.0,0.0,0.0,0.0,75.35044860839844,385.0022277832031,184.28248596191406,184.28248596191406,184.28248596191406,0.0,0.0,0.0,3.011648178100586,0.0,0.7971531748771667,3.011399507522583,5.0,0.0040000081062316895,0.0040000081062316895,0.0040000081062316895,0.0040000081062316895,0.0,-0.4368000030517578,0.0,602329.625,163.73252868652344,163.73252868652344,0.0,20.0,2788210.25,7.25,12.0,10.25,20.0,20.0,20.0,0.0,0.0,0.7926306128501892,0.9211652278900146,10000.0,10000.0,0.011826000176370144,1038.5,0.027953999117016792,0.0,0.0,1.0878000259399414,1.0809999704360962,9.000000136438757e-05,103.0,33.220001220703125,1.8179999589920044,0.029999999329447746,49.0,8.329999923706055,4.159999847412109,58.0,302.0,4.5,0.699999988079071,0.4000000059604645,7.5,1.3799999952316284,2.492000102996826,7000.0,48.88999938964844,1.2000000476837158,45.0,62000.0,4590000.0,4250000.0,15900000.0,15100000.0,0.05000000074505806,0.17000000178813934,0.009999999776482582,15220000.0,1.6699999570846558,312.7799987792969,1.1100000143051147,4232.0,0.25,689000.0,4030000.0,9.829999923706055,8.550000190734863,12200000.0,231.10000610351562,88.3239974975586,633.0,1.1430000066757202,0.6858000159263611,-10.0,-3.7799999713897705,0.7799999713897705,295.5,4030000.0,12400000.0,0.9200000166893005,5.0,1,0,1,228,0,0,0,0,0,1,1,1,1,1,0,1,1,1,0,0,0,0,1,1,0,0,0,1,0,0,0,0,0,0,0,0,1,0,1,8,0,0,1,0,0.008549158461391926,5220437.0,1.0877995491027832,0.0,1.3245823383331299,277.6242370605469,0.0,-0.0004859674663748592,1,1,1,0,0,0,1,1,0,0,0,0,0,553,0.20000000298023224,0.20000000298023224,0.20000000298023224,0.0,2,0,0,0,0,0,0,0,0,0,0,0,0,0,0,0,0,0,0,0,0,0,0,0,0,0,0,0,0,0,0,0,0,0,0,0,0,0,0,0,0,0,0,0,0,0,0,0,0,0,0,1,0,0,0,0,0,0,0,0,0,0,0,0,0,0,0,0,0,0,0,0,0,0,0,0,0,0,0,0,0,0,0,0,0,0,0,0,0,0,0,0,0,0,0,0,0,0,0,0,0,0,0,0,0,0,0,0,0,0,0,0,0,0,0,0,0,0,0,0,0,0,0,0,0,0,0,0,0,0,0,0,0,0,0,0,0,0,0,0,0,0,0,1,0,0,0,0,0,0,0,0,0,0,0,-1,0,0,0,0,0,0,1,1,0,0,0.8549158573150635,-5.41351842880249,0.0,-0.5403560996055603,-1.6815581571897805e-44,291.70001220703125,277.6242370605469,292.597900390625,-0.037404052913188934,99.19181823730469,2672.86279296875,1.0877995491027832,1.3245823383331299,-1.0,14.075775146484375,6.827850029367255e-06,0.043833937495946884,100.0,27.0,0.0,7.799991607666016,4.027897357940674,1.0,1.0,39.979270935058594,0.2664005160331726,20.0,5.6932822189992294e-05,0.0,73.97314453125,1.7323341369628906,1.8179994821548462,0.00036938843550160527,0.6817498207092285,0.5447911024093628,11.58483600616455,8.918209075927734,0.0,0.0,0.0,20.000003814697266,44.898040771484375,265.8828125,20.0,0.9250186085700989,279.7013244628906,40.007659912109375,0.29459047317504883,274.06817626953125,274.301513671875,274.08282470703125,280.6588439941406,281.9735412597656,280.6604309082031,100.0,0.6533399224281311,22.0,96.80298614501953,277.363525390625,278.13751220703125,277.37164306640625,340.31341552734375,22.653339385986328,21.30313491821289,96.80298614501953,0.0,0.0,0.0,0.0,71.3542709350586,71.19815063476562,71.20240783691406,53.271568298339844,53.28414535522461,53.26986312866211,19.353200912475586,19.275667190551758,19.130544662475586,99.74989318847656,97.93479919433594,99.59173583984375,36.89999771118164,43.19999694824219,26.099998474121094,244.9828338623047,255.22691345214844,243.56942749023438,29.0,0.0,48.0,0.0,0.0,0.0,0.0,0.0,0.0,41.0,78.36749267578125,52.96678924560547,164.96165466308594,28.077369689941406,9.999999974752427e-07,3.0597705841064453,0.0,99.51996612548828,0.0,721.224365234375,43.78669738769531,20.7374267578125,0.0,9.470823287963867,77.96192169189453,1.0,0.9716320037841797,20.0,0.0,60.0,120.0,0.0,120.0,0.0,0.0,0.0,0.0,18.141542434692383,89.18209075927734,2.0,200.0,0,0,0,0,0,0,0,0,0,0,0,0,99999,99999,28,403,1800,180,1800,0,0,-7,0,23,0,0,0,806,1424,29,31,32,0,1,0,1,0,1,0,0,1,0,0,0,0,0,1,0,0,0,0,1,0,0,0,1,0,0,0,1,0,0,0,0,0,0,0,0,0,0,0,0,1,0,1,0,0,1,1,0,0,1,1,0,1,0,1,0,1,1,0,0,1,1,0,0,1,0,1,0,0,1,1,0,1,0,0,0,0,1,0,1,0,1,0,0,0,1,0,0,0,0,0,0,1,0,0,1,0,1,0,0,1,1,0,1,0,0,1,0,0,0,1,0,1,1,1,0,0,1,0,0,0,0,0,1,1,1,0,0,0,0,0,0,0,1,0,1,0,1,0,1,0,1,0,0,0,0,0,0,0,0,1,1,1,1,0,1,0,1,1,1,1,1,1,1,0,0,0,0,0,0,1,0,1,1,1,1,1,1,1,1,1,1,1,1,0,0,1,1,0,0,1,1,0,1,1,0,0,1,1,1,0,0,0,0,1,1,1,1,0,1,1,1,1,0,0,1,1,0,1,0,1,1,0,1,1,1,1,1,1,1,1,0,1,0,0,0,0,0,0,0,0,0,0,1,0,0,1,0,0,0,0,0,0,1,1,0,0,0,0,1,0,0,0,0,0,1,0,0,1,0,0,0,0,0,0,0,0,0,0,0,0,0,0,0,0,0,0,0,0,0,0,0,0,0,0,0,0,0,0,0,1,0,0,0,0,0,0,1,0,0,0,1,1,0,0,0,0,0,1,1,0,0,0,0,0,0,0,0,1,0,0,1,0,0,0,0,1,0,0,0,0,0,0,0,0,0,0,0,0,0,0,0,0,0,0,0,0,0,0,0,0,0,0,0,0,0,0,0,0,0,0,0,0,0,0,0,0,0,0,0,0,0,0,0,0,0,0,0,0,0,0,1,0,1,0,0,0,0,0,1,0,0,0,0,0,0,0,0,0,0,0,0,0,0,0,1,0,0,0,0,0,0,0,0,0,0,0,0,0,0,1,0,0,0,0,0,0,0,0,0,0,1,0,0,0,0,0,0,0,0,0,0,0,0,0,0,0,0,0,0,0,0,0,0,0,0,0,0,0,1,0,0,0,0,0,0,1,1,1,0,0,0,0,0,0,-1,0,0,0,0,0,0,0,0,-1,0,0,-1,0,0,0,0,0,0,0,0,0,0,0,0,0,0,0,0,0,0,1,0,0,0,0,0,0,0,0,0,0,0,0,0,0,0,0,1,1,0,-1,-1,-1,1,1,1,0,0,0,0,1,0,0,1,1,0,0,0,0,1,0,0,0,0,0,0,0,0,0,0,0,0,0,0,0,0,0,0,0,0,0,0,0,0,0,0,0,0,0,1,1,0,1,0,1,1,0,1,0,1,1,0,1,0,0,1,0,0,0,0,0,0,0,0,0,0,0,0,0,0,0,0,0,0,0,0,0,0,0,0,0,0
0,1,1,300,228,8,8,228,114,25,1,0,0.0020000000949949026,4000.0,1.0,0.04500000178813934,25.0,48.0,8.0,291.70001220703125,1.7000000476837158,-3.179999907843012e-07,0.007360000163316727,0.008080000057816505,8.0,0.33000001311302185,0.0333000011742115,1.0,9.999999747378752e-06,21.0,9.999999747378752e-06,2775000064.0,9.000000136438757e-05,4.999999980020986e-13,5.0,40.0,3.0,-3.3499999046325684,3.3499999046325684,0.5,0.0004799999878741801,292.3927001953125,492.6077880859375,-0.0036125299520790577,0.002354159951210022,0.0008944629807956517,0.013157900422811508,0.800646185874939,0.02024419978260994,2650129920.0,0.006539999973028898,0,0,0,0,0,0,0,0,0,0,0,0,0,0,0,0,0,0,0,0,0,0,0,0,0,0,0,0,0,0,0,0,0,0,0,0,0,0,0,0,0,0,0,0,0,0,0,0,0,0,0,0,0,1,4,4,0,0,0,0,0,0,0,0,2,0,0.00040310993790626526,275.289306640625,285.9000244140625,287.4554748535156,289.06195068359375,290.6319885253906,293.3130798339844,294.28839111328125,295.0340270996094,295.462158203125,295.61029052734375,295.51751708984375,295.2437744140625,294.82647705078125,294.32550048828125,293.800537109375,293.43292236328125,293.064208984375,292.6226806640625,292.04913330078125,291.32281494140625,290.43804931640625,289.4336853027344,288.3592529296875,287.26422119140625,286.197998046875,0.038723286241292953,0.021165892481803894,0.7711958289146423,-0.037351641803979874,0.7573700547218323,0.7427483201026917,944.4359741210938,3.158953916226892e-07,0.11201207339763641,0.006418372970074415,0.008287772536277771,0.008373497985303402,0.021212494000792503,1.0,-1.6815581571897805e-44,-5.427093029022217,0.0,99.19009399414062,2673.015380859375,0.9459484815597534,292.0499267578125,0.0,0.0,0.0,19.200000762939453,0.0,291.70001220703125,280679.59375,-0.5400682091712952,6.146004676818848,130.28829956054688,10.0,7750000.0,8160000.0,86.12000274658203,119.0999984741211,0.5,9.999999747378752e-05,0.0,3.299999952316284,200.0,0.30000001192092896,309.20001220703125,2.439019908706541e-06,0,0,0,1,1,1,0,24,0,277.0915832519531,0.0,0.0,0.0,0.0,0.0,0.0,1.162846326828003,0.8663781881332397,0.5375868678092957,0.312629759311676,0.1166890561580658,0.11329096555709839,0.18737025558948517,0.1886349320411682,0.1896505206823349,1.0,25.0,24.0,5192112.0,5193509.5,5192280.0,273.58624267578125,273.80364990234375,273.57159423828125,280.09588623046875,281.3978271484375,280.09429931640625,4400000.0,276.841064453125,277.6007385253906,276.83294677734375,6.5096435546875,7.59417724609375,6.522705078125,279.14727783203125,4582.32373046875,4507.73583984375,4589.57958984375,10.191119194030762,10.188590049743652,10.21360969543457,28.71173095703125,0.0,0.0,0.0020000000949949026,273.6538391113281,280.5293273925781,-83.69287872314453,0.6046873331069946,0.6085999011993408,0.6121569871902466,245.02548217773438,39.0,40.0,42.0,41.0,0.0,0.0,5182743.5,5153028.5,53.394657135009766,5.0,0.014999999664723873,-180000.0,600.0,1000000.0,400000.0,0.17000000178813934,22000.0,786000.0,120000.0,0.0,40.0,30.0,36.810001373291016,0.5,18.399999618530273,50000.0,115692.3984375,15.113750457763672,0,0,1,0,0,0,0,9441129.0,0.0,0.0,0.0,0.0,0.0,-5947613.0,400000.0,1000000.0,1.0,1400000.0,0.0,0.22382639348506927,9452387.0,126869.6328125,9441129.0,340.3123779296875,40.007659912109375,2.2293193340301514,-5947613.0,0.0,0.0,0.0,2.112156391143799,40.007659912109375,0.0,22230.939453125,1.2010046243667603,0.0,0.0,0.0,20.0,14.711517333984375,22.0,0.0,0.0,0.0,0.05000000074505806,0.02500000037252903,0.17000000178813934,15400000.0,0.5,6.25,0.0006667000125162303,2.0,2410000.0,4140000.0,4.734799861907959,0.15000000596046448,0.20000000298023224,0.2199999988079071,1.0,0.0,-1.0,0.0,5.0,20.0,30.0,50.0,74.0,80.0,86.0,9.800000190734863,500000.0,1.0499999802959792e-07,0.5,750.0,1000.0,600.0,1000.0,1150.0,32.0,32.0,37.400001525878906,10.0,10.0,0.007000000216066837,0.5049999952316284,82.0,189.26499938964844,0.0,1.5099999904632568,231.60000610351562,20.0,36.0,16.600000381469727,16.5,225.0,-0.1756729930639267,27.5,-0.1756729930639267,30.485509872436523,0.1561516970396042,11.10221004486084,-1.8332500457763672,-75.0,4.3520002365112305,13.857000350952148,189.26499938964844,93.30000305175781,2650000.0,0.8500000238418579,7.570000171661377,1,1,1,0,0,0,0,0,0,0,0,1,3,3,0,0,1,0,0,0,0,1,0,1,1,0,0,0,1,1,1,0,0,0,0,0,0,0,0,1,0,0,0,1,0,0,1,0,0,1,12.05141544342041,29051.265625,2153.125244140625,0.00041483284439891577,0.0004361289902590215,0.0006248649442568421,0.0,0.0,0.0,0.0,0.0,0.0,0.5443224310874939,1.0,0.0,0.0,1.0,1.0,0.0,0.0,1.0,1.0,0.0,1.0,0.0,0.0,1.0,0.0,0.0,0.2533091604709625,0.32321372628211975,0.0006248649442568421,0.0,0.0006234693573787808,0.0,99998.78125,99999.0,1117093.375,2410000.0,36.20000076293945,36.20000076293945,36.20000076293945,32.33404541015625,265.50982666015625,20.0,20.000003814697266,24.02347183227539,27.0,27.0,25.813905715942383,27.0,31.928529739379883,32.0,20.0,68.57752227783203,3445747.5,0.5449470281600952,7.559999942779541,0.0,8.91805362701416,0.0,0.0,44.67353439331055,1.401298464324817e-45,0.0,0.0,0.5049998760223389,0.5049998760223389,0.5049998760223389,0.18937495350837708,0.18937495350837708,0.18937495350837708,0.0,14.891162872314453,14.891162872314453,14.891162872314453,0.0,0.0,9.074999809265137,0.0,0.0,0.0,0.0,0.0,0.0,100.0,73.97314453125,0.2199999988079071,0.0,20.0,44.67353439331055,0.0,0.0,0.0,0.0,0.0,0.007000000216066837,0.0,0.0,9.074999809265137,0.0,1.7323341369628906,0.0,0.946874737739563,0.0,0.0,0.0,0.0,0.0,0.0,20.0,0.0,0.0,9143418.0,0.0,0.0,0.0,0.0,0.0,0.0,0.0,0.351500004529953,18.93000030517578,23.030000686645508,7.69199959904654e-06,0.08500000089406967,0.009999999776482582,24.0,27.0,8.800000190734863,500000.0,0.05000000074505806,2.7000000013543968e-09,2.7000000013543968e-09,145100.0,120000.0,14650000.0,86400.0,17.0,34.5,48.70000076293945,321.8999938964844,83170.0,0.0,1.0,1.0,0.0010000000474974513,725.0,0.0,0.5,0.0,0.0,57.31999969482422,837142.875,9359.77734375,117376.1015625,2623.89794921875,83026.390625,725.0,1.0204100362898316e-05,740000000.0,1,0,1,0,1,1,0,0,1,0,0,8.799991607666016,27.0,5730.771484375,0.0,0.0,0.0,0.0,2.303109645843506,0.00040184796671383083,0.0,0.04408109188079834,39.980865478515625,1.0,26107.7734375,10721.203125,5.7253888371633366e-05,133558464.0,735476480.0,797694464.0,2044055424.0,-7.857276916503906,-704.6111450195312,-585574592.0,-1308578816.0,45.620365142822266,28.474903106689453,53.47764205932617,733.0860595703125,106381.3984375,4245.33544921875,148186.734375,167919.640625,124107.7734375,81.39990234375,39.980865478515625,39.980865478515625,1.0,5.7253888371633366e-05,10721.203125,792776998912.0,0.20317333936691284,137600.0,137600.0,64666808.0,53.47764205932617,6715.9990234375,1.0,0.0,1700.0,250000.0,10000.0,1038.0,0.004999999888241291,400.0,5000.0,0,0,0,0,2959622.5,45.322227478027344,45.322227478027344,1216415.25,2788302.25,0.0,0.0,98911.796875,0.020293517038226128,5162402.0,0.0,0.0,1.0,1.0,0.020293517038226128,275.3855285644531,98.63594055175781,0.0,5957889.0,408309.125,98.63594055175781,1.0,1.0,1.0,0.0,446.21929931640625,0.0,445.406982421875,1.0,0.0,7680000.0,241.88101196289062,253.4048614501953,243.26824951171875,0.9983547925949097,2788302.25,296.2683410644531,90.64445495605469,1.9983547925949097,0.0,265.76953125,1.0,0.0,-7.5742998123168945,0.0,0.0,9.999999974752427e-07,0.0,2.0,0.0003000000142492354,0.004999999888241291,0.0010000000474974513,2.0000000233721948e-07,2.0000000233721948e-07,0.0005555999814532697,993000000.0,1.0,0.05000000074505806,0.10000000149011612,0.0005000000237487257,0.0016700000269338489,0.009999999776482582,1.0,1.0,0.0010000000474974513,4.999999873689376e-05,0.00039999998989515007,0.019999999552965164,0.9891999959945679,0.9891999959945679,0.9950000047683716,0.9950000047683716,1,0,0,0,1,1,0,0,0,0,0,0,0,0,-0.0074569773860275745,-7404778.5,5000.01171875,98911.796875,0.0,2546223.0,0.0,1.0,2569281.25,0.0,0.0,60.0,180.0,1800.0,1800.0,0.0,0.0,0.0,0.0,-0.012236599810421467,0.0,0.0,0.0,0.0,0.0,0.0,0.0,0.0,0.0,0.0,0.0,6.602997746085748e-05,0.0,7.006492321624085e-44,1,1,0,1,1,1,1,1,1,1,1,0,1,0,1,1,1,1,0,1,0,1000,26,0,1,5001,133,0.0,0.0,120.0,120.0,0.0,0.0,0.4000000059604645,0.10000000149011612,0.10000000149011612,2.0,500.0,200.0,0.9900000095367432,300000.0,5000.0,45000.0,20000.0,0.019999999552965164,2.0,0.05000000074505806,0.019999999552965164,6.0,0.05000000074505806,0.019999999552965164,0.019999999552965164,88.30000305175781,0.10000000149011612,0.800000011920929,0.05000000074505806,0.009999999776482582,50.0,50.0,340.0,340.0,1000000.0,1,0,0,0,1,1,1,1,1,1,0,0,0,1,1,0,1.0,0.0,0.0,0.0,29.50191879272461,0.0,0.0,0.0,0.9115068316459656,0.9115068316459656,0.9115068316459656,5000.01171875,4293308.0,4298308.0,50.0,27.613235473632812,0.4000000059604645,0.0,0.0,0.10000000149011612,0.13443754613399506,0.4925430119037628,22164.435546875,20.0,29.202341079711914,779768.625,20.718433380126953,2730.906494140625,721.224365234375,0.7797686457633972,0.9048728346824646,9.470784187316895,1.0,3220066.5,3303531.0,9.716267585754395,20.0,0.2781435549259186,27.814355850219727,0.0,636.4223022460938,1298.22998046875,100000.0,50000.0,1115.300048828125,50000.0,700.0,2000.0,2800000.0,3500000.0,4000000.0,9.999999747378752e-05,4.999999873689376e-05,500.0,20000.0,100.0,500.0,60000.0,1200.0,1.0,120.0,150000.0,3000.0,300.0,1.0,300.0,0.019999999552965164,0.019999999552965164,0.009999999776482582,0.009999999776482582,0.009999999776482582,0.019999999552965164,1.100000023841858,0.019999999552965164,4.0,0.019999999552965164,88.0,1613.0,0.009999999776482582,0.20000000298023224,3.0,5.0,600.0,0.0010000000474974513,88.0,88.0,2000.0,2340.0,-0.11599799990653992,-0.03561130166053772,-0.04758000001311302,-0.01752999983727932,1,0,1,0,0,1,1,186.48590087890625,186.48590087890625,0.7489471435546875,0.7489471435546875,0.000565972295589745,20.718433380126953,163.71717834472656,72.65351867675781,411.8437194824219,36.181453704833984,36.181453704833984,0.14530563354492188,0.14530563354492188,82.36308288574219,7.32464599609375,0.0,0.0,2663660.25,20.00048065185547,20.00048065185547,98.17286682128906,98.17286682128906,63326.6484375,63326.6484375,1.0554441213607788,1.0554441213607788,0.010146758519113064,0.010146758519113064,-10.520994186401367,-10.520994186401367,-44020.89453125,-44020.89453125,-10.520523071289062,99.30868530273438,100.43426513671875,2648874.25,20.00048065185547,20.00048065185547,165.2866973876953,165.2866973876953,103.7998275756836,103.7998275756836,434308.90625,434308.90625,0.0,66.53294372558594,66.53294372558594,133.0664520263672,156378.34375,156378.34375,1.0425223112106323,1.0425223112106323,164.9269256591797,103.7998275756836,0.0,0.0,0.0,127.56693267822266,127.56693267822266,255.1338653564453,0.0,0.0,0.0,0.0,0.0,127.56693267822266,127.56693267822266,0.026315800845623016,0.0,0.20000000298023224,0.0,0.0,0.0,0.0,0.0,0.0,0.9599996209144592,1.0,1.0,1.0,0.9999998211860657,0.9999998211860657,0.9999998211860657,190813.671875,193219.40625,0.0,14.750001907348633,0.0,14.750001907348633,7.25,12.0,10.25,296.3810119628906,297.7510070800781,29.5,-104968.3125,9498038.0,12224996.0,0.0,0.0,0.0,0.0033375334460288286,0.0033375334460288286,0.0033375334460288286,1.0,176051.8125,0.9959999918937683,0.9959999918937683,0.9959999918937683,0.9959999918937683,0.0,4070671.75,4251866.0,287986.15625,2606300.0,4013337.0,0.004293307662010193,0.008596615865826607,374.4696960449219,7.25,12.0,10.25,0.0,0.0,0.0,0.0,0.0,0.0,72.65408325195312,374.48260498046875,179.57241821289062,179.57241821289062,179.57241821289062,0.0,0.0,0.0,3.012392520904541,0.0,0.8042910099029541,3.0121445655822754,5.0,0.0040000081062316895,0.0040000081062316895,0.0040000081062316895,0.0040000081062316895,0.0,-0.4368000030517578,0.0,602478.5,163.71717834472656,163.71717834472656,0.0,20.0,2788257.0,7.25,12.0,10.25,20.0,20.0,20.0,0.0,0.0,0.7926306128501892,0.9211652278900146,10000.0,10000.0,0.011826000176370144,1038.5,0.027953999117016792,0.0,0.0,1.0878000259399414,1.0809999704360962,9.000000136438757e-05,103.0,33.220001220703125,1.8179999589920044,0.029999999329447746,49.0,8.329999923706055,4.159999847412109,58.0,302.0,4.5,0.699999988079071,0.4000000059604645,7.5,1.3799999952316284,2.492000102996826,7000.0,48.88999938964844,1.2000000476837158,45.0,62000.0,4590000.0,4250000.0,15900000.0,15100000.0,0.05000000074505806,0.17000000178813934,0.009999999776482582,15220000.0,1.6699999570846558,312.7799987792969,1.1100000143051147,4232.0,0.25,689000.0,4030000.0,9.829999923706055,8.550000190734863,12200000.0,231.10000610351562,88.3239974975586,633.0,1.1430000066757202,0.6858000159263611,-10.0,-3.7799999713897705,0.7799999713897705,295.5,4030000.0,12400000.0,0.9200000166893005,5.0,1,0,1,228,0,0,0,0,0,1,1,1,1,1,0,1,1,1,0,0,0,0,1,1,0,0,0,1,0,0,0,0,0,0,0,0,1,0,1,8,0,0,1,0,0.008287772536277771,5192112.0,1.0877995491027832,0.0,1.3314645290374756,277.2240905761719,0.0,-0.00046089175157248974,1,1,1,0,0,0,1,1,0,0,0,0,0,556,0.20000000298023224,0.20000000298023224,0.20000000298023224,0.0,2,0,0,0,0,0,0,0,0,0,0,0,0,0,0,0,0,0,0,0,0,0,0,0,0,0,0,0,0,0,0,0,0,0,0,0,0,0,0,0,0,0,0,0,0,0,0,0,0,0,0,1,0,0,0,0,0,0,0,0,0,0,0,0,0,0,0,0,0,0,0,0,0,0,0,0,0,0,0,0,0,0,0,0,0,0,0,0,0,0,0,0,0,0,0,0,0,0,0,0,0,0,0,0,0,0,0,0,0,0,0,0,0,0,0,0,0,0,0,0,0,0,0,0,0,0,0,0,0,0,0,0,0,0,0,0,0,0,0,0,0,0,0,1,0,0,0,0,0,0,0,0,0,0,0,-1,0,0,0,0,0,0,1,1,0,0,0.8287772536277771,-5.427093029022217,0.0,-0.5400682091712952,-1.6815581571897805e-44,291.70001220703125,277.2240905761719,292.0499267578125,-0.037351641803979874,99.19009399414062,2673.015380859375,1.0877995491027832,1.3314645290374756,-1.0,14.475921630859375,6.827850029367255e-06,0.04408109188079834,100.0,27.0,0.0,7.799991607666016,4.030243396759033,1.0,1.0,39.980865478515625,0.2664063274860382,20.0,5.7253888371633366e-05,0.0,73.97314453125,1.7323341369628906,1.8179994821548462,0.00036938843550160527,0.6817498207092285,0.5449470281600952,11.398932456970215,8.91805362701416,0.0,0.0,0.0,20.000003814697266,44.898040771484375,265.50982666015625,20.0,0.9244129657745361,279.28515625,40.007659912109375,0.29459047317504883,273.69512939453125,273.92755126953125,273.7098388671875,280.2347412109375,281.54107666015625,280.2362060546875,100.0,0.38263946771621704,22.0,96.4531021118164,276.9649353027344,277.73431396484375,276.9730224609375,340.31268310546875,22.382638931274414,21.166658401489258,96.4531021118164,0.0,0.0,0.0,0.0,71.10765838623047,70.93807220458984,70.95240783691406,52.982547760009766,52.99509048461914,52.980831146240234,18.965051651000977,18.863492965698242,18.73702621459961,99.7706527709961,97.9824447631836,99.61282348632812,36.89999771118164,43.19999694824219,26.099998474121094,243.6918182373047,253.8459930419922,242.28260803222656,29.0,0.0,48.0,0.0,0.0,0.0,0.0,0.0,0.0,41.0,78.36749267578125,52.677669525146484,164.9269256591797,27.92361068725586,9.999999974752427e-07,2.9386396408081055,0.0,99.30868530273438,0.0,721.224365234375,43.86036682128906,20.718433380126953,0.0,9.470784187316895,77.97686767578125,1.0,0.9716267585754395,20.0,0.0,60.0,120.0,0.0,120.0,0.0,0.0,0.0,0.0,18.14673614501953,89.18053436279297,2.0,200.0,0,0,0,0,0,0,0,0,0,0,0,0,99999,99999,28,403,1800,180,1800,0,0,-7,0,23,0,0,0,806,1424,29,31,32,0,1,0,1,0,1,0,0,1,0,0,0,0,0,1,0,0,0,0,1,0,0,0,1,0,0,0,1,0,0,0,0,0,0,0,0,0,0,0,0,1,0,1,0,0,1,1,0,0,1,1,0,1,0,1,0,1,1,0,0,1,1,0,0,1,0,1,0,0,1,1,0,1,0,0,0,0,1,0,1,0,1,0,0,0,1,0,0,0,0,0,0,1,0,0,1,0,1,0,0,1,1,0,1,0,0,1,0,0,0,1,0,1,1,1,0,0,1,0,0,0,0,0,1,1,1,0,0,0,0,0,0,0,1,0,1,0,1,0,1,0,1,0,0,0,0,0,0,0,0,1,1,1,1,0,1,0,1,1,1,1,1,1,1,0,0,0,0,0,0,1,0,1,1,1,1,1,1,1,1,1,1,1,1,0,0,1,1,0,0,1,1,0,1,1,0,0,1,1,1,0,0,0,0,1,1,1,1,0,1,1,1,1,0,0,1,1,0,1,0,1,1,0,1,1,1,1,1,1,1,1,0,1,0,0,0,0,0,0,0,0,0,0,1,0,0,1,0,0,0,0,0,1,1,1,1,0,0,0,1,0,0,0,0,0,1,0,0,1,0,0,0,0,0,0,0,0,0,0,0,0,1,0,0,0,0,1,0,0,0,1,0,0,0,0,0,0,0,0,0,1,0,0,0,0,0,0,1,0,1,0,1,1,0,0,0,0,0,1,1,0,0,0,0,0,0,1,0,1,0,0,1,0,0,0,0,1,0,0,0,0,0,0,0,0,0,0,0,0,0,0,0,0,0,0,0,0,0,0,0,0,0,0,0,0,0,0,0,0,0,0,0,0,0,0,0,0,0,0,0,0,0,0,0,0,0,0,0,0,0,0,1,0,1,0,0,0,0,0,1,0,0,0,0,0,0,0,0,0,0,0,0,0,0,0,1,0,0,0,0,0,0,0,0,0,0,0,0,0,0,1,0,0,0,0,0,0,0,0,0,0,1,0,0,0,0,0,0,0,0,0,0,0,0,0,0,0,0,0,0,0,0,0,0,0,0,0,0,0,1,0,0,0,0,0,0,1,1,1,0,0,0,0,0,0,-1,0,0,0,0,0,0,0,0,-1,0,0,-1,0,0,0,0,0,0,0,0,0,0,0,0,0,0,0,0,0,0,1,0,0,0,0,0,0,0,0,0,0,0,0,0,0,0,0,1,1,0,-1,-1,-1,1,1,1,0,0,0,0,1,0,0,1,1,0,0,0,0,1,0,0,0,0,0,0,0,0,0,0,0,0,0,0,0,0,0,0,0,0,0,0,0,0,0,0,0,0,0,1,1,0,1,0,1,1,0,1,0,1,1,0,1,0,0,1,0,0,0,0,0,0,0,0,0,0,0,0,0,0,0,0,0,0,0,0,0,0,0,0,0,0
0,1,1,300,228,8,8,228,114,25,1,0,0.0020000000949949026,4000.0,1.0,0.04500000178813934,25.0,48.0,8.0,291.70001220703125,1.7000000476837158,-3.179999907843012e-07,0.007360000163316727,0.008080000057816505,8.0,0.33000001311302185,0.0333000011742115,1.0,9.999999747378752e-06,21.0,9.999999747378752e-06,2775000064.0,9.000000136438757e-05,4.999999980020986e-13,5.0,40.0,3.0,-3.3499999046325684,3.3499999046325684,0.5,0.0004799999878741801,292.3927001953125,492.6077880859375,-0.0036125299520790577,0.002354159951210022,0.0008944629807956517,0.013157900422811508,0.800646185874939,0.02024419978260994,2650129920.0,0.006539999973028898,0,0,0,0,0,0,0,0,0,0,0,0,0,0,0,0,0,0,0,0,0,0,0,0,0,0,0,0,0,0,0,0,0,0,0,0,0,0,0,0,0,0,0,0,0,0,0,0,0,0,0,0,0,1,4,4,0,0,0,0,0,0,0,0,2,0,0.00040310993790626526,275.0362854003906,285.5626525878906,287.1066589355469,288.70111083984375,290.259521484375,292.9217834472656,293.8912048339844,294.63311767578125,295.06072998046875,295.21112060546875,295.1233825683594,294.85723876953125,294.44903564453125,293.9576110839844,293.4419250488281,293.08355712890625,292.7228698730469,292.2880859375,291.7198486328125,290.9976806640625,290.1159362792969,289.11383056640625,288.0411376953125,286.9477233886719,285.8833312988281,0.03897108510136604,0.021015042439103127,0.7711870074272156,-0.037309084087610245,0.7573912739753723,0.7409277558326721,926.3529663085938,3.0983369470050093e-07,0.110566146671772,0.006299008149653673,0.008120838552713394,0.008203563280403614,0.02125152014195919,1.0,-1.6815581571897805e-44,-5.435997486114502,0.0,99.1889419555664,2673.11669921875,0.9459750056266785,291.68988037109375,0.0,0.0,0.0,19.60000228881836,0.0,291.70001220703125,280679.96875,-0.5398769974708557,6.143327713012695,130.28829956054688,10.0,7750000.0,8160000.0,86.12000274658203,119.0999984741211,0.5,9.999999747378752e-05,0.0,3.299999952316284,200.0,0.30000001192092896,309.20001220703125,2.439019908706541e-06,0,0,0,1,1,1,0,24,0,276.8279113769531,0.0,0.0,0.0,0.0,0.0,0.0,1.1684341430664062,0.866360604763031,0.5379224419593811,0.31525588035583496,0.11876541376113892,0.11535957455635071,0.18474413454532623,0.18588787317276,0.18706081807613373,1.0,25.0,24.0,5173410.0,5174804.5,5173578.0,273.34033203125,273.55694580078125,273.325439453125,279.8166198730469,281.1131286621094,279.8150329589844,4400000.0,276.5784912109375,277.33502197265625,276.57025146484375,6.476287841796875,7.556182861328125,6.489593505859375,278.8731384277344,4582.966796875,4509.17431640625,4590.22021484375,10.167141914367676,10.16368293762207,10.189961433410645,28.81207275390625,0.0,0.0,0.0020000000949949026,273.4075622558594,280.2482604980469,-82.9939193725586,0.5961490869522095,0.5996729135513306,0.603737473487854,244.19369506835938,39.0,40.0,42.0,41.0,0.0,0.0,5164117.0,5134396.5,53.32228469848633,5.0,0.014999999664723873,-180000.0,600.0,1000000.0,400000.0,0.17000000178813934,22000.0,786000.0,120000.0,0.0,40.0,30.0,36.810001373291016,0.5,18.399999618530273,50000.0,115692.3984375,15.113750457763672,0,0,1,0,0,0,0,9418866.0,0.0,0.0,0.0,0.0,0.0,-5970044.0,400000.0,1000000.0,1.0,1400000.0,0.0,0.2220415621995926,9429956.0,126869.6328125,9418866.0,340.311767578125,40.007659912109375,2.2115514278411865,-5970044.0,0.0,0.0,0.0,2.103198528289795,40.007659912109375,0.0,22230.939453125,1.2010046243667603,0.0,0.0,0.0,20.0,14.711517333984375,22.0,0.0,0.0,0.0,0.05000000074505806,0.02500000037252903,0.17000000178813934,15400000.0,0.5,6.25,0.0006667000125162303,2.0,2410000.0,4140000.0,4.734799861907959,0.15000000596046448,0.20000000298023224,0.2199999988079071,1.0,0.0,-1.0,0.0,5.0,20.0,30.0,50.0,74.0,80.0,86.0,9.800000190734863,500000.0,1.0499999802959792e-07,0.5,750.0,1000.0,600.0,1000.0,1150.0,32.0,32.0,37.400001525878906,10.0,10.0,0.007000000216066837,0.5049999952316284,82.0,189.26499938964844,0.0,1.5099999904632568,231.60000610351562,20.0,36.0,16.600000381469727,16.5,225.0,-0.1756729930639267,27.5,-0.1756729930639267,30.485509872436523,0.1561516970396042,11.10221004486084,-1.8332500457763672,-75.0,4.3520002365112305,13.857000350952148,189.26499938964844,93.30000305175781,2650000.0,0.8500000238418579,7.570000171661377,1,1,1,0,0,0,0,0,0,0,0,1,3,3,0,0,1,0,0,0,0,1,0,1,1,0,0,0,1,1,1,0,0,0,0,0,0,0,0,1,0,0,0,1,0,0,1,0,0,1,12.05141544342041,29051.265625,2153.114013671875,0.00041483284439891577,0.0004361289902590215,0.0006248649442568421,0.0,0.0,0.0,0.0,0.0,0.0,0.5442826151847839,1.0,0.0,0.0,1.0,1.0,0.0,0.0,1.0,1.0,0.0,1.0,0.0,0.0,1.0,0.0,0.0,0.2505919337272644,0.31974664330482483,0.0006248649442568421,0.0,0.0006234715692698956,0.0,99998.78125,99999.0,1105110.375,2410000.0,36.20000076293945,36.20000076293945,36.20000076293945,32.33058166503906,265.26318359375,20.0,20.000003814697266,24.02347183227539,27.0,27.0,25.813905715942383,27.0,31.928646087646484,32.0,20.0,68.57752227783203,3445729.5,0.5449470281600952,7.559999942779541,0.0,8.91805362701416,0.0,0.0,44.745697021484375,1.401298464324817e-45,0.0,0.0,0.5049998760223389,0.5049998760223389,0.5049998760223389,0.18937495350837708,0.18937495350837708,0.18937495350837708,0.0,14.915216445922852,14.915216445922852,14.915216445922852,0.0,0.0,9.074999809265137,0.0,0.0,0.0,0.0,0.0,0.0,100.0,73.97314453125,0.2199999988079071,0.0,20.0,44.745697021484375,0.0,0.0,0.0,0.0,0.0,0.007000000216066837,0.0,0.0,9.074999809265137,0.0,1.7323341369628906,0.0,0.946874737739563,0.0,0.0,0.0,0.0,0.0,0.0,20.0,0.0,0.0,9121106.0,0.0,0.0,0.0,0.0,0.0,0.0,0.0,0.351500004529953,18.93000030517578,23.030000686645508,7.69199959904654e-06,0.08500000089406967,0.009999999776482582,24.0,27.0,8.800000190734863,500000.0,0.05000000074505806,2.7000000013543968e-09,2.7000000013543968e-09,145100.0,120000.0,14650000.0,86400.0,17.0,34.5,48.70000076293945,321.8999938964844,83170.0,0.0,1.0,1.0,0.0010000000474974513,725.0,0.0,0.5,0.0,0.0,57.31999969482422,837142.875,9359.77734375,117376.1015625,2623.89794921875,83026.390625,725.0,1.0204100362898316e-05,740000000.0,1,0,1,0,1,1,0,0,1,0,0,8.799991607666016,27.0,5752.15478515625,0.0,0.0,0.0,0.0,2.311729669570923,0.0004018518957309425,0.0,0.04424557089805603,39.98180389404297,1.0,26108.09375,10759.6484375,5.746756141888909e-05,132967776.0,731064448.0,793127488.0,2036687872.0,-7.711887359619141,-701.9617919921875,-581817344.0,-1305623296.0,45.692527770996094,28.474903106689453,53.404415130615234,730.4366455078125,106381.3984375,4245.53515625,148207.921875,167923.578125,124108.09375,81.79989624023438,39.98180389404297,39.98180389404297,1.0,5.746756141888909e-05,10759.6484375,791168745472.0,0.20320256054401398,137600.0,137600.0,64511884.0,53.404415130615234,6716.302734375,1.0,0.0,1700.0,250000.0,10000.0,1038.0,0.004999999888241291,400.0,5000.0,0,0,0,0,2959622.5,45.14112091064453,45.14112091064453,1216415.25,2788327.25,0.0,0.0,98840.3125,0.01793135143816471,5143691.5,0.0,0.0,1.0,1.0,0.01793135143816471,275.3855285644531,98.61193084716797,0.0,5957889.0,408207.1875,98.61193084716797,1.0,1.0,1.0,0.0,444.5974426269531,0.0,443.7911071777344,1.0,0.0,7680000.0,241.031982421875,252.49313354492188,242.41358947753906,0.9984837770462036,2788327.25,295.1939697265625,90.28224182128906,1.9984837770462036,0.0,265.5423583984375,1.0,0.0,-7.5742998123168945,0.0,0.0,9.999999974752427e-07,0.0,2.0,0.0003000000142492354,0.004999999888241291,0.0010000000474974513,2.0000000233721948e-07,2.0000000233721948e-07,0.0005555999814532697,993000000.0,1.0,0.05000000074505806,0.10000000149011612,0.0005000000237487257,0.0016700000269338489,0.009999999776482582,1.0,1.0,0.0010000000474974513,4.999999873689376e-05,0.00039999998989515007,0.019999999552965164,0.9891999959945679,0.9891999959945679,0.9950000047683716,0.9950000047683716,1,0,0,0,1,1,0,0,0,0,0,0,0,0,-0.0074569773860275745,-7404778.5,5000.01171875,98840.3125,0.0,2546223.0,0.0,1.0,2569281.25,0.0,0.0,60.0,180.0,1800.0,1800.0,0.0,0.0,0.0,0.0,-0.012236599810421467,0.0,0.0,0.0,0.0,0.0,0.0,0.0,0.0,0.0,0.0,0.0,6.602997746085748e-05,0.0,7.006492321624085e-44,1,1,0,1,1,1,1,1,1,1,1,0,1,0,1,1,1,1,0,1,0,1000,27,0,1,5001,135,0.0,0.0,120.0,120.0,0.0,0.0,0.4000000059604645,0.10000000149011612,0.10000000149011612,2.0,500.0,200.0,0.9900000095367432,300000.0,5000.0,45000.0,20000.0,0.019999999552965164,2.0,0.05000000074505806,0.019999999552965164,6.0,0.05000000074505806,0.019999999552965164,0.019999999552965164,88.30000305175781,0.10000000149011612,0.800000011920929,0.05000000074505806,0.009999999776482582,50.0,50.0,340.0,340.0,1000000.0,1,0,0,0,1,1,1,1,1,1,0,0,0,1,1,0,1.0,0.0,0.0,0.0,29.45450782775879,0.0,0.0,0.0,0.9112940430641174,0.9112940430641174,0.9112940430641174,5000.01171875,4298030.5,4303030.5,50.0,27.613208770751953,0.4000000059604645,0.0,0.0,0.10000000149011612,0.13395029306411743,0.4925430119037628,22164.435546875,20.0,29.202341079711914,779870.375,20.706308364868164,2729.06298828125,721.224365234375,0.7798703908920288,0.9044783711433411,9.470757484436035,1.0,3220057.5,3303519.0,9.716232299804688,20.0,0.2781734764575958,27.81734848022461,0.0,636.4223022460938,1316.8680419921875,100000.0,50000.0,1115.300048828125,50000.0,700.0,2000.0,2800000.0,3500000.0,4000000.0,9.999999747378752e-05,4.999999873689376e-05,500.0,20000.0,100.0,500.0,60000.0,1200.0,1.0,120.0,150000.0,3000.0,300.0,1.0,300.0,0.019999999552965164,0.019999999552965164,0.009999999776482582,0.009999999776482582,0.009999999776482582,0.019999999552965164,1.100000023841858,0.019999999552965164,4.0,0.019999999552965164,88.0,1613.0,0.009999999776482582,0.20000000298023224,3.0,5.0,600.0,0.0010000000474974513,88.0,88.0,2000.0,2340.0,-0.11599799990653992,-0.03561130166053772,-0.04758000001311302,-0.01752999983727932,1,0,1,0,0,1,1,183.06704711914062,183.06704711914062,0.7352142333984375,0.7352142333984375,0.000550925440620631,20.706308364868164,163.70692443847656,70.94464111328125,404.3979187011719,35.3304328918457,35.3304328918457,0.14188766479492188,0.14188766479492188,80.26969909667969,6.750393867492676,0.0,0.0,2663660.25,20.00048065185547,20.00048065185547,98.12932586669922,98.12932586669922,63300.09375,63300.09375,1.0550016164779663,1.0550016164779663,0.008965675719082355,0.008965675719082355,-11.484354019165039,-11.484354019165039,-48051.69140625,-48051.69140625,-11.483888626098633,99.17721557617188,100.23677062988281,2648900.0,20.00048065185547,20.00048065185547,165.29693603515625,165.29693603515625,103.3979721069336,103.3979721069336,432627.5,432627.5,0.0,66.00193786621094,66.00193786621094,132.00442504882812,156345.453125,156345.453125,1.0423029661178589,1.0423029661178589,164.90695190429688,103.3979721069336,0.0,0.0,0.0,126.90889739990234,126.90889739990234,253.8177947998047,0.0,0.0,0.0,0.0,0.0,126.90889739990234,126.90889739990234,0.026315800845623016,0.0,0.20000000298023224,0.0,0.0,0.0,0.0,0.0,0.0,0.9599996209144592,1.0,1.0,1.0,0.9999998211860657,0.9999998211860657,0.9999998211860657,190813.40625,193219.078125,0.0,14.750001907348633,0.0,14.750001907348633,7.25,12.0,10.25,296.3810119628906,297.7510070800781,29.5,-97066.9609375,9586901.0,12224996.0,0.0,0.0,0.0,0.0030758706852793694,0.0030758706852793694,0.0030758706852793694,1.0,173856.609375,0.9959999918937683,0.9959999918937683,0.9959999918937683,0.9959999918937683,0.0,4079826.75,4255787.0,280462.71875,2606300.0,4023889.0,0.004298030398786068,0.008606060408055782,367.6045227050781,7.25,12.0,10.25,0.0,0.0,0.0,0.0,0.0,0.0,70.9451904296875,367.617431640625,176.4534912109375,176.4534912109375,176.4534912109375,0.0,0.0,0.0,3.0128872394561768,0.0,0.809297502040863,3.0126399993896484,5.0,0.0040000081062316895,0.0040000081062316895,0.0040000081062316895,0.0040000081062316895,0.0,-0.4368000030517578,0.0,602577.4375,163.70692443847656,163.70692443847656,0.0,20.0,2788285.25,7.25,12.0,10.25,20.0,20.0,20.0,0.0,0.0,0.7926306128501892,0.9211652278900146,10000.0,10000.0,0.011826000176370144,1038.5,0.027953999117016792,0.0,0.0,1.0878000259399414,1.0809999704360962,9.000000136438757e-05,103.0,33.220001220703125,1.8179999589920044,0.029999999329447746,49.0,8.329999923706055,4.159999847412109,58.0,302.0,4.5,0.699999988079071,0.4000000059604645,7.5,1.3799999952316284,2.492000102996826,7000.0,48.88999938964844,1.2000000476837158,45.0,62000.0,4590000.0,4250000.0,15900000.0,15100000.0,0.05000000074505806,0.17000000178813934,0.009999999776482582,15220000.0,1.6699999570846558,312.7799987792969,1.1100000143051147,4232.0,0.25,689000.0,4030000.0,9.829999923706055,8.550000190734863,12200000.0,231.10000610351562,88.3239974975586,633.0,1.1430000066757202,0.6858000159263611,-10.0,-3.7799999713897705,0.7799999713897705,295.5,4030000.0,12400000.0,0.9200000166893005,5.0,1,0,1,228,0,0,0,0,0,1,1,1,1,1,0,1,1,1,0,0,0,0,1,1,0,0,0,1,0,0,0,0,0,0,0,0,1,0,1,8,0,0,1,0,0.008120838552713394,5173410.0,1.0877995491027832,0.0,1.3360363245010376,276.9595642089844,0.0,-0.0004450628475751728,1,1,1,0,0,0,1,1,0,0,0,0,0,558,0.20000000298023224,0.20000000298023224,0.20000000298023224,0.0,2,0,0,0,0,0,0,0,0,0,0,0,0,0,0,0,0,0,0,0,0,0,0,0,0,0,0,0,0,0,0,0,0,0,0,0,0,0,0,0,0,0,0,0,0,0,0,0,0,0,0,1,0,0,0,0,0,0,0,0,0,0,0,0,0,0,0,0,0,0,0,0,0,0,0,0,0,0,0,0,0,0,0,0,0,0,0,0,0,0,0,0,0,0,0,0,0,0,0,0,0,0,0,0,0,0,0,0,0,0,0,0,0,0,0,0,0,0,0,0,0,0,0,0,0,0,0,0,0,0,0,0,0,0,0,0,0,0,0,0,0,0,0,1,0,0,0,0,0,0,0,0,0,0,0,-1,0,0,0,0,0,0,1,1,0,0,0.8120838403701782,-5.435997486114502,0.0,-0.5398769974708557,-1.6815581571897805e-44,291.70001220703125,276.9595642089844,291.68988037109375,-0.037309084087610245,99.1889419555664,2673.11669921875,1.0877995491027832,1.3360363245010376,-1.0,14.740447998046875,6.827850029367255e-06,0.04424557089805603,100.0,27.0,0.0,7.799991607666016,4.031797885894775,1.0,1.0,39.98180389404297,0.26640960574150085,20.0,5.746756141888909e-05,0.0,73.97314453125,1.7323341369628906,1.8179994821548462,0.00036938843550160527,0.6817498207092285,0.5449470281600952,11.276657104492188,8.91805362701416,0.0,0.0,0.0,20.000003814697266,44.898040771484375,265.26318359375,20.0,0.9240097403526306,279.0098876953125,40.007659912109375,0.29459047317504883,273.44830322265625,273.6800537109375,273.46319580078125,279.95452880859375,281.25518798828125,279.95599365234375,100.0,0.20415633916854858,22.0,96.2242202758789,276.701416015625,277.4676208496094,276.7095947265625,340.31219482421875,22.20415687561035,21.076675415039062,96.2242202758789,0.0,0.0,0.0,0.0,70.9432373046875,70.76483154296875,70.78568267822266,52.791709899902344,52.80422592163086,52.78999328613281,18.70608139038086,18.588787078857422,18.47441291809082,99.78451538085938,98.01388549804688,99.62677001953125,36.89999771118164,43.19999694824219,26.099998474121094,242.8438720703125,252.93743896484375,241.44082641601562,29.0,0.0,48.0,0.0,0.0,0.0,0.0,0.0,0.0,41.0,78.36749267578125,52.48674392700195,164.90695190429688,27.822118759155273,9.999999974752427e-07,2.8618698120117188,0.0,99.17721557617188,0.0,721.224365234375,43.90855407714844,20.706308364868164,0.0,9.470757484436035,77.9870376586914,1.0,0.9716232419013977,20.0,0.0,60.0,120.0,0.0,120.0,0.0,0.0,0.0,0.0,18.14673614501953,89.18053436279297,2.0,200.0,0,0,0,0,0,0,0,0,0,0,0,0,99999,99999,28,403,1800,180,1800,0,0,-7,0,23,0,0,0,806,1424,29,31,32,0,1,0,1,0,1,0,0,1,0,0,0,0,0,1,0,0,0,0,1,0,0,0,1,0,0,0,1,0,0,0,0,0,0,0,0,0,0,0,0,1,0,1,0,0,1,1,0,0,1,1,0,1,0,1,0,1,1,0,0,0,1,0,0,0,0,0,0,0,1,1,0,1,0,0,0,0,0,0,0,0,1,0,0,0,1,0,0,0,0,0,0,1,0,0,1,0,1,0,0,1,0,0,1,0,0,1,0,0,0,1,0,1,1,1,0,0,1,0,0,0,0,0,1,1,1,0,0,0,0,0,0,0,1,0,1,0,1,0,1,0,1,0,0,0,0,0,0,0,0,1,1,1,1,0,1,0,1,1,1,1,1,1,1,0,0,0,0,0,0,1,0,1,1,1,1,1,1,1,1,1,1,1,0,0,0,1,1,0,0,1,1,0,1,1,0,0,1,1,1,0,0,0,0,1,1,1,1,0,1,1,1,1,0,0,1,1,0,1,0,1,1,0,1,1,1,1,1,1,1,1,0,1,0,0,0,0,0,0,0,0,0,0,1,0,0,1,0,0,0,0,0,1,0,0,1,0,0,0,0,0,0,0,0,0,0,0,0,0,0,0,0,0,0,0,0,0,0,0,0,0,1,0,0,0,0,1,0,0,0,1,0,0,0,0,0,0,0,0,0,0,0,0,0,0,0,0,0,0,1,0,0,0,0,0,0,0,0,0,0,0,0,0,0,0,0,1,0,0,0,0,0,0,0,0,0,0,0,0,0,0,0,0,0,0,0,0,0,0,0,0,0,0,0,0,0,0,0,0,0,0,0,0,0,0,0,0,0,0,0,0,0,0,0,0,0,0,0,0,0,0,0,0,0,0,0,0,0,0,0,0,1,0,1,0,0,0,0,0,1,0,0,0,0,0,0,0,0,0,0,0,0,0,0,0,1,0,0,0,0,0,0,0,0,0,0,0,0,0,0,1,0,0,0,0,0,0,0,0,0,0,1,0,0,0,0,0,0,0,0,0,0,0,0,0,0,0,0,0,0,0,0,0,0,0,0,0,0,0,1,0,0,0,0,0,0,1,1,1,0,0,0,0,0,0,-1,0,0,0,0,0,0,0,0,-1,0,0,-1,0,0,0,0,0,0,0,0,0,0,0,0,0,0,0,0,0,0,1,0,0,0,0,0,0,0,0,0,0,0,0,0,0,0,0,1,1,0,-1,-1,-1,1,1,1,0,0,0,0,1,0,0,1,1,0,0,0,0,1,0,0,0,0,0,0,0,0,0,0,0,0,0,0,0,0,0,0,0,0,0,0,0,0,0,0,0,0,0,1,1,0,1,0,1,1,0,1,0,1,1,0,1,0,0,1,0,0,0,0,0,0,0,0,0,0,0,0,0,0,0,0,0,0,0,0,0,0,0,0,0,0
0,1,1,300,228,8,8,228,114,25,1,0,0.0020000000949949026,4000.0,1.0,0.04500000178813934,25.0,48.0,8.0,291.70001220703125,1.7000000476837158,-3.179999907843012e-07,0.007360000163316727,0.008080000057816505,8.0,0.33000001311302185,0.0333000011742115,1.0,9.999999747378752e-06,21.0,9.999999747378752e-06,2775000064.0,9.000000136438757e-05,4.999999980020986e-13,5.0,40.0,3.0,-3.3499999046325684,3.3499999046325684,0.5,0.0004799999878741801,292.3927001953125,492.6077880859375,-0.0036125299520790577,0.002354159951210022,0.0008944629807956517,0.013157900422811508,0.800646185874939,0.02024419978260994,2650129920.0,0.006539999973028898,0,0,0,0,0,0,0,0,0,0,0,0,0,0,0,0,0,0,0,0,0,0,0,0,0,0,0,0,0,0,0,0,0,0,0,0,0,0,0,0,0,0,0,0,0,0,0,0,0,0,0,0,0,1,4,4,0,0,0,0,0,0,0,0,2,0,0.00040310993790626526,274.65972900390625,285.06365966796875,286.5910339355469,288.1682434082031,289.7098693847656,292.34490966796875,293.3057861328125,294.042236328125,294.4689025878906,294.62261962890625,294.5419616699219,294.2867736816406,293.89154052734375,293.41387939453125,292.9114074707031,292.5662841796875,292.2171325683594,291.79193115234375,291.23138427734375,290.5152282714844,289.6379699707031,288.6391906738281,287.5691833496094,286.4781799316406,285.4165344238281,0.039338015019893646,0.020796671509742737,0.7711737751960754,-0.0372457318007946,0.7574231028556824,0.7382323741912842,900.4156494140625,3.011413127751439e-07,0.10843170434236526,0.006127483677119017,0.00788127165287733,0.007959721609950066,0.021309496834874153,1.0,-1.6815581571897805e-44,-5.44910192489624,0.0,99.18724822998047,2673.269775390625,0.9460147619247437,291.1576232910156,0.0,0.0,0.0,20.20000457763672,0.0,291.70001220703125,280680.53125,-0.5395926237106323,6.139308929443359,130.28829956054688,10.0,7750000.0,8160000.0,86.12000274658203,119.0999984741211,0.5,9.999999747378752e-05,0.0,3.299999952316284,200.0,0.30000001192092896,309.20001220703125,2.439019908706541e-06,0,0,0,1,1,1,0,24,0,276.4355163574219,0.0,0.0,0.0,0.0,0.0,0.0,1.1768267154693604,0.8663339018821716,0.5384310483932495,0.3191978335380554,0.12191247195005417,0.11849646270275116,0.18080216646194458,0.18176911771297455,0.1831739842891693,1.0,25.0,24.0,5145627.0,5147016.5,5145794.5,272.97393798828125,273.18951416015625,272.95880126953125,279.4012451171875,280.6898193359375,279.39971923828125,4400000.0,276.1875915527344,276.9396667480469,276.17926025390625,6.42730712890625,7.50030517578125,6.44091796875,278.46533203125,4583.9365234375,4511.310546875,4591.18310546875,10.131178855895996,10.126362800598145,10.154500007629395,28.9630126953125,0.0,0.0,0.0020000000949949026,273.0407409667969,279.83026123046875,-81.97636413574219,0.5833355188369751,0.5862901210784912,0.5911037921905518,242.94442749023438,39.0,40.0,42.0,41.0,0.0,0.0,5136437.0,5106705.5,53.215789794921875,5.0,0.014999999664723873,-180000.0,600.0,1000000.0,400000.0,0.17000000178813934,22000.0,786000.0,120000.0,0.0,40.0,30.0,36.810001373291016,0.5,18.399999618530273,50000.0,115692.3984375,15.113750457763672,0,0,1,0,0,0,0,9386072.0,0.0,0.0,0.0,0.0,0.0,-6003074.0,400000.0,1000000.0,1.0,1400000.0,0.0,0.2193935364484787,9396926.0,126869.6328125,9386072.0,340.310791015625,40.007659912109375,2.1851847171783447,-6003074.0,0.0,0.0,0.0,2.089905261993408,40.007659912109375,0.0,22230.939453125,1.2010046243667603,0.0,0.0,0.0,20.0,14.711517333984375,22.0,0.0,0.0,0.0,0.05000000074505806,0.02500000037252903,0.17000000178813934,15400000.0,0.5,6.25,0.0006667000125162303,2.0,2410000.0,4140000.0,4.734799861907959,0.15000000596046448,0.20000000298023224,0.2199999988079071,1.0,0.0,-1.0,0.0,5.0,20.0,30.0,50.0,74.0,80.0,86.0,9.800000190734863,500000.0,1.0499999802959792e-07,0.5,750.0,1000.0,600.0,1000.0,1150.0,32.0,32.0,37.400001525878906,10.0,10.0,0.007000000216066837,0.5049999952316284,82.0,189.26499938964844,0.0,1.5099999904632568,231.60000610351562,20.0,36.0,16.600000381469727,16.5,225.0,-0.1756729930639267,27.5,-0.1756729930639267,30.485509872436523,0.1561516970396042,11.10221004486084,-1.8332500457763672,-75.0,4.3520002365112305,13.857000350952148,189.26499938964844,93.30000305175781,2650000.0,0.8500000238418579,7.570000171661377,1,1,1,0,0,0,0,0,0,0,0,1,3,3,0,0,1,0,0,0,0,1,0,1,1,0,0,0,1,1,1,0,0,0,0,0,0,0,0,1,0,0,0,1,0,0,1,0,0,1,12.05141544342041,29051.265625,2153.09716796875,0.00041483284439891577,0.0004361289902590215,0.0006248649442568421,0.0,0.0,0.0,0.0,0.0,0.0,0.5442759990692139,1.0,0.0,0.0,1.0,1.0,0.0,0.0,1.0,1.0,0.0,1.0,0.0,0.0,1.0,0.0,0.0,0.2465706467628479,0.3146156370639801,0.0006248649442568421,0.0,0.0006234748871065676,0.0,99998.78125,99999.0,1087376.5,2410000.0,36.20000076293945,36.20000076293945,36.20000076293945,32.32538604736328,264.895751953125,20.0,20.000003814697266,24.02347183227539,27.0,27.0,25.813905715942383,27.0,31.928813934326172,32.0,20.0,68.57752227783203,3445702.5,0.5449470281600952,7.559999942779541,0.0,8.91805362701416,0.0,0.0,44.85154342651367,1.401298464324817e-45,0.0,0.0,0.5049998760223389,0.5049998760223389,0.5049998760223389,0.18937495350837708,0.18937495350837708,0.18937495350837708,0.0,14.950498580932617,14.950498580932617,14.950498580932617,0.0,0.0,9.074999809265137,0.0,0.0,0.0,0.0,0.0,0.0,100.0,73.97314453125,0.2199999988079071,0.0,20.0,44.85154342651367,0.0,0.0,0.0,0.0,0.0,0.007000000216066837,0.0,0.0,9.074999809265137,0.0,1.7323341369628906,0.0,0.946874737739563,0.0,0.0,0.0,0.0,0.0,0.0,20.0,0.0,0.0,9088260.0,0.0,0.0,0.0,0.0,0.0,0.0,0.0,0.351500004529953,18.93000030517578,23.030000686645508,7.69199959904654e-06,0.08500000089406967,0.009999999776482582,24.0,27.0,8.800000190734863,500000.0,0.05000000074505806,2.7000000013543968e-09,2.7000000013543968e-09,145100.0,120000.0,14650000.0,86400.0,17.0,34.5,48.70000076293945,321.8999938964844,83170.0,0.0,1.0,1.0,0.0010000000474974513,725.0,0.0,0.5,0.0,0.0,57.31999969482422,837142.875,9359.77734375,117376.1015625,2623.89794921875,83026.390625,725.0,1.0204100362898316e-05,740000000.0,1,0,1,0,1,1,0,0,1,0,0,8.799991607666016,27.0,5784.17578125,0.0,0.0,0.0,0.0,2.3246376514434814,0.0004018578911200166,0.0,0.044491879642009735,39.9830436706543,1.0,26108.5625,10817.2255859375,5.7787525292951614e-05,132109416.0,724583680.0,786417728.0,2025781632.0,-7.498138427734375,-698.0413818359375,-576314816.0,-1301198080.0,45.798370361328125,28.474903106689453,53.2965087890625,726.516357421875,106381.3984375,4245.7978515625,148239.6875,167928.78125,124108.5625,82.39988708496094,39.9830436706543,39.9830436706543,1.0,5.7787525292951614e-05,10817.2255859375,788782055424.0,0.2032463103532791,137600.0,137600.0,64282956.0,53.2965087890625,6716.70361328125,1.0,0.0,1700.0,250000.0,10000.0,1038.0,0.004999999888241291,400.0,5000.0,0,0,0,0,2959622.5,44.87081527709961,44.87081527709961,1216415.25,2788360.75,0.0,0.0,98743.4609375,0.014893493615090847,5115898.0,0.0,0.0,1.0,1.0,0.014893493615090847,275.3855285644531,98.57939147949219,0.0,5957889.0,408069.0625,98.57939147949219,1.0,1.0,1.0,0.0,442.1879577636719,0.0,441.3907775878906,1.0,0.0,7680000.0,239.7789764404297,251.1473388671875,241.1522216796875,0.9986585378646851,2788360.75,293.6118469238281,89.74163055419922,1.998658537864685,0.0,265.2035827636719,1.0,0.0,-7.5742998123168945,0.0,0.0,9.999999974752427e-07,0.0,2.0,0.0003000000142492354,0.004999999888241291,0.0010000000474974513,2.0000000233721948e-07,2.0000000233721948e-07,0.0005555999814532697,993000000.0,1.0,0.05000000074505806,0.10000000149011612,0.0005000000237487257,0.0016700000269338489,0.009999999776482582,1.0,1.0,0.0010000000474974513,4.999999873689376e-05,0.00039999998989515007,0.019999999552965164,0.9891999959945679,0.9891999959945679,0.9950000047683716,0.9950000047683716,1,0,0,0,1,1,0,0,0,0,0,0,0,0,-0.0074569773860275745,-7404778.5,5000.01171875,98743.4609375,0.0,2546223.0,0.0,1.0,2569281.25,0.0,0.0,60.0,180.0,1800.0,1800.0,0.0,0.0,0.0,0.0,-0.012236599810421467,0.0,0.0,0.0,0.0,0.0,0.0,0.0,0.0,0.0,0.0,0.0,6.602997746085748e-05,0.0,7.006492321624085e-44,1,1,0,1,1,1,1,1,1,1,1,0,1,0,1,1,1,1,0,1,0,1000,27,0,1,5001,138,0.0,0.0,120.0,120.0,0.0,0.0,0.4000000059604645,0.10000000149011612,0.10000000149011612,2.0,500.0,200.0,0.9900000095367432,300000.0,5000.0,45000.0,20000.0,0.019999999552965164,2.0,0.05000000074505806,0.019999999552965164,6.0,0.05000000074505806,0.019999999552965164,0.019999999552965164,88.30000305175781,0.10000000149011612,0.800000011920929,0.05000000074505806,0.009999999776482582,50.0,50.0,340.0,340.0,1000000.0,1,0,0,0,1,1,1,1,1,1,0,0,0,1,1,0,1.0,0.0,0.0,0.0,29.387001037597656,0.0,0.0,0.0,0.9109686017036438,0.9109686017036438,0.9109686017036438,5000.01171875,4304973.5,4309973.5,50.0,27.613168716430664,0.4000000059604645,0.0,0.0,0.10000000149011612,0.13322651386260986,0.4925430119037628,22164.435546875,20.0,29.202341079711914,780026.125,20.68889045715332,2726.416015625,721.224365234375,0.7800261378288269,0.903877854347229,9.470717430114746,1.0,3220044.0,3303501.0,9.716179847717285,20.0,0.2782200574874878,27.822006225585938,0.0,636.4223022460938,1344.824462890625,100000.0,50000.0,1115.300048828125,50000.0,700.0,2000.0,2800000.0,3500000.0,4000000.0,9.999999747378752e-05,4.999999873689376e-05,500.0,20000.0,100.0,500.0,60000.0,1200.0,1.0,120.0,150000.0,3000.0,300.0,1.0,300.0,0.019999999552965164,0.019999999552965164,0.009999999776482582,0.009999999776482582,0.009999999776482582,0.019999999552965164,1.100000023841858,0.019999999552965164,4.0,0.019999999552965164,88.0,1613.0,0.009999999776482582,0.20000000298023224,3.0,5.0,600.0,0.0010000000474974513,88.0,88.0,2000.0,2340.0,-0.11599799990653992,-0.03561130166053772,-0.04758000001311302,-0.01752999983727932,1,0,1,0,0,1,1,178.04806518554688,178.04806518554688,0.715057373046875,0.715057373046875,0.0005294648581184447,20.68889045715332,163.69154357910156,68.50736236572266,393.4471435546875,34.11666488647461,34.11666488647461,0.13701629638671875,0.13701629638671875,77.28402709960938,5.972316265106201,0.0,0.0,2663660.25,20.00048065185547,20.00048065185547,98.0693130493164,98.0693130493164,63260.65625,63260.65625,1.0543442964553833,1.0543442964553833,0.0074467468075454235,0.0074467468075454235,-12.88077449798584,-12.88077449798584,-53894.453125,-53894.453125,-12.880317687988281,98.99322509765625,99.96070098876953,2648932.75,20.00048065185547,20.00048065185547,165.3115692138672,165.3115692138672,102.8277587890625,102.8277587890625,430241.65625,430241.65625,0.0,65.2131576538086,65.2131576538086,130.42684936523438,156296.46875,156296.46875,1.0419764518737793,1.0419764518737793,164.88119506835938,102.8277587890625,0.0,0.0,0.0,125.92935180664062,125.92935180664062,251.85870361328125,0.0,0.0,0.0,0.0,0.0,125.92935180664062,125.92935180664062,0.026315800845623016,0.0,0.20000000298023224,0.0,0.0,0.0,0.0,0.0,0.0,0.9599996209144592,1.0,1.0,1.0,0.9999998211860657,0.9999998211860657,0.9999998211860657,190813.046875,193218.546875,0.0,14.750001907348633,0.0,14.750001907348633,7.25,12.0,10.25,296.3810119628906,297.7510070800781,29.5,-85815.9609375,9713513.0,12224996.0,0.0,0.0,0.0,0.0027213331777602434,0.0027213331777602434,0.0027213331777602434,1.0,170715.234375,0.9959999918937683,0.9959999918937683,0.9959999918937683,0.9959999918937683,0.0,4093227.25,4261774.0,269732.4375,2606300.0,4039634.25,0.004304973408579826,0.008619946427643299,357.5262451171875,7.25,12.0,10.25,0.0,0.0,0.0,0.0,0.0,0.0,68.50788879394531,357.5391540527344,171.80902099609375,171.80902099609375,171.80902099609375,0.0,0.0,0.0,3.0136258602142334,0.0,0.8171777129173279,3.0133800506591797,5.0,0.0040000081062316895,0.0040000081062316895,0.0040000081062316895,0.0040000081062316895,0.0,-0.4368000030517578,0.0,602725.1875,163.69154357910156,163.69154357910156,0.0,20.0,2788323.75,7.25,12.0,10.25,20.0,20.0,20.0,0.0,0.0,0.7926306128501892,0.9211652278900146,10000.0,10000.0,0.011826000176370144,1038.5,0.027953999117016792,0.0,0.0,1.0878000259399414,1.0809999704360962,9.000000136438757e-05,103.0,33.220001220703125,1.8179999589920044,0.029999999329447746,49.0,8.329999923706055,4.159999847412109,58.0,302.0,4.5,0.699999988079071,0.4000000059604645,7.5,1.3799999952316284,2.492000102996826,7000.0,48.88999938964844,1.2000000476837158,45.0,62000.0,4590000.0,4250000.0,15900000.0,15100000.0,0.05000000074505806,0.17000000178813934,0.009999999776482582,15220000.0,1.6699999570846558,312.7799987792969,1.1100000143051147,4232.0,0.25,689000.0,4030000.0,9.829999923706055,8.550000190734863,12200000.0,231.10000610351562,88.3239974975586,633.0,1.1430000066757202,0.6858000159263611,-10.0,-3.7799999713897705,0.7799999713897705,295.5,4030000.0,12400000.0,0.9200000166893005,5.0,1,0,1,228,0,0,0,0,0,1,1,1,1,1,0,1,1,1,0,0,0,0,1,1,0,0,0,1,0,0,0,0,0,0,0,0,1,0,1,8,0,0,1,0,0.00788127165287733,5145627.0,1.0877995491027832,0.0,1.342872142791748,276.56591796875,0.0,-0.00042221235344186425,1,1,1,0,0,0,1,1,0,0,0,0,0,561,0.20000000298023224,0.20000000298023224,0.20000000298023224,0.0,2,0,0,0,0,0,0,0,0,0,0,0,0,0,0,0,0,0,0,0,0,0,0,0,0,0,0,0,0,0,0,0,0,0,0,0,0,0,0,0,0,0,0,0,0,0,0,0,0,0,0,1,0,0,0,0,0,0,0,0,0,0,0,0,0,0,0,0,0,0,0,0,0,0,0,0,0,0,0,0,0,0,0,0,0,0,0,0,0,0,0,0,0,0,0,0,0,0,0,0,0,0,0,0,0,0,0,0,0,0,0,0,0,0,0,0,0,0,0,0,0,0,0,0,0,0,0,0,0,0,0,0,0,0,0,0,0,0,0,0,0,0,0,1,0,0,0,0,0,0,0,0,0,0,0,-1,0,0,0,0,0,0,1,1,0,0,0.7881271839141846,-5.44910192489624,0.0,-0.5395926237106323,-1.6815581571897805e-44,291.70001220703125,276.56591796875,291.1576232910156,-0.0372457318007946,99.18724822998047,2673.269775390625,1.0877995491027832,1.342872142791748,-1.0,15.13409423828125,6.827850029367255e-06,0.044491879642009735,100.0,27.0,0.0,7.799991607666016,4.034115791320801,1.0,1.0,39.9830436706543,0.2664144039154053,20.0,5.7787525292951614e-05,0.0,73.97314453125,1.7323341369628906,1.8179994821548462,0.00036938843550160527,0.6817498207092285,0.5449470281600952,11.095699310302734,8.91805362701416,0.0,0.0,0.0,20.000003814697266,44.898040771484375,264.895751953125,20.0,0.9234052300453186,278.600830078125,40.007659912109375,0.29459047317504883,273.08074951171875,273.31170654296875,273.09576416015625,279.53765869140625,280.830322265625,279.53924560546875,100.0,0.060646235942840576,22.0,95.88717651367188,276.3092041015625,277.0710144042969,276.3175048828125,340.311279296875,21.939353942871094,20.943172454833984,95.88717651367188,0.0,0.0,0.0,0.0,70.69660186767578,70.50520324707031,70.53559112548828,52.50820541381836,52.52067184448242,52.506492614746094,18.317398071289062,18.176912307739258,18.080217361450195,99.8052978515625,98.06047821044922,99.64783477783203,36.89999771118164,43.19999694824219,26.099998474121094,241.57508850097656,251.57945251464844,240.1813507080078,29.0,0.0,48.0,0.0,0.0,0.0,0.0,0.0,0.0,41.0,78.36749267578125,52.2031364440918,164.88119506835938,27.671337127685547,9.999999974752427e-07,2.7523767948150635,0.0,98.99322509765625,0.0,721.224365234375,43.979400634765625,20.68889045715332,0.0,9.470717430114746,78.00261688232422,1.0,0.9716179966926575,20.0,0.0,60.0,120.0,0.0,120.0,0.0,0.0,0.0,0.0,18.14673614501953,89.18053436279297,2.0,200.0,0,0,0,0,0,0,0,0,0,0,0,0,99999,99999,28,403,1800,180,1800,0,0,-7,0,23,0,0,0,806,1424,29,31,32,0,1,0,1,0,1,0,0,1,0,0,0,0,0,1,0,0,0,0,1,0,0,0,1,0,0,0,1,0,0,0,0,0,0,0,0,0,0,0,0,1,0,1,0,0,1,1,0,0,1,1,0,1,0,1,0,1,1,0,0,1,1,0,0,1,0,1,0,0,1,1,0,1,0,0,0,0,1,0,1,0,1,0,0,0,1,0,0,0,0,0,0,1,0,0,1,0,1,0,0,1,1,0,1,0,0,1,0,0,0,1,0,1,1,1,0,0,1,0,0,0,0,0,1,1,1,0,0,0,0,0,0,0,1,0,1,0,1,0,1,0,1,0,0,0,0,0,0,0,0,1,1,1,1,0,1,0,1,1,1,1,1,1,1,0,0,0,0,0,0,1,0,1,1,1,1,1,1,1,1,1,1,1,1,0,0,1,1,0,0,1,1,0,1,1,0,0,1,1,1,0,0,0,0,1,1,1,1,0,1,1,1,1,0,0,1,1,0,1,0,1,1,0,1,1,1,1,1,1,1,1,0,1,0,0,0,0,0,0,0,0,0,0,1,0,0,1,0,0,0,0,0,0,1,1,0,0,0,0,1,0,0,0,0,0,1,0,0,1,0,0,0,0,0,0,0,0,0,0,0,0,0,0,0,0,0,0,0,0,0,0,0,0,0,0,0,0,0,0,0,1,0,0,0,0,0,0,1,0,0,0,1,1,0,0,0,0,0,1,1,0,0,0,0,0,0,0,0,1,0,0,1,0,0,0,0,1,0,0,0,0,0,0,0,0,0,0,0,0,0,0,0,0,0,0,0,0,0,0,0,0,0,0,0,0,0,0,0,0,0,0,0,0,0,0,0,0,0,0,0,0,0,0,0,0,0,0,0,0,0,0,1,0,1,0,0,0,0,0,1,0,0,0,0,0,0,0,0,0,0,0,0,0,0,0,1,0,0,0,0,0,0,0,0,0,0,0,0,0,0,1,0,0,0,0,0,0,0,0,0,0,1,0,0,0,0,0,0,0,0,0,0,0,0,0,0,0,0,0,0,0,0,0,0,0,0,0,0,0,1,0,0,0,0,0,0,1,1,1,0,0,0,0,0,0,-1,0,0,0,0,0,0,0,0,-1,0,0,-1,0,0,0,0,0,0,0,0,0,0,0,0,0,0,0,0,0,0,1,0,0,0,0,0,0,0,0,0,0,0,0,0,0,0,0,1,1,0,-1,-1,-1,1,1,1,0,0,0,0,1,0,0,1,1,0,0,0,0,1,0,0,0,0,0,0,0,0,0,0,0,0,0,0,0,0,0,0,0,0,0,0,0,0,0,0,0,0,0,1,1,0,1,0,1,1,0,1,0,1,1,0,1,0,0,1,0,0,0,0,0,0,0,0,0,0,0,0,0,0,0,0,0,0,0,0,0,0,0,0,0,0
0,1,1,300,228,8,8,228,114,25,1,0,0.0020000000949949026,4000.0,1.0,0.04500000178813934,25.0,48.0,8.0,291.70001220703125,1.7000000476837158,-3.179999907843012e-07,0.007360000163316727,0.008080000057816505,8.0,0.33000001311302185,0.0333000011742115,1.0,9.999999747378752e-06,21.0,9.999999747378752e-06,2775000064.0,9.000000136438757e-05,4.999999980020986e-13,5.0,40.0,3.0,-3.3499999046325684,3.3499999046325684,0.5,0.0004799999878741801,292.3927001953125,492.6077880859375,-0.0036125299520790577,0.002354159951210022,0.0008944629807956517,0.013157900422811508,0.800646185874939,0.02024419978260994,2650129920.0,0.006539999973028898,0,0,0,0,0,0,0,0,0,0,0,0,0,0,0,0,0,0,0,0,0,0,0,0,0,0,0,0,0,0,0,0,0,0,0,0,0,0,0,0,0,0,0,0,0,0,0,0,0,0,0,0,0,1,4,4,0,0,0,0,0,0,0,0,2,0,0.00040310993790626526,274.28643798828125,284.57305908203125,286.08453369140625,287.6451416015625,289.170654296875,291.77960205078125,292.73223876953125,293.4633483886719,293.88909912109375,294.04583740234375,293.9718933105469,293.72705078125,293.34405517578125,292.87945556640625,292.38958740234375,292.0570068359375,291.71868896484375,291.3026123046875,290.7493896484375,290.0389709472656,289.1661071777344,288.170654296875,287.10333251953125,286.014892578125,284.9560241699219,0.03969962149858475,0.020587332546710968,0.7711605429649353,-0.03718286007642746,0.7574549317359924,0.7355787754058838,875.811767578125,2.928978517502401e-07,0.10633794218301773,0.005964533891528845,0.007654018700122833,0.0077284472063183784,0.02136685512959957,1.0,-1.6815581571897805e-44,-5.461907386779785,0.0,99.18553161621094,2673.422119140625,0.9460545182228088,290.6343994140625,0.0,0.0,0.0,20.800006866455078,0.0,291.70001220703125,280681.09375,-0.5393118262290955,6.135304927825928,130.28829956054688,10.0,7750000.0,8160000.0,86.12000274658203,119.0999984741211,0.5,9.999999747378752e-05,0.0,3.299999952316284,200.0,0.30000001192092896,309.20001220703125,2.439019908706541e-06,0,0,0,1,1,1,0,24,0,276.046875,0.0,0.0,0.0,0.0,0.0,0.0,1.1852293014526367,0.8663068413734436,0.5389459729194641,0.3231416344642639,0.1250985562801361,0.12167411297559738,0.1768583506345749,0.1776537150144577,0.1792859584093094,1.0,25.0,24.0,5118156.0,5119542.0,5118324.5,272.6104736328125,272.82525634765625,272.5953369140625,278.990234375,280.271240234375,278.98870849609375,4400000.0,275.80035400390625,276.5482482910156,275.7920227050781,6.3797607421875,7.44598388671875,6.39337158203125,278.0621337890625,4584.9130859375,4513.4130859375,4592.15576171875,10.095229148864746,10.089093208312988,10.11905288696289,29.1141357421875,0.0,0.0,0.0020000000949949026,272.6770324707031,279.4167175292969,-81.0307846069336,0.5705170631408691,0.5729197263717651,0.5784674882888794,241.69444274902344,39.0,40.0,42.0,41.0,0.0,0.0,5109066.5,5079325.0,53.11138153076172,5.0,0.014999999664723873,-180000.0,600.0,1000000.0,400000.0,0.17000000178813934,22000.0,786000.0,120000.0,0.0,40.0,30.0,36.810001373291016,0.5,18.399999618530273,50000.0,115692.3984375,15.113750457763672,0,0,1,0,0,0,0,9353976.0,0.0,0.0,0.0,0.0,0.0,-6035396.0,400000.0,1000000.0,1.0,1400000.0,0.0,0.21677911281585693,9364604.0,126869.6328125,9353976.0,340.30975341796875,40.007659912109375,2.1591477394104004,-6035396.0,0.0,0.0,0.0,2.0767786502838135,40.007659912109375,0.0,22230.939453125,1.2010046243667603,0.0,0.0,0.0,20.0,14.711517333984375,22.0,0.0,0.0,0.0,0.05000000074505806,0.02500000037252903,0.17000000178813934,15400000.0,0.5,6.25,0.0006667000125162303,2.0,2410000.0,4140000.0,4.734799861907959,0.15000000596046448,0.20000000298023224,0.2199999988079071,1.0,0.0,-1.0,0.0,5.0,20.0,30.0,50.0,74.0,80.0,86.0,9.800000190734863,500000.0,1.0499999802959792e-07,0.5,750.0,1000.0,600.0,1000.0,1150.0,32.0,32.0,37.400001525878906,10.0,10.0,0.007000000216066837,0.5049999952316284,82.0,189.26499938964844,0.0,1.5099999904632568,231.60000610351562,20.0,36.0,16.600000381469727,16.5,225.0,-0.1756729930639267,27.5,-0.1756729930639267,30.485509872436523,0.1561516970396042,11.10221004486084,-1.8332500457763672,-75.0,4.3520002365112305,13.857000350952148,189.26499938964844,93.30000305175781,2650000.0,0.8500000238418579,7.570000171661377,1,1,1,0,0,0,0,0,0,0,0,1,3,3,0,0,1,0,0,0,0,1,0,1,1,0,0,0,1,1,1,0,0,0,0,0,0,0,0,1,0,0,0,1,0,0,1,0,0,1,12.05141544342041,29051.265625,2153.080322265625,0.00041483284439891577,0.0004361289902590215,0.0006248649442568421,0.0,0.0,0.0,0.0,0.0,0.0,0.5443324446678162,1.0,0.0,0.0,1.0,1.0,0.0,0.0,1.0,1.0,0.0,1.0,0.0,0.0,1.0,0.0,0.0,0.24261391162872314,0.3095669746398926,0.0006248649442568421,0.0,0.000623478030320257,0.0,99998.78125,99999.0,1069927.375,2410000.0,36.20000076293945,36.20000076293945,36.20000076293945,32.3201904296875,264.53131103515625,20.0,20.000003814697266,24.02347183227539,27.0,27.0,25.813905715942383,27.0,31.92897605895996,32.0,20.0,68.57752227783203,3445675.5,0.5449470281600952,7.559999942779541,0.0,8.91805362701416,0.0,0.0,44.95463562011719,1.401298464324817e-45,0.0,0.0,0.5049998760223389,0.5049998760223389,0.5049998760223389,0.18937495350837708,0.18937495350837708,0.18937495350837708,0.0,14.98486328125,14.98486328125,14.98486328125,0.0,0.0,9.074999809265137,0.0,0.0,0.0,0.0,0.0,0.0,100.0,73.97314453125,0.2199999988079071,0.0,20.0,44.95463562011719,0.0,0.0,0.0,0.0,0.0,0.007000000216066837,0.0,0.0,9.074999809265137,0.0,1.7323341369628906,0.0,0.946874737739563,0.0,0.0,0.0,0.0,0.0,0.0,20.0,0.0,0.0,9056064.0,0.0,0.0,0.0,0.0,0.0,0.0,0.0,0.351500004529953,18.93000030517578,23.030000686645508,7.69199959904654e-06,0.08500000089406967,0.009999999776482582,24.0,27.0,8.800000190734863,500000.0,0.05000000074505806,2.7000000013543968e-09,2.7000000013543968e-09,145100.0,120000.0,14650000.0,86400.0,17.0,34.5,48.70000076293945,321.8999938964844,83170.0,0.0,1.0,1.0,0.0010000000474974513,725.0,0.0,0.5,0.0,0.0,57.31999969482422,837142.875,9359.77734375,117376.1015625,2623.89794921875,83026.390625,725.0,1.0204100362898316e-05,740000000.0,1,0,1,0,1,1,0,0,1,0,0,8.799991607666016,27.0,5816.13232421875,0.0,0.0,0.0,0.0,2.337519407272339,0.00040186397382058203,0.0,0.044737689197063446,39.984073638916016,1.0,26108.96875,10874.6923828125,5.810684524476528e-05,131282792.0,718293632.0,779902912.0,2014998144.0,-7.289501190185547,-694.1661376953125,-570954816.0,-1296704256.0,45.901466369628906,28.474903106689453,53.19096755981445,722.64111328125,106381.3984375,4246.01513671875,148271.421875,167933.109375,124108.96875,82.9998779296875,39.984073638916016,39.984073638916016,1.0,5.810684524476528e-05,10874.6923828125,786426232832.0,0.2032899558544159,137600.0,137600.0,64058160.0,53.19096755981445,6717.03662109375,1.0,0.0,1700.0,250000.0,10000.0,1038.0,0.004999999888241291,400.0,5000.0,0,0,0,0,2959622.5,44.60213088989258,44.60213088989258,1216415.25,2788389.75,0.0,0.0,98657.765625,0.012370296753942966,5088418.5,0.0,0.0,1.0,1.0,0.012370296753942966,275.3855285644531,98.55056762695312,0.0,5957889.0,407946.6875,98.55056762695312,1.0,1.0,1.0,0.0,439.80572509765625,0.0,439.017578125,1.0,0.0,7680000.0,238.53094482421875,249.8096466064453,239.89768981933594,0.9988131523132324,2788389.75,292.04803466796875,89.20426177978516,1.9988131523132324,0.0,264.8672790527344,1.0,0.0,-7.5742998123168945,0.0,0.0,9.999999974752427e-07,0.0,2.0,0.0003000000142492354,0.004999999888241291,0.0010000000474974513,2.0000000233721948e-07,2.0000000233721948e-07,0.0005555999814532697,993000000.0,1.0,0.05000000074505806,0.10000000149011612,0.0005000000237487257,0.0016700000269338489,0.009999999776482582,1.0,1.0,0.0010000000474974513,4.999999873689376e-05,0.00039999998989515007,0.019999999552965164,0.9891999959945679,0.9891999959945679,0.9950000047683716,0.9950000047683716,1,0,0,0,1,1,0,0,0,0,0,0,0,0,-0.0074569773860275745,-7404778.5,5000.01171875,98657.765625,0.0,2546223.0,0.0,1.0,2569281.25,0.0,0.0,60.0,180.0,1800.0,1800.0,0.0,0.0,0.0,0.0,-0.012236599810421467,0.0,0.0,0.0,0.0,0.0,0.0,0.0,0.0,0.0,0.0,0.0,6.602997746085748e-05,0.0,7.006492321624085e-44,1,1,0,1,1,1,1,1,1,1,1,0,1,0,1,1,1,1,0,1,0,1000,28,0,1,5001,141,0.0,0.0,120.0,120.0,0.0,0.0,0.4000000059604645,0.10000000149011612,0.10000000149011612,2.0,500.0,200.0,0.9900000095367432,300000.0,5000.0,45000.0,20000.0,0.019999999552965164,2.0,0.05000000074505806,0.019999999552965164,6.0,0.05000000074505806,0.019999999552965164,0.019999999552965164,88.30000305175781,0.10000000149011612,0.800000011920929,0.05000000074505806,0.009999999776482582,50.0,50.0,340.0,340.0,1000000.0,1,0,0,0,1,1,1,1,1,1,0,0,0,1,1,0,1.0,0.0,0.0,0.0,29.323591232299805,0.0,0.0,0.0,0.9106356501579285,0.9106356501579285,0.9106356501579285,5000.01171875,4311742.5,4316742.5,50.0,27.613128662109375,0.4000000059604645,0.0,0.0,0.10000000149011612,0.13251090049743652,0.4925430119037628,22164.435546875,20.0,29.202341079711914,780185.5,20.672351837158203,2723.903076171875,721.224365234375,0.7801855206489563,0.9032670259475708,9.470677375793457,1.0,3220030.5,3303483.0,9.716127395629883,20.0,0.2782655358314514,27.826553344726562,0.0,636.4223022460938,1372.7801513671875,100000.0,50000.0,1115.300048828125,50000.0,700.0,2000.0,2800000.0,3500000.0,4000000.0,9.999999747378752e-05,4.999999873689376e-05,500.0,20000.0,100.0,500.0,60000.0,1200.0,1.0,120.0,150000.0,3000.0,300.0,1.0,300.0,0.019999999552965164,0.019999999552965164,0.009999999776482582,0.009999999776482582,0.009999999776482582,0.019999999552965164,1.100000023841858,0.019999999552965164,4.0,0.019999999552965164,88.0,1613.0,0.009999999776482582,0.20000000298023224,3.0,5.0,600.0,0.0010000000474974513,88.0,88.0,2000.0,2340.0,-0.11599799990653992,-0.03561130166053772,-0.04758000001311302,-0.01752999983727932,1,0,1,0,0,1,1,173.15846252441406,173.15846252441406,0.6954193115234375,0.6954193115234375,0.0005092662759125233,20.672351837158203,163.67613220214844,66.21342468261719,382.7580261230469,32.97428512573242,32.97428512573242,0.13242721557617188,0.13242721557617188,74.47393798828125,5.283923625946045,0.0,0.0,2663660.25,20.00048065185547,20.00048065185547,98.0151596069336,98.0151596069336,63221.6875,63221.6875,1.0536948442459106,1.0536948442459106,0.006185148376971483,0.006185148376971483,-14.216547966003418,-14.216547966003418,-59483.46484375,-59483.46484375,-14.21609878540039,98.82405853271484,99.70721435546875,2648961.5,20.00048065185547,20.00048065185547,165.32496643066406,165.32496643066406,102.29492950439453,102.29492950439453,428012.25,428012.25,0.0,64.4338150024414,64.4338150024414,128.86813354492188,156247.90625,156247.90625,1.0416526794433594,1.0416526794433594,164.85992431640625,102.29492950439453,0.0,0.0,0.0,124.95803833007812,124.95803833007812,249.91607666015625,0.0,0.0,0.0,0.0,0.0,124.95803833007812,124.95803833007812,0.026315800845623016,0.0,0.20000000298023224,0.0,0.0,0.0,0.0,0.0,0.0,0.9599996209144592,1.0,1.0,1.0,0.9999998211860657,0.9999998211860657,0.9999998211860657,190812.625,193218.046875,0.0,14.750001907348633,0.0,14.750001907348633,7.25,12.0,10.25,296.3810119628906,297.7510070800781,29.5,-75248.203125,9832528.0,12224996.0,0.0,0.0,0.0,0.00240766117349267,0.00240766117349267,0.00240766117349267,1.0,167746.265625,0.9959999918937683,0.9959999918937683,0.9959999918937683,0.9959999918937683,0.0,4106241.0,4267858.0,259633.171875,2606300.0,4055280.0,0.004311742261052132,0.008633485063910484,347.707763671875,7.25,12.0,10.25,0.0,0.0,0.0,0.0,0.0,0.0,66.21393585205078,347.720703125,167.20724487304688,167.20724487304688,167.20724487304688,0.0,0.0,0.0,3.0143611431121826,0.0,0.8255005478858948,3.0141165256500244,5.0,0.0040000081062316895,0.0040000081062316895,0.0040000081062316895,0.0040000081062316895,0.0,-0.4368000030517578,0.0,602872.25,163.67613220214844,163.67613220214844,0.0,20.0,2788357.25,7.25,12.0,10.25,20.0,20.0,20.0,0.0,0.0,0.7926306128501892,0.9211652278900146,10000.0,10000.0,0.011826000176370144,1038.5,0.027953999117016792,0.0,0.0,1.0878000259399414,1.0809999704360962,9.000000136438757e-05,103.0,33.220001220703125,1.8179999589920044,0.029999999329447746,49.0,8.329999923706055,4.159999847412109,58.0,302.0,4.5,0.699999988079071,0.4000000059604645,7.5,1.3799999952316284,2.492000102996826,7000.0,48.88999938964844,1.2000000476837158,45.0,62000.0,4590000.0,4250000.0,15900000.0,15100000.0,0.05000000074505806,0.17000000178813934,0.009999999776482582,15220000.0,1.6699999570846558,312.7799987792969,1.1100000143051147,4232.0,0.25,689000.0,4030000.0,9.829999923706055,8.550000190734863,12200000.0,231.10000610351562,88.3239974975586,633.0,1.1430000066757202,0.6858000159263611,-10.0,-3.7799999713897705,0.7799999713897705,295.5,4030000.0,12400000.0,0.9200000166893005,5.0,1,0,1,228,0,0,0,0,0,1,1,1,1,1,0,1,1,1,0,0,0,0,1,1,0,0,0,1,0,0,0,0,0,0,0,0,1,0,1,8,0,0,1,0,0.007654018700122833,5118156.0,1.0877995491027832,0.0,1.3496794700622559,276.176025390625,0.0,-0.0004005276132375002,1,1,1,0,0,0,1,1,0,0,0,0,0,564,0.20000000298023224,0.20000000298023224,0.20000000298023224,0.0,2,0,0,0,0,0,0,0,0,0,0,0,0,0,0,0,0,0,0,0,0,0,0,0,0,0,0,0,0,0,0,0,0,0,0,0,0,0,0,0,0,0,0,0,0,0,0,0,0,0,0,1,0,0,0,0,0,0,0,0,0,0,0,0,0,0,0,0,0,0,0,0,0,0,0,0,0,0,0,0,0,0,0,0,0,0,0,0,0,0,0,0,0,0,0,0,0,0,0,0,0,0,0,0,0,0,0,0,0,0,0,0,0,0,0,0,0,0,0,0,0,0,0,0,0,0,0,0,0,0,0,0,0,0,0,0,0,0,0,0,0,0,0,1,0,0,0,0,0,0,0,0,0,0,0,-1,0,0,0,0,0,0,1,1,0,0,0.7654018402099609,-5.461907386779785,0.0,-0.5393118262290955,-1.6815581571897805e-44,291.70001220703125,276.176025390625,290.6343994140625,-0.03718286007642746,99.18553161621094,2673.422119140625,1.0877995491027832,1.3496794700622559,-1.0,15.52398681640625,6.827850029367255e-06,0.044737689197063446,100.0,27.0,0.0,7.799991607666016,4.036417007446289,1.0,1.0,39.984073638916016,0.26641854643821716,20.0,5.810684524476528e-05,0.0,73.97314453125,1.7323341369628906,1.8179994821548462,0.00036938843550160527,0.6817498207092285,0.5449470281600952,10.917646408081055,8.91805362701416,0.0,0.0,0.0,20.000003814697266,44.898040771484375,264.53131103515625,20.0,0.9228019118309021,278.19610595703125,40.007659912109375,0.29459047317504883,272.71624755859375,272.9462890625,272.7313232421875,279.125244140625,280.41021728515625,279.126708984375,100.0,0.3220885992050171,22.0,95.55735778808594,275.9207458496094,276.6782531738281,275.92901611328125,340.31024169921875,21.67791175842285,20.811363220214844,95.55735778808594,0.0,0.0,0.0,0.0,70.45005798339844,70.24591064453125,70.2855453491211,52.22789764404297,52.24032211303711,52.22617721557617,17.92859649658203,17.765371322631836,17.685834884643555,99.82653045654297,98.10651397705078,99.66911315917969,36.89999771118164,43.19999694824219,26.099998474121094,240.31288146972656,250.2295684814453,238.92433166503906,29.0,0.0,48.0,0.0,0.0,0.0,0.0,0.0,0.0,41.0,78.36749267578125,51.922733306884766,164.85992431640625,27.522260665893555,9.999999974752427e-07,2.649322986602783,0.0,98.82405853271484,0.0,721.224365234375,44.0484733581543,20.672351837158203,0.0,9.470677375793457,78.0185546875,1.0,0.9716127514839172,20.0,0.0,60.0,120.0,0.0,120.0,0.0,0.0,0.0,0.0,18.14673614501953,89.18053436279297,2.0,200.0,0,0,0,0,0,0,0,0,0,0,0,0,99999,99999,29,403,1800,180,1800,0,0,-7,0,23,0,0,0,806,1424,29,31,32,0,1,0,1,0,1,0,0,1,0,0,0,0,0,1,0,0,0,0,1,0,0,0,1,0,0,0,1,0,0,0,0,0,0,0,0,0,0,0,0,1,0,1,0,0,1,1,0,0,1,1,0,1,0,1,0,1,1,0,0,1,1,0,0,1,0,1,0,0,1,1,0,1,0,0,0,0,1,0,1,0,1,0,0,0,1,0,0,0,0,0,0,1,0,0,1,0,1,0,0,1,1,0,1,0,0,1,0,0,0,1,0,1,1,1,0,0,1,0,0,0,0,0,1,1,1,0,0,0,0,0,0,0,1,0,1,0,1,0,1,0,1,0,0,0,0,0,0,0,0,1,1,1,1,0,1,0,1,1,1,1,1,1,1,0,0,0,0,0,0,1,0,1,1,1,1,1,1,1,1,1,1,1,1,0,0,1,1,0,0,1,1,0,1,1,0,0,1,1,1,0,0,0,0,1,1,1,1,0,1,1,1,1,0,0,1,1,0,1,0,1,1,0,1,1,1,1,1,1,1,1,0,1,0,0,0,0,0,0,0,0,0,0,1,0,0,1,0,0,0,0,0,1,1,1,1,0,0,0,1,0,0,0,0,0,1,0,0,1,0,0,0,0,0,0,0,0,0,0,0,0,1,0,0,0,0,1,0,0,0,1,0,0,0,0,0,0,0,0,0,1,0,0,0,0,0,0,1,0,1,0,1,1,0,0,0,0,0,1,1,0,0,0,0,0,0,1,0,1,0,0,1,0,0,0,0,1,0,0,0,0,0,0,0,0,0,0,0,0,0,0,0,0,0,0,0,0,0,0,0,0,0,0,0,0,0,0,0,0,0,0,0,0,0,0,0,0,0,0,0,0,0,0,0,0,0,0,0,0,0,0,1,0,1,0,0,0,0,0,1,0,0,0,0,0,0,0,0,0,0,0,0,0,0,0,1,0,0,0,0,0,0,0,0,0,0,0,0,0,0,1,0,0,0,0,0,0,0,0,0,0,1,0,0,0,0,0,0,0,0,0,0,0,0,0,0,0,0,0,0,0,0,0,0,0,0,0,0,0,1,0,0,0,0,0,0,1,1,1,0,0,0,0,0,0,-1,0,0,0,0,0,0,0,0,-1,0,0,-1,0,0,0,0,0,0,0,0,0,0,0,0,0,0,0,0,0,0,1,0,0,0,0,0,0,0,0,0,0,0,0,0,0,0,0,1,1,0,-1,-1,-1,1,1,1,0,0,0,0,1,0,0,1,1,0,0,0,0,1,0,0,0,0,0,0,0,0,0,0,0,0,0,0,0,0,0,0,0,0,0,0,0,0,0,0,0,0,0,1,1,0,1,0,1,1,0,1,0,1,1,0,1,0,0,1,0,0,0,0,0,0,0,0,0,0,0,0,0,0,0,0,0,0,0,0,0,0,0,0,0,0
0,1,1,300,228,8,8,228,114,25,1,0,0.0020000000949949026,4000.0,1.0,0.04500000178813934,25.0,48.0,8.0,291.70001220703125,1.7000000476837158,-3.179999907843012e-07,0.007360000163316727,0.008080000057816505,8.0,0.33000001311302185,0.0333000011742115,1.0,9.999999747378752e-06,21.0,9.999999747378752e-06,2775000064.0,9.000000136438757e-05,4.999999980020986e-13,5.0,40.0,3.0,-3.3499999046325684,3.3499999046325684,0.5,0.0004799999878741801,292.3927001953125,492.6077880859375,-0.0036125299520790577,0.002354159951210022,0.0008944629807956517,0.013157900422811508,0.800646185874939,0.02024419978260994,2650129920.0,0.006539999973028898,0,0,0,0,0,0,0,0,0,0,0,0,0,0,0,0,0,0,0,0,0,0,0,0,0,0,0,0,0,0,0,0,0,0,0,0,0,0,0,0,0,0,0,0,0,0,0,0,0,0,0,0,0,1,4,4,0,0,0,0,0,0,0,0,2,0,0.00040322582935914397,273.91680908203125,284.09051513671875,285.5867004394531,287.13134765625,288.6413879394531,291.2252502441406,292.169921875,292.8959045410156,293.3206787109375,293.4802551269531,293.4126281738281,293.17755126953125,292.80621337890625,292.35394287109375,291.87603759765625,291.5552978515625,291.2273864746094,290.8199462890625,290.273681640625,289.56884765625,288.7002258300781,287.7080383300781,286.6434020996094,285.5574645996094,284.5013732910156,0.040055517107248306,0.02038504183292389,0.7711473107337952,-0.037132520228624344,0.7574867606163025,0.732966423034668,852.3961791992188,2.850591727110441e-07,0.10428411513566971,0.005808086600154638,0.00743800587952137,0.007508814334869385,0.0214188601821661,1.0,-1.6815581571897805e-44,-5.474428653717041,0.0,99.18382263183594,2673.5751953125,0.946094274520874,290.11993408203125,0.0,0.0,0.0,21.400009155273438,0.0,291.70001220703125,280681.65625,-0.5390369296073914,6.131304740905762,130.28829956054688,10.0,7750000.0,8160000.0,86.12000274658203,119.0999984741211,0.5,9.999999747378752e-05,0.0,3.299999952316284,200.0,0.30000001192092896,309.20001220703125,2.439019908706541e-06,0,0,0,1,1,1,0,24,0,275.6619873046875,0.0,0.0,0.0,0.0,0.0,0.0,1.1936392784118652,0.8662794828414917,0.5394672155380249,0.32708603143692017,0.12061619758605957,0.12269151210784912,0.17291395366191864,0.17354287207126617,0.17539779841899872,1.0,25.0,24.0,5090987.5,5092370.5,5091155.0,272.25006103515625,272.46392822265625,272.2347412109375,278.58355712890625,279.857421875,278.58209228515625,4400000.0,275.41680908203125,276.1606750488281,275.4084167480469,6.33349609375,7.39349365234375,6.34735107421875,277.66314697265625,4585.90478515625,4515.494140625,4593.13525390625,10.05929946899414,10.051886558532715,10.083634376525879,29.265380859375,0.0,0.0,0.0020000000949949026,272.3162536621094,279.0076904296875,-80.12555694580078,0.5576987266540527,0.5595659017562866,0.5658328533172607,240.44517517089844,39.0,40.0,42.0,41.0,0.0,0.0,5081996.0,5052247.5,53.00936508178711,5.0,0.014999999664723873,-180000.0,600.0,1000000.0,400000.0,0.17000000178813934,22000.0,786000.0,120000.0,0.0,40.0,30.0,36.810001373291016,0.5,18.399999618530273,50000.0,115692.3984375,15.113750457763672,0,0,1,0,0,0,0,9322529.0,0.0,0.0,0.0,0.0,0.0,-6067058.0,400000.0,1000000.0,1.0,1400000.0,0.0,0.214196115732193,9332942.0,126869.6328125,9322529.0,340.30865478515625,40.007659912109375,2.1334176063537598,-6067058.0,0.0,0.0,0.0,2.0638065338134766,40.007659912109375,0.0,22230.939453125,1.2010046243667603,0.0,0.0,0.0,20.0,14.711517333984375,22.0,0.0,0.0,0.0,0.05000000074505806,0.02500000037252903,0.17000000178813934,15400000.0,0.5,6.25,0.0006667000125162303,2.0,2410000.0,4140000.0,4.734799861907959,0.15000000596046448,0.20000000298023224,0.2199999988079071,1.0,0.0,-1.0,0.0,5.0,20.0,30.0,50.0,74.0,80.0,86.0,9.800000190734863,500000.0,1.0499999802959792e-07,0.5,750.0,1000.0,600.0,1000.0,1150.0,32.0,32.0,37.400001525878906,10.0,10.0,0.007000000216066837,0.5049999952316284,82.0,189.26499938964844,0.0,1.5099999904632568,231.60000610351562,20.0,36.0,16.600000381469727,16.5,225.0,-0.1756729930639267,27.5,-0.1756729930639267,30.485509872436523,0.1561516970396042,11.10221004486084,-1.8332500457763672,-75.0,4.3520002365112305,13.857000350952148,189.26499938964844,93.30000305175781,2650000.0,0.8500000238418579,7.570000171661377,1,1,1,0,0,0,0,0,0,0,0,1,3,3,0,0,1,0,0,0,0,1,0,1,1,0,0,0,1,1,1,0,0,0,0,0,0,0,0,1,0,0,0,1,0,0,1,0,0,1,12.05141544342041,29051.265625,2153.0634765625,0.00041483284439891577,0.0004361289902590215,0.0006248649442568421,0.0,0.0,0.0,0.0,0.0,0.0,0.544451117515564,1.0,0.0,0.0,1.0,1.0,0.0,0.0,1.0,1.0,0.0,1.0,0.0,0.0,1.0,0.0,0.0,0.23872065544128418,0.3045993149280548,0.0006248649442568421,0.0,0.0006234811153262854,0.0,99998.78125,99999.0,1052758.125,2410000.0,36.20000076293945,36.20000076293945,36.20000076293945,32.31499481201172,264.169921875,20.0,20.000003814697266,24.02347183227539,27.0,27.0,25.813905715942383,27.0,31.929134368896484,32.0,20.0,68.57752227783203,3445648.5,0.5451037287712097,7.559999942779541,0.0,8.917896270751953,0.0,0.0,45.055118560791016,1.401298464324817e-45,0.0,0.0,0.5049998760223389,0.5049998760223389,0.5049998760223389,0.18937495350837708,0.18937495350837708,0.18937495350837708,0.0,15.018357276916504,15.018357276916504,15.018357276916504,0.0,0.0,9.074999809265137,0.0,0.0,0.0,0.0,0.0,0.0,100.0,73.97314453125,0.2199999988079071,0.0,20.0,45.055118560791016,0.0,0.0,0.0,0.0,0.0,0.007000000216066837,0.0,0.0,9.074999809265137,0.0,1.7323341369628906,0.0,0.946874737739563,0.0,0.0,0.0,0.0,0.0,0.0,20.0,0.0,0.0,9024574.0,0.0,0.0,0.0,0.0,0.0,0.0,0.0,0.351500004529953,18.93000030517578,23.030000686645508,7.69199959904654e-06,0.08500000089406967,0.009999999776482582,24.0,27.0,8.800000190734863,500000.0,0.05000000074505806,2.7000000013543968e-09,2.7000000013543968e-09,145100.0,120000.0,14650000.0,86400.0,17.0,34.5,48.70000076293945,321.8999938964844,83170.0,0.0,1.0,1.0,0.0010000000474974513,725.0,0.0,0.5,0.0,0.0,57.31999969482422,837142.875,9359.77734375,117376.1015625,2623.89794921875,83026.390625,725.0,1.0204100362898316e-05,740000000.0,1,0,1,0,1,1,0,0,1,0,0,8.799991607666016,27.0,5848.0263671875,0.0,0.0,0.0,0.0,2.3503785133361816,0.0004018701729364693,0.0,0.044983018189668655,39.98490524291992,1.0,26109.3125,10932.0537109375,5.842553946422413e-05,130481248.0,712173248.0,773561408.0,2004251520.0,-7.085487365722656,-690.3053588867188,-565723648.0,-1292078336.0,46.001949310302734,28.474903106689453,53.08743667602539,718.7802734375,106381.3984375,4246.19091796875,148303.140625,167936.609375,124109.3125,83.59986877441406,39.98490524291992,39.98490524291992,1.0,5.842553946422413e-05,10932.0537109375,784101212160.0,0.20333358645439148,137600.0,137600.0,63837020.0,53.08743667602539,6717.30615234375,1.0,0.0,1700.0,250000.0,10000.0,1038.0,0.004999999888241291,400.0,5000.0,0,0,0,0,2959622.5,44.335052490234375,44.335052490234375,1216415.25,2788414.0,0.0,0.0,98581.9453125,0.010274571366608143,5061239.5,0.0,0.0,1.0,1.0,0.010274571366608143,275.3855285644531,98.52506256103516,0.0,5957889.0,407838.4375,98.52506256103516,1.0,1.0,1.0,0.0,437.4499816894531,0.0,436.6702880859375,1.0,0.0,7680000.0,237.2870635986328,248.4805145263672,238.6492919921875,0.9989498853683472,2788414.0,290.4735412597656,88.67010498046875,1.9989498853683472,0.0,264.53338623046875,1.0,0.0,-7.5742998123168945,0.0,0.0,9.999999974752427e-07,0.0,2.0,0.0003000000142492354,0.004999999888241291,0.0010000000474974513,2.0000000233721948e-07,2.0000000233721948e-07,0.0005555999814532697,993000000.0,1.0,0.05000000074505806,0.10000000149011612,0.0005000000237487257,0.0016700000269338489,0.009999999776482582,1.0,1.0,0.0010000000474974513,4.999999873689376e-05,0.00039999998989515007,0.019999999552965164,0.9891999959945679,0.9891999959945679,0.9950000047683716,0.9950000047683716,1,0,0,0,1,1,0,0,0,0,0,0,0,0,-0.0074569773860275745,-7404778.5,5000.01171875,98581.9453125,0.0,2546223.0,0.0,1.0,2569281.25,0.0,0.0,60.0,180.0,1800.0,1800.0,0.0,0.0,0.0,0.0,-0.012236599810421467,0.0,0.0,0.0,0.0,0.0,0.0,0.0,0.0,0.0,0.0,0.0,6.602997746085748e-05,0.0,7.006492321624085e-44,1,1,0,1,1,1,1,1,1,1,1,0,1,0,1,1,1,1,0,1,0,1000,28,0,1,5001,144,0.0,0.0,120.0,120.0,0.0,0.0,0.4000000059604645,0.10000000149011612,0.10000000149011612,2.0,500.0,200.0,0.9900000095367432,300000.0,5000.0,45000.0,20000.0,0.019999999552965164,2.0,0.05000000074505806,0.019999999552965164,6.0,0.05000000074505806,0.019999999552965164,0.019999999552965164,88.30000305175781,0.10000000149011612,0.800000011920929,0.05000000074505806,0.009999999776482582,50.0,50.0,340.0,340.0,1000000.0,1,0,0,0,1,1,1,1,1,1,0,0,0,1,1,0,1.0,0.0,0.0,0.0,29.264039993286133,0.0,0.0,0.0,0.9102952480316162,0.9102952480316162,0.9102952480316162,5000.01171875,4318331.5,4323331.5,50.0,27.613088607788086,0.4000000059604645,0.0,0.0,0.10000000149011612,0.13180311024188995,0.4925430119037628,22164.435546875,20.0,29.202341079711914,780348.375,20.65664291381836,2721.516357421875,721.224365234375,0.7803483605384827,0.9026460647583008,9.470638275146484,1.0,3220017.0,3303465.0,9.716073036193848,20.0,0.278312087059021,27.831209182739258,0.0,636.4223022460938,1400.735107421875,100000.0,50000.0,1115.300048828125,50000.0,700.0,2000.0,2800000.0,3500000.0,4000000.0,9.999999747378752e-05,4.999999873689376e-05,500.0,20000.0,100.0,500.0,60000.0,1200.0,1.0,120.0,150000.0,3000.0,300.0,1.0,300.0,0.019999999552965164,0.019999999552965164,0.009999999776482582,0.009999999776482582,0.009999999776482582,0.019999999552965164,1.100000023841858,0.019999999552965164,4.0,0.019999999552965164,88.0,1613.0,0.009999999776482582,0.20000000298023224,3.0,5.0,600.0,0.0010000000474974513,88.0,88.0,2000.0,2340.0,-0.11599799990653992,-0.03561130166053772,-0.04758000001311302,-0.01752999983727932,1,0,1,0,0,1,1,168.3958740234375,168.3958740234375,0.6762847900390625,0.6762847900390625,0.0004902556538581848,20.65664291381836,163.66070556640625,64.05438232421875,372.3296203613281,31.89908218383789,31.89908218383789,0.12810897827148438,0.12810897827148438,71.82911682128906,4.674877166748047,0.0,0.0,2663660.25,20.00048065185547,20.00048065185547,97.96635437011719,97.96635437011719,63183.18359375,63183.18359375,1.0530530214309692,1.0530530214309692,0.005137285683304071,0.005137285683304071,-15.490018844604492,-15.490018844604492,-64811.79296875,-64811.79296875,-15.489577293395996,98.66863250732422,99.47460174560547,2648986.25,20.00048065185547,20.00048065185547,165.336669921875,165.336669921875,101.79759216308594,101.79759216308594,425931.34375,425931.34375,0.0,63.66362762451172,63.66362762451172,127.32774353027344,156199.765625,156199.765625,1.0413317680358887,1.0413317680358887,164.8424072265625,101.79759216308594,0.0,0.0,0.0,123.99530029296875,123.99530029296875,247.9906005859375,0.0,0.0,0.0,0.0,0.0,123.99530029296875,123.99530029296875,0.026315800845623016,0.0,0.20000000298023224,0.0,0.0,0.0,0.0,0.0,0.0,0.9599996209144592,1.0,1.0,1.0,0.9999998211860657,0.9999998211860657,0.9999998211860657,190812.25,193217.5,0.0,14.750001907348633,0.0,14.750001907348633,7.25,12.0,10.25,296.3810119628906,297.7510070800781,29.5,-65323.26171875,9944395.0,12224996.0,0.0,0.0,0.0,0.0021301445085555315,0.0021301445085555315,0.0021301445085555315,1.0,164939.765625,0.9959999918937683,0.9959999918937683,0.9959999918937683,0.9959999918937683,0.0,4118880.5,4274007.0,250127.84375,2606300.0,4070826.75,0.004318331368267536,0.008646662347018719,338.1443176269531,7.25,12.0,10.25,0.0,0.0,0.0,0.0,0.0,0.0,64.05487060546875,338.15728759765625,162.65151977539062,162.65151977539062,162.65151977539062,0.0,0.0,0.0,3.015092372894287,0.0,0.8342636823654175,3.0148491859436035,5.0,0.0040000081062316895,0.0040000081062316895,0.0040000081062316895,0.0040000081062316895,0.0,-0.4368000030517578,0.0,603018.5,163.66070556640625,163.66070556640625,0.0,20.0,2788386.5,7.25,12.0,10.25,20.0,20.0,20.0,0.0,0.0,0.7926306128501892,0.9211652278900146,10000.0,10000.0,0.011826000176370144,1038.5,0.027953999117016792,0.0,0.0,1.0878000259399414,1.0809999704360962,9.000000136438757e-05,103.0,33.220001220703125,1.8179999589920044,0.029999999329447746,49.0,8.329999923706055,4.159999847412109,58.0,302.0,4.5,0.699999988079071,0.4000000059604645,7.5,1.3799999952316284,2.492000102996826,7000.0,48.88999938964844,1.2000000476837158,45.0,62000.0,4590000.0,4250000.0,15900000.0,15100000.0,0.05000000074505806,0.17000000178813934,0.009999999776482582,15220000.0,1.6699999570846558,312.7799987792969,1.1100000143051147,4232.0,0.25,689000.0,4030000.0,9.829999923706055,8.550000190734863,12200000.0,231.10000610351562,88.3239974975586,633.0,1.1430000066757202,0.6858000159263611,-10.0,-3.7799999713897705,0.7799999713897705,295.5,4030000.0,12400000.0,0.9200000166893005,5.0,1,0,1,228,0,0,0,0,0,1,1,1,1,1,0,1,1,1,0,0,0,0,1,1,0,0,0,1,0,0,0,0,0,0,0,0,1,0,1,8,0,0,1,0,0.00743800587952137,5090987.5,1.0877995491027832,0.0,1.3564538955688477,275.7898864746094,0.0,-0.0003803395084105432,1,1,1,0,0,0,1,1,0,0,0,0,0,567,0.20000000298023224,0.20000000298023224,0.20000000298023224,0.0,2,0,0,0,0,0,0,0,0,0,0,0,0,0,0,0,0,0,0,0,0,0,0,0,0,0,0,0,0,0,0,0,0,0,0,0,0,0,0,0,0,0,0,0,0,0,0,0,0,0,0,1,0,0,0,0,0,0,0,0,0,0,0,0,0,0,0,0,0,0,0,0,0,0,0,0,0,0,0,0,0,0,0,0,0,0,0,0,0,0,0,0,0,0,0,0,0,0,0,0,0,0,0,0,0,0,0,0,0,0,0,0,0,0,0,0,0,0,0,0,0,0,0,0,0,0,0,0,0,0,0,0,0,0,0,0,0,0,0,0,0,0,0,1,0,0,0,0,0,0,0,0,0,0,0,-1,0,0,0,0,0,0,1,1,0,0,0.7438005805015564,-5.474428653717041,0.0,-0.5390369296073914,-1.6815581571897805e-44,291.70001220703125,275.7898864746094,290.11993408203125,-0.037132520228624344,99.18382263183594,2673.5751953125,1.0877995491027832,1.3564538955688477,-1.0,15.910125732421875,6.827850029367255e-06,0.044983018189668655,100.0,27.0,0.0,7.799991607666016,4.03870153427124,1.0,1.0,39.98490524291992,0.2664220333099365,20.0,5.842553946422413e-05,0.0,73.97314453125,1.7323341369628906,1.8179994821548462,0.00036938843550160527,0.6817498207092285,0.5451037287712097,10.742449760437012,8.917896270751953,0.0,0.0,0.0,20.000003814697266,44.898040771484375,264.169921875,20.0,0.9222010374069214,277.79559326171875,40.007659912109375,0.29459047317504883,272.3546142578125,272.583984375,272.36993408203125,278.7171630859375,279.994873046875,278.71868896484375,100.0,0.5803883075714111,22.0,95.2342758178711,275.535888671875,276.2894287109375,275.5443115234375,340.30914306640625,21.41961097717285,20.681137084960938,95.2342758178711,0.0,0.0,0.0,0.0,70.20365905761719,69.98699951171875,70.0356216430664,51.95065689086914,51.96305847167969,51.94894790649414,17.539779663085938,17.35428810119629,17.29139518737793,99.84767150878906,98.15180969238281,99.69031524658203,36.89999771118164,43.19999694824219,26.099998474121094,239.06588745117188,248.9042205810547,237.6881561279297,29.0,0.0,48.0,0.0,0.0,0.0,0.0,0.0,0.0,41.0,78.36749267578125,51.6453971862793,164.8424072265625,27.37484359741211,9.999999974752427e-07,2.5523295402526855,0.0,98.66863250732422,0.0,721.224365234375,44.11570739746094,20.65664291381836,0.0,9.470638275146484,78.03483581542969,1.0,0.9716073274612427,20.0,0.0,60.0,120.0,0.0,120.0,0.0,0.0,0.0,0.0,18.151954650878906,89.17896270751953,2.0,200.0,0,0,0,0,0,0,0,0,0,0,0,0,99999,99999,29,403,1800,180,1800,0,0,-7,0,23,0,0,0,806,1424,29,31,32,0,1,0,1,0,1,0,0,1,0,0,0,0,0,1,0,0,0,0,1,0,0,0,1,0,0,0,1,0,0,0,0,0,0,0,0,0,0,0,0,1,0,1,0,0,1,1,0,0,1,1,0,1,0,1,0,1,1,0,0,0,1,0,0,0,0,0,0,0,1,1,0,1,0,0,0,0,0,0,0,0,1,0,0,0,1,0,0,0,0,0,0,1,0,0,1,0,1,0,0,1,0,0,1,0,0,1,0,0,0,1,0,1,1,1,0,0,1,0,0,0,0,0,1,1,1,0,0,0,0,0,0,0,1,0,1,0,1,0,1,0,1,0,0,0,0,0,0,0,0,1,1,1,1,0,1,0,1,1,1,1,1,1,1,0,0,0,0,0,0,1,0,1,1,1,1,1,1,1,1,1,1,1,0,0,0,1,1,0,0,1,1,0,1,1,0,0,1,1,1,0,0,0,0,1,1,1,1,0,1,1,1,1,0,0,1,1,0,1,0,1,1,0,1,1,1,1,1,1,1,1,0,1,0,0,0,0,0,0,0,0,0,0,1,0,0,1,0,0,0,0,0,1,0,0,1,0,0,0,0,0,0,0,0,0,0,0,0,0,0,0,0,0,0,0,0,0,0,0,0,0,1,0,0,0,0,1,0,0,0,1,0,0,0,0,0,0,0,0,0,0,0,0,0,0,0,0,0,0,1,0,0,0,0,0,0,0,0,0,0,0,0,0,0,0,0,1,0,0,0,0,0,0,0,0,0,0,0,0,0,0,0,0,0,0,0,0,0,0,0,0,0,0,0,0,0,0,0,0,0,0,0,0,0,0,0,0,0,0,0,0,0,0,0,0,0,0,0,0,0,0,0,0,0,0,0,0,0,0,0,0,1,0,1,0,0,0,0,0,1,0,0,0,0,0,0,0,0,0,0,0,0,0,0,0,1,0,0,0,0,0,0,0,0,0,0,0,0,0,0,1,0,0,0,0,0,0,0,0,0,0,1,0,0,0,0,0,0,0,0,0,0,0,0,0,0,0,0,0,0,0,0,0,0,0,0,0,0,0,1,0,0,0,0,0,0,1,1,1,0,0,0,0,0,0,-1,0,0,0,0,0,0,0,0,-1,0,0,-1,0,0,0,0,0,0,0,0,0,0,0,0,0,0,0,0,0,0,1,0,0,0,0,0,0,0,0,0,0,0,0,0,0,0,0,1,1,0,-1,-1,-1,1,1,1,0,0,0,0,1,0,0,1,1,0,0,0,0,1,0,0,0,0,0,0,0,0,0,0,0,0,0,0,0,0,0,0,0,0,0,0,0,0,0,0,0,0,0,1,1,0,1,0,1,1,0,1,0,1,1,0,1,0,0,1,0,0,0,0,0,0,0,0,0,0,0,0,0,0,0,0,0,0,0,0,0,0,0,0,0,0
0,1,1,300,228,8,8,228,114,25,1,0,0.0020000000949949026,4000.0,1.0,0.04500000178813934,25.0,48.0,8.0,291.70001220703125,1.7000000476837158,-3.179999907843012e-07,0.007360000163316727,0.008080000057816505,8.0,0.33000001311302185,0.0333000011742115,1.0,9.999999747378752e-06,21.0,9.999999747378752e-06,2775000064.0,9.000000136438757e-05,4.999999980020986e-13,5.0,40.0,3.0,-3.3499999046325684,3.3499999046325684,0.5,0.0004799999878741801,292.3927001953125,492.6077880859375,-0.0036125299520790577,0.002354159951210022,0.0008944629807956517,0.013157900422811508,0.800646185874939,0.02024419978260994,2650129920.0,0.006539999973028898,0,0,0,0,0,0,0,0,0,0,0,0,0,0,0,0,0,0,0,0,0,0,0,0,0,0,0,0,0,0,0,0,0,0,0,0,0,0,0,0,0,0,0,0,0,0,0,0,0,0,0,0,0,1,4,4,0,0,0,0,0,0,0,0,2,0,0.00040322582935914397,273.55029296875,283.61553955078125,285.09710693359375,286.6264953613281,288.1217041015625,290.68145751953125,291.6184387207031,292.3394470214844,292.7632141113281,292.9254150390625,292.86370849609375,292.6379699707031,292.2776794433594,291.837158203125,291.3705749511719,291.0611267089844,290.7429504394531,290.34375,289.8041076660156,289.1046142578125,288.2401428222656,287.251220703125,286.1893005371094,285.1059265136719,284.0526123046875,0.04040631651878357,0.020192399621009827,0.771134078502655,-0.03707059845328331,0.7575185894966125,0.7303944826126099,830.1300048828125,2.775995540105214e-07,0.10226952284574509,0.005660886876285076,0.007232854142785072,0.007300050463527441,0.02147606573998928,1.0,-1.6815581571897805e-44,-5.4866743087768555,0.0,99.18209838867188,2673.72802734375,0.9461340308189392,289.6138000488281,0.0,0.0,0.0,22.000011444091797,0.0,291.70001220703125,280682.21875,-0.5387642979621887,6.127317428588867,130.28829956054688,10.0,7750000.0,8160000.0,86.12000274658203,119.0999984741211,0.5,9.999999747378752e-05,0.0,3.299999952316284,200.0,0.30000001192092896,309.20001220703125,2.439019908706541e-06,0,0,0,1,1,1,0,24,0,275.28070068359375,0.0,0.0,0.0,0.0,0.0,0.0,1.2000000476837158,0.8662521243095398,0.5379414558410645,0.3310292959213257,0.10760343074798584,0.10914492607116699,0.16897070407867432,0.16943782567977905,0.17151165008544922,1.0,25.0,24.0,5064116.0,5065496.0,5064283.5,271.892578125,272.10546875,271.87701416015625,278.1810607910156,279.4485168457031,278.1795959472656,4400000.0,275.03680419921875,275.7769775390625,275.0283203125,6.288482666015625,7.343048095703125,6.302581787109375,277.2682189941406,4586.8955078125,4517.54736328125,4594.12158203125,10.023402214050293,10.014750480651855,10.04825210571289,29.41693115234375,0.0,0.0,0.0020000000949949026,271.9583435058594,278.6030578613281,-79.2633285522461,0.5448852777481079,0.5462313890457153,0.5532050132751465,239.19725036621094,39.0,40.0,42.0,41.0,0.0,0.0,5055222.0,5025465.0,52.90944290161133,5.0,0.014999999664723873,-180000.0,600.0,1000000.0,400000.0,0.17000000178813934,22000.0,786000.0,120000.0,0.0,40.0,30.0,36.810001373291016,0.5,18.399999618530273,50000.0,115692.3984375,15.113750457763672,0,0,1,0,0,0,0,9291705.0,0.0,0.0,0.0,0.0,0.0,-6098088.0,400000.0,1000000.0,1.0,1400000.0,0.0,0.21164289116859436,9301912.0,126869.6328125,9291705.0,340.3076171875,40.007659912109375,2.1079821586608887,-6098088.0,0.0,0.0,0.0,2.05098295211792,40.007659912109375,0.0,22230.939453125,1.2010046243667603,0.0,0.0,0.0,20.0,14.711517333984375,22.0,0.0,0.0,0.0,0.05000000074505806,0.02500000037252903,0.17000000178813934,15400000.0,0.5,6.25,0.0006667000125162303,2.0,2410000.0,4140000.0,4.734799861907959,0.15000000596046448,0.20000000298023224,0.2199999988079071,1.0,0.0,-1.0,0.0,5.0,20.0,30.0,50.0,74.0,80.0,86.0,9.800000190734863,500000.0,1.0499999802959792e-07,0.5,750.0,1000.0,600.0,1000.0,1150.0,32.0,32.0,37.400001525878906,10.0,10.0,0.007000000216066837,0.5049999952316284,82.0,189.26499938964844,0.0,1.5099999904632568,231.60000610351562,20.0,36.0,16.600000381469727,16.5,225.0,-0.1756729930639267,27.5,-0.1756729930639267,30.485509872436523,0.1561516970396042,11.10221004486084,-1.8332500457763672,-75.0,4.3520002365112305,13.857000350952148,189.26499938964844,93.30000305175781,2650000.0,0.8500000238418579,7.570000171661377,1,1,1,0,0,0,0,0,0,0,0,1,3,3,0,0,1,0,0,0,0,1,0,1,1,0,0,0,1,1,1,0,0,0,0,0,0,0,0,1,0,0,0,1,0,0,1,0,0,1,12.05141544342041,29051.265625,2153.046630859375,0.00041483284439891577,0.0004361289902590215,0.0006248649442568421,0.0,0.0,0.0,0.0,0.0,0.0,0.5446313619613647,1.0,0.0,0.0,1.0,1.0,0.0,0.0,1.0,1.0,0.0,1.0,0.0,0.0,1.0,0.0,0.0,0.23488987982273102,0.2997113764286041,0.0006248649442568421,0.0,0.0006234841421246529,0.0,99998.78125,99999.0,1035864.375,2410000.0,36.20000076293945,36.20000076293945,36.20000076293945,32.30979919433594,263.81146240234375,20.0,20.000003814697266,24.02347183227539,27.0,27.0,25.813905715942383,27.0,31.92928695678711,32.0,20.0,68.57752227783203,3445621.5,0.5451037287712097,7.559999942779541,0.0,8.917896270751953,0.0,0.0,45.15312194824219,1.401298464324817e-45,0.0,0.0,0.5049998760223389,0.5049998760223389,0.5049998760223389,0.18937495350837708,0.18937495350837708,0.18937495350837708,0.0,15.051025390625,15.051025390625,15.051025390625,0.0,0.0,9.074999809265137,0.0,0.0,0.0,0.0,0.0,0.0,100.0,73.97314453125,0.2199999988079071,0.0,20.0,45.15312194824219,0.0,0.0,0.0,0.0,0.0,0.007000000216066837,0.0,0.0,9.074999809265137,0.0,1.7323341369628906,0.0,0.946874737739563,0.0,0.0,0.0,0.0,0.0,0.0,20.0,0.0,0.0,8993676.0,0.0,0.0,0.0,0.0,0.0,0.0,0.0,0.351500004529953,18.93000030517578,23.030000686645508,7.69199959904654e-06,0.08500000089406967,0.009999999776482582,24.0,27.0,8.800000190734863,500000.0,0.05000000074505806,2.7000000013543968e-09,2.7000000013543968e-09,145100.0,120000.0,14650000.0,86400.0,17.0,34.5,48.70000076293945,321.8999938964844,83170.0,0.0,1.0,1.0,0.0010000000474974513,725.0,0.0,0.5,0.0,0.0,57.31999969482422,837142.875,9359.77734375,117376.1015625,2623.89794921875,83026.390625,725.0,1.0204100362898316e-05,740000000.0,1,0,1,0,1,1,0,0,1,0,0,8.799991607666016,27.0,5879.85888671875,0.0,0.0,0.0,0.0,2.3632140159606934,0.00040187648846767843,0.0,0.04522787034511566,39.985538482666016,1.0,26109.578125,10989.3095703125,5.874361522728577e-05,129713376.0,706219904.0,767391168.0,1993620864.0,-6.886447906494141,-686.487548828125,-560638208.0,-1287400960.0,46.099952697753906,28.474903106689453,52.98640060424805,714.9625244140625,106381.3984375,4246.3251953125,148334.84375,167939.265625,124109.578125,84.19985961914062,39.985538482666016,39.985538482666016,1.0,5.874361522728577e-05,10989.3095703125,781806993408.0,0.2033771574497223,137600.0,137600.0,63620068.0,52.98640060424805,6717.51123046875,1.0,0.0,1700.0,250000.0,10000.0,1038.0,0.004999999888241291,400.0,5000.0,0,0,0,0,2959622.5,44.069576263427734,44.069576263427734,1216415.25,2788433.75,0.0,0.0,98514.8671875,0.008533895015716553,5034360.0,0.0,0.0,1.0,1.0,0.008533895015716553,275.3855285644531,98.50248718261719,0.0,5957889.0,407742.5625,98.50248718261719,1.0,1.0,1.0,0.0,435.1199035644531,0.0,434.3489685058594,1.0,0.0,7680000.0,236.05908203125,247.16357421875,237.4114532470703,0.9990708827972412,2788433.75,288.91668701171875,88.13915252685547,1.9990708827972412,0.0,264.20184326171875,1.0,0.0,-7.5742998123168945,0.0,0.0,9.999999974752427e-07,0.0,2.0,0.0003000000142492354,0.004999999888241291,0.0010000000474974513,2.0000000233721948e-07,2.0000000233721948e-07,0.0005555999814532697,993000000.0,1.0,0.05000000074505806,0.10000000149011612,0.0005000000237487257,0.0016700000269338489,0.009999999776482582,1.0,1.0,0.0010000000474974513,4.999999873689376e-05,0.00039999998989515007,0.019999999552965164,0.9891999959945679,0.9891999959945679,0.9950000047683716,0.9950000047683716,1,0,0,0,1,1,0,0,0,0,0,0,0,0,-0.0074569773860275745,-7404778.5,5000.01171875,98514.8671875,0.0,2546223.0,0.0,1.0,2569281.25,0.0,0.0,60.0,180.0,1800.0,1800.0,0.0,0.0,0.0,0.0,-0.012236599810421467,0.0,0.0,0.0,0.0,0.0,0.0,0.0,0.0,0.0,0.0,0.0,6.602997746085748e-05,0.0,7.006492321624085e-44,1,1,0,1,1,1,1,1,1,1,1,0,1,0,1,1,1,1,0,1,0,1000,29,0,1,5001,147,0.0,0.0,120.0,120.0,0.0,0.0,0.4000000059604645,0.10000000149011612,0.10000000149011612,2.0,500.0,200.0,0.9900000095367432,300000.0,5000.0,45000.0,20000.0,0.019999999552965164,2.0,0.05000000074505806,0.019999999552965164,6.0,0.05000000074505806,0.019999999552965164,0.019999999552965164,88.30000305175781,0.10000000149011612,0.800000011920929,0.05000000074505806,0.009999999776482582,50.0,50.0,340.0,340.0,1000000.0,1,0,0,0,1,1,1,1,1,1,0,0,0,1,1,0,1.0,0.0,0.0,0.0,29.20811653137207,0.0,0.0,0.0,0.9099475145339966,0.9099475145339966,0.9099475145339966,5000.01171875,4324736.0,4329736.0,50.0,27.613048553466797,0.4000000059604645,0.0,0.0,0.10000000149011612,0.13110312819480896,0.4925430119037628,22164.435546875,20.0,29.202341079711914,780514.625,20.6417179107666,2719.250244140625,721.224365234375,0.7805145978927612,0.9020153880119324,9.470598220825195,1.0,3220003.5,3303447.0,9.716020584106445,20.0,0.27835866808891296,27.835866928100586,0.0,636.4223022460938,1428.6895751953125,100000.0,50000.0,1115.300048828125,50000.0,700.0,2000.0,2800000.0,3500000.0,4000000.0,9.999999747378752e-05,4.999999873689376e-05,500.0,20000.0,100.0,500.0,60000.0,1200.0,1.0,120.0,150000.0,3000.0,300.0,1.0,300.0,0.019999999552965164,0.019999999552965164,0.009999999776482582,0.009999999776482582,0.009999999776482582,0.019999999552965164,1.100000023841858,0.019999999552965164,4.0,0.019999999552965164,88.0,1613.0,0.009999999776482582,0.20000000298023224,3.0,5.0,600.0,0.0010000000474974513,88.0,88.0,2000.0,2340.0,-0.11599799990653992,-0.03561130166053772,-0.04758000001311302,-0.01752999983727932,1,1,1,0,0,1,1,163.75765991210938,163.75765991210938,0.6576690673828125,0.6576690673828125,0.0004723629681393504,20.6417179107666,163.64532470703125,62.02231216430664,362.1598815917969,30.88711166381836,30.88711166381836,0.12404441833496094,0.12404441833496094,69.33982849121094,4.1360321044921875,0.0,0.0,2663660.25,20.00048065185547,20.00048065185547,97.92243194580078,97.92243194580078,63145.14453125,63145.14453125,1.0524190664291382,1.0524190664291382,0.004266947507858276,0.004266947507858276,-16.700407028198242,-16.700407028198242,-69876.1796875,-69876.1796875,-16.699974060058594,98.52593231201172,99.26129150390625,2649005.75,20.00048065185547,20.00048065185547,165.3463134765625,165.3463134765625,101.33389282226562,101.33389282226562,423991.1875,423991.1875,0.0,62.90287780761719,62.90287780761719,125.80622863769531,156152.046875,156152.046875,1.0410135984420776,1.0410135984420776,164.82797241210938,101.33389282226562,0.0,0.0,0.0,123.0407943725586,123.0407943725586,246.0815887451172,0.0,0.0,0.0,0.0,0.0,123.0407943725586,123.0407943725586,0.026315800845623016,0.0,0.20000000298023224,0.0,0.0,0.0,0.0,0.0,0.0,0.9599996209144592,1.0,1.0,1.0,0.9999998211860657,0.9999998211860657,0.9999998211860657,190811.859375,193217.0,0.0,14.750001907348633,0.0,14.750001907348633,7.25,12.0,10.25,296.3810119628906,297.7510070800781,29.5,-56003.09765625,10049535.0,12224996.0,0.0,0.0,0.0,0.0018846153980121017,0.0018846153980121017,0.0018846153980121017,1.0,162286.375,0.9959999918937683,0.9959999918937683,0.9959999918937683,0.9959999918937683,0.0,4131157.0,4280192.0,241181.5,2606300.0,4086274.5,0.004324736073613167,0.00865947175770998,328.8306579589844,7.25,12.0,10.25,0.0,0.0,0.0,0.0,0.0,0.0,62.02278518676758,328.8436584472656,158.1444854736328,158.1444854736328,158.1444854736328,0.0,0.0,0.0,3.015819787979126,0.0,0.8434647917747498,3.015577793121338,5.0,0.0040000081062316895,0.0040000081062316895,0.0040000081062316895,0.0040000081062316895,0.0,-0.4368000030517578,0.0,603163.9375,163.64532470703125,163.64532470703125,0.0,20.0,2788410.75,7.25,12.0,10.25,20.0,20.0,20.0,0.0,0.0,0.7926306128501892,0.9211652278900146,10000.0,10000.0,0.011826000176370144,1038.5,0.027953999117016792,0.0,0.0,1.0878000259399414,1.0809999704360962,9.000000136438757e-05,103.0,33.220001220703125,1.8179999589920044,0.029999999329447746,49.0,8.329999923706055,4.159999847412109,58.0,302.0,4.5,0.699999988079071,0.4000000059604645,7.5,1.3799999952316284,2.492000102996826,7000.0,48.88999938964844,1.2000000476837158,45.0,62000.0,4590000.0,4250000.0,15900000.0,15100000.0,0.05000000074505806,0.17000000178813934,0.009999999776482582,15220000.0,1.6699999570846558,312.7799987792969,1.1100000143051147,4232.0,0.25,689000.0,4030000.0,9.829999923706055,8.550000190734863,12200000.0,231.10000610351562,88.3239974975586,633.0,1.1430000066757202,0.6858000159263611,-10.0,-3.7799999713897705,0.7799999713897705,295.5,4030000.0,12400000.0,0.9200000166893005,5.0,1,0,1,228,0,0,0,0,0,1,1,1,1,1,0,1,1,1,0,0,0,0,1,1,0,0,0,1,0,0,0,0,0,0,0,0,1,0,1,8,0,0,1,0,0.007232854142785072,5064116.0,1.0877995491027832,0.0,1.363194465637207,275.4074401855469,0.0,-0.0003611617430578917,1,1,1,0,0,0,1,1,0,0,0,0,0,570,0.20000000298023224,0.20000000298023224,0.20000000298023224,0.0,2,0,0,0,0,0,0,0,0,0,0,0,0,0,0,0,0,0,0,0,0,0,0,0,0,0,0,0,0,0,0,0,0,0,0,0,0,0,0,0,0,0,0,0,0,0,0,0,0,0,0,1,0,0,0,0,0,0,0,0,0,0,0,0,0,0,0,0,0,0,0,0,0,0,0,0,0,0,0,0,0,0,0,0,0,0,0,0,0,0,0,0,0,0,0,0,0,0,0,0,0,0,0,0,0,0,0,0,0,0,0,0,0,0,0,0,0,0,0,0,0,0,0,0,0,0,0,0,0,0,0,0,0,0,0,0,0,0,0,0,0,0,0,1,0,0,0,0,0,0,0,0,0,0,0,-1,0,0,0,0,0,0,1,1,0,0,0.723285436630249,-5.4866743087768555,0.0,-0.5387642979621887,-1.6815581571897805e-44,291.70001220703125,275.4074401855469,289.6138000488281,-0.03707059845328331,99.18209838867188,2673.72802734375,1.0877995491027832,1.363194465637207,-1.0,16.292572021484375,6.827850029367255e-06,0.04522787034511566,100.0,27.0,0.0,7.799991607666016,4.040970325469971,1.0,1.0,39.985538482666016,0.2664247453212738,20.0,5.874361522728577e-05,0.0,73.97314453125,1.7323341369628906,1.8179994821548462,0.00036938843550160527,0.6817498207092285,0.5451037287712097,10.570063591003418,8.917896270751953,0.0,0.0,0.0,20.000003814697266,44.898040771484375,263.81146240234375,20.0,0.9216007590293884,277.39935302734375,40.007659912109375,0.29459047317504883,271.9959716796875,272.22467041015625,272.011474609375,278.31329345703125,279.5843505859375,278.31475830078125,100.0,0.8357107639312744,22.0,94.91764068603516,275.1546325683594,275.9045104980469,275.1631164550781,340.30804443359375,21.164289474487305,20.552413940429688,94.91764068603516,0.0,0.0,0.0,0.0,69.95752716064453,69.72857666015625,69.78591918945312,51.676456451416016,51.6888313293457,51.674747467041016,17.151165008544922,16.943782806396484,16.897069931030273,99.86906433105469,98.19660949707031,99.71200561523438,36.89999771118164,43.19999694824219,26.099998474121094,237.82424926757812,247.5869903564453,236.4544677734375,29.0,0.0,48.0,0.0,0.0,0.0,0.0,0.0,0.0,41.0,78.36749267578125,51.37111282348633,164.82797241210938,27.229028701782227,9.999999974752427e-07,2.4610402584075928,0.0,98.52593231201172,0.0,721.224365234375,44.181060791015625,20.6417179107666,0.0,9.470598220825195,78.05146026611328,1.0,0.9716020822525024,20.0,0.0,60.0,120.0,0.0,120.0,0.0,0.0,0.0,0.0,18.151954650878906,89.17896270751953,2.0,200.0,0,0,0,0,0,0,0,0,0,0,0,0,99999,99999,29,403,1800,180,1800,0,0,-7,0,23,0,0,0,806,1424,29,31,32,0,1,0,1,0,1,0,0,1,0,0,0,0,0,1,0,0,0,0,1,0,0,0,1,0,0,0,1,0,0,0,0,0,0,0,0,0,0,0,0,1,0,1,0,0,1,1,0,0,1,1,0,1,0,1,0,1,1,0,0,0,1,0,0,0,0,0,0,0,1,1,0,1,0,0,0,0,0,0,0,0,1,0,0,0,1,0,0,0,0,0,0,1,0,0,1,0,1,0,0,1,0,0,1,0,0,1,0,0,0,1,0,1,1,1,0,0,1,0,0,0,0,0,1,1,1,0,0,0,0,0,0,0,1,1,1,0,1,0,1,0,1,0,0,0,0,0,0,0,0,1,1,1,1,0,1,0,1,1,1,1,1,1,1,0,0,0,0,0,0,1,0,1,1,1,1,1,1,1,1,1,1,1,0,0,0,1,1,0,0,1,1,0,1,1,0,0,1,1,1,0,0,0,0,1,1,1,1,0,1,1,1,1,0,0,1,1,0,1,0,1,1,0,1,1,1,1,1,1,1,1,0,1,0,0,0,0,0,0,0,0,0,0,1,0,0,1,0,0,0,0,0,0,0,0,0,0,0,0,0,0,0,0,0,0,0,0,0,0,0,0,0,0,0,0,0,0,0,0,0,0,0,0,0,0,0,0,0,0,0,0,0,0,0,0,0,0,0,0,0,0,0,0,0,0,0,0,0,0,0,0,0,0,0,0,0,0,0,0,0,0,0,0,0,0,0,0,0,0,0,0,0,0,0,0,0,0,0,0,0,0,0,0,0,0,0,0,0,0,0,0,0,0,0,0,0,0,0,0,0,0,0,0,0,0,0,0,0,0,0,0,0,0,0,0,0,0,0,0,0,0,0,0,0,0,0,0,0,0,0,0,1,0,1,0,0,0,0,0,1,0,0,0,0,0,0,0,0,0,0,0,0,0,0,0,1,0,0,0,0,0,0,0,0,0,0,0,0,0,0,1,0,0,0,0,0,0,0,0,0,0,1,0,0,0,0,0,0,0,0,0,0,0,0,0,0,0,0,0,0,0,0,0,0,0,0,0,0,0,1,0,0,0,0,0,0,1,1,1,0,0,0,0,0,0,-1,0,0,0,0,0,0,0,0,-1,0,0,-1,0,0,0,0,0,0,0,0,0,0,0,0,0,0,0,0,0,0,1,0,0,0,0,0,0,0,0,0,0,0,0,0,0,0,0,1,1,0,-1,-1,-1,1,1,1,0,0,0,0,1,0,0,1,1,0,0,0,0,1,0,0,0,0,0,0,0,0,0,0,0,0,0,0,0,0,0,0,0,0,0,0,0,0,0,0,0,0,0,1,1,0,1,0,1,1,0,1,0,1,1,0,1,0,0,1,0,0,0,0,0,0,0,0,0,0,0,0,0,0,0,0,0,0,0,0,0,0,0,0,0,0
0,1,1,300,228,8,8,228,114,25,1,0,0.0020000000949949026,4000.0,1.0,0.04500000178813934,25.0,48.0,8.0,291.70001220703125,1.7000000476837158,-3.179999907843012e-07,0.007360000163316727,0.008080000057816505,8.0,0.33000001311302185,0.0333000011742115,1.0,9.999999747378752e-06,21.0,9.999999747378752e-06,2775000064.0,9.000000136438757e-05,4.999999980020986e-13,5.0,40.0,3.0,-3.3499999046325684,3.3499999046325684,0.5,0.0004799999878741801,292.3927001953125,492.6077880859375,-0.0036125299520790577,0.002354159951210022,0.0008944629807956517,0.013157900422811508,0.800646185874939,0.02024419978260994,2650129920.0,0.006539999973028898,0,0,0,0,0,0,0,0,0,0,0,0,0,0,0,0,0,0,0,0,0,0,0,0,0,0,0,0,0,0,0,0,0,0,0,0,0,0,0,0,0,0,0,0,0,0,0,0,0,0,0,0,0,1,4,4,0,0,0,0,0,0,0,0,2,0,0.00040322582935914397,273.3076477050781,283.3031005859375,284.77520751953125,286.29473876953125,287.7803955078125,290.3246154785156,291.25665283203125,291.97442626953125,292.39752197265625,292.56134033203125,292.50347900390625,292.2835693359375,291.93035888671875,291.497314453125,291.03802490234375,290.7356872558594,290.42376708984375,290.0298156738281,289.4944763183594,288.7984313964844,287.9366455078125,286.9498291015625,285.8897399902344,284.8081359863281,283.75665283203125,0.04063699021935463,0.02006828412413597,0.7711252570152283,-0.03702954202890396,0.7575398087501526,0.7287020087242126,815.9216918945312,2.7284082193546055e-07,0.10094790905714035,0.005566800478845835,0.007101904135197401,0.007166813127696514,0.021513735875487328,1.0,-1.6815581571897805e-44,-5.494673728942871,0.0,99.18096923828125,2673.82958984375,0.9461604952812195,289.2808532714844,0.0,0.0,0.0,22.400012969970703,0.0,291.70001220703125,280682.59375,-0.53858482837677,6.124654769897461,130.28829956054688,10.0,7750000.0,8160000.0,86.12000274658203,119.0999984741211,0.5,9.999999747378752e-05,0.0,3.299999952316284,200.0,0.30000001192092896,309.20001220703125,2.439019908706541e-06,0,0,0,1,1,1,0,24,0,275.0285339355469,0.0,0.0,0.0,0.0,0.0,0.0,1.2000000476837158,0.8662338852882385,0.5326868295669556,0.3336566090583801,0.09893321990966797,0.10012757778167725,0.16634337604045868,0.16670529544353485,0.16892239451408386,1.0,25.0,24.0,5046359.0,5047737.0,5046527.0,271.65576171875,271.86810302734375,271.64007568359375,277.9151916503906,279.1782531738281,277.9137268066406,4400000.0,274.78546142578125,275.523193359375,274.77691650390625,6.259429931640625,7.310150146484375,6.273651123046875,277.0071105957031,4587.56640625,4518.89892578125,4594.7880859375,9.999497413635254,9.99003791809082,10.024691581726074,29.51812744140625,0.0,0.0,0.0020000000949949026,271.7213134765625,278.3357238769531,-78.69020080566406,0.5363481044769287,0.5373562574386597,0.5447924137115479,238.36685180664062,39.0,40.0,42.0,41.0,0.0,0.0,5037528.5,5007764.5,52.84846878051758,5.0,0.014999999664723873,-180000.0,600.0,1000000.0,400000.0,0.17000000178813934,22000.0,786000.0,120000.0,0.0,40.0,30.0,36.810001373291016,0.5,18.399999618530273,50000.0,115692.3984375,15.113750457763672,0,0,1,0,0,0,0,9271493.0,0.0,0.0,0.0,0.0,0.0,-6118436.0,400000.0,1000000.0,1.0,1400000.0,0.0,0.20995667576789856,9281564.0,126869.6328125,9271493.0,340.306884765625,40.007659912109375,2.0911827087402344,-6118436.0,0.0,0.0,0.0,2.042513132095337,40.007659912109375,0.0,22230.939453125,1.2010046243667603,0.0,0.0,0.0,20.0,14.711517333984375,22.0,0.0,0.0,0.0,0.05000000074505806,0.02500000037252903,0.17000000178813934,15400000.0,0.5,6.25,0.0006667000125162303,2.0,2410000.0,4140000.0,4.734799861907959,0.15000000596046448,0.20000000298023224,0.2199999988079071,1.0,0.0,-1.0,0.0,5.0,20.0,30.0,50.0,74.0,80.0,86.0,9.800000190734863,500000.0,1.0499999802959792e-07,0.5,750.0,1000.0,600.0,1000.0,1150.0,32.0,32.0,37.400001525878906,10.0,10.0,0.007000000216066837,0.5049999952316284,82.0,189.26499938964844,0.0,1.5099999904632568,231.60000610351562,20.0,36.0,16.600000381469727,16.5,225.0,-0.1756729930639267,27.5,-0.1756729930639267,30.485509872436523,0.1561516970396042,11.10221004486084,-1.8332500457763672,-75.0,4.3520002365112305,13.857000350952148,189.26499938964844,93.30000305175781,2650000.0,0.8500000238418579,7.570000171661377,1,1,1,0,0,0,0,0,0,0,0,1,3,3,0,0,1,0,0,0,0,1,0,1,1,0,0,0,1,1,1,0,0,0,0,0,0,0,0,1,0,0,0,1,0,0,1,0,0,1,12.05141544342041,29051.265625,2153.035400390625,0.00041483284439891577,0.0004361289902590215,0.0006248649442568421,0.0,0.0,0.0,0.0,0.0,0.0,0.5447853207588196,1.0,0.0,0.0,1.0,1.0,0.0,0.0,1.0,1.0,0.0,1.0,0.0,0.0,1.0,0.0,0.0,0.23237022757530212,0.2964963912963867,0.0006248649442568421,0.0,0.000623486062977463,0.0,99998.78125,99999.0,1024752.6875,2410000.0,36.20000076293945,36.20000076293945,36.20000076293945,32.30633544921875,263.573974609375,20.0,20.000003814697266,24.02347183227539,27.0,27.0,25.813905715942383,27.0,31.92938804626465,32.0,20.0,68.57752227783203,3445603.5,0.5451037287712097,7.559999942779541,0.0,8.917896270751953,0.0,0.0,45.21714401245117,1.401298464324817e-45,0.0,0.0,0.5049998760223389,0.5049998760223389,0.5049998760223389,0.18937495350837708,0.18937495350837708,0.18937495350837708,0.0,15.072365760803223,15.072365760803223,15.072365760803223,0.0,0.0,9.074999809265137,0.0,0.0,0.0,0.0,0.0,0.0,100.0,73.97314453125,0.2199999988079071,0.0,20.0,45.21714401245117,0.0,0.0,0.0,0.0,0.0,0.007000000216066837,0.0,0.0,9.074999809265137,0.0,1.7323341369628906,0.0,0.946874737739563,0.0,0.0,0.0,0.0,0.0,0.0,20.0,0.0,0.0,8973445.0,0.0,0.0,0.0,0.0,0.0,0.0,0.0,0.351500004529953,18.93000030517578,23.030000686645508,7.69199959904654e-06,0.08500000089406967,0.009999999776482582,24.0,27.0,8.800000190734863,500000.0,0.05000000074505806,2.7000000013543968e-09,2.7000000013543968e-09,145100.0,120000.0,14650000.0,86400.0,17.0,34.5,48.70000076293945,321.8999938964844,83170.0,0.0,1.0,1.0,0.0010000000474974513,725.0,0.0,0.5,0.0,0.0,57.31999969482422,837142.875,9359.77734375,117376.1015625,2623.89794921875,83026.390625,725.0,1.0204100362898316e-05,740000000.0,1,0,1,0,1,1,0,0,1,0,0,8.799991607666016,27.0,5901.046875,0.0,0.0,0.0,0.0,2.3717575073242188,0.00040188076673075557,0.0,0.04539085179567337,39.98585510253906,1.0,26109.6953125,11027.423828125,5.895533104194328e-05,129216744.0,702358528.0,763392384.0,1986623872.0,-6.760585784912109,-683.9754638671875,-557325120.0,-1284265216.0,46.16397476196289,28.474903106689453,52.924560546875,712.4503173828125,106381.3984375,4246.39111328125,148355.96875,167940.59375,124109.6953125,84.599853515625,39.98585510253906,39.98585510253906,1.0,5.895533104194328e-05,11027.423828125,780294684672.0,0.2034061849117279,137600.0,137600.0,63482708.0,52.924560546875,6717.6142578125,1.0,0.0,1700.0,250000.0,10000.0,1038.0,0.004999999888241291,400.0,5000.0,0,0,0,0,2959622.5,43.89347457885742,43.89347457885742,1216415.25,2788444.25,0.0,0.0,98474.5,0.0075405496172606945,5016597.0,0.0,0.0,1.0,1.0,0.0075405496172606945,275.3855285644531,98.4888916015625,0.0,5957889.0,407684.84375,98.4888916015625,1.0,1.0,1.0,0.0,433.58074951171875,0.0,432.81488037109375,1.0,0.0,7680000.0,235.25465393066406,246.3064727783203,236.5989990234375,0.9991437196731567,2788444.25,287.8978271484375,87.78694915771484,1.9991437196731567,0.0,263.9819641113281,1.0,0.0,-7.5742998123168945,0.0,0.0,9.999999974752427e-07,0.0,2.0,0.0003000000142492354,0.004999999888241291,0.0010000000474974513,2.0000000233721948e-07,2.0000000233721948e-07,0.0005555999814532697,993000000.0,1.0,0.05000000074505806,0.10000000149011612,0.0005000000237487257,0.0016700000269338489,0.009999999776482582,1.0,1.0,0.0010000000474974513,4.999999873689376e-05,0.00039999998989515007,0.019999999552965164,0.9891999959945679,0.9891999959945679,0.9950000047683716,0.9950000047683716,1,0,0,0,1,1,0,0,0,0,0,0,0,0,-0.0074569773860275745,-7404778.5,5000.01171875,98474.5,0.0,2546223.0,0.0,1.0,2569281.25,0.0,0.0,60.0,180.0,1800.0,1800.0,0.0,0.0,0.0,0.0,-0.012236599810421467,0.0,0.0,0.0,0.0,0.0,0.0,0.0,0.0,0.0,0.0,0.0,6.602997746085748e-05,0.0,7.006492321624085e-44,1,1,0,1,1,1,1,1,1,1,1,0,1,0,1,1,1,1,0,1,0,1000,29,0,1,5001,149,0.0,0.0,120.0,120.0,0.0,0.0,0.4000000059604645,0.10000000149011612,0.10000000149011612,2.0,500.0,200.0,0.9900000095367432,300000.0,5000.0,45000.0,20000.0,0.019999999552965164,2.0,0.05000000074505806,0.019999999552965164,6.0,0.05000000074505806,0.019999999552965164,0.019999999552965164,88.30000305175781,0.10000000149011612,0.800000011920929,0.05000000074505806,0.009999999776482582,50.0,50.0,340.0,340.0,1000000.0,1,0,0,0,1,1,1,1,1,1,0,0,0,1,1,0,1.0,0.0,0.0,0.0,29.175548553466797,0.0,0.0,0.0,0.9097116589546204,0.9097116589546204,0.9097116589546204,5000.01171875,4328901.0,4333901.0,50.0,27.613021850585938,0.4000000059604645,0.0,0.0,0.10000000149011612,0.13064055144786835,0.4925430119037628,22164.435546875,20.0,29.202341079711914,780627.25,20.632184982299805,2717.802978515625,721.224365234375,0.7806272506713867,0.901589572429657,9.470572471618652,1.0,3219994.5,3303435.0,9.715985298156738,20.0,0.27838972210884094,27.838972091674805,0.0,636.4223022460938,1447.3255615234375,100000.0,50000.0,1115.300048828125,50000.0,700.0,2000.0,2800000.0,3500000.0,4000000.0,9.999999747378752e-05,4.999999873689376e-05,500.0,20000.0,100.0,500.0,60000.0,1200.0,1.0,120.0,150000.0,3000.0,300.0,1.0,300.0,0.019999999552965164,0.019999999552965164,0.009999999776482582,0.009999999776482582,0.009999999776482582,0.019999999552965164,1.100000023841858,0.019999999552965164,4.0,0.019999999552965164,88.0,1613.0,0.009999999776482582,0.20000000298023224,3.0,5.0,600.0,0.0010000000474974513,88.0,88.0,2000.0,2340.0,-0.11599799990653992,-0.03561130166053772,-0.04758000001311302,-0.01752999983727932,1,1,1,0,0,1,1,160.7332000732422,160.7332000732422,0.6455230712890625,0.6455230712890625,0.00046102298074401915,20.632184982299805,163.63507080078125,60.73442840576172,355.5223388671875,30.245744705200195,30.245744705200195,0.12146949768066406,0.12146949768066406,67.76216888427734,3.811767101287842,0.0,0.0,2663660.25,20.00048065185547,20.00048065185547,97.89563751220703,97.89563751220703,63120.03515625,63120.03515625,1.052000641822815,1.052000641822815,0.0037702748086303473,0.0037702748086303473,-17.472240447998047,-17.472240447998047,-73105.609375,-73105.609375,-17.471811294555664,98.4374008178711,99.12905883789062,2649016.5,20.00048065185547,20.00048065185547,165.3513946533203,165.3513946533203,101.04254913330078,101.04254913330078,422772.15625,422772.15625,0.0,62.40077209472656,62.40077209472656,124.802001953125,156120.46875,156120.46875,1.040803074836731,1.040803074836731,164.8197784423828,101.04254913330078,0.0,0.0,0.0,122.40922546386719,122.40922546386719,244.81845092773438,0.0,0.0,0.0,0.0,0.0,122.40922546386719,122.40922546386719,0.026315800845623016,0.0,0.20000000298023224,0.0,0.0,0.0,0.0,0.0,0.0,0.9599996209144592,1.0,1.0,1.0,0.9999998211860657,0.9999998211860657,0.9999998211860657,190811.625,193216.640625,0.0,5.875000953674316,17.749961853027344,5.875000953674316,7.25,12.0,10.25,296.3810119628906,297.7510070800781,29.5,-50575.27734375,10147962.0,13112496.0,0.0,0.0,0.0,0.0017368615372106433,0.0017368615372106433,0.0017368615372106433,1.0,160598.125,0.9959999918937683,0.9959999918937683,0.9959999918937683,0.9959999918937683,0.0,4139144.75,4284323.0,235511.515625,2606300.0,4096518.0,0.004328900948166847,0.00866780150681734,322.7574462890625,7.25,12.0,10.25,0.0,0.0,0.0,0.0,0.0,0.0,60.73488998413086,322.77044677734375,155.1678466796875,155.1678466796875,155.1678466796875,0.0,0.0,0.0,3.0163021087646484,0.0,0.8498409986495972,3.016061305999756,5.0,0.0040000081062316895,0.0040000081062316895,0.0040000081062316895,0.0040000081062316895,0.0,-0.4368000030517578,0.0,603260.4375,163.63507080078125,163.63507080078125,0.0,20.0,2788424.5,7.25,12.0,10.25,20.0,20.0,20.0,0.0,0.0,0.7926306128501892,0.9211652278900146,10000.0,10000.0,0.011826000176370144,1038.5,0.027953999117016792,0.0,0.0,1.0878000259399414,1.0809999704360962,9.000000136438757e-05,103.0,33.220001220703125,1.8179999589920044,0.029999999329447746,49.0,8.329999923706055,4.159999847412109,58.0,302.0,4.5,0.699999988079071,0.4000000059604645,7.5,1.3799999952316284,2.492000102996826,7000.0,48.88999938964844,1.2000000476837158,45.0,62000.0,4590000.0,4250000.0,15900000.0,15100000.0,0.05000000074505806,0.17000000178813934,0.009999999776482582,15220000.0,1.6699999570846558,312.7799987792969,1.1100000143051147,4232.0,0.25,689000.0,4030000.0,9.829999923706055,8.550000190734863,12200000.0,231.10000610351562,88.3239974975586,633.0,1.1430000066757202,0.6858000159263611,-10.0,-3.7799999713897705,0.7799999713897705,295.5,4030000.0,12400000.0,0.9200000166893005,5.0,1,0,1,228,0,0,0,0,0,1,1,1,1,1,0,1,1,1,0,0,0,0,1,1,0,0,0,1,0,0,0,0,0,0,0,0,1,0,1,8,0,0,1,0,0.007101904135197401,5046359.0,1.0877995491027832,0.0,1.3676713705062866,275.1543884277344,0.0,-0.0003488853108137846,1,1,1,0,0,0,1,1,0,0,0,0,0,572,0.20000000298023224,0.20000000298023224,0.20000000298023224,0.0,2,0,0,0,0,0,0,0,0,0,0,0,0,0,0,0,0,0,0,0,0,0,0,0,0,0,0,0,0,0,0,0,0,0,0,0,0,0,0,0,0,0,0,0,0,0,0,0,0,0,0,1,0,0,0,0,0,0,0,0,0,0,0,0,0,0,0,0,0,0,0,0,0,0,0,0,0,0,0,0,0,0,0,0,0,0,0,0,0,0,0,0,0,0,0,0,0,0,0,0,0,0,0,0,0,0,0,0,0,0,0,0,0,0,0,0,0,0,0,0,0,0,0,0,0,0,0,0,0,0,0,0,0,0,0,0,0,0,0,0,0,0,0,1,0,0,0,0,0,0,0,0,0,0,0,-1,0,0,0,0,0,0,1,1,0,0,0.7101904153823853,-5.494673728942871,0.0,-0.53858482837677,-1.6815581571897805e-44,291.70001220703125,275.1543884277344,289.2808532714844,-0.03702954202890396,99.18096923828125,2673.82958984375,1.0877995491027832,1.3676713705062866,-1.0,16.545623779296875,6.827850029367255e-06,0.04539085179567337,100.0,27.0,0.0,7.799991607666016,4.042474269866943,1.0,1.0,39.98585510253906,0.2664259374141693,20.0,5.895533104194328e-05,0.0,73.97314453125,1.7323341369628906,1.8179994821548462,0.00036938843550160527,0.6817498207092285,0.5451037287712097,10.456679344177246,8.917896270751953,0.0,0.0,0.0,20.000003814697266,44.898040771484375,263.573974609375,20.0,0.9212009906768799,277.137451171875,40.007659912109375,0.29459047317504883,271.75836181640625,271.98663330078125,271.77398681640625,278.04644775390625,279.31317138671875,278.0478515625,100.0,1.0043323040008545,22.0,94.71001434326172,274.90240478515625,275.64990234375,274.9109191894531,340.3072509765625,20.995668411254883,20.46739959716797,94.71001434326172,0.0,0.0,0.0,0.0,69.79361724853516,69.55661010742188,69.61962890625,51.495269775390625,51.50761413574219,51.493553161621094,16.89223861694336,16.670530319213867,16.63433837890625,99.8834228515625,98.22624206542969,99.72640991210938,36.89999771118164,43.19999694824219,26.099998474121094,237.00909423828125,246.7152862548828,235.64112854003906,29.0,0.0,48.0,0.0,0.0,0.0,0.0,0.0,0.0,41.0,78.36749267578125,51.189857482910156,164.8197784423828,27.132713317871094,9.999999974752427e-07,2.4031832218170166,0.0,98.4374008178711,0.0,721.224365234375,44.22356033325195,20.632184982299805,0.0,9.470572471618652,78.06272888183594,1.0,0.9715985059738159,20.0,0.0,60.0,120.0,0.0,120.0,0.0,0.0,0.0,0.0,18.151954650878906,89.17896270751953,2.0,200.0,0,0,0,0,0,0,0,0,0,0,0,0,99999,99999,29,403,1800,180,1800,0,0,-7,0,23,0,0,0,806,1424,29,31,32,0,1,0,1,0,1,0,0,1,0,0,0,0,0,1,0,0,0,0,1,0,0,0,1,0,0,0,1,0,0,0,0,0,0,0,0,0,0,0,0,1,0,1,0,0,1,1,0,0,1,1,0,1,0,1,0,1,1,0,0,1,1,0,0,1,0,1,0,0,1,1,0,1,0,0,0,0,1,0,1,0,1,0,0,0,1,0,0,0,0,0,0,1,0,0,1,0,1,0,0,1,1,0,1,0,0,1,0,0,0,1,0,1,1,1,0,0,1,0,0,0,0,0,1,1,1,0,0,0,0,0,0,0,1,1,1,0,1,0,1,0,1,0,0,0,0,0,0,0,0,1,1,1,1,0,1,0,1,1,1,1,1,1,1,0,0,0,0,0,0,1,0,1,1,1,1,1,1,1,1,1,1,1,1,0,0,1,1,0,0,1,1,0,1,1,0,0,1,1,1,0,0,0,0,1,1,1,1,0,1,1,1,1,0,0,1,1,0,1,0,1,1,0,1,1,1,1,1,1,1,1,0,1,0,0,0,0,0,0,0,0,0,0,1,0,0,1,0,0,0,0,0,1,1,1,1,0,0,0,1,0,0,0,0,0,1,0,0,1,0,0,0,0,0,0,0,0,0,0,0,0,1,0,0,0,0,1,0,0,1,1,0,0,0,0,0,0,0,0,0,1,0,0,0,0,0,0,1,0,1,0,1,1,0,0,0,0,0,1,1,0,0,0,0,0,0,1,0,1,0,0,1,0,0,0,0,1,0,0,0,0,0,0,0,0,0,0,0,0,0,0,0,0,0,0,0,0,0,0,0,0,0,0,0,0,0,0,0,0,0,0,0,0,0,0,0,0,0,0,0,0,0,0,0,0,0,0,0,0,0,0,1,0,1,0,0,0,0,0,1,0,0,0,0,0,0,0,0,0,0,0,0,0,0,0,1,0,0,0,0,0,0,0,0,0,0,0,0,0,0,1,0,0,0,0,0,0,0,0,0,0,1,0,0,0,0,0,0,0,0,0,0,0,0,0,0,0,0,0,0,0,0,0,0,0,0,0,0,0,1,0,0,0,0,0,0,1,1,1,0,0,0,0,0,0,-1,0,0,0,0,0,0,0,0,-1,0,0,-1,0,0,0,0,0,0,0,0,0,0,0,0,0,0,0,0,0,0,1,0,0,0,0,0,0,0,0,0,0,0,0,0,0,0,0,1,1,0,-1,-1,-1,1,1,1,0,0,0,0,1,0,0,1,1,0,0,0,0,1,0,0,0,0,0,0,0,0,0,0,0,0,0,0,0,0,0,0,0,0,0,0,0,0,0,0,0,0,0,1,1,0,1,0,1,1,0,1,0,1,1,0,1,0,0,1,0,0,0,0,0,0,0,0,0,0,0,0,0,0,0,0,0,0,0,0,0,0,0,0,0,0
0,1,1,300,228,8,8,228,114,25,1,0,0.0020000000949949026,4000.0,1.0,0.04500000178813934,25.0,48.0,8.0,291.70001220703125,1.7000000476837158,-3.179999907843012e-07,0.007360000163316727,0.008080000057816505,8.0,0.33000001311302185,0.0333000011742115,1.0,9.999999747378752e-06,21.0,9.999999747378752e-06,2775000064.0,9.000000136438757e-05,4.999999980020986e-13,5.0,40.0,3.0,-3.3499999046325684,3.3499999046325684,0.5,0.0004799999878741801,292.3927001953125,492.6077880859375,-0.0036125299520790577,0.002354159951210022,0.0008944629807956517,0.013157900422811508,0.800646185874939,0.02024419978260994,2650129920.0,0.006539999973028898,0,0,0,0,0,0,0,0,0,0,0,0,0,0,0,0,0,0,0,0,0,0,0,0,0,0,0,0,0,0,0,0,0,0,0,0,0,0,0,0,0,0,0,0,0,0,0,0,0,0,0,0,0,1,4,4,0,0,0,0,0,0,0,0,2,0,0.00040334218647331,272.9464111328125,282.8404541015625,284.2988586425781,285.8041687011719,287.2759704589844,289.7976379394531,290.7224426269531,291.43548583984375,291.8575439453125,292.023681640625,291.9711608886719,291.7597351074219,291.4166259765625,290.99432373046875,290.5453796386719,290.25335693359375,289.950439453125,289.56402587890625,289.03485107421875,288.3438415527344,287.48602294921875,286.50238037109375,285.44500732421875,284.3659362792969,283.3172302246094,0.04097886383533478,0.019888276234269142,0.7711119055747986,-0.036968305706977844,0.7575716376304626,0.7261959314346313,795.5033569335938,2.6600406499710516e-07,0.09899714589118958,0.0054314350709319115,0.0069137439131736755,0.0069753918796777725,0.021569544449448586,1.0,-1.6815581571897805e-44,-5.506431579589844,0.0,99.17926025390625,2673.982177734375,0.9462002515792847,288.7881774902344,0.0,0.0,0.0,23.000015258789062,0.0,291.70001220703125,280683.15625,-0.5383191108703613,6.120672702789307,130.28829956054688,10.0,7750000.0,8160000.0,86.12000274658203,119.0999984741211,0.5,9.999999747378752e-05,0.0,3.299999952316284,200.0,0.30000001192092896,309.20001220703125,2.439019908706541e-06,0,0,0,1,1,1,0,24,0,274.65301513671875,0.0,0.0,0.0,0.0,0.0,0.0,1.2000000476837158,0.8662065267562866,0.5248100757598877,0.33759498596191406,0.08593666553497314,0.08662283420562744,0.16240499913692474,0.16261297464370728,0.16504164040088654,1.0,25.0,24.0,5019961.5,5021337.5,5020129.5,271.302734375,271.5142822265625,271.2869873046875,277.5195617675781,278.7765197753906,277.5180969238281,4400000.0,274.4111328125,275.1453857421875,274.40252685546875,6.216827392578125,7.262237548828125,6.231109619140625,276.6189270019531,4588.5732421875,4520.90771484375,4595.7900390625,9.96368408203125,9.95304012298584,9.989399909973145,29.6697998046875,0.0,0.0,0.0020000000949949026,271.3680114746094,277.9380798339844,-77.87361145019531,0.5235528945922852,0.5240652561187744,0.532185435295105,237.1241455078125,39.0,40.0,42.0,41.0,0.0,0.0,5011223.5,4981452.0,52.768043518066406,5.0,0.014999999664723873,-180000.0,600.0,1000000.0,400000.0,0.17000000178813934,22000.0,786000.0,120000.0,0.0,40.0,30.0,36.810001373291016,0.5,18.399999618530273,50000.0,115692.3984375,15.113750457763672,0,0,1,0,0,0,0,9241663.0,0.0,0.0,0.0,0.0,0.0,-6148456.0,400000.0,1000000.0,1.0,1400000.0,0.0,0.2074510157108307,9251544.0,126869.6328125,9241663.0,340.30560302734375,40.007659912109375,2.0662174224853516,-6148456.0,0.0,0.0,0.0,2.0299267768859863,40.007659912109375,0.0,22230.939453125,1.2010046243667603,0.0,0.0,0.0,20.0,14.711517333984375,22.0,0.0,0.0,0.0,0.05000000074505806,0.02500000037252903,0.17000000178813934,15400000.0,0.5,6.25,0.0006667000125162303,2.0,2410000.0,4140000.0,4.734799861907959,0.15000000596046448,0.20000000298023224,0.2199999988079071,1.0,0.0,-1.0,0.0,5.0,20.0,30.0,50.0,74.0,80.0,86.0,9.800000190734863,500000.0,1.0499999802959792e-07,0.5,750.0,1000.0,600.0,1000.0,1150.0,32.0,32.0,37.400001525878906,10.0,10.0,0.007000000216066837,0.5049999952316284,82.0,189.26499938964844,0.0,1.5099999904632568,231.60000610351562,20.0,36.0,16.600000381469727,16.5,225.0,-0.1756729930639267,27.5,-0.1756729930639267,30.485509872436523,0.1561516970396042,11.10221004486084,-1.8332500457763672,-75.0,4.3520002365112305,13.857000350952148,189.26499938964844,93.30000305175781,2650000.0,0.8500000238418579,7.570000171661377,1,1,1,0,0,0,0,0,0,0,0,1,3,3,0,0,1,0,0,0,0,1,0,1,1,0,0,0,1,1,1,0,0,0,0,0,0,0,0,1,0,0,0,1,0,0,1,0,0,1,12.05141544342041,29051.265625,2153.0185546875,0.00041483284439891577,0.0004361289902590215,0.0006248649442568421,0.0,0.0,0.0,0.0,0.0,0.0,0.5450665354728699,1.0,0.0,0.0,1.0,1.0,0.0,0.0,1.0,1.0,0.0,1.0,0.0,0.0,1.0,0.0,0.0,0.2286413311958313,0.29173845052719116,0.0006248649442568421,0.0,0.0006234889151528478,0.0,99998.78125,99999.0,1008308.25,2410000.0,36.20000076293945,36.20000076293945,36.20000076293945,32.30113983154297,263.22003173828125,20.0,20.000003814697266,24.02347183227539,27.0,27.0,25.813905715942383,27.0,31.929534912109375,32.0,20.0,68.57752227783203,3445576.5,0.5451037287712097,7.559999942779541,0.0,8.917896270751953,0.0,0.0,45.311283111572266,1.401298464324817e-45,0.0,0.0,0.5049998760223389,0.5049998760223389,0.5049998760223389,0.18937495350837708,0.18937495350837708,0.18937495350837708,0.0,15.103745460510254,15.103745460510254,15.103745460510254,0.0,0.0,9.074999809265137,0.0,0.0,0.0,0.0,0.0,0.0,100.0,73.97314453125,0.2199999988079071,0.0,20.0,45.311283111572266,0.0,0.0,0.0,0.0,0.0,0.007000000216066837,0.0,0.0,9.074999809265137,0.0,1.7323341369628906,0.0,0.946874737739563,0.0,0.0,0.0,0.0,0.0,0.0,20.0,0.0,0.0,8943542.0,0.0,0.0,0.0,0.0,0.0,0.0,0.0,0.351500004529953,18.93000030517578,23.030000686645508,7.69199959904654e-06,0.08500000089406967,0.009999999776482582,24.0,27.0,8.800000190734863,500000.0,0.05000000074505806,2.7000000013543968e-09,2.7000000013543968e-09,145100.0,120000.0,14650000.0,86400.0,17.0,34.5,48.70000076293945,321.8999938964844,83170.0,0.0,1.0,1.0,0.0010000000474974513,725.0,0.0,0.5,0.0,0.0,57.31999969482422,837142.875,9359.77734375,117376.1015625,2623.89794921875,83026.390625,725.0,1.0204100362898316e-05,740000000.0,1,0,1,0,1,1,0,0,1,0,0,8.799991607666016,27.0,5932.78564453125,0.0,0.0,0.0,0.0,2.3845551013946533,0.00040188722778111696,0.0,0.04563498497009277,39.986183166503906,1.0,26109.8671875,11084.5234375,5.9272468206472695e-05,128493464.0,696703168.0,757545280.0,1976180736.0,-6.584877014160156,-680.2265625,-552490496.0,-1279477376.0,46.258113861083984,28.474903106689453,52.84299087524414,708.7014770507812,106381.3984375,4246.45947265625,148387.640625,167941.96875,124109.8671875,85.19984436035156,39.986183166503906,39.986183166503906,1.0,5.9272468206472695e-05,11084.5234375,778056105984.0,0.20344966650009155,137600.0,137600.0,63291000.0,52.84299087524414,6717.7197265625,1.0,0.0,1700.0,250000.0,10000.0,1038.0,0.004999999888241291,400.0,5000.0,0,0,0,0,2959622.5,43.630638122558594,43.630638122558594,1216415.25,2788456.75,0.0,0.0,98419.8125,0.00626306002959609,4990191.5,0.0,0.0,1.0,1.0,0.00626306002959609,275.3855285644531,98.47047424316406,0.0,5957889.0,407606.6875,98.47047424316406,1.0,1.0,1.0,0.0,431.292236328125,0.0,430.534423828125,1.0,0.0,7680000.0,234.04383850097656,245.0128173828125,235.37872314453125,0.9992424249649048,2788456.75,286.3692932128906,87.26127624511719,1.9992424249649048,0.0,263.6540832519531,1.0,0.0,-7.5742998123168945,0.0,0.0,9.999999974752427e-07,0.0,2.0,0.0003000000142492354,0.004999999888241291,0.0010000000474974513,2.0000000233721948e-07,2.0000000233721948e-07,0.0005555999814532697,993000000.0,1.0,0.05000000074505806,0.10000000149011612,0.0005000000237487257,0.0016700000269338489,0.009999999776482582,1.0,1.0,0.0010000000474974513,4.999999873689376e-05,0.00039999998989515007,0.019999999552965164,0.9891999959945679,0.9891999959945679,0.9950000047683716,0.9950000047683716,1,0,0,0,1,1,0,0,0,0,0,0,0,0,-0.0074569773860275745,-7404778.5,5000.01171875,98419.8125,0.0,2546223.0,0.0,1.0,2569281.25,0.0,0.0,60.0,180.0,1800.0,1800.0,0.0,0.0,0.0,0.0,-0.012236599810421467,0.0,0.0,0.0,0.0,0.0,0.0,0.0,0.0,0.0,0.0,0.0,6.602997746085748e-05,0.0,7.006492321624085e-44,1,1,0,1,1,1,1,1,1,1,1,0,1,0,1,1,1,1,0,1,0,1000,30,0,1,5001,152,0.0,0.0,120.0,120.0,0.0,0.0,0.4000000059604645,0.10000000149011612,0.10000000149011612,2.0,500.0,200.0,0.9900000095367432,300000.0,5000.0,45000.0,20000.0,0.019999999552965164,2.0,0.05000000074505806,0.019999999552965164,6.0,0.05000000074505806,0.019999999552965164,0.019999999552965164,88.30000305175781,0.10000000149011612,0.800000011920929,0.05000000074505806,0.009999999776482582,50.0,50.0,340.0,340.0,1000000.0,1,0,0,0,1,1,1,1,1,1,0,0,0,1,1,0,1.0,0.0,0.0,0.0,29.129199981689453,0.0,0.0,0.0,0.9093518853187561,0.9093518853187561,0.9093518853187561,5000.01171875,4334988.0,4339988.0,50.0,27.61298179626465,0.4000000059604645,0.0,0.0,0.10000000149011612,0.12995290756225586,0.4925430119037628,22164.435546875,20.0,29.202341079711914,780798.8125,20.61848258972168,2715.723388671875,721.224365234375,0.7807987928390503,0.9009431600570679,9.470532417297363,1.0,3219981.0,3303417.0,9.715932846069336,20.0,0.27843520045280457,27.84351921081543,0.0,636.4223022460938,1475.279052734375,100000.0,50000.0,1115.300048828125,50000.0,700.0,2000.0,2800000.0,3500000.0,4000000.0,9.999999747378752e-05,4.999999873689376e-05,500.0,20000.0,100.0,500.0,60000.0,1200.0,1.0,120.0,150000.0,3000.0,300.0,1.0,300.0,0.019999999552965164,0.019999999552965164,0.009999999776482582,0.009999999776482582,0.009999999776482582,0.019999999552965164,1.100000023841858,0.019999999552965164,4.0,0.019999999552965164,88.0,1613.0,0.009999999776482582,0.20000000298023224,3.0,5.0,600.0,0.0010000000474974513,88.0,88.0,2000.0,2340.0,-0.11599799990653992,-0.03561130166053772,-0.04758000001311302,-0.01752999983727932,1,1,1,0,0,1,1,156.29576110839844,156.29576110839844,0.6277008056640625,0.6277008056640625,0.00044484942918643355,20.61848258972168,163.6197052001953,58.8975944519043,345.7767028808594,29.33100128173828,29.33100128173828,0.11779594421386719,0.11779594421386719,65.51204681396484,3.3724076747894287,0.0,0.0,2663660.25,20.00048065185547,20.00048065185547,97.85887908935547,97.85887908935547,63082.74609375,63082.74609375,1.0513790845870972,1.0513790845870972,0.003131530014798045,0.003131530014798045,-18.577699661254883,-18.577699661254883,-77730.9609375,-77730.9609375,-18.5772762298584,98.31385040283203,98.94468688964844,2649030.25,20.00048065185547,20.00048065185547,165.3567352294922,165.3567352294922,100.63089752197266,100.63089752197266,421049.78125,421049.78125,0.0,61.65489959716797,61.65489959716797,123.31024169921875,156073.453125,156073.453125,1.040489673614502,1.040489673614502,164.80917358398438,100.63089752197266,0.0,0.0,0.0,121.46902465820312,121.46902465820312,242.93804931640625,0.0,0.0,0.0,0.0,0.0,121.46902465820312,121.46902465820312,0.026315800845623016,0.0,0.20000000298023224,0.0,0.0,0.0,0.0,0.0,0.0,0.9599996209144592,1.0,1.0,1.0,0.9999998211860657,0.9999998211860657,0.9999998211860657,190811.203125,193216.140625,0.0,5.875000953674316,17.749961853027344,5.875000953674316,7.25,12.0,10.25,296.3810119628906,297.7510070800781,29.5,-42851.2109375,10288222.0,13112496.0,0.0,0.0,0.0,0.001536663854494691,0.001536663854494691,0.001536663854494691,1.0,158180.546875,0.9959999918937683,0.9959999918937683,0.9959999918937683,0.9959999918937683,0.0,4150838.5,4290512.5,227424.734375,2606300.0,4111801.0,0.004334988072514534,0.008679975755512714,313.846923828125,7.25,12.0,10.25,0.0,0.0,0.0,0.0,0.0,0.0,58.898040771484375,313.85992431640625,150.74667358398438,150.74667358398438,150.74667358398438,0.0,0.0,0.0,3.0170226097106934,0.0,0.8597666025161743,3.016782760620117,5.0,0.0040000081062316895,0.0040000081062316895,0.0040000081062316895,0.0040000081062316895,0.0,-0.4368000030517578,0.0,603404.5,163.6197052001953,163.6197052001953,0.0,20.0,2788442.0,7.25,12.0,10.25,20.0,20.0,20.0,0.0,0.0,0.7926306128501892,0.9211652278900146,10000.0,10000.0,0.011826000176370144,1038.5,0.027953999117016792,0.0,0.0,1.0878000259399414,1.0809999704360962,9.000000136438757e-05,103.0,33.220001220703125,1.8179999589920044,0.029999999329447746,49.0,8.329999923706055,4.159999847412109,58.0,302.0,4.5,0.699999988079071,0.4000000059604645,7.5,1.3799999952316284,2.492000102996826,7000.0,48.88999938964844,1.2000000476837158,45.0,62000.0,4590000.0,4250000.0,15900000.0,15100000.0,0.05000000074505806,0.17000000178813934,0.009999999776482582,15220000.0,1.6699999570846558,312.7799987792969,1.1100000143051147,4232.0,0.25,689000.0,4030000.0,9.829999923706055,8.550000190734863,12200000.0,231.10000610351562,88.3239974975586,633.0,1.1430000066757202,0.6858000159263611,-10.0,-3.7799999713897705,0.7799999713897705,295.5,4030000.0,12400000.0,0.9200000166893005,5.0,1,0,1,228,0,0,0,0,0,1,1,1,1,1,0,1,1,1,0,0,0,0,1,1,0,0,0,1,0,0,0,0,0,0,0,0,1,0,1,8,0,0,1,0,0.0069137439131736755,5019961.5,1.0877995491027832,0.0,1.3743575811386108,274.77783203125,0.0,-0.00033127906499430537,1,1,1,0,0,0,1,1,0,0,0,0,0,575,0.20000000298023224,0.20000000298023224,0.20000000298023224,0.0,2,0,0,0,0,0,0,0,0,0,0,0,0,0,0,0,0,0,0,0,0,0,0,0,0,0,0,0,0,0,0,0,0,0,0,0,0,0,0,0,0,0,0,0,0,0,0,0,0,0,0,1,0,0,0,0,0,0,0,0,0,0,0,0,0,0,0,0,0,0,0,0,0,0,0,0,0,0,0,0,0,0,0,0,0,0,0,0,0,0,0,0,0,0,0,0,0,0,0,0,0,0,0,0,0,0,0,0,0,0,0,0,0,0,0,0,0,0,0,0,0,0,0,0,0,0,0,0,0,0,0,0,0,0,0,0,0,0,0,0,0,0,0,1,0,0,0,0,0,0,0,0,0,0,0,-1,0,0,0,0,0,0,1,1,0,0,0.6913744211196899,-5.506431579589844,0.0,-0.5383191108703613,-1.6815581571897805e-44,291.70001220703125,274.77783203125,288.7881774902344,-0.036968305706977844,99.17926025390625,2673.982177734375,1.0877995491027832,1.3743575811386108,-1.0,16.92218017578125,6.827850029367255e-06,0.04563498497009277,100.0,27.0,0.0,7.799991607666016,4.044716835021973,1.0,1.0,39.986183166503906,0.2664276957511902,20.0,5.9272468206472695e-05,0.0,73.97314453125,1.7323341369628906,1.8179994821548462,0.00036938843550160527,0.6817498207092285,0.5451037287712097,10.288878440856934,8.917896270751953,0.0,0.0,0.0,20.000003814697266,44.898040771484375,263.22003173828125,20.0,0.9206021428108215,276.74786376953125,40.007659912109375,0.29459047317504883,271.4044189453125,271.63201904296875,271.4200439453125,277.64947509765625,278.909912109375,277.6510009765625,100.0,1.2548983097076416,22.0,94.4036865234375,274.5269470214844,275.2709655761719,274.5355224609375,340.30609130859375,20.745101928710938,20.341073989868164,94.4036865234375,0.0,0.0,0.0,0.0,69.54804992675781,69.29913330078125,69.37044525146484,51.22590637207031,51.23823165893555,51.22418975830078,16.50416374206543,16.26129722595215,16.24049949645996,99.90513610839844,98.26985168457031,99.74813079833984,36.89999771118164,43.19999694824219,26.099998474121094,235.7879638671875,245.42453002929688,234.42726135253906,29.0,0.0,48.0,0.0,0.0,0.0,0.0,0.0,0.0,41.0,78.36749267578125,50.920413970947266,164.80917358398438,26.989501953125,9.999999974752427e-07,2.320664882659912,0.0,98.31385040283203,0.0,721.224365234375,44.28567123413086,20.61848258972168,0.0,9.470532417297363,78.07987976074219,1.0,0.9715932607650757,20.0,0.0,60.0,120.0,0.0,120.0,0.0,0.0,0.0,0.0,18.151954650878906,89.17896270751953,2.0,200.0,0,0,0,0,0,0,0,0,0,0,0,0,99999,99999,29,403,1800,180,1800,0,0,-7,0,23,0,0,0,806,1424,29,31,32,0,1,0,1,0,1,0,0,1,0,0,0,0,0,1,0,0,0,0,1,0,0,0,1,0,0,0,1,0,0,0,0,0,0,0,0,0,0,0,0,1,0,1,0,0,1,1,0,0,1,1,0,1,0,1,0,1,1,0,0,0,1,0,0,0,0,0,0,0,1,1,0,1,0,0,0,0,0,0,0,0,1,0,0,0,1,0,0,0,0,0,0,1,0,0,1,0,1,0,0,1,0,0,1,0,0,1,0,0,0,1,0,1,1,1,0,0,1,0,0,0,0,0,1,1,1,0,0,0,0,0,0,0,1,1,1,0,1,0,1,0,1,0,0,0,0,0,0,0,0,1,1,1,1,0,1,0,1,1,1,1,1,1,1,0,0,0,0,0,0,1,0,1,1,1,1,1,1,1,1,1,1,1,0,0,0,1,1,0,0,1,1,0,1,1,0,0,1,1,1,0,0,0,0,1,1,1,1,0,1,1,1,1,0,0,1,1,0,1,0,1,1,0,1,1,1,1,1,1,1,1,0,1,0,0,0,0,0,0,0,0,0,0,1,0,0,1,0,0,0,0,0,1,0,0,1,0,0,0,0,0,0,0,0,0,0,0,0,0,0,0,0,0,0,0,0,0,0,0,0,0,1,0,0,0,0,1,0,0,0,1,0,0,0,0,0,0,0,0,0,0,0,0,0,0,0,0,0,0,1,0,0,0,0,0,0,0,0,0,0,0,0,0,0,0,0,1,0,0,0,0,0,0,0,0,0,0,0,0,0,0,0,0,0,0,0,0,0,0,0,0,0,0,0,0,0,0,0,0,0,0,0,0,0,0,0,0,0,0,0,0,0,0,0,0,0,0,0,0,0,0,0,0,0,0,0,0,0,0,0,0,1,0,1,0,0,0,0,0,1,0,0,0,0,0,0,0,0,0,0,0,0,0,0,0,1,0,0,0,0,0,0,0,0,0,0,0,0,0,0,1,0,0,0,0,0,0,0,0,0,0,1,0,0,0,0,0,0,0,0,0,0,0,0,0,0,0,0,0,0,0,0,0,0,0,0,0,0,0,1,0,0,0,0,0,0,1,1,1,0,0,0,0,0,0,-1,0,0,0,0,0,0,0,0,-1,0,0,-1,0,0,0,0,0,0,0,0,0,0,0,0,0,0,0,0,0,0,1,0,0,0,0,0,0,0,0,0,0,0,0,0,0,0,0,1,1,0,-1,-1,-1,1,1,1,0,0,0,0,1,0,0,1,1,0,0,0,0,1,0,0,0,0,0,0,0,0,0,0,0,0,0,0,0,0,0,0,0,0,0,0,0,0,0,0,0,0,0,1,1,0,1,0,1,1,0,1,0,1,1,0,1,0,0,1,0,0,0,0,0,0,0,0,0,0,0,0,0,0,0,0,0,0,0,0,0,0,0,0,0,0
0,1,1,300,228,8,8,228,114,25,1,0,0.0020000000949949026,4000.0,1.0,0.04500000178813934,25.0,48.0,8.0,291.70001220703125,1.7000000476837158,-3.179999907843012e-07,0.007360000163316727,0.008080000057816505,8.0,0.33000001311302185,0.0333000011742115,1.0,9.999999747378752e-06,21.0,9.999999747378752e-06,2775000064.0,9.000000136438757e-05,4.999999980020986e-13,5.0,40.0,3.0,-3.3499999046325684,3.3499999046325684,0.5,0.0004799999878741801,292.3927001953125,492.6077880859375,-0.0036125299520790577,0.002354159951210022,0.0008944629807956517,0.013157900422811508,0.800646185874939,0.02024419978260994,2650129920.0,0.006539999973028898,0,0,0,0,0,0,0,0,0,0,0,0,0,0,0,0,0,0,0,0,0,0,0,0,0,0,0,0,0,0,0,0,0,0,0,0,0,0,0,0,0,0,0,0,0,0,0,0,0,0,0,0,0,1,4,4,0,0,0,0,0,0,0,0,2,0,0.00040334218647331,272.58795166015625,282.384765625,283.83001708984375,285.321533203125,286.77996826171875,289.2798767089844,290.19769287109375,290.9061584472656,291.3271484375,291.4954833984375,291.4480895996094,291.2446594238281,290.9111328125,290.4990539550781,290.0600280761719,289.77777099609375,289.4833984375,289.10418701171875,288.5809631347656,287.894775390625,287.0408630371094,286.06036376953125,285.00567626953125,283.92919921875,282.88323974609375,0.04131587594747543,0.019713910296559334,0.7710984945297241,-0.03691946342587471,0.7576034665107727,0.7237284183502197,776.01416015625,2.5948392590180447e-07,0.09708374738693237,0.005301159806549549,0.006734518799930811,0.006793234962970018,0.02162015810608864,1.0,-1.6815581571897805e-44,-5.517923355102539,0.0,99.17754364013672,2674.134521484375,0.9462400078773499,288.30291748046875,0.0,0.0,0.0,23.600017547607422,0.0,291.70001220703125,280683.71875,-0.5380602478981018,6.116697788238525,130.28829956054688,10.0,7750000.0,8160000.0,86.12000274658203,119.0999984741211,0.5,9.999999747378752e-05,0.0,3.299999952316284,200.0,0.30000001192092896,309.20001220703125,2.439019908706541e-06,0,0,0,1,1,1,0,24,0,274.2809753417969,0.0,0.0,0.0,0.0,0.0,0.0,1.2000000476837158,0.8661791682243347,0.5169419050216675,0.34152907133102417,0.07295417785644531,0.07314705848693848,0.15847091376781464,0.15852941572666168,0.16116613149642944,1.0,25.0,24.0,4993838.5,4995212.0,4994007.5,270.95233154296875,271.1630859375,270.93646240234375,277.1280212402344,278.3792419433594,277.1266784667969,4400000.0,274.0401611328125,274.77117919921875,274.03155517578125,6.175689697265625,7.216156005859375,6.190216064453125,276.2345886230469,4589.5927734375,4522.884765625,4596.74169921875,9.927929878234863,9.9161376953125,9.954168319702148,29.82147216796875,0.0,0.0,0.0020000000949949026,271.0173034667969,277.5446472167969,-77.11741638183594,0.5107735395431519,0.510804295539856,0.5195959806442261,235.8856658935547,39.0,40.0,42.0,41.0,0.0,0.0,4985191.0,4955412.5,52.69084167480469,5.0,0.014999999664723873,-180000.0,600.0,1000000.0,400000.0,0.17000000178813934,22000.0,786000.0,120000.0,0.0,40.0,30.0,36.810001373291016,0.5,18.399999618530273,50000.0,115692.3984375,15.113750457763672,0,0,1,0,0,0,0,9212386.0,0.0,0.0,0.0,0.0,0.0,-6177914.0,400000.0,1000000.0,1.0,1400000.0,0.0,0.2049722969532013,9222086.0,126869.6328125,9212386.0,340.30438232421875,40.007659912109375,2.0415165424346924,-6177914.0,0.0,0.0,0.0,2.0174734592437744,40.007659912109375,0.0,22230.939453125,1.2010046243667603,0.0,0.0,0.0,20.0,14.711517333984375,22.0,0.0,0.0,0.0,0.05000000074505806,0.02500000037252903,0.17000000178813934,15400000.0,0.5,6.25,0.0006667000125162303,2.0,2410000.0,4140000.0,4.734799861907959,0.15000000596046448,0.20000000298023224,0.2199999988079071,1.0,0.0,-1.0,0.0,5.0,20.0,30.0,50.0,74.0,80.0,86.0,9.800000190734863,500000.0,1.0499999802959792e-07,0.5,750.0,1000.0,600.0,1000.0,1150.0,32.0,32.0,37.400001525878906,10.0,10.0,0.007000000216066837,0.5049999952316284,82.0,189.26499938964844,0.0,1.5099999904632568,231.60000610351562,20.0,36.0,16.600000381469727,16.5,225.0,-0.1756729930639267,27.5,-0.1756729930639267,30.485509872436523,0.1561516970396042,11.10221004486084,-1.8332500457763672,-75.0,4.3520002365112305,13.857000350952148,189.26499938964844,93.30000305175781,2650000.0,0.8500000238418579,7.570000171661377,1,1,1,0,0,0,0,0,0,0,0,1,3,3,0,0,1,0,0,0,0,1,0,1,1,0,0,0,1,1,1,0,0,0,0,0,0,0,0,1,0,0,0,1,0,0,1,0,0,1,12.05141544342041,29051.265625,2153.001708984375,0.00041483284439891577,0.0004361289902590215,0.0006248649442568421,0.0,0.0,0.0,0.0,0.0,0.0,0.5454074144363403,1.0,0.0,0.0,1.0,1.0,0.0,0.0,1.0,1.0,0.0,1.0,0.0,0.0,1.0,0.0,0.0,0.22497232258319855,0.28705689311027527,0.0006248649442568421,0.0,0.0006234917673282325,0.0,99998.78125,99999.0,992127.9375,2410000.0,36.20000076293945,36.20000076293945,36.20000076293945,32.29595184326172,262.86883544921875,20.0,20.000003814697266,24.02347183227539,27.0,27.0,25.813905715942383,27.0,31.929676055908203,32.0,20.0,68.57752227783203,3445549.5,0.545261025428772,7.559999942779541,0.0,8.917738914489746,0.0,0.0,45.40324401855469,1.401298464324817e-45,0.0,0.0,0.5049998760223389,0.5049998760223389,0.5049998760223389,0.18937495350837708,0.18937495350837708,0.18937495350837708,0.0,15.134398460388184,15.134398460388184,15.134398460388184,0.0,0.0,9.074999809265137,0.0,0.0,0.0,0.0,0.0,0.0,100.0,73.97314453125,0.2199999988079071,0.0,20.0,45.40324401855469,0.0,0.0,0.0,0.0,0.0,0.007000000216066837,0.0,0.0,9.074999809265137,0.0,1.7323341369628906,0.0,0.946874737739563,0.0,0.0,0.0,0.0,0.0,0.0,20.0,0.0,0.0,8914152.0,0.0,0.0,0.0,0.0,0.0,0.0,0.0,0.351500004529953,18.93000030517578,23.030000686645508,7.69199959904654e-06,0.08500000089406967,0.009999999776482582,24.0,27.0,8.800000190734863,500000.0,0.05000000074505806,2.7000000013543968e-09,2.7000000013543968e-09,145100.0,120000.0,14650000.0,86400.0,17.0,34.5,48.70000076293945,321.8999938964844,83170.0,0.0,1.0,1.0,0.0010000000474974513,725.0,0.0,0.5,0.0,0.0,57.31999969482422,837142.875,9359.77734375,117376.1015625,2623.89794921875,83026.390625,725.0,1.0204100362898316e-05,740000000.0,1,0,1,0,1,1,0,0,1,0,0,8.799991607666016,27.0,5964.4755859375,0.0,0.0,0.0,0.0,2.397336959838867,0.00040189383435063064,0.0,0.04587874561548233,39.98633575439453,1.0,26109.984375,11141.54296875,5.958912879577838e-05,127790672.0,691221760.0,751877504.0,1965845376.0,-6.414905548095703,-676.517578125,-547804800.0,-1274623488.0,46.35007095336914,28.474903106689453,52.764976501464844,704.9925537109375,106381.3984375,4246.4912109375,148419.296875,167942.609375,124109.984375,85.79983520507812,39.98633575439453,39.98633575439453,1.0,5.958912879577838e-05,11141.54296875,775855210496.0,0.20349308848381042,137600.0,137600.0,63104576.0,52.764976501464844,6717.76904296875,1.0,0.0,1700.0,250000.0,10000.0,1038.0,0.004999999888241291,400.0,5000.0,0,0,0,0,2959622.5,43.36937713623047,43.36937713623047,1216415.25,2788465.25,0.0,0.0,98371.4296875,0.005201997235417366,4964062.0,0.0,0.0,1.0,1.0,0.005201997235417366,275.3855285644531,98.45417022705078,0.0,5957889.0,407537.46875,98.45417022705078,1.0,1.0,1.0,0.0,429.027587890625,0.0,428.2778015136719,1.0,0.0,7680000.0,232.84222412109375,243.73731994628906,234.1778564453125,0.999329686164856,2788465.25,284.8572998046875,86.73875427246094,1.999329686164856,0.0,263.3283386230469,1.0,0.0,-7.5742998123168945,0.0,0.0,9.999999974752427e-07,0.0,2.0,0.0003000000142492354,0.004999999888241291,0.0010000000474974513,2.0000000233721948e-07,2.0000000233721948e-07,0.0005555999814532697,993000000.0,1.0,0.05000000074505806,0.10000000149011612,0.0005000000237487257,0.0016700000269338489,0.009999999776482582,1.0,1.0,0.0010000000474974513,4.999999873689376e-05,0.00039999998989515007,0.019999999552965164,0.9891999959945679,0.9891999959945679,0.9950000047683716,0.9950000047683716,1,0,0,0,1,1,0,0,0,0,0,0,0,0,-0.0074569773860275745,-7404778.5,5000.01171875,98371.4296875,0.0,2546223.0,0.0,1.0,2569281.25,0.0,0.0,60.0,180.0,1800.0,1800.0,0.0,0.0,0.0,0.0,-0.012236599810421467,0.0,0.0,0.0,0.0,0.0,0.0,0.0,0.0,0.0,0.0,0.0,6.602997746085748e-05,0.0,7.006492321624085e-44,1,1,0,1,1,1,1,1,1,1,1,0,1,0,1,1,1,1,0,1,0,1000,31,0,1,5001,155,0.0,0.0,120.0,120.0,0.0,0.0,0.4000000059604645,0.10000000149011612,0.10000000149011612,2.0,500.0,200.0,0.9900000095367432,300000.0,5000.0,45000.0,20000.0,0.019999999552965164,2.0,0.05000000074505806,0.019999999552965164,6.0,0.05000000074505806,0.019999999552965164,0.019999999552965164,88.30000305175781,0.10000000149011612,0.800000011920929,0.05000000074505806,0.009999999776482582,50.0,50.0,340.0,340.0,1000000.0,1,0,0,0,1,1,1,1,1,1,0,0,0,1,1,0,1.0,0.0,0.0,0.0,29.085702896118164,0.0,0.0,0.0,0.9089850187301636,0.9089850187301636,0.9089850187301636,5000.01171875,4340881.0,4345881.0,50.0,27.61294174194336,0.4000000059604645,0.0,0.0,0.10000000149011612,0.1292724460363388,0.4925430119037628,22164.435546875,20.0,29.202341079711914,780973.4375,20.605457305908203,2713.7470703125,721.224365234375,0.7809734344482422,0.9002876877784729,9.470492362976074,1.0,3219967.5,3303399.0,9.715879440307617,20.0,0.27848178148269653,27.84817886352539,0.0,636.4223022460938,1503.2313232421875,100000.0,50000.0,1115.300048828125,50000.0,700.0,2000.0,2800000.0,3500000.0,4000000.0,9.999999747378752e-05,4.999999873689376e-05,500.0,20000.0,100.0,500.0,60000.0,1200.0,1.0,120.0,150000.0,3000.0,300.0,1.0,300.0,0.019999999552965164,0.019999999552965164,0.009999999776482582,0.009999999776482582,0.009999999776482582,0.019999999552965164,1.100000023841858,0.019999999552965164,4.0,0.019999999552965164,88.0,1613.0,0.009999999776482582,0.20000000298023224,3.0,5.0,600.0,0.0010000000474974513,88.0,88.0,2000.0,2340.0,-0.11599799990653992,-0.03561130166053772,-0.04758000001311302,-0.01752999983727932,1,1,1,0,0,1,1,151.974609375,151.974609375,0.6103363037109375,0.6103363037109375,0.00042962701991200447,20.605457305908203,163.6043701171875,57.16877746582031,336.2801208496094,28.470050811767578,28.470050811767578,0.11433792114257812,0.11433792114257812,63.394256591796875,2.9836905002593994,0.0,0.0,2663660.25,20.00048065185547,20.00048065185547,97.82589721679688,97.82589721679688,63045.90234375,63045.90234375,1.050765037536621,1.050765037536621,0.002600998617708683,0.002600998617708683,-19.621225357055664,-19.621225357055664,-82097.1796875,-82097.1796875,-19.62080955505371,98.20065307617188,98.77588653564453,2649039.5,20.00048065185547,20.00048065185547,165.35894775390625,165.35894775390625,100.24813079833984,100.24813079833984,419448.25,419448.25,0.0,60.91804504394531,60.91804504394531,121.83651733398438,156026.828125,156026.828125,1.040178894996643,1.040178894996643,164.80007934570312,100.24813079833984,0.0,0.0,0.0,120.53668212890625,120.53668212890625,241.0733642578125,0.0,0.0,0.0,0.0,0.0,120.53668212890625,120.53668212890625,0.026315800845623016,0.0,0.20000000298023224,0.0,0.0,0.0,0.0,0.0,0.0,0.9599996209144592,1.0,1.0,1.0,0.9999998211860657,0.9999998211860657,0.9999998211860657,190810.828125,193215.625,0.0,5.875000953674316,17.749961853027344,5.875000953674316,7.25,12.0,10.25,296.3810119628906,297.7510070800781,29.5,-35601.90234375,10420090.0,13112496.0,0.0,0.0,0.0,0.0013595417840406299,0.0013595417840406299,0.0013595417840406299,1.0,155893.640625,0.9959999918937683,0.9959999918937683,0.9959999918937683,0.9959999918937683,0.0,4162195.0,4296675.0,219813.53125,2606300.0,4126986.0,0.0043408810161054134,0.008691761642694473,305.1698913574219,7.25,12.0,10.25,0.0,0.0,0.0,0.0,0.0,0.0,57.16920852661133,305.18292236328125,146.3795623779297,146.3795623779297,146.3795623779297,0.0,0.0,0.0,3.017738103866577,0.0,0.8701233863830566,3.0174999237060547,5.0,0.0040000081062316895,0.0040000081062316895,0.0040000081062316895,0.0040000081062316895,0.0,-0.4368000030517578,0.0,603547.625,163.6043701171875,163.6043701171875,0.0,20.0,2788454.5,7.25,12.0,10.25,20.0,20.0,20.0,0.0,0.0,0.7926306128501892,0.9211652278900146,10000.0,10000.0,0.011826000176370144,1038.5,0.027953999117016792,0.0,0.0,1.0878000259399414,1.0809999704360962,9.000000136438757e-05,103.0,33.220001220703125,1.8179999589920044,0.029999999329447746,49.0,8.329999923706055,4.159999847412109,58.0,302.0,4.5,0.699999988079071,0.4000000059604645,7.5,1.3799999952316284,2.492000102996826,7000.0,48.88999938964844,1.2000000476837158,45.0,62000.0,4590000.0,4250000.0,15900000.0,15100000.0,0.05000000074505806,0.17000000178813934,0.009999999776482582,15220000.0,1.6699999570846558,312.7799987792969,1.1100000143051147,4232.0,0.25,689000.0,4030000.0,9.829999923706055,8.550000190734863,12200000.0,231.10000610351562,88.3239974975586,633.0,1.1430000066757202,0.6858000159263611,-10.0,-3.7799999713897705,0.7799999713897705,295.5,4030000.0,12400000.0,0.9200000166893005,5.0,1,0,1,228,0,0,0,0,0,1,1,1,1,1,0,1,1,1,0,0,0,0,1,1,0,0,0,1,0,0,0,0,0,0,0,0,1,0,1,8,0,0,1,0,0.006734518799930811,4993838.5,1.0877995491027832,0.0,1.3810110092163086,274.4046630859375,0.0,-0.00031501433113589883,1,1,1,0,0,0,1,1,0,0,0,0,0,578,0.20000000298023224,0.20000000298023224,0.20000000298023224,0.0,2,0,0,0,0,0,0,0,0,0,0,0,0,0,0,0,0,0,0,0,0,0,0,0,0,0,0,0,0,0,0,0,0,0,0,0,0,0,0,0,0,0,0,0,0,0,0,0,0,0,0,1,0,0,0,0,0,0,0,0,0,0,0,0,0,0,0,0,0,0,0,0,0,0,0,0,0,0,0,0,0,0,0,0,0,0,0,0,0,0,0,0,0,0,0,0,0,0,0,0,0,0,0,0,0,0,0,0,0,0,0,0,0,0,0,0,0,0,0,0,0,0,0,0,0,0,0,0,0,0,0,0,0,0,0,0,0,0,0,0,0,0,0,1,0,0,0,0,0,0,0,0,0,0,0,-1,0,0,0,0,0,0,1,1,0,0,0.6734519004821777,-5.517923355102539,0.0,-0.5380602478981018,-1.6815581571897805e-44,291.70001220703125,274.4046630859375,288.30291748046875,-0.03691946342587471,99.17754364013672,2674.134521484375,1.0877995491027832,1.3810110092163086,-1.0,17.29534912109375,6.827850029367255e-06,0.04587874561548233,100.0,27.0,0.0,7.799991607666016,4.046945571899414,1.0,1.0,39.98633575439453,0.2664288878440857,20.0,5.958912879577838e-05,0.0,73.97314453125,1.7323341369628906,1.8179994821548462,0.00036938843550160527,0.6817498207092285,0.545261025428772,10.123772621154785,8.917738914489746,0.0,0.0,0.0,20.000003814697266,44.898040771484375,262.86883544921875,20.0,0.9200031757354736,276.36212158203125,40.007659912109375,0.29459047317504883,271.05303955078125,271.2799072265625,271.06884765625,277.25677490234375,278.51129150390625,277.2581787109375,100.0,1.502770185470581,22.0,94.10308837890625,274.1549072265625,274.8955993652344,274.16351318359375,340.30474853515625,20.497230529785156,20.216106414794922,94.10308837890625,0.0,0.0,0.0,0.0,69.30290222167969,69.04228973388672,69.12165069580078,50.959354400634766,50.97164535522461,50.9576301574707,16.116613388061523,15.852941513061523,15.847091674804688,99.9263687133789,98.3132095336914,99.77020263671875,36.89999771118164,43.19999694824219,26.099998474121094,234.57862854003906,244.1415557861328,233.22210693359375,29.0,0.0,48.0,0.0,0.0,0.0,0.0,0.0,0.0,41.0,78.36749267578125,50.653785705566406,164.80007934570312,26.847782135009766,9.999999974752427e-07,2.242999315261841,0.0,98.20065307617188,0.0,721.224365234375,44.34580612182617,20.605457305908203,0.0,9.470492362976074,78.09734344482422,1.0,0.9715879559516907,20.0,0.0,60.0,120.0,0.0,120.0,0.0,0.0,0.0,0.0,18.15719223022461,89.1773910522461,2.0,200.0,0,0,0,0,0,0,0,0,0,0,0,0,99999,99999,29,403,1800,180,1800,0,0,-7,0,23,0,0,0,806,1424,29,31,32,0,1,0,1,0,1,0,0,1,0,0,0,0,0,1,0,0,0,0,1,0,0,0,1,0,0,0,1,0,0,0,0,0,0,0,0,0,0,0,0,1,0,1,0,0,1,1,0,0,1,1,0,1,0,1,0,1,1,0,0,0,1,0,0,0,0,0,0,0,1,1,0,1,0,0,0,0,0,0,0,0,1,0,0,0,1,0,0,0,0,0,0,1,0,0,1,0,1,0,0,1,0,0,1,0,0,1,0,0,0,1,0,1,1,1,0,0,1,0,0,0,0,0,1,1,1,0,0,0,0,0,0,0,1,1,1,0,1,0,1,0,1,0,0,0,0,0,0,0,0,1,1,1,1,0,1,0,1,1,1,1,1,1,1,0,0,0,0,0,0,1,0,1,1,1,1,1,1,1,1,1,1,1,0,0,0,1,1,0,0,1,1,0,1,1,0,0,1,1,1,0,0,0,0,1,1,1,1,0,1,1,1,1,0,0,1,1,0,1,0,1,1,0,1,1,1,1,1,1,1,1,0,1,0,0,0,0,0,0,0,0,0,0,1,0,0,1,0,0,0,0,0,0,0,0,0,0,0,0,0,0,0,0,0,0,0,0,0,0,0,0,0,0,0,0,0,0,0,0,0,0,0,0,0,0,0,0,0,0,0,0,0,0,0,0,0,0,0,0,0,0,0,0,0,0,0,0,0,0,0,0,0,0,0,0,0,0,0,0,0,0,0,0,0,0,0,0,0,0,0,0,0,0,0,0,0,0,0,0,0,0,0,0,0,0,0,0,0,0,0,0,0,0,0,0,0,0,0,0,0,0,0,0,0,0,0,0,0,0,0,0,0,0,0,0,0,0,0,0,0,0,0,0,0,0,0,0,0,0,0,0,1,0,1,0,0,0,0,0,1,0,0,0,0,0,0,0,0,0,0,0,0,0,0,0,1,0,0,0,0,0,0,0,0,0,0,0,0,0,0,1,0,0,0,0,0,0,0,0,0,0,1,0,0,0,0,0,0,0,0,0,0,0,0,0,0,0,0,0,0,0,0,0,0,0,0,0,0,0,1,0,0,0,0,0,0,1,1,1,0,0,0,0,0,0,-1,0,0,0,0,0,0,0,0,-1,0,0,-1,0,0,0,0,0,0,0,0,0,0,0,0,0,0,0,0,0,0,1,0,0,0,0,0,0,0,0,0,0,0,0,0,0,0,0,1,1,0,-1,-1,-1,1,1,1,0,0,0,0,1,0,0,1,1,0,0,0,0,1,0,0,0,0,0,0,0,0,0,0,0,0,0,0,0,0,0,0,0,0,0,0,0,0,0,0,0,0,0,1,1,0,1,0,1,1,0,1,0,1,1,0,1,0,0,1,0,0,0,0,0,0,0,0,0,0,0,0,0,0,0,0,0,0,0,0,0,0,0,0,0,0
0,1,1,300,228,8,8,228,114,25,1,0,0.0020000000949949026,4000.0,1.0,0.04500000178813934,25.0,48.0,8.0,291.70001220703125,1.7000000476837158,-3.179999907843012e-07,0.007360000163316727,0.008080000057816505,8.0,0.33000001311302185,0.0333000011742115,1.0,9.999999747378752e-06,21.0,9.999999747378752e-06,2775000064.0,9.000000136438757e-05,4.999999980020986e-13,5.0,40.0,3.0,-3.3499999046325684,3.3499999046325684,0.5,0.0004799999878741801,292.3927001953125,492.6077880859375,-0.0036125299520790577,0.002354159951210022,0.0008944629807956517,0.013157900422811508,0.800646185874939,0.02024419978260994,2650129920.0,0.006539999973028898,0,0,0,0,0,0,0,0,0,0,0,0,0,0,0,0,0,0,0,0,0,0,0,0,0,0,0,0,0,0,0,0,0,0,0,0,0,0,0,0,0,0,0,0,0,0,0,0,0,0,0,0,0,1,4,4,0,0,0,0,0,0,0,0,2,0,0.00040334218647331,272.2325134277344,281.93560791015625,283.3681640625,284.8465270996094,286.29217529296875,288.77117919921875,289.6822814941406,290.38629150390625,290.80621337890625,290.9765319824219,290.9339904785156,290.7381286621094,290.4137268066406,290.0113830566406,289.5817565917969,289.3088073730469,289.02252197265625,288.65020751953125,288.13262939453125,287.4511413574219,286.6009826660156,285.62359619140625,284.57159423828125,283.4976806640625,282.4544677734375,0.04164751619100571,0.01954766735434532,0.7710850834846497,-0.036858875304460526,0.7576352953910828,0.7212988138198853,757.4977416992188,2.5328563424409367e-07,0.09520703554153442,0.005178585648536682,0.006564273964613676,0.006620058789849281,0.021675409749150276,1.0,-1.6815581571897805e-44,-5.529138088226318,0.0,99.17581176757812,2674.287353515625,0.946279764175415,287.8250732421875,0.0,0.0,0.0,24.20001983642578,0.0,291.70001220703125,280684.28125,-0.5378044247627258,6.112725257873535,130.28829956054688,10.0,7750000.0,8160000.0,86.12000274658203,119.0999984741211,0.5,9.999999747378752e-05,0.0,3.299999952316284,200.0,0.30000001192092896,309.20001220703125,2.439019908706541e-06,0,0,0,1,1,1,0,24,0,273.91229248046875,0.0,0.0,0.0,0.0,0.0,0.0,1.2000000476837158,0.8661518096923828,0.5090849995613098,0.345457524061203,0.0599902868270874,0.05970287322998047,0.154542475938797,0.15445539355278015,0.15729627013206482,1.0,25.0,24.0,4967987.5,4969359.5,4968155.0,270.6046142578125,270.81463623046875,270.58843994140625,276.74053955078125,277.98638916015625,276.73907470703125,4400000.0,273.6725769042969,274.4005126953125,273.66375732421875,6.13592529296875,7.1717529296875,6.150634765625,275.85382080078125,4590.62939453125,4524.845703125,4597.66455078125,9.892243385314941,9.879332542419434,9.91900634765625,29.972869873046875,0.0,0.0,0.0020000000949949026,270.6692199707031,277.15533447265625,-76.39989471435547,0.498012900352478,0.497575044631958,0.5070258378982544,234.65199279785156,39.0,40.0,42.0,41.0,0.0,0.0,4959426.5,4929641.0,52.61704635620117,5.0,0.014999999664723873,-180000.0,600.0,1000000.0,400000.0,0.17000000178813934,22000.0,786000.0,120000.0,0.0,40.0,30.0,36.810001373291016,0.5,18.399999618530273,50000.0,115692.3984375,15.113750457763672,0,0,1,0,0,0,0,9183623.0,0.0,0.0,0.0,0.0,0.0,-6206846.0,400000.0,1000000.0,1.0,1400000.0,0.0,0.20251858234405518,9193154.0,126869.6328125,9183623.0,340.30303955078125,40.007659912109375,2.0170605182647705,-6206846.0,0.0,0.0,0.0,2.005143642425537,40.007659912109375,0.0,22230.939453125,1.2010046243667603,0.0,0.0,0.0,20.0,14.711517333984375,22.0,0.0,0.0,0.0,0.05000000074505806,0.02500000037252903,0.17000000178813934,15400000.0,0.5,6.25,0.0006667000125162303,2.0,2410000.0,4140000.0,4.734799861907959,0.15000000596046448,0.20000000298023224,0.2199999988079071,1.0,0.0,-1.0,0.0,5.0,20.0,30.0,50.0,74.0,80.0,86.0,9.800000190734863,500000.0,1.0499999802959792e-07,0.5,750.0,1000.0,600.0,1000.0,1150.0,32.0,32.0,37.400001525878906,10.0,10.0,0.007000000216066837,0.5049999952316284,82.0,189.26499938964844,0.0,1.5099999904632568,231.60000610351562,20.0,36.0,16.600000381469727,16.5,225.0,-0.1756729930639267,27.5,-0.1756729930639267,30.485509872436523,0.1561516970396042,11.10221004486084,-1.8332500457763672,-75.0,4.3520002365112305,13.857000350952148,189.26499938964844,93.30000305175781,2650000.0,0.8500000238418579,7.570000171661377,1,1,1,0,0,0,0,0,0,0,0,1,3,3,0,0,1,0,0,0,0,1,0,1,1,0,0,0,1,1,1,0,0,0,0,0,0,0,0,1,0,0,0,1,0,0,1,0,0,1,12.05141544342041,29051.265625,2152.98486328125,0.00041483284439891577,0.0004361289902590215,0.0006248649442568421,0.0,0.0,0.0,0.0,0.0,0.0,0.5458073616027832,1.0,0.0,0.0,1.0,1.0,0.0,0.0,1.0,1.0,0.0,1.0,0.0,0.0,1.0,0.0,0.0,0.2213621288537979,0.28245043754577637,0.0006248649442568421,0.0,0.0006234944448806345,0.0,99998.78125,99999.0,976207.0,2410000.0,36.20000076293945,36.20000076293945,36.20000076293945,32.290767669677734,262.5201416015625,20.0,20.000003814697266,24.02347183227539,27.0,27.0,25.813905715942383,27.0,31.9298152923584,32.0,20.0,68.57752227783203,3445522.5,0.545261025428772,7.559999942779541,0.0,8.917738914489746,0.0,0.0,45.493141174316406,1.401298464324817e-45,0.0,0.0,0.5049998760223389,0.5049998760223389,0.5049998760223389,0.18937495350837708,0.18937495350837708,0.18937495350837708,0.0,15.1643648147583,15.1643648147583,15.1643648147583,0.0,0.0,9.074999809265137,0.0,0.0,0.0,0.0,0.0,0.0,100.0,73.97314453125,0.2199999988079071,0.0,20.0,45.493141174316406,0.0,0.0,0.0,0.0,0.0,0.007000000216066837,0.0,0.0,9.074999809265137,0.0,1.7323341369628906,0.0,0.946874737739563,0.0,0.0,0.0,0.0,0.0,0.0,20.0,0.0,0.0,8885326.0,0.0,0.0,0.0,0.0,0.0,0.0,0.0,0.351500004529953,18.93000030517578,23.030000686645508,7.69199959904654e-06,0.08500000089406967,0.009999999776482582,24.0,27.0,8.800000190734863,500000.0,0.05000000074505806,2.7000000013543968e-09,2.7000000013543968e-09,145100.0,120000.0,14650000.0,86400.0,17.0,34.5,48.70000076293945,321.8999938964844,83170.0,0.0,1.0,1.0,0.0010000000474974513,725.0,0.0,0.5,0.0,0.0,57.31999969482422,837142.875,9359.77734375,117376.1015625,2623.89794921875,83026.390625,725.0,1.0204100362898316e-05,740000000.0,1,0,1,0,1,1,0,0,1,0,0,8.799991607666016,27.0,5996.11962890625,0.0,0.0,0.0,0.0,2.410100221633911,0.00040190055733546615,0.0,0.046122148633003235,39.986324310302734,1.0,26110.0390625,11198.48828125,5.9905323723796755e-05,127116136.0,685908288.0,746382336.0,1955615744.0,-6.250072479248047,-672.8475952148438,-543257728.0,-1269707392.0,46.439971923828125,28.474903106689453,52.69004440307617,701.322509765625,106381.3984375,4246.48681640625,148450.9375,167942.5625,124110.0390625,86.39982604980469,39.986324310302734,39.986324310302734,1.0,5.9905323723796755e-05,11198.48828125,773692325888.0,0.20353646576404572,137600.0,137600.0,62922852.0,52.69004440307617,6717.76513671875,1.0,0.0,1700.0,250000.0,10000.0,1038.0,0.004999999888241291,400.0,5000.0,0,0,0,0,2959622.5,43.10968017578125,43.10968017578125,1216415.25,2788469.5,0.0,0.0,98328.609375,0.0043206955306231976,4938205.0,0.0,0.0,1.0,1.0,0.0043206955306231976,275.3855285644531,98.43973541259766,0.0,5957889.0,407476.1875,98.43973541259766,1.0,1.0,1.0,0.0,426.78643798828125,0.0,426.04473876953125,1.0,0.0,7680000.0,231.65219116210938,242.47113037109375,232.97845458984375,0.9994069337844849,2788469.5,283.3609619140625,86.2193603515625,1.9994069337844849,0.0,263.00469970703125,1.0,0.0,-7.5742998123168945,0.0,0.0,9.999999974752427e-07,0.0,2.0,0.0003000000142492354,0.004999999888241291,0.0010000000474974513,2.0000000233721948e-07,2.0000000233721948e-07,0.0005555999814532697,993000000.0,1.0,0.05000000074505806,0.10000000149011612,0.0005000000237487257,0.0016700000269338489,0.009999999776482582,1.0,1.0,0.0010000000474974513,4.999999873689376e-05,0.00039999998989515007,0.019999999552965164,0.9891999959945679,0.9891999959945679,0.9950000047683716,0.9950000047683716,1,0,0,0,1,1,0,0,0,0,0,0,0,0,-0.0074569773860275745,-7404778.5,5000.01171875,98328.609375,0.0,2546223.0,0.0,1.0,2569281.25,0.0,0.0,60.0,180.0,1800.0,1800.0,0.0,0.0,0.0,0.0,-0.012236599810421467,0.0,0.0,0.0,0.0,0.0,0.0,0.0,0.0,0.0,0.0,0.0,6.602997746085748e-05,0.0,7.006492321624085e-44,1,1,0,1,1,1,1,1,1,1,1,0,1,0,1,1,1,1,0,1,0,1000,31,0,1,5001,158,0.0,0.0,120.0,120.0,0.0,0.0,0.4000000059604645,0.10000000149011612,0.10000000149011612,2.0,500.0,200.0,0.9900000095367432,300000.0,5000.0,45000.0,20000.0,0.019999999552965164,2.0,0.05000000074505806,0.019999999552965164,6.0,0.05000000074505806,0.019999999552965164,0.019999999552965164,88.30000305175781,0.10000000149011612,0.800000011920929,0.05000000074505806,0.009999999776482582,50.0,50.0,340.0,340.0,1000000.0,1,0,0,0,1,1,1,1,1,1,0,0,0,1,1,0,1.0,0.0,0.0,0.0,29.044883728027344,0.0,0.0,0.0,0.9086111187934875,0.9086111187934875,0.9086111187934875,5000.01171875,4346576.5,4351576.5,50.0,27.61290168762207,0.4000000059604645,0.0,0.0,0.10000000149011612,0.12859909236431122,0.4925430119037628,22164.435546875,20.0,29.202341079711914,781151.0,20.59307289123535,2711.867919921875,721.224365234375,0.7811509966850281,0.8996235728263855,9.470453262329102,1.0,3219954.0,3303381.0,9.715826034545898,20.0,0.2785283327102661,27.852832794189453,0.0,636.4223022460938,1531.182373046875,100000.0,50000.0,1115.300048828125,50000.0,700.0,2000.0,2800000.0,3500000.0,4000000.0,9.999999747378752e-05,4.999999873689376e-05,500.0,20000.0,100.0,500.0,60000.0,1200.0,1.0,120.0,150000.0,3000.0,300.0,1.0,300.0,0.019999999552965164,0.019999999552965164,0.009999999776482582,0.009999999776482582,0.009999999776482582,0.019999999552965164,1.100000023841858,0.019999999552965164,4.0,0.019999999552965164,88.0,1613.0,0.009999999776482582,0.20000000298023224,3.0,5.0,600.0,0.0010000000474974513,88.0,88.0,2000.0,2340.0,-0.11599799990653992,-0.03561130166053772,-0.04758000001311302,-0.01752999983727932,1,1,1,0,0,1,1,147.7664337158203,147.7664337158203,0.59344482421875,0.59344482421875,0.0004152997862547636,20.59307289123535,163.58908081054688,55.541629791259766,327.0276794433594,27.659730911254883,27.659730911254883,0.111083984375,0.111083984375,61.4010009765625,2.6397783756256104,0.0,0.0,2663660.25,20.00048065185547,20.00048065185547,97.79632568359375,97.79632568359375,63009.5,63009.5,1.0501583814620972,1.0501583814620972,0.0021603477653115988,0.0021603477653115988,-20.604106903076172,-20.604106903076172,-86209.6484375,-86209.6484375,-20.603696823120117,98.09700012207031,98.6214599609375,2649045.0,20.00048065185547,20.00048065185547,165.35769653320312,165.35769653320312,99.89257049560547,99.89257049560547,417960.53125,417960.53125,0.0,60.19005584716797,60.19005584716797,120.38052368164062,155980.609375,155980.609375,1.0398707389831543,1.0398707389831543,164.7919464111328,99.89257049560547,0.0,0.0,0.0,119.61221313476562,119.61221313476562,239.22442626953125,0.0,0.0,0.0,0.0,0.0,119.61221313476562,119.61221313476562,0.026315800845623016,0.0,0.20000000298023224,0.0,0.0,0.0,0.0,0.0,0.0,0.9599996209144592,1.0,1.0,1.0,0.9999998211860657,0.9999998211860657,0.9999998211860657,190810.4375,193215.09375,0.0,5.875000953674316,17.749961853027344,5.875000953674316,7.25,12.0,10.25,296.3810119628906,297.7510070800781,29.5,-28799.22265625,10544061.0,13112496.0,0.0,0.0,0.0,0.0012028354685753584,0.0012028354685753584,0.0012028354685753584,1.0,153729.890625,0.9959999918937683,0.9959999918937683,0.9959999918937683,0.9959999918937683,0.0,4173222.5,4302791.5,212649.921875,2606300.0,4142073.25,0.004346576519310474,0.008703152649104595,296.7197570800781,7.25,12.0,10.25,0.0,0.0,0.0,0.0,0.0,0.0,55.54204559326172,296.7327880859375,142.0682830810547,142.0682830810547,142.0682830810547,0.0,0.0,0.0,3.018449306488037,0.0,0.8809086680412292,3.0182127952575684,5.0,0.0040000081062316895,0.0040000081062316895,0.0040000081062316895,0.0040000081062316895,0.0,-0.4368000030517578,0.0,603689.875,163.58908081054688,163.58908081054688,0.0,20.0,2788464.0,7.25,12.0,10.25,20.0,20.0,20.0,0.0,0.0,0.7926306128501892,0.9211652278900146,10000.0,10000.0,0.011826000176370144,1038.5,0.027953999117016792,0.0,0.0,1.0878000259399414,1.0809999704360962,9.000000136438757e-05,103.0,33.220001220703125,1.8179999589920044,0.029999999329447746,49.0,8.329999923706055,4.159999847412109,58.0,302.0,4.5,0.699999988079071,0.4000000059604645,7.5,1.3799999952316284,2.492000102996826,7000.0,48.88999938964844,1.2000000476837158,45.0,62000.0,4590000.0,4250000.0,15900000.0,15100000.0,0.05000000074505806,0.17000000178813934,0.009999999776482582,15220000.0,1.6699999570846558,312.7799987792969,1.1100000143051147,4232.0,0.25,689000.0,4030000.0,9.829999923706055,8.550000190734863,12200000.0,231.10000610351562,88.3239974975586,633.0,1.1430000066757202,0.6858000159263611,-10.0,-3.7799999713897705,0.7799999713897705,295.5,4030000.0,12400000.0,0.9200000166893005,5.0,1,0,1,228,0,0,0,0,0,1,1,1,1,1,0,1,1,1,0,0,0,0,1,1,0,0,0,1,0,0,0,0,0,0,0,0,1,0,1,8,0,0,1,0,0.006564273964613676,4967987.5,1.0877995491027832,0.0,1.3876310586929321,274.0347595214844,0.0,-0.0002994051610585302,1,1,1,0,0,0,1,1,0,0,0,0,0,581,0.20000000298023224,0.20000000298023224,0.20000000298023224,0.0,2,0,0,0,0,0,0,0,0,0,0,0,0,0,0,0,0,0,0,0,0,0,0,0,0,0,0,0,0,0,0,0,0,0,0,0,0,0,0,0,0,0,0,0,0,0,0,0,0,0,0,1,0,0,0,0,0,0,0,0,0,0,0,0,0,0,0,0,0,0,0,0,0,0,0,0,0,0,0,0,0,0,0,0,0,0,0,0,0,0,0,0,0,0,0,0,0,0,0,0,0,0,0,0,0,0,0,0,0,0,0,0,0,0,0,0,0,0,0,0,0,0,0,0,0,0,0,0,0,0,0,0,0,0,0,0,0,0,0,0,0,0,0,1,0,0,0,0,0,0,0,0,0,0,0,-1,0,0,0,0,0,0,1,1,0,0,0.6564273834228516,-5.529138088226318,0.0,-0.5378044247627258,-1.6815581571897805e-44,291.70001220703125,274.0347595214844,287.8250732421875,-0.036858875304460526,99.17581176757812,2674.287353515625,1.0877995491027832,1.3876310586929321,-1.0,17.665252685546875,6.827850029367255e-06,0.046122148633003235,100.0,27.0,0.0,7.799991607666016,4.049159526824951,1.0,1.0,39.986324310302734,0.26642945408821106,20.0,5.9905323723796755e-05,0.0,73.97314453125,1.7323341369628906,1.8179994821548462,0.00036938843550160527,0.6817498207092285,0.545261025428772,9.96131420135498,8.917738914489746,0.0,0.0,0.0,20.000003814697266,44.898040771484375,262.5201416015625,20.0,0.919405996799469,275.9803161621094,40.007659912109375,0.29459047317504883,270.70416259765625,270.93048095703125,270.72015380859375,276.8677673339844,278.1169128417969,276.8692321777344,100.0,1.7481416463851929,22.0,93.80786895751953,273.78594970703125,274.523681640625,273.794677734375,340.3033447265625,20.25185775756836,20.0924015045166,93.80786895751953,0.0,0.0,0.0,0.0,69.0582046508789,68.7861099243164,68.87332153320312,50.695552825927734,50.70784378051758,50.693843841552734,15.729626655578613,15.445539474487305,15.45424747467041,99.94651794433594,98.35579681396484,99.79249572753906,36.89999771118164,43.19999694824219,26.099998474121094,233.37066650390625,242.8719482421875,232.0264434814453,29.0,0.0,48.0,0.0,0.0,0.0,0.0,0.0,0.0,41.0,78.36749267578125,50.38993835449219,164.7919464111328,26.707536697387695,9.999999974752427e-07,2.169901132583618,0.0,98.09700012207031,0.0,721.224365234375,44.40392303466797,20.59307289123535,0.0,9.470453262329102,78.11509704589844,1.0,0.9715825915336609,20.0,0.0,60.0,120.0,0.0,120.0,0.0,0.0,0.0,0.0,18.15719223022461,89.1773910522461,2.0,200.0,0,0,0,0,0,0,0,0,0,0,0,0,99999,99999,29,403,1800,180,1800,0,0,-7,0,23,0,0,0,806,1424,29,31,32,0,1,0,1,0,1,0,0,1,0,0,0,0,0,1,0,0,0,0,1,0,0,0,1,0,0,0,1,0,0,0,0,0,0,0,0,0,0,0,0,1,0,1,0,0,1,1,0,0,1,1,0,1,0,1,0,1,1,0,0,1,1,0,0,1,0,1,0,0,1,1,0,1,0,0,0,0,1,0,1,0,1,0,0,0,1,0,0,0,0,0,0,1,0,0,1,0,1,0,0,1,1,0,1,0,0,1,0,0,0,1,0,1,1,1,0,0,1,0,0,0,0,0,1,1,1,0,0,0,0,0,0,0,1,1,1,0,1,0,1,0,1,0,0,0,0,0,0,0,0,1,1,1,1,0,1,0,1,1,1,1,1,1,1,0,0,0,0,0,0,1,0,1,1,1,1,1,1,1,1,1,1,1,1,0,0,1,1,0,0,1,1,0,1,1,0,0,1,1,1,0,0,0,0,1,1,1,1,0,1,1,1,1,0,0,1,1,0,1,0,1,1,0,1,1,1,1,1,1,1,1,0,1,0,0,0,0,0,0,0,0,0,0,1,0,0,1,0,0,0,0,0,1,1,1,1,0,0,0,1,0,0,0,0,0,1,0,0,1,0,0,0,0,0,0,0,0,0,0,0,0,1,0,0,0,0,1,0,0,1,1,0,0,0,0,0,0,0,0,0,1,0,0,0,0,0,0,1,0,1,0,1,1,0,0,0,0,0,1,1,0,0,0,0,0,0,1,0,1,0,0,1,0,0,0,0,1,0,0,0,0,0,0,0,0,0,0,0,0,0,0,0,0,0,0,0,0,0,0,0,0,0,0,0,0,0,0,0,0,0,0,0,0,0,0,0,0,0,0,0,0,0,0,0,0,0,0,0,0,0,0,1,0,1,0,0,0,0,0,1,0,0,0,0,0,0,0,0,0,0,0,0,0,0,0,1,0,0,0,0,0,0,0,0,0,0,0,0,0,0,1,0,0,0,0,0,0,0,0,0,0,1,0,0,0,0,0,0,0,0,0,0,0,0,0,0,0,0,0,0,0,0,0,0,0,0,0,0,0,1,0,0,0,0,0,0,1,1,1,0,0,0,0,0,0,-1,0,0,0,0,0,0,0,0,-1,0,0,-1,0,0,0,0,0,0,0,0,0,0,0,0,0,0,0,0,0,0,1,0,0,0,0,0,0,0,0,0,0,0,0,0,0,0,0,1,1,0,-1,-1,-1,1,1,1,0,0,0,0,1,0,0,1,1,0,0,0,0,1,0,0,0,0,0,0,0,0,0,0,0,0,0,0,0,0,0,0,0,0,0,0,0,0,0,0,0,0,0,1,1,0,1,0,1,1,0,1,0,1,1,0,1,0,0,1,0,0,0,0,0,0,0,0,0,0,0,0,0,0,0,0,0,0,0,0,0,0,0,0,0,0
0,1,1,300,228,8,8,228,114,25,1,0,0.0020000000949949026,4000.0,1.0,0.04500000178813934,25.0,48.0,8.0,291.70001220703125,1.7000000476837158,-3.179999907843012e-07,0.007360000163316727,0.008080000057816505,8.0,0.33000001311302185,0.0333000011742115,1.0,9.999999747378752e-06,21.0,9.999999747378752e-06,2775000064.0,9.000000136438757e-05,4.999999980020986e-13,5.0,40.0,3.0,-3.3499999046325684,3.3499999046325684,0.5,0.0004799999878741801,292.3927001953125,492.6077880859375,-0.0036125299520790577,0.002354159951210022,0.0008944629807956517,0.013157900422811508,0.800646185874939,0.02024419978260994,2650129920.0,0.006539999973028898,0,0,0,0,0,0,0,0,0,0,0,0,0,0,0,0,0,0,0,0,0,0,0,0,0,0,0,0,0,0,0,0,0,0,0,0,0,0,0,0,0,0,0,0,0,0,0,0,0,0,0,0,0,1,4,4,0,0,0,0,0,0,0,0,2,0,0.00040334218647331,271.9969787597656,281.6397399902344,283.06414794921875,284.5340270996094,285.9714050292969,288.4369201660156,289.34368896484375,290.0447998046875,290.4639892578125,290.6356201171875,290.5960998535156,290.40509033203125,290.08648681640625,289.69036865234375,289.2667236328125,288.99969482421875,288.71856689453125,288.35064697265625,287.83673095703125,287.15826416015625,286.310546875,285.335205078125,284.2850646972656,283.212890625,282.17156982421875,0.04186587035655975,0.01944039948284626,0.7710761427879333,-0.036818623542785645,0.7576565146446228,0.7196999192237854,745.6691284179688,2.493274280368496e-07,0.09397594630718231,0.005100157577544451,0.006455498281866312,0.006509426981210709,0.021711690351366997,1.0,-1.6815581571897805e-44,-5.536457061767578,0.0,99.17469024658203,2674.3896484375,0.9463062882423401,287.51043701171875,0.0,0.0,0.0,24.600021362304688,0.0,291.70001220703125,280684.65625,-0.5376362204551697,6.110083103179932,130.28829956054688,10.0,7750000.0,8160000.0,86.12000274658203,119.0999984741211,0.5,9.999999747378752e-05,0.0,3.299999952316284,200.0,0.30000001192092896,309.20001220703125,2.439019908706541e-06,0,0,0,1,1,1,0,24,0,273.66827392578125,0.0,0.0,0.0,0.0,0.0,0.0,1.2000000476837158,0.8661335706710815,0.5038546323776245,0.34807270765304565,0.051360130310058594,0.05076014995574951,0.15192727744579315,0.1517454981803894,0.1547202616930008,1.0,25.0,24.0,4950896.5,4952268.5,4951065.5,270.3740234375,270.58367919921875,270.35791015625,276.4843444824219,277.7268981933594,276.4827575683594,4400000.0,273.42919921875,274.1552734375,273.42034912109375,6.110321044921875,7.143218994140625,6.124847412109375,275.6021423339844,4591.3046875,4526.13330078125,4598.2734375,9.868492126464844,9.854856491088867,9.895609855651855,30.073974609375,0.0,0.0,0.0020000000949949026,270.43853759765625,276.8979797363281,-75.94226837158203,0.48951804637908936,0.48877549171447754,0.49865925312042236,233.8325653076172,39.0,40.0,42.0,41.0,0.0,0.0,4942396.0,4912607.0,52.56961441040039,5.0,0.014999999664723873,-180000.0,600.0,1000000.0,400000.0,0.17000000178813934,22000.0,786000.0,120000.0,0.0,40.0,30.0,36.810001373291016,0.5,18.399999618530273,50000.0,115692.3984375,15.113750457763672,0,0,1,0,0,0,0,9164722.0,0.0,0.0,0.0,0.0,0.0,-6225855.0,400000.0,1000000.0,1.0,1400000.0,0.0,0.2008960098028183,9174145.0,126869.6328125,9164722.0,340.30206298828125,40.007659912109375,2.0008857250213623,-6225855.0,0.0,0.0,0.0,1.9969890117645264,40.007659912109375,0.0,22230.939453125,1.2010046243667603,0.0,0.0,0.0,20.0,14.711517333984375,22.0,0.0,0.0,0.0,0.05000000074505806,0.02500000037252903,0.17000000178813934,15400000.0,0.5,6.25,0.0006667000125162303,2.0,2410000.0,4140000.0,4.734799861907959,0.15000000596046448,0.20000000298023224,0.2199999988079071,1.0,0.0,-1.0,0.0,5.0,20.0,30.0,50.0,74.0,80.0,86.0,9.800000190734863,500000.0,1.0499999802959792e-07,0.5,750.0,1000.0,600.0,1000.0,1150.0,32.0,32.0,37.400001525878906,10.0,10.0,0.007000000216066837,0.5049999952316284,82.0,189.26499938964844,0.0,1.5099999904632568,231.60000610351562,20.0,36.0,16.600000381469727,16.5,225.0,-0.1756729930639267,27.5,-0.1756729930639267,30.485509872436523,0.1561516970396042,11.10221004486084,-1.8332500457763672,-75.0,4.3520002365112305,13.857000350952148,189.26499938964844,93.30000305175781,2650000.0,0.8500000238418579,7.570000171661377,1,1,1,0,0,0,0,0,0,0,0,1,3,3,0,0,1,0,0,0,0,1,0,1,1,0,0,0,1,1,1,0,0,0,0,0,0,0,0,1,0,0,0,1,0,0,1,0,0,1,12.05141544342041,29051.265625,2152.9736328125,0.00041483284439891577,0.0004361289902590215,0.0006248649442568421,0.0,0.0,0.0,0.0,0.0,0.0,0.5461065173149109,1.0,0.0,0.0,1.0,1.0,0.0,0.0,1.0,1.0,0.0,1.0,0.0,0.0,1.0,0.0,0.0,0.2189875990152359,0.2794206142425537,0.0006248649442568421,0.0,0.000623496191110462,0.0,99998.78125,99999.0,965735.3125,2410000.0,36.20000076293945,36.20000076293945,36.20000076293945,32.28731155395508,262.28912353515625,20.0,20.000003814697266,24.02347183227539,27.0,27.0,25.813905715942383,27.0,31.92990493774414,32.0,20.0,68.57752227783203,3445504.5,0.545261025428772,7.559999942779541,0.0,8.917738914489746,0.0,0.0,45.551979064941406,1.401298464324817e-45,0.0,0.0,0.5049998760223389,0.5049998760223389,0.5049998760223389,0.18937495350837708,0.18937495350837708,0.18937495350837708,0.0,15.183977127075195,15.183977127075195,15.183977127075195,0.0,0.0,9.074999809265137,0.0,0.0,0.0,0.0,0.0,0.0,100.0,73.97314453125,0.2199999988079071,0.0,20.0,45.551979064941406,0.0,0.0,0.0,0.0,0.0,0.007000000216066837,0.0,0.0,9.074999809265137,0.0,1.7323341369628906,0.0,0.946874737739563,0.0,0.0,0.0,0.0,0.0,0.0,20.0,0.0,0.0,8866372.0,0.0,0.0,0.0,0.0,0.0,0.0,0.0,0.351500004529953,18.93000030517578,23.030000686645508,7.69199959904654e-06,0.08500000089406967,0.009999999776482582,24.0,27.0,8.800000190734863,500000.0,0.05000000074505806,2.7000000013543968e-09,2.7000000013543968e-09,145100.0,120000.0,14650000.0,86400.0,17.0,34.5,48.70000076293945,321.8999938964844,83170.0,0.0,1.0,1.0,0.0010000000474974513,725.0,0.0,0.5,0.0,0.0,57.31999969482422,837142.875,9359.77734375,117376.1015625,2623.89794921875,83026.390625,725.0,1.0204100362898316e-05,740000000.0,1,0,1,0,1,1,0,0,1,0,0,8.799991607666016,27.0,6017.19091796875,0.0,0.0,0.0,0.0,2.4185991287231445,0.0004019050975330174,0.0,0.046284228563308716,39.98622512817383,1.0,26110.0546875,11236.412109375,6.0115875385235995e-05,126679240.0,682456832.0,742812544.0,1948801024.0,-6.143241882324219,-670.4033203125,-540294528.0,-1266344192.0,46.498809814453125,28.474903106689453,52.642051696777344,698.878173828125,106381.3984375,4246.46533203125,148472.015625,167942.140625,124110.0546875,86.79981994628906,39.98622512817383,39.98622512817383,1.0,6.0115875385235995e-05,11236.412109375,772271570944.0,0.2035653442144394,137600.0,137600.0,62804588.0,52.642051696777344,6717.7333984375,1.0,0.0,1700.0,250000.0,10000.0,1038.0,0.004999999888241291,400.0,5000.0,0,0,0,0,2959622.5,42.93741226196289,42.93741226196289,1216415.25,2788470.0,0.0,0.0,98302.8515625,0.003817766672000289,4921109.5,0.0,0.0,1.0,1.0,0.003817766672000289,275.3855285644531,98.4310531616211,0.0,5957889.0,407439.3125,98.4310531616211,1.0,1.0,1.0,0.0,425.3051452636719,0.0,424.5683288574219,1.0,0.0,7680000.0,230.861328125,241.63697814941406,232.1835174560547,0.9994534254074097,2788470.0,282.35406494140625,85.87482452392578,1.9994534254074097,0.0,262.79010009765625,1.0,0.0,-7.5742998123168945,0.0,0.0,9.999999974752427e-07,0.0,2.0,0.0003000000142492354,0.004999999888241291,0.0010000000474974513,2.0000000233721948e-07,2.0000000233721948e-07,0.0005555999814532697,993000000.0,1.0,0.05000000074505806,0.10000000149011612,0.0005000000237487257,0.0016700000269338489,0.009999999776482582,1.0,1.0,0.0010000000474974513,4.999999873689376e-05,0.00039999998989515007,0.019999999552965164,0.9891999959945679,0.9891999959945679,0.9950000047683716,0.9950000047683716,1,0,0,0,1,1,0,0,0,0,0,0,0,0,-0.0074569773860275745,-7404778.5,5000.01171875,98302.8515625,0.0,2546223.0,0.0,1.0,2569281.25,0.0,0.0,60.0,180.0,1800.0,1800.0,0.0,0.0,0.0,0.0,-0.012236599810421467,0.0,0.0,0.0,0.0,0.0,0.0,0.0,0.0,0.0,0.0,0.0,6.602997746085748e-05,0.0,7.006492321624085e-44,1,1,0,1,1,1,1,1,1,1,1,0,1,0,1,1,1,1,0,1,0,1000,32,0,1,5001,160,0.0,0.0,120.0,120.0,0.0,0.0,0.4000000059604645,0.10000000149011612,0.10000000149011612,2.0,500.0,200.0,0.9900000095367432,300000.0,5000.0,45000.0,20000.0,0.019999999552965164,2.0,0.05000000074505806,0.019999999552965164,6.0,0.05000000074505806,0.019999999552965164,0.019999999552965164,88.30000305175781,0.10000000149011612,0.800000011920929,0.05000000074505806,0.009999999776482582,50.0,50.0,340.0,340.0,1000000.0,1,0,0,0,1,1,1,1,1,1,0,0,0,1,1,0,1.0,0.0,0.0,0.0,29.019081115722656,0.0,0.0,0.0,0.9083580374717712,0.9083580374717712,0.9083580374717712,5000.01171875,4350262.5,4355262.5,50.0,27.61287498474121,0.4000000059604645,0.0,0.0,0.10000000149011612,0.12815389037132263,0.4925430119037628,22164.435546875,20.0,29.202341079711914,781270.9375,20.585159301757812,2710.668212890625,721.224365234375,0.7812709212303162,0.8991760611534119,9.470426559448242,1.0,3219945.0,3303369.0,9.715790748596191,20.0,0.27855828404426575,27.8558292388916,0.0,636.4223022460938,1549.8157958984375,100000.0,50000.0,1115.300048828125,50000.0,700.0,2000.0,2800000.0,3500000.0,4000000.0,9.999999747378752e-05,4.999999873689376e-05,500.0,20000.0,100.0,500.0,60000.0,1200.0,1.0,120.0,150000.0,3000.0,300.0,1.0,300.0,0.019999999552965164,0.019999999552965164,0.009999999776482582,0.009999999776482582,0.009999999776482582,0.019999999552965164,1.100000023841858,0.019999999552965164,4.0,0.019999999552965164,88.0,1613.0,0.009999999776482582,0.20000000298023224,3.0,5.0,600.0,0.0010000000474974513,88.0,88.0,2000.0,2340.0,-0.11599799990653992,-0.03561130166053772,-0.04758000001311302,-0.01752999983727932,1,1,1,0,0,1,1,145.02210998535156,145.02210998535156,0.5824127197265625,0.5824127197265625,0.0004062195075675845,20.585159301757812,163.5789031982422,54.51038360595703,320.992431640625,27.14617156982422,27.14617156982422,0.10902023315429688,0.10902023315429688,60.13772201538086,2.4328198432922363,0.0,0.0,2663660.25,20.00048065185547,20.00048065185547,97.77835083007812,97.77835083007812,62985.47265625,62985.47265625,1.0497578382492065,1.0497578382492065,0.0019088833360001445,0.0019088833360001445,-21.226442337036133,-21.226442337036133,-88813.5625,-88813.5625,-21.226036071777344,98.03284454345703,98.52591705322266,2649046.75,20.00048065185547,20.00048065185547,165.35475158691406,165.35475158691406,99.66984558105469,99.66984558105469,417028.65625,417028.65625,0.0,59.70940399169922,59.70940399169922,119.4192123413086,155950.015625,155950.015625,1.039666771888733,1.039666771888733,164.78680419921875,99.66984558105469,0.0,0.0,0.0,119.00031280517578,119.00031280517578,238.00062561035156,0.0,0.0,0.0,0.0,0.0,119.00031280517578,119.00031280517578,0.026315800845623016,0.0,0.20000000298023224,0.0,0.0,0.0,0.0,0.0,0.0,0.9599996209144592,1.0,1.0,1.0,0.9999998211860657,0.9999998211860657,0.9999998211860657,190810.1875,193214.734375,0.0,5.875000953674316,17.749961853027344,5.875000953674316,7.25,12.0,10.25,296.3810119628906,297.7510070800781,29.5,-24499.091796875,10622552.0,13112496.0,0.0,0.0,0.0,0.001108533120714128,0.001108533120714128,0.001108533120714128,1.0,152352.28125,0.9959999918937683,0.9959999918937683,0.9959999918937683,0.9959999918937683,0.0,4180395.0,4306834.5,208109.78125,2606300.0,4152077.5,0.004350262228399515,0.008710524998605251,291.20904541015625,7.25,12.0,10.25,0.0,0.0,0.0,0.0,0.0,0.0,54.51078796386719,291.22210693359375,139.2263641357422,139.2263641357422,139.2263641357422,0.0,0.0,0.0,3.0189208984375,0.0,0.888335645198822,3.0186853408813477,5.0,0.0040000081062316895,0.0040000081062316895,0.0040000081062316895,0.0040000081062316895,0.0,-0.4368000030517578,0.0,603784.1875,163.5789031982422,163.5789031982422,0.0,20.0,2788467.75,7.25,12.0,10.25,20.0,20.0,20.0,0.0,0.0,0.7926306128501892,0.9211652278900146,10000.0,10000.0,0.011826000176370144,1038.5,0.027953999117016792,0.0,0.0,1.0878000259399414,1.0809999704360962,9.000000136438757e-05,103.0,33.220001220703125,1.8179999589920044,0.029999999329447746,49.0,8.329999923706055,4.159999847412109,58.0,302.0,4.5,0.699999988079071,0.4000000059604645,7.5,1.3799999952316284,2.492000102996826,7000.0,48.88999938964844,1.2000000476837158,45.0,62000.0,4590000.0,4250000.0,15900000.0,15100000.0,0.05000000074505806,0.17000000178813934,0.009999999776482582,15220000.0,1.6699999570846558,312.7799987792969,1.1100000143051147,4232.0,0.25,689000.0,4030000.0,9.829999923706055,8.550000190734863,12200000.0,231.10000610351562,88.3239974975586,633.0,1.1430000066757202,0.6858000159263611,-10.0,-3.7799999713897705,0.7799999713897705,295.5,4030000.0,12400000.0,0.9200000166893005,5.0,1,0,1,228,0,0,0,0,0,1,1,1,1,1,0,1,1,1,0,0,0,0,1,1,0,0,0,1,0,0,0,0,0,0,0,0,1,0,1,8,0,0,1,0,0.006455498281866312,4950896.5,1.0877995491027832,0.0,1.3920209407806396,273.7901306152344,0.0,-0.00028942557401023805,1,1,1,0,0,0,1,1,0,0,0,0,0,583,0.20000000298023224,0.20000000298023224,0.20000000298023224,0.0,2,0,0,0,0,0,0,0,0,0,0,0,0,0,0,0,0,0,0,0,0,0,0,0,0,0,0,0,0,0,0,0,0,0,0,0,0,0,0,0,0,0,0,0,0,0,0,0,0,0,0,1,0,0,0,0,0,0,0,0,0,0,0,0,0,0,0,0,0,0,0,0,0,0,0,0,0,0,0,0,0,0,0,0,0,0,0,0,0,0,0,0,0,0,0,0,0,0,0,0,0,0,0,0,0,0,0,0,0,0,0,0,0,0,0,0,0,0,0,0,0,0,0,0,0,0,0,0,0,0,0,0,0,0,0,0,0,0,0,0,0,0,0,1,0,0,0,0,0,0,0,0,0,0,0,-1,0,0,0,0,0,0,1,1,0,0,0.6455498337745667,-5.536457061767578,0.0,-0.5376362204551697,-1.6815581571897805e-44,291.70001220703125,273.7901306152344,287.51043701171875,-0.036818623542785645,99.17469024658203,2674.3896484375,1.0877995491027832,1.3920209407806396,-1.0,17.909881591796875,6.827850029367255e-06,0.046284228563308716,100.0,27.0,0.0,7.799991607666016,4.050627708435059,1.0,1.0,39.98622512817383,0.2664296329021454,20.0,6.0115875385235995e-05,0.0,73.97314453125,1.7323341369628906,1.8179994821548462,0.00036938843550160527,0.6817498207092285,0.545261025428772,9.854459762573242,8.917738914489746,0.0,0.0,0.0,20.000003814697266,44.898040771484375,262.28912353515625,20.0,0.9190082550048828,275.727783203125,40.007659912109375,0.29459047317504883,270.47308349609375,270.6990966796875,270.4891357421875,276.6107177734375,277.85650634765625,276.6121826171875,100.0,1.9103989601135254,22.0,93.61389923095703,273.5419006347656,274.2778015136719,273.5506591796875,340.30255126953125,20.089601516723633,20.010597229003906,93.61389923095703,0.0,0.0,0.0,0.0,68.89537811279297,68.61573791503906,68.70804595947266,50.52116775512695,50.533443450927734,50.51944351196289,15.472025871276855,15.17455005645752,15.192728042602539,99.95980834960938,98.3840560913086,99.8075942993164,36.89999771118164,43.19999694824219,26.099998474121094,232.5834197998047,242.03829956054688,231.23731994628906,29.0,0.0,48.0,0.0,0.0,0.0,0.0,0.0,0.0,41.0,78.36749267578125,50.21549606323242,164.78680419921875,26.614839553833008,9.999999974752427e-07,2.123573064804077,0.0,98.03284454345703,0.0,721.224365234375,44.44153594970703,20.585159301757812,0.0,9.470426559448242,78.12709045410156,1.0,0.9715790748596191,20.0,0.0,60.0,120.0,0.0,120.0,0.0,0.0,0.0,0.0,18.15719223022461,89.1773910522461,2.0,200.0,0,0,0,0,0,0,0,0,0,0,0,0,99999,99999,30,403,1800,180,1800,0,0,-7,0,23,0,0,0,806,1424,29,31,32,0,1,0,1,0,1,0,0,1,0,0,0,0,0,1,0,0,0,0,1,0,0,0,1,0,0,0,1,0,0,0,0,0,0,0,0,0,0,0,0,1,0,1,0,0,1,1,0,0,1,1,0,1,0,1,0,1,1,0,0,0,1,0,0,0,0,0,0,0,1,1,0,1,0,0,0,0,0,0,0,0,1,0,0,0,1,0,0,0,0,0,0,1,0,0,1,0,1,0,0,1,0,0,1,0,0,1,0,0,0,1,0,1,1,1,0,0,1,0,0,0,0,0,1,1,1,0,0,0,0,0,0,0,1,1,1,0,1,0,1,0,1,0,0,0,0,0,0,0,0,1,1,1,1,0,1,0,1,1,1,1,1,1,1,0,0,0,0,0,0,1,0,1,1,1,1,1,1,1,1,1,1,1,0,0,0,1,1,0,0,1,1,0,1,1,0,0,1,1,1,0,0,0,0,1,1,1,1,0,1,1,1,1,0,0,1,1,0,1,0,1,1,0,1,1,1,1,1,1,1,1,0,1,0,0,0,0,0,0,0,0,0,0,1,0,0,1,0,0,0,0,0,1,0,0,1,0,0,0,0,0,0,0,0,0,0,0,0,0,0,0,0,0,0,0,0,0,0,0,0,0,1,0,0,0,0,1,0,0,0,1,0,0,0,0,0,0,0,0,0,0,0,0,0,0,0,0,0,0,1,0,0,0,0,0,0,0,0,0,0,0,0,0,0,0,0,1,0,0,0,0,0,0,0,0,0,0,0,0,0,0,0,0,0,0,0,0,0,0,0,0,0,0,0,0,0,0,0,0,0,0,0,0,0,0,0,0,0,0,0,0,0,0,0,0,0,0,0,0,0,0,0,0,0,0,0,0,0,0,0,0,1,0,1,0,0,0,0,0,1,0,0,0,0,0,0,0,0,0,0,0,0,0,0,0,1,0,0,0,0,0,0,0,0,0,0,0,0,0,0,1,0,0,0,0,0,0,0,0,0,0,1,0,0,0,0,0,0,0,0,0,0,0,0,0,0,0,0,0,0,0,0,0,0,0,0,0,0,0,1,0,0,0,0,0,0,1,1,1,0,0,0,0,0,0,-1,0,0,0,0,0,0,0,0,-1,0,0,-1,0,0,0,0,0,0,0,0,0,0,0,0,0,0,0,0,0,0,1,0,0,0,0,0,0,0,0,0,0,0,0,0,0,0,0,1,1,0,-1,-1,-1,1,1,1,0,0,0,0,1,0,0,1,1,0,0,0,0,1,0,0,0,0,0,0,0,0,0,0,0,0,0,0,0,0,0,0,0,0,0,0,0,0,0,0,0,0,0,1,1,0,1,0,1,1,0,1,0,1,1,0,1,0,0,1,0,0,0,0,0,0,0,0,0,0,0,0,0,0,0,0,0,0,0,0,0,0,0,0,0,0
0,1,1,300,228,8,8,228,114,25,1,0,0.0020000000949949026,4000.0,1.0,0.04500000178813934,25.0,48.0,8.0,291.70001220703125,1.7000000476837158,-3.179999907843012e-07,0.007360000163316727,0.008080000057816505,8.0,0.33000001311302185,0.0333000011742115,1.0,9.999999747378752e-06,21.0,9.999999747378752e-06,2775000064.0,9.000000136438757e-05,4.999999980020986e-13,5.0,40.0,3.0,-3.3499999046325684,3.3499999046325684,0.5,0.0004799999878741801,292.3927001953125,492.6077880859375,-0.0036125299520790577,0.002354159951210022,0.0008944629807956517,0.013157900422811508,0.800646185874939,0.02024419978260994,2650129920.0,0.006539999973028898,0,0,0,0,0,0,0,0,0,0,0,0,0,0,0,0,0,0,0,0,0,0,0,0,0,0,0,0,0,0,0,0,0,0,0,0,0,0,0,0,0,0,0,0,0,0,0,0,0,0,0,0,0,1,4,4,0,0,0,0,0,0,0,0,2,0,0.0004034589510411024,271.6461181640625,281.20111083984375,282.6136779785156,284.0711669921875,285.49652099609375,287.94244384765625,288.84283447265625,289.53973388671875,289.9578552246094,290.1312561035156,290.09613037109375,289.9120788574219,289.601806640625,289.214599609375,288.7996826171875,288.5411376953125,288.26739501953125,287.9058532714844,287.3971862792969,286.72314453125,285.87908935546875,284.9068298339844,283.8594055175781,282.7898254394531,281.7512512207031,0.042189180850982666,0.019283264875411987,0.7710627317428589,-0.03677060082554817,0.7576883435249329,0.7173320651054382,728.6351318359375,2.4363461648135853e-07,0.09215891361236572,0.004985812120139599,0.006298882886767387,0.006350324023514986,0.02175997383892536,1.0,-1.6815581571897805e-44,-5.54720401763916,0.0,99.17295837402344,2674.54296875,0.9463460445404053,287.0442199707031,0.0,0.0,0.0,25.200023651123047,0.0,291.70001220703125,280685.21875,-0.5373905301094055,6.106114387512207,130.28829956054688,10.0,7750000.0,8160000.0,86.12000274658203,119.0999984741211,0.5,9.999999747378752e-05,0.0,3.299999952316284,200.0,0.30000001192092896,309.20001220703125,2.439019908706541e-06,0,0,0,1,1,1,0,24,0,273.30487060546875,0.0,0.0,0.0,0.0,0.0,0.0,1.2000000476837158,0.8661062121391296,0.49601995944976807,0.3519900441169739,0.038432955741882324,0.0373762845993042,0.14800995588302612,0.14768974483013153,0.15086235105991364,1.0,25.0,24.0,4925483.0,4926852.5,4925650.5,270.03033447265625,270.23931884765625,270.01397705078125,276.1029052734375,277.3411865234375,276.10150146484375,4400000.0,273.0666198730469,273.7902526855469,273.0577392578125,6.07257080078125,7.10186767578125,6.0875244140625,275.22747802734375,4592.2861328125,4528.0537109375,4599.18359375,9.83293342590332,9.818236351013184,9.860580444335938,30.2254638671875,0.0,0.0,0.0020000000949949026,270.09454345703125,276.51519775390625,-75.25567626953125,0.4767953157424927,0.4756072759628296,0.4861297607421875,232.60784912109375,39.0,40.0,42.0,41.0,0.0,0.0,4917064.5,4887267.5,52.50117874145508,5.0,0.014999999664723873,-180000.0,600.0,1000000.0,400000.0,0.17000000178813934,22000.0,786000.0,120000.0,0.0,40.0,30.0,36.810001373291016,0.5,18.399999618530273,50000.0,115692.3984375,15.113750457763672,0,0,1,0,0,0,0,9136770.0,0.0,0.0,0.0,0.0,0.0,-6253965.0,400000.0,1000000.0,1.0,1400000.0,0.0,0.19848114252090454,9146035.0,126869.6328125,9136770.0,340.30059814453125,40.007659912109375,1.9768128395080566,-6253965.0,0.0,0.0,0.0,1.9848523139953613,40.007659912109375,0.0,22230.939453125,1.2010046243667603,0.0,0.0,0.0,20.0,14.711517333984375,22.0,0.0,0.0,0.0,0.05000000074505806,0.02500000037252903,0.17000000178813934,15400000.0,0.5,6.25,0.0006667000125162303,2.0,2410000.0,4140000.0,4.734799861907959,0.15000000596046448,0.20000000298023224,0.2199999988079071,1.0,0.0,-1.0,0.0,5.0,20.0,30.0,50.0,74.0,80.0,86.0,9.800000190734863,500000.0,1.0499999802959792e-07,0.5,750.0,1000.0,600.0,1000.0,1150.0,32.0,32.0,37.400001525878906,10.0,10.0,0.007000000216066837,0.5049999952316284,82.0,189.26499938964844,0.0,1.5099999904632568,231.60000610351562,20.0,36.0,16.600000381469727,16.5,225.0,-0.1756729930639267,27.5,-0.1756729930639267,30.485509872436523,0.1561516970396042,11.10221004486084,-1.8332500457763672,-75.0,4.3520002365112305,13.857000350952148,189.26499938964844,93.30000305175781,2650000.0,0.8500000238418579,7.570000171661377,1,1,1,0,0,0,0,0,0,0,0,1,3,3,0,0,1,0,0,0,0,1,0,1,1,0,0,0,1,1,1,0,0,0,0,0,0,0,0,1,0,0,0,1,0,0,1,0,0,1,12.05141544342041,29051.265625,2152.956787109375,0.00041483284439891577,0.0004361289902590215,0.0006248649442568421,0.0,0.0,0.0,0.0,0.0,0.0,0.5466036796569824,1.0,0.0,0.0,1.0,1.0,0.0,0.0,1.0,1.0,0.0,1.0,0.0,0.0,1.0,0.0,0.0,0.2154735028743744,0.2749367356300354,0.0006248649442568421,0.0,0.0006234988104552031,0.0,99998.78125,99999.0,950238.125,2410000.0,36.20000076293945,36.20000076293945,36.20000076293945,32.282127380371094,261.94451904296875,20.0,20.000003814697266,24.02347183227539,27.0,27.0,25.813905715942383,27.0,31.930038452148438,32.0,20.0,68.57752227783203,3445477.5,0.5454188585281372,7.559999942779541,0.0,8.917581558227539,0.0,0.0,45.638671875,1.401298464324817e-45,0.0,0.0,0.5049998760223389,0.5049998760223389,0.5049998760223389,0.18937495350837708,0.18937495350837708,0.18937495350837708,0.0,15.212874412536621,15.212874412536621,15.212874412536621,0.0,0.0,9.074999809265137,0.0,0.0,0.0,0.0,0.0,0.0,100.0,73.97314453125,0.2199999988079071,0.0,20.0,45.638671875,0.0,0.0,0.0,0.0,0.0,0.007000000216066837,0.0,0.0,9.074999809265137,0.0,1.7323341369628906,0.0,0.946874737739563,0.0,0.0,0.0,0.0,0.0,0.0,20.0,0.0,0.0,8838369.0,0.0,0.0,0.0,0.0,0.0,0.0,0.0,0.351500004529953,18.93000030517578,23.030000686645508,7.69199959904654e-06,0.08500000089406967,0.009999999776482582,24.0,27.0,8.800000190734863,500000.0,0.05000000074505806,2.7000000013543968e-09,2.7000000013543968e-09,145100.0,120000.0,14650000.0,86400.0,17.0,34.5,48.70000076293945,321.8999938964844,83170.0,0.0,1.0,1.0,0.0010000000474974513,725.0,0.0,0.5,0.0,0.0,57.31999969482422,837142.875,9359.77734375,117376.1015625,2623.89794921875,83026.390625,725.0,1.0204100362898316e-05,740000000.0,1,0,1,0,1,1,0,0,1,0,0,8.799991607666016,27.0,6048.76220703125,0.0,0.0,0.0,0.0,2.4313342571258545,0.00040191193693317473,0.0,0.04652707651257515,39.9859504699707,1.0,26110.015625,11293.2421875,6.043134635547176e-05,126037584.0,677409408.0,737591744.0,1938744832.0,-5.987270355224609,-666.7973022460938,-535970688.0,-1261335168.0,46.58549880981445,28.474903106689453,52.57276916503906,695.272216796875,106381.3984375,4246.40380859375,148503.65625,167940.984375,124110.015625,87.39981079101562,39.9859504699707,39.9859504699707,1.0,6.043134635547176e-05,11293.2421875,770172452864.0,0.2036086916923523,137600.0,137600.0,62631176.0,52.57276916503906,6717.64404296875,1.0,0.0,1700.0,250000.0,10000.0,1038.0,0.004999999888241291,400.0,5000.0,0,0,0,0,2959622.5,42.6802978515625,42.6802978515625,1216415.25,2788467.75,0.0,0.0,98267.9375,0.00317097594961524,4895690.5,0.0,0.0,1.0,1.0,0.00317097594961524,275.3855285644531,98.41928100585938,0.0,5957889.0,407389.375,98.41928100585938,1.0,1.0,1.0,0.0,423.1022033691406,0.0,422.3730773925781,1.0,0.0,7680000.0,229.6937713623047,240.40122985839844,231.00865173339844,0.9995163679122925,2788467.75,280.8841552734375,85.360595703125,1.9995163679122925,0.0,262.4698181152344,1.0,0.0,-7.5742998123168945,0.0,0.0,9.999999974752427e-07,0.0,2.0,0.0003000000142492354,0.004999999888241291,0.0010000000474974513,2.0000000233721948e-07,2.0000000233721948e-07,0.0005555999814532697,993000000.0,1.0,0.05000000074505806,0.10000000149011612,0.0005000000237487257,0.0016700000269338489,0.009999999776482582,1.0,1.0,0.0010000000474974513,4.999999873689376e-05,0.00039999998989515007,0.019999999552965164,0.9891999959945679,0.9891999959945679,0.9950000047683716,0.9950000047683716,1,0,0,0,1,1,0,0,0,0,0,0,0,0,-0.0074569773860275745,-7404778.5,5000.01171875,98267.9375,0.0,2546223.0,0.0,1.0,2569281.25,0.0,0.0,60.0,180.0,1800.0,1800.0,0.0,0.0,0.0,0.0,-0.012236599810421467,0.0,0.0,0.0,0.0,0.0,0.0,0.0,0.0,0.0,0.0,0.0,6.602997746085748e-05,0.0,7.006492321624085e-44,1,1,0,1,1,1,1,1,1,1,1,0,1,0,1,1,1,1,0,1,0,1000,32,0,1,5001,163,0.0,0.0,120.0,120.0,0.0,0.0,0.4000000059604645,0.10000000149011612,0.10000000149011612,2.0,500.0,200.0,0.9900000095367432,300000.0,5000.0,45000.0,20000.0,0.019999999552965164,2.0,0.05000000074505806,0.019999999552965164,6.0,0.05000000074505806,0.019999999552965164,0.019999999552965164,88.30000305175781,0.10000000149011612,0.800000011920929,0.05000000074505806,0.009999999776482582,50.0,50.0,340.0,340.0,1000000.0,1,0,0,0,1,1,1,1,1,1,0,0,0,1,1,0,1.0,0.0,0.0,0.0,28.98238182067871,0.0,0.0,0.0,0.9079727530479431,0.9079727530479431,0.9079727530479431,5000.01171875,4355623.5,4360623.5,50.0,27.612834930419922,0.4000000059604645,0.0,0.0,0.10000000149011612,0.12749193608760834,0.4925430119037628,22164.435546875,20.0,29.202341079711914,781453.1875,20.573772430419922,2708.94140625,721.224365234375,0.7814531922340393,0.898497998714447,9.470386505126953,1.0,3219931.5,3303351.0,9.715738296508789,20.0,0.27860376238822937,27.860376358032227,0.0,636.4223022460938,1577.7650146484375,100000.0,50000.0,1115.300048828125,50000.0,700.0,2000.0,2800000.0,3500000.0,4000000.0,9.999999747378752e-05,4.999999873689376e-05,500.0,20000.0,100.0,500.0,60000.0,1200.0,1.0,120.0,150000.0,3000.0,300.0,1.0,300.0,0.019999999552965164,0.019999999552965164,0.009999999776482582,0.009999999776482582,0.009999999776482582,0.019999999552965164,1.100000023841858,0.019999999552965164,4.0,0.019999999552965164,88.0,1613.0,0.009999999776482582,0.20000000298023224,3.0,5.0,600.0,0.0010000000474974513,88.0,88.0,2000.0,2340.0,-0.11599799990653992,-0.03561130166053772,-0.04758000001311302,-0.01752999983727932,1,1,1,0,0,1,1,140.99473571777344,140.99473571777344,0.5662384033203125,0.5662384033203125,0.00039326882688328624,20.573772430419922,163.5636749267578,53.039573669433594,312.1349182128906,26.413707733154297,26.413707733154297,0.1060791015625,0.1060791015625,58.33597946166992,2.1524033546447754,0.0,0.0,2663660.25,20.00048065185547,20.00048065185547,97.75375366210938,97.75375366210938,62949.7890625,62949.7890625,1.0491631031036377,1.0491631031036377,0.00158548797480762,0.00158548797480762,-22.11188316345215,-22.11188316345215,-92518.3359375,-92518.3359375,-22.111482620239258,97.9435043334961,98.3929443359375,2649045.25,20.00048065185547,20.00048065185547,165.34689331054688,165.34689331054688,99.35607147216797,99.35607147216797,415715.78125,415715.78125,0.0,58.995723724365234,58.995723724365234,117.9918441772461,155904.453125,155904.453125,1.0393630266189575,1.0393630266189575,164.77911376953125,99.35607147216797,0.0,0.0,0.0,118.08908081054688,118.08908081054688,236.17816162109375,0.0,0.0,0.0,0.0,0.0,118.08908081054688,118.08908081054688,0.026315800845623016,0.0,0.20000000298023224,0.0,0.0,0.0,0.0,0.0,0.0,0.9599996209144592,1.0,1.0,1.0,0.9999998211860657,0.9999998211860657,0.9999998211860657,190809.78125,193214.234375,0.0,5.875000953674316,17.749961853027344,5.875000953674316,7.25,12.0,10.25,296.3810119628906,297.7510070800781,29.5,-18382.740234375,10734384.0,13112496.0,0.0,0.0,0.0,0.0009807590395212173,0.0009807590395212173,0.0009807590395212173,1.0,150378.1875,0.9959999918937683,0.9959999918937683,0.9959999918937683,0.9959999918937683,0.0,4190890.75,4312835.0,201634.4375,2606300.0,4167003.25,0.004355623386800289,0.008721246384084225,283.1219482421875,7.25,12.0,10.25,0.0,0.0,0.0,0.0,0.0,0.0,53.03996658325195,283.1350402832031,135.01210021972656,135.01210021972656,135.01210021972656,0.0,0.0,0.0,3.019624710083008,0.0,0.8998291492462158,3.01939058303833,5.0,0.0040000081062316895,0.0040000081062316895,0.0040000081062316895,0.0040000081062316895,0.0,-0.4368000030517578,0.0,603924.9375,163.5636749267578,163.5636749267578,0.0,20.0,2788470.0,7.25,12.0,10.25,20.0,20.0,20.0,0.0,0.0,0.7926306128501892,0.9211652278900146,10000.0,10000.0,0.011826000176370144,1038.5,0.027953999117016792,0.0,0.0,1.0878000259399414,1.0809999704360962,9.000000136438757e-05,103.0,33.220001220703125,1.8179999589920044,0.029999999329447746,49.0,8.329999923706055,4.159999847412109,58.0,302.0,4.5,0.699999988079071,0.4000000059604645,7.5,1.3799999952316284,2.492000102996826,7000.0,48.88999938964844,1.2000000476837158,45.0,62000.0,4590000.0,4250000.0,15900000.0,15100000.0,0.05000000074505806,0.17000000178813934,0.009999999776482582,15220000.0,1.6699999570846558,312.7799987792969,1.1100000143051147,4232.0,0.25,689000.0,4030000.0,9.829999923706055,8.550000190734863,12200000.0,231.10000610351562,88.3239974975586,633.0,1.1430000066757202,0.6858000159263611,-10.0,-3.7799999713897705,0.7799999713897705,295.5,4030000.0,12400000.0,0.9200000166893005,5.0,1,0,1,228,0,0,0,0,0,1,1,1,1,1,0,1,1,1,0,0,0,0,1,1,0,0,0,1,0,0,0,0,0,0,0,0,1,0,1,8,0,0,1,0,0.006298882886767387,4925483.0,1.0877995491027832,0.0,1.3985803127288818,273.4256896972656,0.0,-0.0002752819564193487,1,1,1,0,0,0,1,1,0,0,0,0,0,586,0.20000000298023224,0.20000000298023224,0.20000000298023224,0.0,2,0,0,0,0,0,0,0,0,0,0,0,0,0,0,0,0,0,0,0,0,0,0,0,0,0,0,0,0,0,0,0,0,0,0,0,0,0,0,0,0,0,0,0,0,0,0,0,0,0,0,1,0,0,0,0,0,0,0,0,0,0,0,0,0,0,0,0,0,0,0,0,0,0,0,0,0,0,0,0,0,0,0,0,0,0,0,0,0,0,0,0,0,0,0,0,0,0,0,0,0,0,0,0,0,0,0,0,0,0,0,0,0,0,0,0,0,0,0,0,0,0,0,0,0,0,0,0,0,0,0,0,0,0,0,0,0,0,0,0,0,0,0,1,0,0,0,0,0,0,0,0,0,0,0,-1,0,0,0,0,0,0,1,1,0,0,0.6298882961273193,-5.54720401763916,0.0,-0.5373905301094055,-1.6815581571897805e-44,291.70001220703125,273.4256896972656,287.0442199707031,-0.03677060082554817,99.17295837402344,2674.54296875,1.0877995491027832,1.3985803127288818,-1.0,18.274322509765625,6.827850029367255e-06,0.04652707651257515,100.0,27.0,0.0,7.799991607666016,4.052818775177002,1.0,1.0,39.9859504699707,0.26642921566963196,20.0,6.043134635547176e-05,0.0,73.97314453125,1.7323341369628906,1.8179994821548462,0.00036938843550160527,0.6817498207092285,0.5454188585281372,9.696325302124023,8.917581558227539,0.0,0.0,0.0,20.000003814697266,44.898040771484375,261.94451904296875,20.0,0.918411374092102,275.3519287109375,40.007659912109375,0.29459047317504883,270.12841796875,270.3538818359375,270.14453125,276.228271484375,277.46929931640625,276.22967529296875,100.0,2.151885509490967,22.0,93.32705688476562,273.1783447265625,273.9115905761719,273.1871032714844,340.3011474609375,19.848114013671875,19.88884925842285,93.32705688476562,0.0,0.0,0.0,0.0,68.651611328125,68.36080169677734,68.46057891845703,50.26183319091797,50.27409744262695,50.26012420654297,15.086235046386719,14.768974304199219,14.800995826721191,99.97957611083984,98.42601776123047,99.82927703857422,36.89999771118164,43.19999694824219,26.099998474121094,231.38882446289062,240.7839813232422,230.0556640625,29.0,0.0,48.0,0.0,0.0,0.0,0.0,0.0,0.0,41.0,78.36749267578125,49.95611572265625,164.77911376953125,26.476985931396484,9.999999974752427e-07,2.057497978210449,0.0,97.9435043334961,0.0,721.224365234375,44.496238708496094,20.573772430419922,0.0,9.470386505126953,78.14531707763672,1.0,0.9715738296508789,20.0,0.0,60.0,120.0,0.0,120.0,0.0,0.0,0.0,0.0,18.162446975708008,89.17581176757812,2.0,200.0,0,0,0,0,0,0,0,0,0,0,0,0,99999,99999,30,403,1800,180,1800,0,0,-7,0,23,0,0,0,806,1424,29,31,32,0,1,0,1,0,1,0,0,1,0,0,0,0,0,1,0,0,0,0,1,0,0,0,1,0,0,0,1,0,0,0,0,0,0,0,0,0,0,0,0,1,0,1,0,0,1,1,0,0,1,1,0,1,0,1,0,1,1,0,0,0,1,0,0,0,0,0,0,0,1,1,0,1,0,0,0,0,0,0,0,0,1,0,0,0,1,0,0,0,0,0,0,1,0,0,1,0,1,0,0,1,0,0,1,0,0,1,0,0,0,1,0,1,1,1,0,0,1,0,0,0,0,0,1,1,1,0,0,0,0,0,0,0,1,1,1,0,1,0,1,0,1,0,0,0,0,0,0,0,0,1,1,1,1,0,1,0,1,1,1,1,1,1,1,0,0,0,0,0,0,1,0,1,1,1,1,1,1,1,1,1,1,1,0,0,0,1,1,0,0,1,1,0,1,1,0,0,1,1,1,0,0,0,0,1,1,1,1,0,1,1,1,1,0,0,1,1,0,1,0,1,1,0,1,1,1,1,1,1,1,1,0,1,0,0,0,0,0,0,0,0,0,0,1,0,0,1,0,0,0,0,0,0,0,0,0,0,0,0,0,0,0,0,0,0,0,0,0,0,0,0,0,0,0,0,0,0,0,0,0,0,0,0,0,0,0,0,0,0,0,0,0,0,0,0,0,0,0,0,0,0,0,0,0,0,0,0,0,0,0,0,0,0,0,0,0,0,0,0,0,0,0,0,0,0,0,0,0,0,0,0,0,0,0,0,0,0,0,0,0,0,0,0,0,0,0,0,0,0,0,0,0,0,0,0,0,0,0,0,0,0,0,0,0,0,0,0,0,0,0,0,0,0,0,0,0,0,0,0,0,0,0,0,0,0,0,0,0,0,0,0,1,0,1,0,0,0,0,0,1,0,0,0,0,0,0,0,0,0,0,0,0,0,0,0,1,0,0,0,0,0,0,0,0,0,0,0,0,0,0,1,0,0,0,0,0,0,0,0,0,0,1,0,0,0,0,0,0,0,0,0,0,0,0,0,0,0,0,0,0,0,0,0,0,0,0,0,0,0,1,0,0,0,0,0,0,1,1,1,0,0,0,0,0,0,-1,0,0,0,0,0,0,0,0,-1,0,0,-1,0,0,0,0,0,0,0,0,0,0,0,0,0,0,0,0,0,0,1,0,0,0,0,0,0,0,0,0,0,0,0,0,0,0,0,1,1,0,-1,-1,-1,1,1,1,0,0,0,0,1,0,0,1,1,0,0,0,0,1,0,0,0,0,0,0,0,0,0,0,0,0,0,0,0,0,0,0,0,0,0,0,0,0,0,0,0,0,0,1,1,0,1,0,1,1,0,1,0,1,1,0,1,0,0,1,0,0,0,0,0,0,0,0,0,0,0,0,0,0,0,0,0,0,0,0,0,0,0,0,0,0
0,1,1,300,228,8,8,228,114,25,1,0,0.0020000000949949026,4000.0,1.0,0.04500000178813934,25.0,48.0,8.0,291.70001220703125,1.7000000476837158,-3.179999907843012e-07,0.007360000163316727,0.008080000057816505,8.0,0.33000001311302185,0.0333000011742115,1.0,9.999999747378752e-06,21.0,9.999999747378752e-06,2775000064.0,9.000000136438757e-05,4.999999980020986e-13,5.0,40.0,3.0,-3.3499999046325684,3.3499999046325684,0.5,0.0004799999878741801,292.3927001953125,492.6077880859375,-0.0036125299520790577,0.002354159951210022,0.0008944629807956517,0.013157900422811508,0.800646185874939,0.02024419978260994,2650129920.0,0.006539999973028898,0,0,0,0,0,0,0,0,0,0,0,0,0,0,0,0,0,0,0,0,0,0,0,0,0,0,0,0,0,0,0,0,0,0,0,0,0,0,0,0,0,0,0,0,0,0,0,0,0,0,0,0,0,1,4,4,0,0,0,0,0,0,0,0,2,0,0.0004034589510411024,271.29791259765625,280.76849365234375,282.1695861816406,283.61517333984375,285.0289611816406,287.4559020996094,288.35015869140625,289.04296875,289.46002197265625,289.635009765625,289.60406494140625,289.4266052246094,289.12432861328125,288.74560546875,288.3388977050781,288.0884094238281,287.82177734375,287.46624755859375,286.9626770019531,286.29290771484375,285.4524230957031,284.48321533203125,283.43853759765625,282.37164306640625,281.3358154296875,0.0425075963139534,0.019133277237415314,0.7710493206977844,-0.03671068698167801,0.7577201724052429,0.7150002717971802,712.35791015625,2.3818878958081768e-07,0.09037680178880692,0.004878188017755747,0.0061496649868786335,0.006198571063578129,0.02181384712457657,1.0,-1.6815581571897805e-44,-5.557708263397217,0.0,99.17124938964844,2674.6953125,0.9463858008384705,286.5843811035156,0.0,0.0,0.0,25.800025939941406,0.0,291.70001220703125,280685.78125,-0.5371477603912354,6.1021575927734375,130.28829956054688,10.0,7750000.0,8160000.0,86.12000274658203,119.0999984741211,0.5,9.999999747378752e-05,0.0,3.299999952316284,200.0,0.30000001192092896,309.20001220703125,2.439019908706541e-06,0,0,0,1,1,1,0,24,0,272.944580078125,0.0,0.0,0.0,0.0,0.0,0.0,1.2000000476837158,0.8660788536071777,0.4882016181945801,0.35589921474456787,0.02553260326385498,0.02403247356414795,0.14410077035427094,0.14364619553089142,0.14701266586780548,1.0,25.0,24.0,4900317.0,4901684.5,4900486.5,269.6890869140625,269.8974609375,269.672607421875,275.7252502441406,276.9591369628906,275.7240295410156,4400000.0,272.7071533203125,273.42828369140625,272.69830322265625,6.036163330078125,7.061676025390625,6.051422119140625,274.8562316894531,4593.24853515625,4529.94677734375,4600.09619140625,9.797460556030273,9.781732559204102,9.825641632080078,30.376251220703125,0.0,0.0,0.0020000000949949026,269.7530517578125,276.1361389160156,-74.6259536743164,0.46409928798675537,0.4624793529510498,0.47362756729125977,231.38987731933594,39.0,40.0,42.0,41.0,0.0,0.0,4891983.5,4862182.5,52.43521499633789,5.0,0.014999999664723873,-180000.0,600.0,1000000.0,400000.0,0.17000000178813934,22000.0,786000.0,120000.0,0.0,40.0,30.0,36.810001373291016,0.5,18.399999618530273,50000.0,115692.3984375,15.113750457763672,0,0,1,0,0,0,0,9109282.0,0.0,0.0,0.0,0.0,0.0,-6281603.0,400000.0,1000000.0,1.0,1400000.0,0.0,0.1960887759923935,9118397.0,126869.6328125,9109282.0,340.29937744140625,40.007659912109375,1.9529609680175781,-6281603.0,0.0,0.0,0.0,1.9728271961212158,40.007659912109375,0.0,22230.939453125,1.2010046243667603,0.0,0.0,0.0,20.0,14.711517333984375,22.0,0.0,0.0,0.0,0.05000000074505806,0.02500000037252903,0.17000000178813934,15400000.0,0.5,6.25,0.0006667000125162303,2.0,2410000.0,4140000.0,4.734799861907959,0.15000000596046448,0.20000000298023224,0.2199999988079071,1.0,0.0,-1.0,0.0,5.0,20.0,30.0,50.0,74.0,80.0,86.0,9.800000190734863,500000.0,1.0499999802959792e-07,0.5,750.0,1000.0,600.0,1000.0,1150.0,32.0,32.0,37.400001525878906,10.0,10.0,0.007000000216066837,0.5049999952316284,82.0,189.26499938964844,0.0,1.5099999904632568,231.60000610351562,20.0,36.0,16.600000381469727,16.5,225.0,-0.1756729930639267,27.5,-0.1756729930639267,30.485509872436523,0.1561516970396042,11.10221004486084,-1.8332500457763672,-75.0,4.3520002365112305,13.857000350952148,189.26499938964844,93.30000305175781,2650000.0,0.8500000238418579,7.570000171661377,1,1,1,0,0,0,0,0,0,0,0,1,3,3,0,0,1,0,0,0,0,1,0,1,1,0,0,0,1,1,1,0,0,0,0,0,0,0,0,1,0,0,0,1,0,0,1,0,0,1,12.05141544342041,29051.265625,2152.93994140625,0.00041483284439891577,0.0004361289902590215,0.0006248649442568421,0.0,0.0,0.0,0.0,0.0,0.0,0.5471584796905518,1.0,0.0,0.0,1.0,1.0,0.0,0.0,1.0,1.0,0.0,1.0,0.0,0.0,1.0,0.0,0.0,0.2120157778263092,0.270524799823761,0.0006248649442568421,0.0,0.0006235013133846223,0.0,99998.78125,99999.0,934989.5625,2410000.0,36.20000076293945,36.20000076293945,36.20000076293945,32.27694320678711,261.6024169921875,20.0,20.000003814697266,24.02347183227539,27.0,27.0,25.813905715942383,27.0,31.93016815185547,32.0,20.0,68.57752227783203,3445449.75,0.5454188585281372,7.559999942779541,0.0,8.917581558227539,0.0,0.0,45.723567962646484,1.401298464324817e-45,0.0,0.0,0.5049998760223389,0.5049998760223389,0.5049998760223389,0.18937495350837708,0.18937495350837708,0.18937495350837708,0.0,15.24117374420166,15.24117374420166,15.24117374420166,0.0,0.0,9.074999809265137,0.0,0.0,0.0,0.0,0.0,0.0,100.0,73.97314453125,0.2199999988079071,0.0,20.0,45.723567962646484,0.0,0.0,0.0,0.0,0.0,0.007000000216066837,0.0,0.0,9.074999809265137,0.0,1.7323341369628906,0.0,0.946874737739563,0.0,0.0,0.0,0.0,0.0,0.0,20.0,0.0,0.0,8810795.0,0.0,0.0,0.0,0.0,0.0,0.0,0.0,0.351500004529953,18.93000030517578,23.030000686645508,7.69199959904654e-06,0.08500000089406967,0.009999999776482582,24.0,27.0,8.800000190734863,500000.0,0.05000000074505806,2.7000000013543968e-09,2.7000000013543968e-09,145100.0,120000.0,14650000.0,86400.0,17.0,34.5,48.70000076293945,321.8999938964844,83170.0,0.0,1.0,1.0,0.0010000000474974513,725.0,0.0,0.5,0.0,0.0,57.31999969482422,837142.875,9359.77734375,117376.1015625,2623.89794921875,83026.390625,725.0,1.0204100362898316e-05,740000000.0,1,0,1,0,1,1,0,0,1,0,0,8.799991607666016,27.0,6080.29248046875,0.0,0.0,0.0,0.0,2.4440553188323975,0.0004019189509563148,0.0,0.046769607812166214,39.985530853271484,1.0,26109.953125,11350.005859375,6.074640987208113e-05,125421032.0,672522240.0,732534912.0,1928707840.0,-5.8354949951171875,-663.198974609375,-531770400.0,-1256185472.0,46.6703987121582,28.474903106689453,52.50589370727539,691.6739501953125,106381.3984375,4246.31298828125,148535.28125,167939.234375,124109.953125,87.99980163574219,39.985530853271484,39.985530853271484,1.0,6.074640987208113e-05,11350.005859375,768111804416.0,0.20365197956562042,137600.0,137600.0,62461544.0,52.50589370727539,6717.50830078125,1.0,0.0,1700.0,250000.0,10000.0,1038.0,0.004999999888241291,400.0,5000.0,0,0,0,0,2959622.5,42.42472839355469,42.42472839355469,1216415.25,2788462.25,0.0,0.0,98237.0546875,0.0026337618473917246,4870518.0,0.0,0.0,1.0,1.0,0.0026337618473917246,275.3855285644531,98.40886688232422,0.0,5957889.0,407345.15625,98.40886688232422,1.0,1.0,1.0,0.0,420.92120361328125,0.0,420.1991271972656,1.0,0.0,7680000.0,228.52389526367188,239.16757202148438,229.83338928222656,0.9995721578598022,2788462.25,279.4017639160156,84.84945678710938,1.9995721578598022,0.0,262.15155029296875,1.0,0.0,-7.5742998123168945,0.0,0.0,9.999999974752427e-07,0.0,2.0,0.0003000000142492354,0.004999999888241291,0.0010000000474974513,2.0000000233721948e-07,2.0000000233721948e-07,0.0005555999814532697,993000000.0,1.0,0.05000000074505806,0.10000000149011612,0.0005000000237487257,0.0016700000269338489,0.009999999776482582,1.0,1.0,0.0010000000474974513,4.999999873689376e-05,0.00039999998989515007,0.019999999552965164,0.9891999959945679,0.9891999959945679,0.9950000047683716,0.9950000047683716,1,0,0,0,1,1,0,0,0,0,0,0,0,0,-0.0074569773860275745,-7404778.5,5000.01171875,98237.0546875,0.0,2546223.0,0.0,1.0,2569281.25,0.0,0.0,60.0,180.0,1800.0,1800.0,0.0,0.0,0.0,0.0,-0.012236599810421467,0.0,0.0,0.0,0.0,0.0,0.0,0.0,0.0,0.0,0.0,0.0,6.602997746085748e-05,0.0,7.006492321624085e-44,1,1,0,1,1,1,1,1,1,1,1,0,1,0,1,1,1,1,0,1,0,1000,33,0,1,5001,166,0.0,0.0,120.0,120.0,0.0,0.0,0.4000000059604645,0.10000000149011612,0.10000000149011612,2.0,500.0,200.0,0.9900000095367432,300000.0,5000.0,45000.0,20000.0,0.019999999552965164,2.0,0.05000000074505806,0.019999999552965164,6.0,0.05000000074505806,0.019999999552965164,0.019999999552965164,88.30000305175781,0.10000000149011612,0.800000011920929,0.05000000074505806,0.009999999776482582,50.0,50.0,340.0,340.0,1000000.0,1,0,0,0,1,1,1,1,1,1,0,0,0,1,1,0,1.0,0.0,0.0,0.0,28.94795799255371,0.0,0.0,0.0,0.9075812697410583,0.9075812697410583,0.9075812697410583,5000.01171875,4358049.5,4363049.5,50.0,27.612794876098633,0.4000000059604645,0.0,0.0,0.10000000149011612,0.1268364042043686,0.4925430119037628,22164.435546875,20.0,29.202341079711914,781638.0625,20.56294059753418,2707.29931640625,721.224365234375,0.7816380858421326,0.8978133201599121,9.470346450805664,1.0,3219918.0,3303333.0,9.715685844421387,20.0,0.27865031361579895,27.865032196044922,0.0,636.4223022460938,1605.713134765625,100000.0,50000.0,1115.300048828125,50000.0,700.0,2000.0,2800000.0,3500000.0,4000000.0,9.999999747378752e-05,4.999999873689376e-05,500.0,20000.0,100.0,500.0,60000.0,1200.0,1.0,120.0,150000.0,3000.0,300.0,1.0,300.0,0.019999999552965164,0.019999999552965164,0.009999999776482582,0.009999999776482582,0.009999999776482582,0.019999999552965164,1.100000023841858,0.019999999552965164,4.0,0.019999999552965164,88.0,1613.0,0.009999999776482582,0.20000000298023224,3.0,5.0,600.0,0.0010000000474974513,88.0,88.0,2000.0,2340.0,-0.11599799990653992,-0.03561130166053772,-0.04758000001311302,-0.01752999983727932,1,1,1,0,0,1,1,137.0247344970703,137.0247344970703,0.5503082275390625,0.5503082275390625,0.0003810797643382102,20.56294059753418,163.5485076904297,51.65525817871094,303.50030517578125,25.72431755065918,25.72431755065918,0.10331153869628906,0.10331153869628906,56.64019012451172,1.904308795928955,0.0,0.0,2663660.25,20.00048065185547,20.00048065185547,97.73174285888672,97.73174285888672,62914.5390625,62914.5390625,1.0485756397247314,1.0485756397247314,0.0013168809236958623,0.0013168809236958623,-22.941001892089844,-22.941001892089844,-95987.453125,-95987.453125,-22.940608978271484,97.86186218261719,98.271484375,2649040.75,20.00048065185547,20.00048065185547,165.33462524414062,165.33462524414062,99.0653076171875,99.0653076171875,414499.1875,414499.1875,0.0,58.290767669677734,58.290767669677734,116.58191680908203,155859.28125,155859.28125,1.0390619039535522,1.0390619039535522,164.77101135253906,99.0653076171875,0.0,0.0,0.0,117.18571472167969,117.18571472167969,234.37142944335938,0.0,0.0,0.0,0.0,0.0,117.18571472167969,117.18571472167969,0.026315800845623016,0.0,0.20000000298023224,0.0,0.0,0.0,0.0,0.0,0.0,0.9599996209144592,1.0,1.0,1.0,0.9999998211860657,0.9999998211860657,0.9999998211860657,190809.390625,193213.734375,0.0,5.875000953674316,17.749961853027344,5.875000953674316,7.25,12.0,10.25,296.3810119628906,297.7510070800781,29.5,-12645.84765625,10839501.0,13112496.0,0.0,0.0,0.0,0.000867712777107954,0.000867712777107954,0.000867712777107954,1.0,148509.21875,0.9959999918937683,0.9959999918937683,0.9959999918937683,0.9959999918937683,0.0,4200968.5,4318533.0,195539.90625,2606300.0,4181832.75,0.0043580494821071625,0.008726098574697971,275.15008544921875,7.25,12.0,10.25,0.0,0.0,0.0,0.0,0.0,0.0,51.6556396484375,275.1631774902344,128.0886993408203,128.0886993408203,128.0886993408203,0.0,0.0,0.0,3.0203237533569336,0.0,0.9117439985275269,3.0200912952423096,5.0,0.0040000081062316895,0.0040000081062316895,0.0040000081062316895,0.0040000081062316895,0.0,-0.4368000030517578,0.0,604064.75,163.5485076904297,163.5485076904297,0.0,20.0,2788468.75,7.25,12.0,10.25,20.0,20.0,20.0,0.0,0.0,0.7926306128501892,0.9211652278900146,10000.0,10000.0,0.011826000176370144,1038.5,0.027953999117016792,0.0,0.0,1.0878000259399414,1.0809999704360962,9.000000136438757e-05,103.0,33.220001220703125,1.8179999589920044,0.029999999329447746,49.0,8.329999923706055,4.159999847412109,58.0,302.0,4.5,0.699999988079071,0.4000000059604645,7.5,1.3799999952316284,2.492000102996826,7000.0,48.88999938964844,1.2000000476837158,45.0,62000.0,4590000.0,4250000.0,15900000.0,15100000.0,0.05000000074505806,0.17000000178813934,0.009999999776482582,15220000.0,1.6699999570846558,312.7799987792969,1.1100000143051147,4232.0,0.25,689000.0,4030000.0,9.829999923706055,8.550000190734863,12200000.0,231.10000610351562,88.3239974975586,633.0,1.1430000066757202,0.6858000159263611,-10.0,-3.7799999713897705,0.7799999713897705,295.5,4030000.0,12400000.0,0.9200000166893005,5.0,1,0,1,228,0,0,0,0,0,1,1,1,1,1,0,1,1,1,0,0,0,0,1,1,0,0,0,1,0,0,0,0,0,0,0,0,1,0,1,8,0,0,1,0,0.0061496649868786335,4900317.0,1.0877995491027832,0.0,1.4051073789596558,273.06427001953125,0.0,-0.00026200737920589745,1,1,1,0,0,0,1,1,0,0,0,0,0,589,0.20000000298023224,0.20000000298023224,0.20000000298023224,0.0,2,0,0,0,0,0,0,0,0,0,0,0,0,0,0,0,0,0,0,0,0,0,0,0,0,0,0,0,0,0,0,0,0,0,0,0,0,0,0,0,0,0,0,0,0,0,0,0,0,0,0,1,0,0,0,0,0,0,0,0,0,0,0,0,0,0,0,0,0,0,0,0,0,0,0,0,0,0,0,0,0,0,0,0,0,0,0,0,0,0,0,0,0,0,0,0,0,0,0,0,0,0,0,0,0,0,0,0,0,0,0,0,0,0,0,0,0,0,0,0,0,0,0,0,0,0,0,0,0,0,0,0,0,0,0,0,0,0,0,0,0,0,0,1,0,0,0,0,0,0,0,0,0,0,0,-1,0,0,0,0,0,0,1,1,0,0,0.6149665117263794,-5.557708263397217,0.0,-0.5371477603912354,-1.6815581571897805e-44,291.70001220703125,273.06427001953125,286.5843811035156,-0.03671068698167801,99.17124938964844,2674.6953125,1.0877995491027832,1.4051073789596558,-1.0,18.6357421875,6.827850029367255e-06,0.046769607812166214,100.0,27.0,0.0,7.799991607666016,4.054996013641357,1.0,1.0,39.985530853271484,0.2664285898208618,20.0,6.074640987208113e-05,0.0,73.97314453125,1.7323341369628906,1.8179994821548462,0.00036938843550160527,0.6817498207092285,0.5454188585281372,9.540727615356445,8.917581558227539,0.0,0.0,0.0,20.000003814697266,44.898040771484375,261.6024169921875,20.0,0.9178157448768616,274.9795837402344,40.007659912109375,0.29459047317504883,269.78619384765625,270.0111083984375,269.80242919921875,275.8493347167969,277.0859069824219,275.8506774902344,100.0,2.391122341156006,22.0,93.04503631591797,272.8177490234375,273.54852294921875,272.8265380859375,340.2998046875,19.608877182006836,19.76823616027832,93.04503631591797,0.0,0.0,0.0,0.0,68.40843200683594,68.106689453125,68.21369171142578,50.00505447387695,50.01728057861328,50.003326416015625,14.701266288757324,14.364619255065918,14.410077095031738,99.99947357177734,98.46751403808594,99.85042572021484,36.89999771118164,43.19999694824219,26.099998474121094,230.22727966308594,239.55209350585938,228.89230346679688,29.0,0.0,48.0,0.0,0.0,0.0,0.0,0.0,0.0,41.0,78.36749267578125,49.69925308227539,164.77101135253906,26.340499877929688,9.999999974752427e-07,1.9953088760375977,0.0,97.86186218261719,0.0,721.224365234375,44.52099609375,20.56294059753418,0.0,9.470346450805664,78.16381072998047,1.0,0.9715685844421387,20.0,0.0,60.0,120.0,0.0,120.0,0.0,0.0,0.0,0.0,18.162446975708008,89.17581176757812,2.0,200.0,0,0,0,0,0,0,0,0,0,0,0,0,99999,99999,30,403,1800,180,1800,0,0,-7,0,23,0,0,0,806,1424,29,31,32,0,1,0,1,0,1,0,0,1,0,0,0,0,0,1,0,0,0,0,1,0,0,0,1,0,0,0,1,0,0,0,0,0,0,0,0,0,0,0,0,1,0,1,0,0,1,1,0,0,1,1,0,1,0,1,0,1,1,0,0,1,1,0,0,1,0,1,0,0,1,1,0,1,0,0,0,0,1,0,1,0,1,0,0,0,1,0,0,0,0,0,0,1,0,0,1,0,1,0,0,1,1,0,1,0,0,1,0,0,0,1,0,1,1,1,0,0,1,0,0,0,0,0,1,1,1,0,0,0,0,0,0,0,1,1,1,0,1,0,1,0,1,0,0,0,0,0,0,0,0,1,1,1,1,0,1,0,1,1,1,1,1,1,1,0,0,0,0,0,0,1,0,1,1,1,1,1,1,1,1,1,1,1,1,0,0,1,1,0,0,1,1,0,1,1,0,0,1,1,1,0,0,0,0,1,1,1,1,0,1,1,1,1,0,0,1,1,0,1,0,1,1,0,1,1,1,1,1,1,1,1,0,1,0,0,0,0,0,0,0,0,0,0,1,0,0,1,0,0,0,0,0,1,1,1,1,0,0,0,1,0,0,0,0,0,1,0,0,1,0,0,0,0,0,0,0,0,0,0,0,0,1,0,0,0,0,1,0,0,1,1,0,0,0,0,0,0,0,0,0,1,0,0,0,0,0,0,1,0,1,0,1,1,0,0,0,0,0,1,1,0,0,0,0,0,0,1,0,1,0,0,1,0,0,0,0,1,0,0,0,0,0,0,0,0,0,0,0,0,0,0,0,0,0,0,0,0,0,0,0,0,0,0,0,0,0,0,0,0,0,0,0,0,0,0,0,0,0,0,0,0,0,0,0,0,0,0,0,0,0,0,1,0,1,0,0,0,0,0,1,0,0,0,0,0,0,0,0,0,0,0,0,0,0,0,1,0,0,0,0,0,0,0,0,0,0,0,0,0,0,1,0,0,0,0,0,0,0,0,0,0,1,0,0,0,0,0,0,0,0,0,0,0,0,0,0,0,0,0,0,0,0,0,0,0,0,0,0,0,1,0,0,0,0,0,0,1,1,1,0,0,0,0,0,0,-1,0,0,0,0,0,0,0,0,-1,0,0,-1,0,0,0,0,0,0,0,0,0,0,0,0,0,0,0,0,0,0,1,0,0,0,0,0,0,0,0,0,0,0,0,0,0,0,0,1,1,0,-1,-1,-1,1,1,1,0,0,0,0,1,0,0,1,1,0,0,0,0,1,0,0,0,0,0,0,0,0,0,0,0,0,0,0,0,0,0,0,0,0,0,0,0,0,0,0,0,0,0,1,1,0,1,0,1,1,0,1,0,1,1,0,1,0,0,1,0,0,0,0,0,0,0,0,0,0,0,0,0,0,0,0,0,0,0,0,0,0,0,0,0,0
0,1,1,300,228,8,8,228,114,25,1,0,0.0020000000949949026,4000.0,1.0,0.04500000178813934,25.0,48.0,8.0,291.70001220703125,1.7000000476837158,-3.179999907843012e-07,0.007360000163316727,0.008080000057816505,8.0,0.33000001311302185,0.0333000011742115,1.0,9.999999747378752e-06,21.0,9.999999747378752e-06,2775000064.0,9.000000136438757e-05,4.999999980020986e-13,5.0,40.0,3.0,-3.3499999046325684,3.3499999046325684,0.5,0.0004799999878741801,292.3927001953125,492.6077880859375,-0.0036125299520790577,0.002354159951210022,0.0008944629807956517,0.013157900422811508,0.800646185874939,0.02024419978260994,2650129920.0,0.006539999973028898,0,0,0,0,0,0,0,0,0,0,0,0,0,0,0,0,0,0,0,0,0,0,0,0,0,0,0,0,0,0,0,0,0,0,0,0,0,0,0,0,0,0,0,0,0,0,0,0,0,0,0,0,0,1,4,4,0,0,0,0,0,0,0,0,2,0,0.0004034589510411024,270.9522705078125,280.34161376953125,281.7316589355469,283.165771484375,284.56842041015625,286.9770812988281,287.8653869628906,288.55419921875,288.97015380859375,289.146728515625,289.1197204589844,288.9485168457031,288.6537780761719,288.2831726074219,287.8843078613281,287.6415100097656,287.381591796875,287.03179931640625,286.5330810546875,285.8674621582031,285.0304870605469,284.06427001953125,283.02227783203125,281.9580383300781,280.92498779296875,0.042820900678634644,0.018988845869898796,0.77103590965271,-0.03665096312761307,0.757752001285553,0.7127041816711426,696.889404296875,2.3301652163354447e-07,0.08862897753715515,0.004775623790919781,0.006007741205394268,0.006054266355931759,0.021866533905267715,1.0,-1.6815581571897805e-44,-5.567938327789307,0.0,99.16951751708984,2674.84814453125,0.9464255571365356,286.1309814453125,0.0,0.0,0.0,26.400028228759766,0.0,291.70001220703125,280686.34375,-0.5369101166725159,6.098206520080566,130.28829956054688,10.0,7750000.0,8160000.0,86.12000274658203,119.0999984741211,0.5,9.999999747378752e-05,0.0,3.299999952316284,200.0,0.30000001192092896,309.20001220703125,2.439019908706541e-06,0,0,0,1,1,1,0,24,0,272.5872802734375,0.0,0.0,0.0,0.0,0.0,0.0,1.2000000476837158,0.8660514950752258,0.480400025844574,0.3598000109195709,0.012660026550292969,0.01072990894317627,0.14019998908042908,0.13961513340473175,0.14317181706428528,1.0,25.0,24.0,4875399.5,4876769.5,4875568.5,269.35003662109375,269.557861328125,269.33343505859375,275.3511657714844,276.5812683105469,275.3499450683594,4400000.0,272.3505859375,273.069580078125,272.3416748046875,6.001129150390625,7.023406982421875,6.016510009765625,274.4884948730469,4594.20703125,4531.826171875,4601.01953125,9.762078285217285,9.745352745056152,9.790796279907227,30.526702880859375,0.0,0.0,0.0020000000949949026,269.4137878417969,275.7607727050781,-74.04508209228516,0.45143163204193115,0.44939327239990234,0.46115565299987793,230.17799377441406,39.0,40.0,42.0,41.0,0.0,0.0,4867147.0,4837340.0,52.3718376159668,5.0,0.014999999664723873,-180000.0,600.0,1000000.0,400000.0,0.17000000178813934,22000.0,786000.0,120000.0,0.0,40.0,30.0,36.810001373291016,0.5,18.399999618530273,50000.0,115692.3984375,15.113750457763672,0,0,1,0,0,0,0,9082217.0,0.0,0.0,0.0,0.0,0.0,-6308806.0,400000.0,1000000.0,1.0,1400000.0,0.0,0.19371731579303741,9091194.0,126869.6328125,9082217.0,340.29791259765625,40.007659912109375,1.9293105602264404,-6308806.0,0.0,0.0,0.0,1.960903525352478,40.007659912109375,0.0,22230.939453125,1.2010046243667603,0.0,0.0,0.0,20.0,14.711517333984375,22.0,0.0,0.0,0.0,0.05000000074505806,0.02500000037252903,0.17000000178813934,15400000.0,0.5,6.25,0.0006667000125162303,2.0,2410000.0,4140000.0,4.734799861907959,0.15000000596046448,0.20000000298023224,0.2199999988079071,1.0,0.0,-1.0,0.0,5.0,20.0,30.0,50.0,74.0,80.0,86.0,9.800000190734863,500000.0,1.0499999802959792e-07,0.5,750.0,1000.0,600.0,1000.0,1150.0,32.0,32.0,37.400001525878906,10.0,10.0,0.007000000216066837,0.5049999952316284,82.0,189.26499938964844,0.0,1.5099999904632568,231.60000610351562,20.0,36.0,16.600000381469727,16.5,225.0,-0.1756729930639267,27.5,-0.1756729930639267,30.485509872436523,0.1561516970396042,11.10221004486084,-1.8332500457763672,-75.0,4.3520002365112305,13.857000350952148,189.26499938964844,93.30000305175781,2650000.0,0.8500000238418579,7.570000171661377,1,1,1,0,0,0,0,0,0,0,0,1,3,3,0,0,1,0,0,0,0,1,0,1,1,0,0,0,1,1,1,0,0,0,0,0,0,0,0,1,0,0,0,1,0,0,1,0,0,1,12.05141544342041,29051.265625,2152.923095703125,0.00041483284439891577,0.0004361289902590215,0.0006248649442568421,0.0,0.0,0.0,0.0,0.0,0.0,0.5477703809738159,1.0,0.0,0.0,1.0,1.0,0.0,0.0,1.0,1.0,0.0,1.0,0.0,0.0,1.0,0.0,0.0,0.2086135447025299,0.26618367433547974,0.0006248649442568421,0.0,0.0006235038163140416,0.0,99998.78125,99999.0,919985.75,2410000.0,36.20000076293945,36.20000076293945,36.20000076293945,32.271759033203125,261.26287841796875,20.0,20.000003814697266,24.02347183227539,27.0,27.0,25.813905715942383,27.0,31.930294036865234,32.0,20.0,68.57752227783203,3445422.0,0.5454188585281372,7.559999942779541,0.0,8.917581558227539,0.0,0.0,45.80675506591797,1.401298464324817e-45,0.0,0.0,0.5049998760223389,0.5049998760223389,0.5049998760223389,0.18937495350837708,0.18937495350837708,0.18937495350837708,0.0,15.268902778625488,15.268902778625488,15.268902778625488,0.0,0.0,9.074999809265137,0.0,0.0,0.0,0.0,0.0,0.0,100.0,73.97314453125,0.2199999988079071,0.0,20.0,45.80675506591797,0.0,0.0,0.0,0.0,0.0,0.007000000216066837,0.0,0.0,9.074999809265137,0.0,1.7323341369628906,0.0,0.946874737739563,0.0,0.0,0.0,0.0,0.0,0.0,20.0,0.0,0.0,8783664.0,0.0,0.0,0.0,0.0,0.0,0.0,0.0,0.351500004529953,18.93000030517578,23.030000686645508,7.69199959904654e-06,0.08500000089406967,0.009999999776482582,24.0,27.0,8.800000190734863,500000.0,0.05000000074505806,2.7000000013543968e-09,2.7000000013543968e-09,145100.0,120000.0,14650000.0,86400.0,17.0,34.5,48.70000076293945,321.8999938964844,83170.0,0.0,1.0,1.0,0.0010000000474974513,725.0,0.0,0.5,0.0,0.0,57.31999969482422,837142.875,9359.77734375,117376.1015625,2623.89794921875,83026.390625,725.0,1.0204100362898316e-05,740000000.0,1,0,1,0,1,1,0,0,1,0,0,8.799991607666016,27.0,6111.783203125,0.0,0.0,0.0,0.0,2.4567604064941406,0.00040192605229094625,0.0,0.047011833637952805,39.98495101928711,1.0,26109.8359375,11406.7080078125,6.106107321102172e-05,124824328.0,667785216.0,727632256.0,1918848256.0,-5.687995910644531,-659.665283203125,-527699264.0,-1251062912.0,46.75358581542969,28.474903106689453,52.44158172607422,688.1401977539062,106381.3984375,4246.1884765625,148566.90625,167936.796875,124109.8359375,88.59979248046875,39.98495101928711,39.98495101928711,1.0,6.106107321102172e-05,11406.7080078125,766089494528.0,0.20369525253772736,137600.0,137600.0,62295868.0,52.44158172607422,6717.3203125,1.0,0.0,1700.0,250000.0,10000.0,1038.0,0.004999999888241291,400.0,5000.0,0,0,0,0,2959622.5,42.17068862915039,42.17068862915039,1216415.25,2788452.25,0.0,0.0,98209.7265625,0.0021875605452805758,4845595.0,0.0,0.0,1.0,1.0,0.0021875605452805758,275.3855285644531,98.39964294433594,0.0,5957889.0,407306.0,98.39964294433594,1.0,1.0,1.0,0.0,418.7619934082031,0.0,418.04669189453125,1.0,0.0,7680000.0,227.3709716796875,237.9598846435547,228.67758178710938,0.9996215105056763,2788452.25,277.9620666503906,84.34137725830078,1.9996215105056763,0.0,261.83514404296875,1.0,0.0,-7.5742998123168945,0.0,0.0,9.999999974752427e-07,0.0,2.0,0.0003000000142492354,0.004999999888241291,0.0010000000474974513,2.0000000233721948e-07,2.0000000233721948e-07,0.0005555999814532697,993000000.0,1.0,0.05000000074505806,0.10000000149011612,0.0005000000237487257,0.0016700000269338489,0.009999999776482582,1.0,1.0,0.0010000000474974513,4.999999873689376e-05,0.00039999998989515007,0.019999999552965164,0.9891999959945679,0.9891999959945679,0.9950000047683716,0.9950000047683716,1,0,0,0,1,1,0,0,0,0,0,0,0,0,-0.0074569773860275745,-7404778.5,5000.01171875,98209.7265625,0.0,2546223.0,0.0,1.0,2569281.25,0.0,0.0,60.0,180.0,1800.0,1800.0,0.0,0.0,0.0,0.0,-0.012236599810421467,0.0,0.0,0.0,0.0,0.0,0.0,0.0,0.0,0.0,0.0,0.0,6.602997746085748e-05,0.0,7.006492321624085e-44,1,1,0,1,1,1,1,1,1,1,1,0,1,0,1,1,1,1,0,1,0,1000,33,0,1,5001,169,0.0,0.0,120.0,120.0,0.0,0.0,0.4000000059604645,0.10000000149011612,0.10000000149011612,2.0,500.0,200.0,0.9900000095367432,300000.0,5000.0,45000.0,20000.0,0.019999999552965164,2.0,0.05000000074505806,0.019999999552965164,6.0,0.05000000074505806,0.019999999552965164,0.019999999552965164,88.30000305175781,0.10000000149011612,0.800000011920929,0.05000000074505806,0.009999999776482582,50.0,50.0,340.0,340.0,1000000.0,1,0,0,0,1,1,1,1,1,1,0,0,0,1,1,0,1.0,0.0,0.0,0.0,28.91567611694336,0.0,0.0,0.0,0.9071848392486572,0.9071848392486572,0.9071848392486572,5000.01171875,4360275.5,4365275.5,50.0,27.612754821777344,0.4000000059604645,0.0,0.0,0.10000000149011612,0.12618736922740936,0.4925430119037628,22164.435546875,20.0,29.202341079711914,781825.5625,20.55263900756836,2705.73779296875,721.224365234375,0.7818255424499512,0.8971251249313354,9.470307350158691,1.0,3219904.5,3303315.0,9.715632438659668,20.0,0.2786968946456909,27.86968994140625,0.0,636.4223022460938,1633.6602783203125,100000.0,50000.0,1115.300048828125,50000.0,700.0,2000.0,2800000.0,3500000.0,4000000.0,9.999999747378752e-05,4.999999873689376e-05,500.0,20000.0,100.0,500.0,60000.0,1200.0,1.0,120.0,150000.0,3000.0,300.0,1.0,300.0,0.019999999552965164,0.019999999552965164,0.009999999776482582,0.009999999776482582,0.009999999776482582,0.019999999552965164,1.100000023841858,0.019999999552965164,4.0,0.019999999552965164,88.0,1613.0,0.009999999776482582,0.20000000298023224,3.0,5.0,600.0,0.0010000000474974513,88.0,88.0,2000.0,2340.0,-0.11599799990653992,-0.03561130166053772,-0.04758000001311302,-0.01752999983727932,1,1,1,0,0,1,1,133.09185791015625,133.09185791015625,0.5345001220703125,0.5345001220703125,0.00036960752913728356,20.55263900756836,163.53338623046875,50.352352142333984,295.05230712890625,25.075471878051758,25.075471878051758,0.10070419311523438,0.10070419311523438,55.04412841796875,1.6848105192184448,0.0,0.0,2663660.25,20.00048065185547,20.00048065185547,97.71208190917969,97.71208190917969,62879.70703125,62879.70703125,1.0479950904846191,1.0479950904846191,0.0010937802726402879,0.0010937802726402879,-23.714984893798828,-23.714984893798828,-99225.875,-99225.875,-23.7145938873291,97.78730773925781,98.16062927246094,2649032.5,20.00048065185547,20.00048065185547,165.317626953125,165.317626953125,98.79613494873047,98.79613494873047,413372.9375,413372.9375,0.0,57.59410858154297,57.59410858154297,115.18858337402344,155814.5,155814.5,1.0387632846832275,1.0387632846832275,164.7620086669922,98.79613494873047,0.0,0.0,0.0,116.28985595703125,116.28985595703125,232.5797119140625,0.0,0.0,0.0,0.0,0.0,116.28985595703125,116.28985595703125,0.026315800845623016,0.0,0.20000000298023224,0.0,0.0,0.0,0.0,0.0,0.0,0.9599996209144592,1.0,1.0,1.0,0.9999998211860657,0.9999998211860657,0.9999998211860657,190809.0,193213.203125,0.0,5.875000953674316,17.749961853027344,5.875000953674316,7.25,12.0,10.25,296.3810119628906,297.7510070800781,29.5,-7265.8984375,10938299.0,13112496.0,0.0,0.0,0.0,0.0007676967070437968,0.0007676967070437968,0.0007676967070437968,1.0,146739.34375,0.9959999918937683,0.9959999918937683,0.9959999918937683,0.9959999918937683,0.0,4210588.0,4323838.0,189803.78125,2606300.0,4196567.0,0.0043602753430604935,0.008730550296604633,267.2527160644531,7.25,12.0,10.25,0.0,0.0,0.0,0.0,0.0,0.0,50.35272216796875,267.26580810546875,122.48651123046875,122.48651123046875,122.48651123046875,0.0,0.0,0.0,3.0210182666778564,0.0,0.9240773320198059,3.020787239074707,5.0,0.0040000081062316895,0.0040000081062316895,0.0040000081062316895,0.0040000081062316895,0.0,-0.4368000030517578,0.0,604203.625,163.53338623046875,163.53338623046875,0.0,20.0,2788463.5,7.25,12.0,10.25,20.0,20.0,20.0,0.0,0.0,0.7926306128501892,0.9211652278900146,10000.0,10000.0,0.011826000176370144,1038.5,0.027953999117016792,0.0,0.0,1.0878000259399414,1.0809999704360962,9.000000136438757e-05,103.0,33.220001220703125,1.8179999589920044,0.029999999329447746,49.0,8.329999923706055,4.159999847412109,58.0,302.0,4.5,0.699999988079071,0.4000000059604645,7.5,1.3799999952316284,2.492000102996826,7000.0,48.88999938964844,1.2000000476837158,45.0,62000.0,4590000.0,4250000.0,15900000.0,15100000.0,0.05000000074505806,0.17000000178813934,0.009999999776482582,15220000.0,1.6699999570846558,312.7799987792969,1.1100000143051147,4232.0,0.25,689000.0,4030000.0,9.829999923706055,8.550000190734863,12200000.0,231.10000610351562,88.3239974975586,633.0,1.1430000066757202,0.6858000159263611,-10.0,-3.7799999713897705,0.7799999713897705,295.5,4030000.0,12400000.0,0.9200000166893005,5.0,1,0,1,228,0,0,0,0,0,1,1,1,1,1,0,1,1,1,0,0,0,0,1,1,0,0,0,1,0,0,0,0,0,0,0,0,1,0,1,8,0,0,1,0,0.006007741205394268,4875399.5,1.0877995491027832,0.0,1.411595344543457,272.7060241699219,0.0,-0.0002492964267730713,1,1,1,0,0,0,1,1,0,0,0,0,0,592,0.20000000298023224,0.20000000298023224,0.20000000298023224,0.0,2,0,0,0,0,0,0,0,0,0,0,0,0,0,0,0,0,0,0,0,0,0,0,0,0,0,0,0,0,0,0,0,0,0,0,0,0,0,0,0,0,0,0,0,0,0,0,0,0,0,0,1,0,0,0,0,0,0,0,0,0,0,0,0,0,0,0,0,0,0,0,0,0,0,0,0,0,0,0,0,0,0,0,0,0,0,0,0,0,0,0,0,0,0,0,0,0,0,0,0,0,0,0,0,0,0,0,0,0,0,0,0,0,0,0,0,0,0,0,0,0,0,0,0,0,0,0,0,0,0,0,0,0,0,0,0,0,0,0,0,0,0,0,1,0,0,0,0,0,0,0,0,0,0,0,-1,0,0,0,0,0,0,1,1,0,0,0.6007741093635559,-5.567938327789307,0.0,-0.5369101166725159,-1.6815581571897805e-44,291.70001220703125,272.7060241699219,286.1309814453125,-0.03665096312761307,99.16951751708984,2674.84814453125,1.0877995491027832,1.411595344543457,-1.0,18.993988037109375,6.827850029367255e-06,0.047011833637952805,100.0,27.0,0.0,7.799991607666016,4.057160377502441,1.0,1.0,39.98495101928711,0.2664273977279663,20.0,6.106107321102172e-05,0.0,73.97314453125,1.7323341369628906,1.8179994821548462,0.00036938843550160527,0.6817498207092285,0.5454188585281372,9.387626647949219,8.917581558227539,0.0,0.0,0.0,20.000003814697266,44.898040771484375,261.26287841796875,20.0,0.9172218441963196,274.6106262207031,40.007659912109375,0.29459047317504883,269.4461669921875,269.6708984375,269.462890625,275.4741516113281,276.7066955566406,275.4754943847656,100.0,2.628268241882324,22.0,92.7674560546875,272.46014404296875,273.18878173828125,272.46917724609375,340.29827880859375,19.37173080444336,19.6486759185791,92.7674560546875,0.0,0.0,0.0,0.0,68.16587829589844,67.85340118408203,67.96742248535156,49.750789642333984,49.76304626464844,49.74906539916992,14.317181587219238,13.96151351928711,14.019998550415039,100.01932525634766,98.5082015991211,99.87102508544922,36.89999771118164,43.19999694824219,26.099998474121094,229.0594024658203,238.34371948242188,227.7322998046875,29.0,0.0,48.0,0.0,0.0,0.0,0.0,0.0,0.0,41.0,78.36749267578125,49.44493865966797,164.7620086669922,26.205381393432617,9.999999974752427e-07,1.936776876449585,0.0,97.78730773925781,0.0,721.224365234375,44.54370880126953,20.55263900756836,0.0,9.470307350158691,78.18255615234375,1.0,0.9715632200241089,20.0,0.0,60.0,120.0,0.0,120.0,0.0,0.0,0.0,0.0,18.162446975708008,89.17581176757812,2.0,200.0,0,0,0,0,0,0,0,0,0,0,0,0,99999,99999,30,403,1800,180,1800,0,0,-7,0,23,0,0,0,806,1424,29,31,32,0,1,0,1,0,1,0,0,1,0,0,0,0,0,1,0,0,0,0,1,0,0,0,1,0,0,0,1,0,0,0,0,0,0,0,0,0,0,0,0,1,0,1,0,0,1,1,0,0,1,1,0,1,0,1,0,1,1,0,0,1,1,0,0,1,0,1,0,0,1,1,0,1,0,0,0,0,1,0,1,0,1,0,0,0,1,0,0,0,0,0,0,1,0,0,1,0,1,0,0,1,1,0,1,0,0,1,0,0,0,1,0,1,1,1,0,0,1,0,0,0,0,0,1,1,1,0,0,0,0,0,0,0,1,1,1,0,1,0,1,0,1,0,0,0,0,0,0,0,0,1,1,1,1,0,1,0,1,1,1,1,1,1,1,0,0,0,0,0,0,1,0,1,1,1,1,1,1,1,1,1,1,1,1,0,0,1,1,0,0,1,1,0,1,1,0,0,1,1,1,0,0,0,0,1,1,1,1,0,1,1,1,1,0,0,1,1,0,1,0,1,1,0,1,1,1,1,1,1,1,1,0,1,0,0,0,0,0,0,0,0,0,0,1,0,0,1,0,0,0,0,0,0,1,1,0,0,0,0,1,0,0,0,0,0,1,0,0,1,0,0,0,0,0,0,0,0,0,0,0,0,0,0,0,0,0,0,0,0,1,0,0,0,0,0,0,0,0,0,0,1,0,0,0,0,0,0,1,0,0,0,1,1,0,0,0,0,0,1,1,0,0,0,0,0,0,0,0,1,0,0,1,0,0,0,0,1,0,0,0,0,0,0,0,0,0,0,0,0,0,0,0,0,0,0,0,0,0,0,0,0,0,0,0,0,0,0,0,0,0,0,0,0,0,0,0,0,0,0,0,0,0,0,0,0,0,0,0,0,0,0,1,0,1,0,0,0,0,0,1,0,0,0,0,0,0,0,0,0,0,0,0,0,0,0,1,0,0,0,0,0,0,0,0,0,0,0,0,0,0,1,0,0,0,0,0,0,0,0,0,0,1,0,0,0,0,0,0,0,0,0,0,0,0,0,0,0,0,0,0,0,0,0,0,0,0,0,0,0,1,0,0,0,0,0,0,1,1,1,0,0,0,0,0,0,-1,0,0,0,0,0,0,0,0,-1,0,0,-1,0,0,0,0,0,0,0,0,0,0,0,0,0,0,0,0,0,0,1,0,0,0,0,0,0,0,0,0,0,0,0,0,0,0,0,1,1,0,-1,-1,-1,1,1,1,0,0,0,0,1,0,0,1,1,0,0,0,0,1,0,0,0,0,0,0,0,0,0,0,0,0,0,0,0,0,0,0,0,0,0,0,0,0,0,0,0,0,0,1,1,0,1,0,1,1,0,1,0,1,1,0,1,0,0,1,0,0,0,0,0,0,0,0,0,0,0,0,0,0,0,0,0,0,0,0,0,0,0,0,0,0
0,1,1,300,228,8,8,228,114,25,1,0,0.0020000000949949026,4000.0,1.0,0.04500000178813934,25.0,48.0,8.0,291.70001220703125,1.7000000476837158,-3.179999907843012e-07,0.007360000163316727,0.008080000057816505,8.0,0.33000001311302185,0.0333000011742115,1.0,9.999999747378752e-06,21.0,9.999999747378752e-06,2775000064.0,9.000000136438757e-05,4.999999980020986e-13,5.0,40.0,3.0,-3.3499999046325684,3.3499999046325684,0.5,0.0004799999878741801,292.3927001953125,492.6077880859375,-0.0036125299520790577,0.002354159951210022,0.0008944629807956517,0.013157900422811508,0.800646185874939,0.02024419978260994,2650129920.0,0.006539999973028898,0,0,0,0,0,0,0,0,0,0,0,0,0,0,0,0,0,0,0,0,0,0,0,0,0,0,0,0,0,0,0,0,0,0,0,0,0,0,0,0,0,0,0,0,0,0,0,0,0,0,0,0,0,1,4,4,0,0,0,0,0,0,0,0,2,0,0.00040357609395869076,270.60906982421875,279.9202880859375,281.2997131347656,282.7227478027344,284.1146240234375,286.50567626953125,287.38824462890625,288.0732421875,288.48809814453125,288.6660461425781,288.6427307128906,288.47747802734375,288.18994140625,287.8269958496094,287.43560791015625,287.2001037597656,286.94659423828125,286.6023254394531,286.1082458496094,285.4466247558594,284.6130676269531,283.6498107910156,282.6105651855469,281.5489196777344,280.51861572265625,0.04312937706708908,0.018849685788154602,0.7710224986076355,-0.036591388285160065,0.757783830165863,0.7104429006576538,682.1688232421875,2.280966953094321e-07,0.08691481500864029,0.0046778409741818905,0.005872674752026796,0.005916960537433624,0.021918101236224174,1.0,-1.6815581571897805e-44,-5.577901363372803,0.0,99.16780090332031,2675.00048828125,0.9464653134346008,285.6836853027344,0.0,0.0,0.0,27.000030517578125,0.0,291.70001220703125,280686.90625,-0.5366774797439575,6.094255447387695,130.28829956054688,10.0,7750000.0,8160000.0,86.12000274658203,119.0999984741211,0.5,9.999999747378752e-05,0.0,3.299999952316284,200.0,0.30000001192092896,309.20001220703125,2.439019908706541e-06,0,0,0,1,1,1,0,24,0,272.23297119140625,0.0,0.0,0.0,0.0,0.0,0.0,1.2000000476837158,0.8660241365432739,0.472617506980896,0.3636912703514099,-0.00018107891082763672,-0.002527475357055664,0.13630874454975128,0.13559770584106445,0.13934117555618286,1.0,25.0,24.0,4850725.5,4852093.0,4850894.0,269.01336669921875,269.22076416015625,268.99658203125,274.9805603027344,276.2072448730469,274.9793395996094,4400000.0,271.9969482421875,272.7139892578125,271.98797607421875,5.967193603515625,6.986480712890625,5.982757568359375,274.1239929199219,4595.1650390625,4533.67431640625,4601.95263671875,9.726791381835938,9.709096908569336,9.756051063537598,30.67724609375,0.0,0.0,0.0020000000949949026,269.076904296875,275.3890380859375,-73.48172760009766,0.43879520893096924,0.4363502264022827,0.448716402053833,228.9732208251953,39.0,40.0,42.0,41.0,0.0,0.0,4842554.0,4812742.0,52.31121063232422,5.0,0.014999999664723873,-180000.0,600.0,1000000.0,400000.0,0.17000000178813934,22000.0,786000.0,120000.0,0.0,40.0,30.0,36.810001373291016,0.5,18.399999618530273,50000.0,115692.3984375,15.113750457763672,0,0,1,0,0,0,0,9055559.0,0.0,0.0,0.0,0.0,0.0,-6335600.0,400000.0,1000000.0,1.0,1400000.0,0.0,0.19136492908000946,9064400.0,126869.6328125,9055559.0,340.296142578125,40.007659912109375,1.9058492183685303,-6335600.0,0.0,0.0,0.0,1.9490753412246704,40.007659912109375,0.0,22230.939453125,1.2010046243667603,0.0,0.0,0.0,20.0,14.711517333984375,22.0,0.0,0.0,0.0,0.05000000074505806,0.02500000037252903,0.17000000178813934,15400000.0,0.5,6.25,0.0006667000125162303,2.0,2410000.0,4140000.0,4.734799861907959,0.15000000596046448,0.20000000298023224,0.2199999988079071,1.0,0.0,-1.0,0.0,5.0,20.0,30.0,50.0,74.0,80.0,86.0,9.800000190734863,500000.0,1.0499999802959792e-07,0.5,750.0,1000.0,600.0,1000.0,1150.0,32.0,32.0,37.400001525878906,10.0,10.0,0.007000000216066837,0.5049999952316284,82.0,189.26499938964844,0.0,1.5099999904632568,231.60000610351562,20.0,36.0,16.600000381469727,16.5,225.0,-0.1756729930639267,27.5,-0.1756729930639267,30.485509872436523,0.1561516970396042,11.10221004486084,-1.8332500457763672,-75.0,4.3520002365112305,13.857000350952148,189.26499938964844,93.30000305175781,2650000.0,0.8500000238418579,7.570000171661377,1,1,1,0,0,0,0,0,0,0,0,1,3,3,0,0,1,0,0,0,0,1,0,1,1,0,0,0,1,1,1,0,0,0,0,0,0,0,0,1,0,0,0,1,0,0,1,0,0,1,12.05141544342041,29051.265625,2152.90625,0.00041483284439891577,0.0004361289902590215,0.0006248649442568421,0.0,0.0,0.0,0.0,0.0,0.0,0.5484387874603271,1.0,0.0,0.0,1.0,1.0,0.0,0.0,1.0,1.0,0.0,1.0,0.0,0.0,1.0,0.0,0.0,0.20526590943336487,0.26191219687461853,0.0006248649442568421,0.0,0.0006235062028281391,0.0,99998.78125,99999.0,905222.6875,2410000.0,36.20000076293945,36.20000076293945,36.20000076293945,32.26657485961914,260.92535400390625,20.0,20.000003814697266,24.02347183227539,27.0,27.0,25.813905715942383,27.0,31.930418014526367,32.0,20.0,68.57752227783203,3445394.25,0.5454188585281372,7.559999942779541,0.0,8.917581558227539,0.0,0.0,45.888328552246094,1.401298464324817e-45,0.0,0.0,0.5049998760223389,0.5049998760223389,0.5049998760223389,0.18937495350837708,0.18937495350837708,0.18937495350837708,0.0,15.296093940734863,15.296093940734863,15.296093940734863,0.0,0.0,9.074999809265137,0.0,0.0,0.0,0.0,0.0,0.0,100.0,73.97314453125,0.2199999988079071,0.0,20.0,45.888328552246094,0.0,0.0,0.0,0.0,0.0,0.007000000216066837,0.0,0.0,9.074999809265137,0.0,1.7323341369628906,0.0,0.946874737739563,0.0,0.0,0.0,0.0,0.0,0.0,20.0,0.0,0.0,8756951.0,0.0,0.0,0.0,0.0,0.0,0.0,0.0,0.351500004529953,18.93000030517578,23.030000686645508,7.69199959904654e-06,0.08500000089406967,0.009999999776482582,24.0,27.0,8.800000190734863,500000.0,0.05000000074505806,2.7000000013543968e-09,2.7000000013543968e-09,145100.0,120000.0,14650000.0,86400.0,17.0,34.5,48.70000076293945,321.8999938964844,83170.0,0.0,1.0,1.0,0.0010000000474974513,725.0,0.0,0.5,0.0,0.0,57.31999969482422,837142.875,9359.77734375,117376.1015625,2623.89794921875,83026.390625,725.0,1.0204100362898316e-05,740000000.0,1,0,1,0,1,1,0,0,1,0,0,8.799991607666016,27.0,6143.23583984375,0.0,0.0,0.0,0.0,2.4694504737854004,0.0004019332118332386,0.0,0.047253768891096115,39.98423767089844,1.0,26109.65625,11463.3515625,6.137535820016637e-05,124246840.0,663199360.0,722885056.0,1909006336.0,-5.545097351074219,-656.138427734375,-523766016.0,-1245806592.0,46.83515930175781,28.474903106689453,52.38025665283203,684.6134033203125,106381.3984375,4246.03369140625,148598.515625,167933.796875,124109.65625,89.19978332519531,39.98423767089844,39.98423767089844,1.0,6.137535820016637e-05,11463.3515625,764105326592.0,0.20373846590518951,137600.0,137600.0,62134580.0,52.38025665283203,6717.08935546875,1.0,0.0,1700.0,250000.0,10000.0,1038.0,0.004999999888241291,400.0,5000.0,0,0,0,0,2959622.5,41.91817092895508,41.91817092895508,1216415.25,2788438.5,0.0,0.0,98185.546875,0.001816952833905816,4820916.0,0.0,0.0,1.0,1.0,0.001816952833905816,275.3855285644531,98.39148712158203,0.0,5957889.0,407271.40625,98.39148712158203,1.0,1.0,1.0,0.0,416.6234130859375,0.0,415.91534423828125,1.0,0.0,7680000.0,226.22573852539062,236.75086975097656,227.52352905273438,0.9996651411056519,2788438.5,276.50946044921875,83.83634185791016,1.9996651411056519,0.0,261.5206604003906,1.0,0.0,-7.5742998123168945,0.0,0.0,9.999999974752427e-07,0.0,2.0,0.0003000000142492354,0.004999999888241291,0.0010000000474974513,2.0000000233721948e-07,2.0000000233721948e-07,0.0005555999814532697,993000000.0,1.0,0.05000000074505806,0.10000000149011612,0.0005000000237487257,0.0016700000269338489,0.009999999776482582,1.0,1.0,0.0010000000474974513,4.999999873689376e-05,0.00039999998989515007,0.019999999552965164,0.9891999959945679,0.9891999959945679,0.9950000047683716,0.9950000047683716,1,0,0,0,1,1,0,0,0,0,0,0,0,0,-0.0074569773860275745,-7404778.5,5000.01171875,98185.546875,0.0,2546223.0,0.0,1.0,2569281.25,0.0,0.0,60.0,180.0,1800.0,1800.0,0.0,0.0,0.0,0.0,-0.012236599810421467,0.0,0.0,0.0,0.0,0.0,0.0,0.0,0.0,0.0,0.0,0.0,6.602997746085748e-05,0.0,7.006492321624085e-44,1,1,0,1,1,1,1,1,1,1,1,0,1,0,1,1,1,1,0,1,0,1000,34,0,1,5001,172,0.0,0.0,120.0,120.0,0.0,0.0,0.4000000059604645,0.10000000149011612,0.10000000149011612,2.0,500.0,200.0,0.9900000095367432,300000.0,5000.0,45000.0,20000.0,0.019999999552965164,2.0,0.05000000074505806,0.019999999552965164,6.0,0.05000000074505806,0.019999999552965164,0.019999999552965164,88.30000305175781,0.10000000149011612,0.800000011920929,0.05000000074505806,0.009999999776482582,50.0,50.0,340.0,340.0,1000000.0,1,0,0,0,1,1,1,1,1,1,0,0,0,1,1,0,1.0,0.0,0.0,0.0,28.885408401489258,0.0,0.006160339340567589,0.0,0.9067835807800293,0.9067835807800293,0.9067835807800293,5000.01171875,4362308.0,4367308.0,50.0,27.612714767456055,0.4000000059604645,0.0,0.0,0.10000000149011612,0.1255446821451187,0.4925430119037628,22164.435546875,20.0,29.202341079711914,782015.625,20.542837142944336,2704.252197265625,721.224365234375,0.7820156216621399,0.8964336514472961,9.470267295837402,1.0,3219891.0,3303297.0,9.71557903289795,20.0,0.27874237298965454,27.874237060546875,0.0,636.4223022460938,1661.6065673828125,100000.0,50000.0,1115.300048828125,50000.0,700.0,2000.0,2800000.0,3500000.0,4000000.0,9.999999747378752e-05,4.999999873689376e-05,500.0,20000.0,100.0,500.0,60000.0,1200.0,1.0,120.0,150000.0,3000.0,300.0,1.0,300.0,0.019999999552965164,0.019999999552965164,0.009999999776482582,0.009999999776482582,0.009999999776482582,0.019999999552965164,1.100000023841858,0.019999999552965164,4.0,0.019999999552965164,88.0,1613.0,0.009999999776482582,0.20000000298023224,3.0,5.0,600.0,0.0010000000474974513,88.0,88.0,2000.0,2340.0,-0.11599799990653992,-0.03561130166053772,-0.04758000001311302,-0.01752999983727932,1,1,1,0,0,1,1,129.20050048828125,129.20050048828125,0.5188751220703125,0.5188751220703125,0.000358809920726344,20.542837142944336,163.51834106445312,49.126068115234375,286.76141357421875,24.464780807495117,24.464780807495117,0.09825325012207031,0.09825325012207031,53.54193115234375,1.4906123876571655,0.0,0.0,2663660.25,20.00048065185547,20.00048065185547,97.69451904296875,97.69451904296875,62845.2890625,62845.2890625,1.0474214553833008,1.0474214553833008,0.000908476416952908,0.000908476416952908,-24.43522071838379,-24.43522071838379,-102239.4140625,-102239.4140625,-24.43483543395996,97.71927642822266,98.05956268310547,2649022.0,20.00048065185547,20.00048065185547,165.29563903808594,165.29563903808594,98.54716491699219,98.54716491699219,412331.21875,412331.21875,0.0,56.90574645996094,56.90574645996094,113.81185150146484,155770.109375,155770.109375,1.0384674072265625,1.0384674072265625,164.7516632080078,98.54716491699219,0.0,0.0,0.0,115.4022216796875,115.4022216796875,230.804443359375,0.0,0.0,0.0,0.0,0.0,115.4022216796875,115.4022216796875,0.026315800845623016,0.0,0.20000000298023224,0.0,0.0,0.0,0.0,0.0,0.0,0.9599996209144592,1.0,1.0,1.0,0.9999998211860657,0.9999998211860657,0.9999998211860657,190808.625,193212.6875,0.0,5.875000953674316,17.749961853027344,5.875000953674316,7.25,12.0,10.25,296.3810119628906,297.7510070800781,29.5,-2221.71923828125,11031150.0,13112496.0,0.0,0.0,0.0,0.0006792088970541954,0.0006792088970541954,0.0006792088970541954,1.0,145062.8125,0.9959999918937683,0.9959999918937683,0.9959999918937683,0.9959999918937683,0.0,4219765.5,4328773.5,184404.984375,2606300.0,4211205.5,0.2730952799320221,0.00873461551964283,259.4387512207031,7.25,12.0,10.25,0.0,0.0,0.0,0.0,0.0,0.0,49.126426696777344,259.7205810546875,117.01571655273438,117.01571655273438,117.01571655273438,0.0,0.0,0.0,3.021707534790039,0.0,0.9368263483047485,3.0214781761169434,5.0,0.0040000081062316895,0.0040000081062316895,0.0040000081062316895,0.0040000081062316895,0.0,-0.4368000030517578,0.0,604341.5,163.51834106445312,163.51834106445312,0.0,20.0,2788454.5,7.25,12.0,10.25,20.0,20.0,20.0,0.0,0.0,0.7926306128501892,0.9211652278900146,10000.0,10000.0,0.011826000176370144,1038.5,0.027953999117016792,0.0,0.0,1.0878000259399414,1.0809999704360962,9.000000136438757e-05,103.0,33.220001220703125,1.8179999589920044,0.029999999329447746,49.0,8.329999923706055,4.159999847412109,58.0,302.0,4.5,0.699999988079071,0.4000000059604645,7.5,1.3799999952316284,2.492000102996826,7000.0,48.88999938964844,1.2000000476837158,45.0,62000.0,4590000.0,4250000.0,15900000.0,15100000.0,0.05000000074505806,0.17000000178813934,0.009999999776482582,15220000.0,1.6699999570846558,312.7799987792969,1.1100000143051147,4232.0,0.25,689000.0,4030000.0,9.829999923706055,8.550000190734863,12200000.0,231.10000610351562,88.3239974975586,633.0,1.1430000066757202,0.6858000159263611,-10.0,-3.7799999713897705,0.7799999713897705,295.5,4030000.0,12400000.0,0.9200000166893005,5.0,1,0,1,228,0,0,0,0,0,1,1,1,1,1,0,1,1,1,0,0,0,0,1,1,0,0,0,1,0,0,0,0,0,0,0,0,1,0,1,8,0,0,1,0,0.005872674752026796,4850725.5,1.0877995491027832,0.0,1.4180467128753662,272.3507385253906,0.0,-0.00023722795594949275,1,1,1,0,0,0,1,1,0,0,0,0,0,595,0.20000000298023224,0.20000000298023224,0.20000000298023224,0.0,2,0,0,0,0,0,0,0,0,0,0,0,0,0,0,0,0,0,0,0,0,0,0,0,0,0,0,0,0,0,0,0,0,0,0,0,0,0,0,0,0,0,0,0,0,0,0,0,0,0,0,1,0,0,0,0,0,0,0,0,0,0,0,0,0,0,0,0,0,0,0,0,0,0,0,0,0,0,0,0,0,0,0,0,0,0,0,0,0,0,0,0,0,0,0,0,0,0,0,0,0,0,0,0,0,0,0,0,0,0,0,0,0,0,0,0,0,0,0,0,0,0,0,0,0,0,0,0,0,0,0,0,0,0,0,0,0,0,0,0,0,0,0,1,0,0,0,0,0,0,0,0,0,0,0,-1,0,0,0,0,0,0,1,1,0,0,0.5872674584388733,-5.577901363372803,0.0,-0.5366774797439575,-1.6815581571897805e-44,291.70001220703125,272.3507385253906,285.6836853027344,-0.036591388285160065,99.16780090332031,2675.00048828125,1.0877995491027832,1.4180467128753662,-1.0,19.349273681640625,6.827850029367255e-06,0.047253768891096115,100.0,27.0,0.0,7.799991607666016,4.059311389923096,1.0,1.0,39.98423767089844,0.26642554998397827,20.0,6.137535820016637e-05,0.0,73.97314453125,1.7323341369628906,1.8179994821548462,0.00036938843550160527,0.6817498207092285,0.5454188585281372,9.236983299255371,8.917581558227539,0.0,0.0,0.0,20.000003814697266,44.898040771484375,260.92535400390625,20.0,0.9166271686553955,274.2451171875,40.007659912109375,0.29459047317504883,269.108642578125,269.3328857421875,269.1253662109375,275.1024169921875,276.33148193359375,275.1036376953125,100.0,2.863507032394409,22.0,92.49404907226562,272.10552978515625,272.8321838378906,272.114501953125,340.29669189453125,19.136493682861328,19.53007698059082,92.49404907226562,0.0,0.0,0.0,0.0,67.9240493774414,67.60100555419922,67.72181701660156,49.49900817871094,49.51124572753906,49.497291564941406,13.934117317199707,13.559770584106445,13.630874633789062,100.03963470458984,98.54869079589844,99.8918685913086,36.89999771118164,43.19999694824219,26.099998474121094,227.90481567382812,237.1303253173828,226.58413696289062,29.0,0.0,48.0,0.0,0.0,0.0,0.0,0.0,0.0,41.0,78.36749267578125,49.193111419677734,164.7516632080078,26.071552276611328,9.999999974752427e-07,1.8816869258880615,0.0,97.71927642822266,0.0,721.224365234375,44.564449310302734,20.542837142944336,0.0,9.470267295837402,78.2015609741211,1.0,0.9715579152107239,20.0,0.0,60.0,120.0,0.0,120.0,0.0,0.0,0.0,0.0,18.162446975708008,89.17581176757812,2.0,200.0,0,0,0,0,0,0,0,0,0,0,0,0,99999,99999,30,403,1800,180,1800,0,0,-7,0,23,0,0,0,806,1424,29,31,32,0,1,0,1,0,1,0,0,1,0,0,0,0,0,1,0,0,0,0,1,0,0,0,1,0,0,0,1,0,0,0,0,0,0,0,0,0,0,0,0,1,0,1,0,0,1,1,0,0,1,1,0,1,0,1,0,1,1,0,0,0,1,0,0,0,0,0,0,0,1,1,0,1,0,0,0,0,0,0,0,0,1,0,0,0,1,0,0,0,0,0,0,1,0,0,1,0,1,0,0,1,0,0,1,0,0,1,0,0,0,1,0,1,1,1,0,0,1,0,0,0,0,0,1,1,1,0,0,0,0,0,0,0,1,1,1,0,1,0,1,0,1,0,0,0,0,0,0,0,0,1,1,1,1,0,1,0,1,1,1,1,1,1,1,0,0,0,0,0,0,1,0,1,1,1,1,1,1,1,1,1,1,1,0,0,0,1,1,0,0,1,1,0,1,1,0,0,1,1,1,0,0,0,0,1,1,1,1,0,1,1,1,1,0,0,1,1,0,1,0,1,1,0,1,1,1,1,1,1,1,1,0,1,0,0,0,0,0,0,0,0,0,0,1,0,0,1,0,0,0,0,0,0,0,0,0,0,0,0,0,0,0,0,0,0,0,0,0,0,0,0,0,0,0,0,0,0,0,0,0,0,0,0,0,0,0,0,0,0,0,0,0,0,0,0,0,0,0,0,0,0,0,0,0,0,0,0,0,0,0,0,0,0,0,0,0,0,0,0,0,0,0,0,0,0,0,0,0,0,0,0,0,0,0,0,0,0,0,0,0,0,0,0,0,0,0,0,0,0,0,0,0,0,0,0,0,0,0,0,0,0,0,0,0,0,0,0,0,0,0,0,0,0,0,0,0,0,0,0,0,0,0,0,0,0,0,0,0,0,0,0,1,0,1,0,0,0,0,0,1,0,0,0,0,0,0,0,0,0,0,0,0,0,0,0,1,0,0,0,0,0,0,0,0,0,0,0,0,0,0,1,0,0,0,0,0,0,0,0,0,0,1,0,0,0,0,0,0,0,0,0,0,0,0,0,0,0,0,0,0,0,0,0,0,0,0,0,0,0,1,0,0,0,0,0,0,1,1,1,0,0,0,0,0,0,-1,0,0,0,0,0,0,0,0,-1,0,0,-1,0,0,0,0,0,0,0,0,0,0,0,0,0,0,0,0,0,0,1,0,0,0,0,0,0,0,0,0,0,0,0,0,0,0,0,1,1,0,-1,-1,-1,1,1,1,0,0,0,0,1,0,0,1,1,0,0,0,0,1,0,0,0,0,0,0,0,0,0,0,0,0,0,0,0,0,0,0,0,0,0,0,0,0,0,0,0,0,0,1,1,0,1,0,1,1,0,1,0,1,1,0,1,0,0,1,0,0,0,0,0,0,0,0,0,0,0,0,0,0,0,0,0,0,0,0,0,0,0,0,0,0
0,1,1,300,228,8,8,228,114,25,1,0,0.0020000000949949026,4000.0,1.0,0.04500000178813934,25.0,48.0,8.0,291.70001220703125,1.7000000476837158,-3.179999907843012e-07,0.007360000163316727,0.008080000057816505,8.0,0.33000001311302185,0.0333000011742115,1.0,9.999999747378752e-06,21.0,9.999999747378752e-06,2775000064.0,9.000000136438757e-05,4.999999980020986e-13,5.0,40.0,3.0,-3.3499999046325684,3.3499999046325684,0.5,0.0004799999878741801,292.3927001953125,492.6077880859375,-0.0036125299520790577,0.002354159951210022,0.0008944629807956517,0.013157900422811508,0.800646185874939,0.02024419978260994,2650129920.0,0.006539999973028898,0,0,0,0,0,0,0,0,0,0,0,0,0,0,0,0,0,0,0,0,0,0,0,0,0,0,0,0,0,0,0,0,0,0,0,0,0,0,0,0,0,0,0,0,0,0,0,0,0,0,0,0,0,1,4,4,0,0,0,0,0,0,0,0,2,0,0.00040357609395869076,270.3817443847656,279.6421813964844,281.01470947265625,282.4306335449219,283.8155822753906,286.19525146484375,287.0740661621094,287.75653076171875,288.1706237792969,288.3494873046875,288.3284912109375,288.1670837402344,287.8841552734375,287.52618408203125,287.1396179199219,286.9088134765625,286.65936279296875,286.3186340332031,285.82757568359375,285.1685485839844,284.33721923828125,283.3759460449219,282.3385009765625,281.27862548828125,280.2501220703125,0.04333224147558212,0.01875845156610012,0.7710135579109192,-0.03656400367617607,0.7578050494194031,0.7089544534683228,672.698486328125,2.2493682649837865e-07,0.08579042553901672,0.004613860510289669,0.0057859523221850395,0.005828955210745335,0.02194688655436039,1.0,-1.6815581571897805e-44,-5.584409236907959,0.0,99.16666412353516,2675.102294921875,0.9464917778968811,285.3887023925781,0.0,0.0,0.0,27.40003204345703,0.0,291.70001220703125,280687.28125,-0.5365274548530579,6.0916242599487305,130.28829956054688,10.0,7750000.0,8160000.0,86.12000274658203,119.0999984741211,0.5,9.999999747378752e-05,0.0,3.299999952316284,200.0,0.30000001192092896,309.20001220703125,2.439019908706541e-06,0,0,0,1,1,1,0,24,0,271.9983215332031,0.0,0.0,0.0,0.0,0.0,0.0,1.2000000476837158,0.8660058975219727,0.4674406051635742,0.3662797212600708,-0.008723020553588867,-0.01134181022644043,0.133720263838768,0.13292668759822845,0.13679292798042297,1.0,25.0,24.0,4834407.0,4835776.0,4834577.0,268.7901611328125,268.9971923828125,268.7733154296875,274.7353515625,275.95989990234375,274.7340087890625,4400000.0,271.76275634765625,272.4785461425781,271.753662109375,5.9451904296875,6.96270751953125,5.960693359375,273.88275146484375,4595.7998046875,4534.89306640625,4602.5830078125,9.70332145690918,9.6850004196167,9.73294448852539,30.77728271484375,0.0,0.0,0.0020000000949949026,268.8535461425781,275.1430969238281,-73.10961151123047,0.43038928508758545,0.4276798367500305,0.44044196605682373,228.17391967773438,39.0,40.0,42.0,41.0,0.0,0.0,4826290.5,4796475.5,52.27206039428711,5.0,0.014999999664723873,-180000.0,600.0,1000000.0,400000.0,0.17000000178813934,22000.0,786000.0,120000.0,0.0,40.0,30.0,36.810001373291016,0.5,18.399999618530273,50000.0,115692.3984375,15.113750457763672,0,0,1,0,0,0,0,9038007.0,0.0,0.0,0.0,0.0,0.0,-6353239.0,400000.0,1000000.0,1.0,1400000.0,0.0,0.1898069977760315,9046761.0,126869.6328125,9038007.0,340.29522705078125,40.007659912109375,1.89031183719635,-6353239.0,0.0,0.0,0.0,1.9412418603897095,40.007659912109375,0.0,22230.939453125,1.2010046243667603,0.0,0.0,0.0,20.0,14.711517333984375,22.0,0.0,0.0,0.0,0.05000000074505806,0.02500000037252903,0.17000000178813934,15400000.0,0.5,6.25,0.0006667000125162303,2.0,2410000.0,4140000.0,4.734799861907959,0.15000000596046448,0.20000000298023224,0.2199999988079071,1.0,0.0,-1.0,0.0,5.0,20.0,30.0,50.0,74.0,80.0,86.0,9.800000190734863,500000.0,1.0499999802959792e-07,0.5,750.0,1000.0,600.0,1000.0,1150.0,32.0,32.0,37.400001525878906,10.0,10.0,0.007000000216066837,0.5049999952316284,82.0,189.26499938964844,0.0,1.5099999904632568,231.60000610351562,20.0,36.0,16.600000381469727,16.5,225.0,-0.1756729930639267,27.5,-0.1756729930639267,30.485509872436523,0.1561516970396042,11.10221004486084,-1.8332500457763672,-75.0,4.3520002365112305,13.857000350952148,189.26499938964844,93.30000305175781,2650000.0,0.8500000238418579,7.570000171661377,1,1,1,0,0,0,0,0,0,0,0,1,3,3,0,0,1,0,0,0,0,1,0,1,1,0,0,0,1,1,1,0,0,0,0,0,0,0,0,1,0,0,0,1,0,0,1,0,0,1,12.05141544342041,29051.265625,2152.894775390625,0.00041483284439891577,0.0004361289902590215,0.0006248649442568421,0.0,0.0,0.0,0.0,0.0,0.0,0.5489156246185303,1.0,0.0,0.0,1.0,1.0,0.0,0.0,1.0,1.0,0.0,1.0,0.0,0.0,1.0,0.0,0.0,0.20306400954723358,0.2591026723384857,0.0006248649442568421,0.0,0.0006235078326426446,0.0,99998.78125,99999.0,895512.3125,2410000.0,36.20000076293945,36.20000076293945,36.20000076293945,32.263118743896484,260.70159912109375,20.0,20.000003814697266,24.02347183227539,27.0,27.0,25.813905715942383,27.0,31.930500030517578,32.0,20.0,68.57752227783203,3445375.75,0.5455772280693054,7.559999942779541,0.0,8.917423248291016,0.0,0.0,45.941856384277344,1.401298464324817e-45,0.0,0.0,0.5049998760223389,0.5049998760223389,0.5049998760223389,0.18937495350837708,0.18937495350837708,0.18937495350837708,0.0,15.313936233520508,15.313936233520508,15.313936233520508,0.0,0.0,9.074999809265137,0.0,0.0,0.0,0.0,0.0,0.0,100.0,73.97314453125,0.2199999988079071,0.0,20.0,45.941856384277344,0.0,0.0,0.0,0.0,0.0,0.007000000216066837,0.0,0.0,9.074999809265137,0.0,1.7323341369628906,0.0,0.946874737739563,0.0,0.0,0.0,0.0,0.0,0.0,20.0,0.0,0.0,8739354.0,0.0,0.0,0.0,0.0,0.0,0.0,0.0,0.351500004529953,18.93000030517578,23.030000686645508,7.69199959904654e-06,0.08500000089406967,0.009999999776482582,24.0,27.0,8.800000190734863,500000.0,0.05000000074505806,2.7000000013543968e-09,2.7000000013543968e-09,145100.0,120000.0,14650000.0,86400.0,17.0,34.5,48.70000076293945,321.8999938964844,83170.0,0.0,1.0,1.0,0.0010000000474974513,725.0,0.0,0.5,0.0,0.0,57.31999969482422,837142.875,9359.77734375,117376.1015625,2623.89794921875,83026.390625,725.0,1.0204100362898316e-05,740000000.0,1,0,1,0,1,1,0,0,1,0,0,8.799991607666016,27.0,6164.18408203125,0.0,0.0,0.0,0.0,2.4779045581817627,0.0004019380430690944,0.0,0.04741490259766579,39.98368453979492,1.0,26109.5234375,11501.080078125,6.158468022476882e-05,123867936.0,660226176.0,719806464.0,1902496896.0,-5.4520263671875,-653.806640625,-521208096.0,-1242270848.0,46.88868713378906,28.474903106689453,52.34071350097656,682.2815551757812,106381.3984375,4245.9150390625,148619.5625,167931.46875,124109.5234375,89.59977722167969,39.98368453979492,39.98368453979492,1.0,6.158468022476882e-05,11501.080078125,762803781632.0,0.20376724004745483,137600.0,137600.0,62029112.0,52.34071350097656,6716.91162109375,1.0,0.0,1700.0,250000.0,10000.0,1038.0,0.004999999888241291,400.0,5000.0,0,0,0,0,2959622.5,41.750667572021484,41.750667572021484,1216415.25,2788428.0,0.0,0.0,98171.0,0.0016054596053436399,4804595.5,0.0,0.0,1.0,1.0,0.0016054596053436399,275.3855285644531,98.38658142089844,0.0,5957889.0,407250.5625,98.38658142089844,1.0,1.0,1.0,0.0,415.20941162109375,0.0,414.505859375,1.0,0.0,7680000.0,225.4650421142578,235.94825744628906,226.75558471679688,0.999691367149353,2788428.0,275.54913330078125,83.50133514404297,1.999691367149353,0.0,261.3120422363281,1.0,0.0,-7.5742998123168945,0.0,0.0,9.999999974752427e-07,0.0,2.0,0.0003000000142492354,0.004999999888241291,0.0010000000474974513,2.0000000233721948e-07,2.0000000233721948e-07,0.0005555999814532697,993000000.0,1.0,0.05000000074505806,0.10000000149011612,0.0005000000237487257,0.0016700000269338489,0.009999999776482582,1.0,1.0,0.0010000000474974513,4.999999873689376e-05,0.00039999998989515007,0.019999999552965164,0.9891999959945679,0.9891999959945679,0.9950000047683716,0.9950000047683716,1,0,0,0,1,1,0,0,0,0,0,0,0,0,-0.0074569773860275745,-7404778.5,5000.01171875,98171.0,0.0,2546223.0,0.0,1.0,2569281.25,0.0,0.0,60.0,180.0,1800.0,1800.0,0.0,0.0,0.0,0.0,-0.012236599810421467,0.0,0.0,0.0,0.0,0.0,0.0,0.0,0.0,0.0,0.0,0.0,6.602997746085748e-05,0.0,7.006492321624085e-44,1,1,0,1,1,1,1,1,1,1,1,0,1,0,1,1,1,1,0,1,0,1000,34,0,1,5001,174,0.0,0.0,120.0,120.0,0.0,0.0,0.4000000059604645,0.10000000149011612,0.10000000149011612,2.0,500.0,200.0,0.9900000095367432,300000.0,5000.0,45000.0,20000.0,0.019999999552965164,2.0,0.05000000074505806,0.019999999552965164,6.0,0.05000000074505806,0.019999999552965164,0.019999999552965164,88.30000305175781,0.10000000149011612,0.800000011920929,0.05000000074505806,0.009999999776482582,50.0,50.0,340.0,340.0,1000000.0,1,0,0,0,1,1,1,1,1,1,0,0,0,1,1,0,1.0,0.0,0.0,0.0,28.866289138793945,0.0,0.031143616884946823,0.0,0.906513512134552,0.906513512134552,0.906513512134552,5000.01171875,4363552.0,4368552.0,50.0,27.612688064575195,0.4000000059604645,0.0,0.0,0.10000000149011612,0.1251196712255478,0.4925430119037628,22164.435546875,20.0,29.202341079711914,782143.8125,20.536561965942383,2703.30126953125,721.224365234375,0.7821438312530518,0.8959710597991943,9.47024154663086,1.0,3219882.0,3303285.0,9.715543746948242,20.0,0.2787734270095825,27.877342224121094,0.0,636.4223022460938,1680.23681640625,100000.0,50000.0,1115.300048828125,50000.0,700.0,2000.0,2800000.0,3500000.0,4000000.0,9.999999747378752e-05,4.999999873689376e-05,500.0,20000.0,100.0,500.0,60000.0,1200.0,1.0,120.0,150000.0,3000.0,300.0,1.0,300.0,0.019999999552965164,0.019999999552965164,0.009999999776482582,0.009999999776482582,0.009999999776482582,0.019999999552965164,1.100000023841858,0.019999999552965164,4.0,0.019999999552965164,88.0,1613.0,0.009999999776482582,0.20000000298023224,3.0,5.0,600.0,0.0010000000474974513,88.0,88.0,2000.0,2340.0,-0.11599799990653992,-0.03561130166053772,-0.04758000001311302,-0.01752999983727932,1,1,1,0,0,1,1,126.63123321533203,126.63123321533203,0.5085601806640625,0.5085601806640625,0.0003519666788633913,20.536561965942383,163.5083465576172,48.348876953125,281.3116455078125,24.077739715576172,24.077739715576172,0.09669876098632812,0.09669876098632812,52.58987045288086,1.3737483024597168,0.0,0.0,2663660.25,20.00048065185547,20.00048065185547,97.68388366699219,97.68388366699219,62822.5703125,62822.5703125,1.0470428466796875,1.0470428466796875,0.0008027298026718199,0.0008027298026718199,-24.88629150390625,-24.88629150390625,-104126.7421875,-104126.7421875,-24.885908126831055,97.67727661132812,97.99722290039062,2649011.75,20.00048065185547,20.00048065185547,165.2780303955078,165.2780303955078,98.39175415039062,98.39175415039062,411680.96875,411680.96875,0.0,56.451416015625,56.451416015625,112.90318298339844,155740.71875,155740.71875,1.038271427154541,1.038271427154541,164.74378967285156,98.39175415039062,0.0,0.0,0.0,114.81428527832031,114.81428527832031,229.62857055664062,0.0,0.0,0.0,0.0,0.0,114.81428527832031,114.81428527832031,0.026315800845623016,0.0,0.20000000298023224,0.0,0.0,0.0,0.0,0.0,0.0,0.9599996209144592,1.0,1.0,1.0,0.9999998211860657,0.9999998211860657,0.9999998211860657,190808.359375,193212.328125,0.0,5.875000953674316,17.749961853027344,5.875000953674316,7.25,12.0,10.25,296.3810119628906,297.7510070800781,29.5,964.4246826171875,11089923.0,13112496.0,0.0,0.0,0.0,0.0006259588990360498,0.0006259588990360498,0.0006259588990360498,1.0,143994.34375,0.9959999918937683,0.9959999918937683,0.9959999918937683,0.9959999918937683,0.0,4225645.5,4331868.0,180983.359375,2606300.0,4220913.0,1.3633314371109009,0.008737104013562202,254.2795867919922,7.25,12.0,10.25,0.0,0.0,0.0,0.0,0.0,0.0,48.34922790527344,255.6516571044922,113.44558715820312,113.44558715820312,113.44558715820312,0.0,0.0,0.0,3.0221643447875977,0.0,0.9455550909042358,3.0219361782073975,5.0,0.0040000081062316895,0.0040000081062316895,0.0040000081062316895,0.0040000081062316895,0.0,-0.4368000030517578,0.0,604432.875,163.5083465576172,163.5083465576172,0.0,20.0,2788446.5,7.25,12.0,10.25,20.0,20.0,20.0,0.0,0.0,0.7926306128501892,0.9211652278900146,10000.0,10000.0,0.011826000176370144,1038.5,0.027953999117016792,0.0,0.0,1.0878000259399414,1.0809999704360962,9.000000136438757e-05,103.0,33.220001220703125,1.8179999589920044,0.029999999329447746,49.0,8.329999923706055,4.159999847412109,58.0,302.0,4.5,0.699999988079071,0.4000000059604645,7.5,1.3799999952316284,2.492000102996826,7000.0,48.88999938964844,1.2000000476837158,45.0,62000.0,4590000.0,4250000.0,15900000.0,15100000.0,0.05000000074505806,0.17000000178813934,0.009999999776482582,15220000.0,1.6699999570846558,312.7799987792969,1.1100000143051147,4232.0,0.25,689000.0,4030000.0,9.829999923706055,8.550000190734863,12200000.0,231.10000610351562,88.3239974975586,633.0,1.1430000066757202,0.6858000159263611,-10.0,-3.7799999713897705,0.7799999713897705,295.5,4030000.0,12400000.0,0.9200000166893005,5.0,1,0,1,228,0,0,0,0,0,1,1,1,1,1,0,1,1,1,0,0,0,0,1,1,0,0,0,1,0,0,0,0,0,0,0,0,1,0,1,8,0,0,1,0,0.0057859523221850395,4834407.0,1.0877995491027832,0.0,1.422328233718872,272.115478515625,0.0,-0.00022980441281106323,1,1,1,0,0,0,1,1,0,0,0,0,0,597,0.20000000298023224,0.20000000298023224,0.20000000298023224,0.0,2,0,0,0,0,0,0,0,0,0,0,0,0,0,0,0,0,0,0,0,0,0,0,0,0,0,0,0,0,0,0,0,0,0,0,0,0,0,0,0,0,0,0,0,0,0,0,0,0,0,0,1,0,0,0,0,0,0,0,0,0,0,0,0,0,0,0,0,0,0,0,0,0,0,0,0,0,0,0,0,0,0,0,0,0,0,0,0,0,0,0,0,0,0,0,0,0,0,0,0,0,0,0,0,0,0,0,0,0,0,0,0,0,0,0,0,0,0,0,0,0,0,0,0,0,0,0,0,0,0,0,0,0,0,0,0,0,0,0,0,0,0,0,1,0,0,0,0,0,0,0,0,0,0,0,-1,0,0,0,0,0,0,1,1,0,0,0.5785952210426331,-5.584409236907959,0.0,-0.5365274548530579,-1.6815581571897805e-44,291.70001220703125,272.115478515625,285.3887023925781,-0.03656400367617607,99.16666412353516,2675.102294921875,1.0877995491027832,1.422328233718872,-1.0,19.58453369140625,6.827850029367255e-06,0.04741490259766579,100.0,27.0,0.0,7.799991607666016,4.060738563537598,1.0,1.0,39.98368453979492,0.2664242088794708,20.0,6.158468022476882e-05,0.0,73.97314453125,1.7323341369628906,1.8179994821548462,0.00036938843550160527,0.6817498207092285,0.5455772280693054,9.137897491455078,8.917423248291016,0.0,0.0,0.0,20.000003814697266,44.898040771484375,260.70159912109375,20.0,0.9162309765815735,274.00323486328125,40.007659912109375,0.29459047317504883,268.884765625,269.10882568359375,268.901611328125,274.85650634765625,276.08331298828125,274.8577880859375,100.0,3.0192999839782715,22.0,92.31405639648438,271.8706359863281,272.5960693359375,271.87969970703125,340.295654296875,18.98069953918457,19.4515323638916,92.31405639648438,0.0,0.0,0.0,0.0,67.76319885253906,67.43321990966797,67.55847930908203,49.3325080871582,49.34474182128906,49.330772399902344,13.679292678833008,13.292668342590332,13.372026443481445,100.05345153808594,98.5754165649414,99.9058837890625,36.89999771118164,43.19999694824219,26.099998474121094,227.1396942138672,236.33206176757812,225.81980895996094,29.0,0.0,48.0,0.0,0.0,0.0,0.0,0.0,0.0,41.0,78.36749267578125,49.026573181152344,164.74378967285156,25.983068466186523,9.999999974752427e-07,1.846772313117981,0.0,97.67727661132812,0.0,721.224365234375,44.577144622802734,20.536561965942383,0.0,9.47024154663086,78.21438598632812,1.0,0.9715543985366821,20.0,0.0,60.0,120.0,0.0,120.0,0.0,0.0,0.0,0.0,18.167720794677734,89.17423248291016,2.0,200.0,0,0,0,0,0,0,0,0,0,0,0,0,99999,99999,30,404,1800,180,1800,0,0,-7,0,23,0,0,0,806,1424,29,31,32,0,1,0,1,0,1,0,0,1,0,0,0,0,0,1,0,0,0,0,1,0,0,0,1,0,0,0,1,0,0,0,0,0,0,0,0,0,0,0,0,1,0,1,0,0,1,1,0,0,1,1,0,1,0,1,0,1,1,0,0,1,1,0,0,1,0,1,0,0,1,1,0,1,0,0,0,0,1,0,1,0,1,0,0,0,1,0,0,0,0,0,0,1,0,0,1,0,1,0,0,1,1,0,1,0,0,1,0,0,0,1,0,1,1,1,0,0,1,0,0,0,0,0,1,1,1,0,0,0,0,0,0,0,1,1,1,0,1,0,1,0,1,0,0,0,0,0,0,0,0,1,1,1,1,0,1,0,1,1,1,1,1,1,1,0,0,0,0,0,0,1,0,1,1,1,1,1,1,1,1,1,1,1,1,0,0,1,1,0,0,1,1,0,1,1,0,0,1,1,1,0,0,0,0,1,1,1,1,0,1,1,1,1,0,0,1,1,0,1,0,1,1,0,1,1,1,1,1,1,1,1,0,1,0,0,0,0,0,0,0,0,0,0,1,0,0,1,0,0,0,0,0,1,1,1,1,0,0,0,1,0,0,0,0,0,1,0,0,1,0,0,0,0,0,0,0,0,0,0,0,0,1,0,0,0,0,1,0,0,1,1,0,0,0,0,0,0,0,0,0,1,0,0,0,0,0,0,1,0,1,0,1,1,0,0,0,0,0,1,1,0,0,0,0,0,0,1,0,1,0,0,1,0,0,0,0,1,0,0,0,0,0,0,0,0,0,0,0,0,0,0,0,0,0,0,0,0,0,0,0,0,0,0,0,0,0,0,0,0,0,0,0,0,0,0,0,0,0,0,0,0,0,0,0,0,0,0,0,0,0,0,1,0,1,0,0,0,0,0,1,0,0,0,0,0,0,0,0,0,0,0,0,0,0,0,1,0,0,0,0,0,0,0,0,0,0,0,0,0,0,1,0,0,0,0,0,0,0,0,0,0,1,0,0,0,0,0,0,0,0,0,0,0,0,0,0,0,0,0,0,0,0,0,0,0,0,0,0,0,1,0,0,0,0,0,0,1,1,1,0,0,0,0,0,0,-1,0,0,0,0,0,0,0,0,-1,0,0,-1,0,0,0,0,0,0,0,0,0,0,0,0,0,0,0,0,0,0,1,0,0,0,0,0,0,0,0,0,0,0,0,0,0,0,0,1,1,0,-1,-1,-1,1,1,1,0,0,0,0,1,0,0,1,1,0,0,0,0,1,0,0,0,0,0,0,0,0,0,0,0,0,0,0,0,0,0,0,0,0,0,0,0,0,0,0,0,0,0,1,1,0,1,0,1,1,0,1,0,1,1,0,1,0,0,1,0,0,0,0,0,0,0,0,0,0,0,0,0,0,0,0,0,0,0,0,0,0,0,0,0,0
0,1,1,300,228,8,8,228,114,25,1,0,0.0020000000949949026,4000.0,1.0,0.04500000178813934,25.0,48.0,8.0,291.70001220703125,1.7000000476837158,-3.179999907843012e-07,0.007360000163316727,0.008080000057816505,8.0,0.33000001311302185,0.0333000011742115,1.0,9.999999747378752e-06,21.0,9.999999747378752e-06,2775000064.0,9.000000136438757e-05,4.999999980020986e-13,5.0,40.0,3.0,-3.3499999046325684,3.3499999046325684,0.5,0.0004799999878741801,292.3927001953125,492.6077880859375,-0.0036125299520790577,0.002354159951210022,0.0008944629807956517,0.013157900422811508,0.800646185874939,0.02024419978260994,2650129920.0,0.006539999973028898,0,0,0,0,0,0,0,0,0,0,0,0,0,0,0,0,0,0,0,0,0,0,0,0,0,0,0,0,0,0,0,0,0,0,0,0,0,0,0,0,0,0,0,0,0,0,0,0,0,0,0,0,0,1,4,4,0,0,0,0,0,0,0,0,2,0,0.00040357609395869076,270.0427551269531,279.22930908203125,280.5918884277344,281.9974365234375,283.3722839355469,285.7353515625,286.60870361328125,287.2874755859375,287.70050048828125,287.88055419921875,287.8630065917969,287.7070007324219,287.43072509765625,287.0798645019531,286.70025634765625,286.47613525390625,286.23260498046875,285.89697265625,285.4102783203125,284.75506591796875,283.92706298828125,282.96868896484375,281.9339294433594,280.876708984375,279.8509216308594,0.043632861226797104,0.018627483397722244,0.7710001468658447,-0.03650470823049545,0.7578368782997131,0.7067500352859497,659.0527954101562,2.2037750113668153e-07,0.08413098007440567,0.004523450508713722,0.005661095958203077,0.005702037364244461,0.02199779450893402,1.0,-1.6815581571897805e-44,-5.593969821929932,0.0,99.1649398803711,2675.255615234375,0.9465315341949463,284.950927734375,0.0,0.0,0.0,28.00003433227539,0.0,291.70001220703125,280687.84375,-0.5363039374351501,6.087679862976074,130.28829956054688,10.0,7750000.0,8160000.0,86.12000274658203,119.0999984741211,0.5,9.999999747378752e-05,0.0,3.299999952316284,200.0,0.30000001192092896,309.20001220703125,2.439019908706541e-06,0,0,0,1,1,1,0,24,0,271.6486511230469,0.0,0.0,0.0,0.0,0.0,0.0,1.2000000476837158,0.8659785389900208,0.4596920609474182,0.3701539933681488,-0.021508097648620605,-0.024522900581359863,0.1298460066318512,0.12893244624137878,0.13297948241233826,1.0,25.0,24.0,4810123.5,4811492.5,4810293.5,268.45709228515625,268.66357421875,268.4400634765625,274.3702087402344,275.5918884277344,274.3689880371094,4400000.0,271.41363525390625,272.12774658203125,271.404541015625,5.913116455078125,6.928314208984375,5.928924560546875,273.5234069824219,4596.7783203125,4536.70849609375,4603.54345703125,9.66821002960205,9.648970603942871,9.69837760925293,30.92669677734375,0.0,0.0,0.0020000000949949026,268.5202331542969,274.7770080566406,-72.6083984375,0.4178107976913452,0.41471463441848755,0.42806118726730347,226.98146057128906,39.0,40.0,42.0,41.0,0.0,0.0,4802080.5,4772260.5,52.21489715576172,5.0,0.014999999664723873,-180000.0,600.0,1000000.0,400000.0,0.17000000178813934,22000.0,786000.0,120000.0,0.0,40.0,30.0,36.810001373291016,0.5,18.399999618530273,50000.0,115692.3984375,15.113750457763672,0,0,1,0,0,0,0,9011988.0,0.0,0.0,0.0,0.0,0.0,-6379379.0,400000.0,1000000.0,1.0,1400000.0,0.0,0.1874854415655136,9020621.0,126869.6328125,9011988.0,340.29345703125,40.007659912109375,1.867153286933899,-6379379.0,0.0,0.0,0.0,1.9295662641525269,40.007659912109375,0.0,22230.939453125,1.2010046243667603,0.0,0.0,0.0,20.0,14.711517333984375,22.0,0.0,0.0,0.0,0.05000000074505806,0.02500000037252903,0.17000000178813934,15400000.0,0.5,6.25,0.0006667000125162303,2.0,2410000.0,4140000.0,4.734799861907959,0.15000000596046448,0.20000000298023224,0.2199999988079071,1.0,0.0,-1.0,0.0,5.0,20.0,30.0,50.0,74.0,80.0,86.0,9.800000190734863,500000.0,1.0499999802959792e-07,0.5,750.0,1000.0,600.0,1000.0,1150.0,32.0,32.0,37.400001525878906,10.0,10.0,0.007000000216066837,0.5049999952316284,82.0,189.26499938964844,0.0,1.5099999904632568,231.60000610351562,20.0,36.0,16.600000381469727,16.5,225.0,-0.1756729930639267,27.5,-0.1756729930639267,30.485509872436523,0.1561516970396042,11.10221004486084,-1.8332500457763672,-75.0,4.3520002365112305,13.857000350952148,189.26499938964844,93.30000305175781,2650000.0,0.8500000238418579,7.570000171661377,1,1,1,0,0,0,0,0,0,0,0,1,3,3,0,0,1,0,0,0,0,1,0,1,1,0,0,0,1,1,1,0,0,0,0,0,0,0,0,1,0,0,0,1,0,0,1,0,0,1,12.05141544342041,29051.265625,2152.877197265625,0.00041483284439891577,0.0004361289902590215,0.0006248649442568421,0.0,0.0,0.0,0.0,0.0,0.0,0.5496774315834045,1.0,0.0,0.0,1.0,1.0,0.0,0.0,1.0,1.0,0.0,1.0,0.0,0.0,1.0,0.0,0.0,0.19980543851852417,0.2549448311328888,0.0006248649442568421,0.0,0.0006235101027414203,0.0,99998.78125,99999.0,881142.0,2410000.0,36.20000076293945,36.20000076293945,36.20000076293945,32.25794219970703,260.36785888671875,20.0,20.000003814697266,24.02347183227539,27.0,27.0,25.813905715942383,27.0,31.930618286132812,32.0,20.0,68.57752227783203,3445348.0,0.5455772280693054,7.559999942779541,0.0,8.917423248291016,0.0,0.0,46.020912170410156,1.401298464324817e-45,0.0,0.0,0.5049998760223389,0.5049998760223389,0.5049998760223389,0.18937495350837708,0.18937495350837708,0.18937495350837708,0.0,15.340288162231445,15.340288162231445,15.340288162231445,0.0,0.0,9.074999809265137,0.0,0.0,0.0,0.0,0.0,0.0,100.0,73.97314453125,0.2199999988079071,0.0,20.0,46.020912170410156,0.0,0.0,0.0,0.0,0.0,0.007000000216066837,0.0,0.0,9.074999809265137,0.0,1.7323341369628906,0.0,0.946874737739563,0.0,0.0,0.0,0.0,0.0,0.0,20.0,0.0,0.0,8713248.0,0.0,0.0,0.0,0.0,0.0,0.0,0.0,0.351500004529953,18.93000030517578,23.030000686645508,7.69199959904654e-06,0.08500000089406967,0.009999999776482582,24.0,27.0,8.800000190734863,500000.0,0.05000000074505806,2.7000000013543968e-09,2.7000000013543968e-09,145100.0,120000.0,14650000.0,86400.0,17.0,34.5,48.70000076293945,321.8999938964844,83170.0,0.0,1.0,1.0,0.0010000000474974513,725.0,0.0,0.5,0.0,0.0,57.31999969482422,837142.875,9359.77734375,117376.1015625,2623.89794921875,83026.390625,725.0,1.0204100362898316e-05,740000000.0,1,0,1,0,1,1,0,0,1,0,0,8.799991607666016,27.0,6195.5771484375,0.0,0.0,0.0,0.0,2.4905738830566406,0.0004019454063382,0.0,0.04765637591481209,39.98273468017578,1.0,26109.2734375,11557.6298828125,6.18983613094315e-05,123320096.0,655879040.0,715303360.0,1892887424.0,-5.315025329589844,-650.3646850585938,-517474816.0,-1237008384.0,46.967742919921875,28.474903106689453,52.28276824951172,678.839599609375,106381.3984375,4245.71044921875,148651.171875,167927.484375,124109.2734375,90.19976806640625,39.98273468017578,39.98273468017578,1.0,6.18983613094315e-05,11557.6298828125,760883118080.0,0.2038104236125946,137600.0,137600.0,61873212.0,52.28276824951172,6716.60400390625,1.0,0.0,1700.0,250000.0,10000.0,1038.0,0.004999999888241291,400.0,5000.0,0,0,0,0,2959622.5,41.50066375732422,41.50066375732422,1216415.25,2788409.0,0.0,0.0,98151.2890625,0.0013334689429029822,4780306.5,0.0,0.0,1.0,1.0,0.0013334689429029822,275.3855285644531,98.37992858886719,0.0,5957889.0,407222.3125,98.37992858886719,1.0,1.0,1.0,0.0,413.10516357421875,0.0,412.408203125,1.0,0.0,7680000.0,224.33917236328125,234.77732849121094,225.63031005859375,0.9997268915176392,2788409.0,274.1472473144531,83.00132751464844,1.9997268915176392,0.0,261.00048828125,1.0,0.0,-7.5742998123168945,0.0,0.0,9.999999974752427e-07,0.0,2.0,0.0003000000142492354,0.004999999888241291,0.0010000000474974513,2.0000000233721948e-07,2.0000000233721948e-07,0.0005555999814532697,993000000.0,1.0,0.05000000074505806,0.10000000149011612,0.0005000000237487257,0.0016700000269338489,0.009999999776482582,1.0,1.0,0.0010000000474974513,4.999999873689376e-05,0.00039999998989515007,0.019999999552965164,0.9891999959945679,0.9891999959945679,0.9950000047683716,0.9950000047683716,1,0,0,0,1,1,0,0,0,0,0,0,0,0,-0.0074569773860275745,-7404778.5,5000.01171875,98151.2890625,0.0,2546223.0,0.0,1.0,2569281.25,0.0,0.0,60.0,180.0,1800.0,1800.0,0.0,0.0,0.0,0.0,-0.012236599810421467,0.0,0.0,0.0,0.0,0.0,0.0,0.0,0.0,0.0,0.0,0.0,6.602997746085748e-05,0.0,7.006492321624085e-44,1,1,0,1,1,1,1,1,1,1,1,0,1,0,1,1,1,1,0,1,0,1000,35,0,1,5001,177,0.0,0.0,120.0,120.0,0.0,0.0,0.4000000059604645,0.10000000149011612,0.10000000149011612,2.0,500.0,200.0,0.9900000095367432,300000.0,5000.0,45000.0,20000.0,0.019999999552965164,2.0,0.05000000074505806,0.019999999552965164,6.0,0.05000000074505806,0.019999999552965164,0.019999999552965164,88.30000305175781,0.10000000149011612,0.800000011920929,0.05000000074505806,0.009999999776482582,50.0,50.0,340.0,340.0,1000000.0,1,0,0,0,1,1,1,1,1,1,0,0,0,1,1,0,1.0,0.0,0.0,0.0,28.8391170501709,0.0,0.09684430062770844,0.0,0.9061046242713928,0.9061046242713928,0.9061046242713928,5000.01171875,4365230.0,4370230.0,50.0,27.612648010253906,0.4000000059604645,0.0,0.0,0.10000000149011612,0.12448714673519135,0.4925430119037628,22164.435546875,20.0,29.202341079711914,782338.1875,20.52750015258789,2701.9287109375,721.224365234375,0.7823382019996643,0.8952748775482178,9.47020149230957,1.0,3219868.5,3303267.0,9.71549129486084,20.0,0.2788199782371521,27.88199806213379,0.0,636.4223022460938,1708.181640625,100000.0,50000.0,1115.300048828125,50000.0,700.0,2000.0,2800000.0,3500000.0,4000000.0,9.999999747378752e-05,4.999999873689376e-05,500.0,20000.0,100.0,500.0,60000.0,1200.0,1.0,120.0,150000.0,3000.0,300.0,1.0,300.0,0.019999999552965164,0.019999999552965164,0.009999999776482582,0.009999999776482582,0.009999999776482582,0.019999999552965164,1.100000023841858,0.019999999552965164,4.0,0.019999999552965164,88.0,1613.0,0.009999999776482582,0.20000000298023224,3.0,5.0,600.0,0.0010000000474974513,88.0,88.0,2000.0,2340.0,-0.11599799990653992,-0.03561130166053772,-0.04758000001311302,-0.01752999983727932,1,1,1,0,0,1,1,122.81680297851562,122.81680297851562,0.4932403564453125,0.4932403564453125,0.0003422065346967429,20.52750015258789,163.493408203125,47.240413665771484,273.2434997558594,23.525726318359375,23.525726318359375,0.09448051452636719,0.09448051452636719,51.23200225830078,1.2154046297073364,0.0,0.0,2663660.25,20.00048065185547,20.00048065185547,97.66936492919922,97.66936492919922,62788.8359375,62788.8359375,1.046480655670166,1.046480655670166,0.0006667344714514911,0.0006667344714514911,-25.52052879333496,-25.52052879333496,-106780.453125,-106780.453125,-25.520151138305664,97.61894226074219,97.91069030761719,2648995.25,20.00048065185547,20.00048065185547,165.2470245361328,165.2470245361328,98.1735610961914,98.1735610961914,410768.03125,410768.03125,0.0,55.77678680419922,55.77678680419922,111.55391693115234,155696.953125,155696.953125,1.0379797220230103,1.0379797220230103,164.730224609375,98.1735610961914,0.0,0.0,0.0,113.93916320800781,113.93916320800781,227.87832641601562,0.0,0.0,0.0,0.0,0.0,113.93916320800781,113.93916320800781,0.026315800845623016,0.0,0.20000000298023224,0.0,0.0,0.0,0.0,0.0,0.0,0.9599996209144592,1.0,1.0,1.0,0.9999998211860657,0.9999998211860657,0.9999998211860657,190807.96875,193211.828125,0.0,5.875000953674316,17.749961853027344,5.875000953674316,7.25,12.0,10.25,296.3810119628906,297.7510070800781,29.5,5492.70849609375,11173635.0,13112496.0,0.0,0.0,0.0,0.0005538082914426923,0.0005538082914426923,0.0005538082914426923,1.0,142461.640625,0.9959999918937683,0.9959999918937683,0.9959999918937683,0.9959999918937683,0.0,4234116.0,4336228.0,176103.28125,2606300.0,4235395.5,4.231841564178467,0.008740459568798542,246.62008666992188,7.25,12.0,10.25,0.0,0.0,0.0,0.0,0.0,0.0,47.24075698852539,250.8606719970703,108.22676086425781,108.22676086425781,108.22676086425781,0.0,0.0,0.0,3.022845983505249,0.0,0.9589902758598328,3.0226194858551025,5.0,0.0040000081062316895,0.0040000081062316895,0.0040000081062316895,0.0040000081062316895,0.0,-0.4368000030517578,0.0,604569.1875,163.493408203125,163.493408203125,0.0,20.0,2788432.25,7.25,12.0,10.25,20.0,20.0,20.0,0.0,0.0,0.7926306128501892,0.9211652278900146,10000.0,10000.0,0.011826000176370144,1038.5,0.027953999117016792,0.0,0.0,1.0878000259399414,1.0809999704360962,9.000000136438757e-05,103.0,33.220001220703125,1.8179999589920044,0.029999999329447746,49.0,8.329999923706055,4.159999847412109,58.0,302.0,4.5,0.699999988079071,0.4000000059604645,7.5,1.3799999952316284,2.492000102996826,7000.0,48.88999938964844,1.2000000476837158,45.0,62000.0,4590000.0,4250000.0,15900000.0,15100000.0,0.05000000074505806,0.17000000178813934,0.009999999776482582,15220000.0,1.6699999570846558,312.7799987792969,1.1100000143051147,4232.0,0.25,689000.0,4030000.0,9.829999923706055,8.550000190734863,12200000.0,231.10000610351562,88.3239974975586,633.0,1.1430000066757202,0.6858000159263611,-10.0,-3.7799999713897705,0.7799999713897705,295.5,4030000.0,12400000.0,0.9200000166893005,5.0,1,0,1,228,0,0,0,0,0,1,1,1,1,1,0,1,1,1,0,0,0,0,1,1,0,0,0,1,0,0,0,0,0,0,0,0,1,0,1,8,0,0,1,0,0.005661095958203077,4810123.5,1.0877995491027832,0.0,1.4287216663360596,271.7649230957031,0.0,-0.0002189651277149096,1,1,1,0,0,0,1,1,0,0,0,0,0,600,0.20000000298023224,0.20000000298023224,0.20000000298023224,0.0,2,0,0,0,0,0,0,0,0,0,0,0,0,0,0,0,0,0,0,0,0,0,0,0,0,0,0,0,0,0,0,0,0,0,0,0,0,0,0,0,0,0,0,0,0,0,0,0,0,0,0,1,0,0,0,0,0,0,0,0,0,0,0,0,0,0,0,0,0,0,0,0,0,0,0,0,0,0,0,0,0,0,0,0,0,0,0,0,0,0,0,0,0,0,0,0,0,0,0,0,0,0,0,0,0,0,0,0,0,0,0,0,0,0,0,0,0,0,0,0,0,0,0,0,0,0,0,0,0,0,0,0,0,0,0,0,0,0,0,0,0,0,0,1,0,0,0,0,0,0,0,0,0,0,0,-1,0,0,0,0,0,0,1,1,0,0,0.5661095976829529,-5.593969821929932,0.0,-0.5363039374351501,-1.6815581571897805e-44,291.70001220703125,271.7649230957031,284.950927734375,-0.03650470823049545,99.1649398803711,2675.255615234375,1.0877995491027832,1.4287216663360596,-1.0,19.935089111328125,6.827850029367255e-06,0.04765637591481209,100.0,27.0,0.0,7.799991607666016,4.062868595123291,1.0,1.0,39.98273468017578,0.2664216458797455,20.0,6.18983613094315e-05,0.0,73.97314453125,1.7323341369628906,1.8179994821548462,0.00036938843550160527,0.6817498207092285,0.5455772280693054,8.99126148223877,8.917423248291016,0.0,0.0,0.0,20.000003814697266,44.898040771484375,260.36785888671875,20.0,0.9156382083892822,273.64288330078125,40.007659912109375,0.29459047317504883,268.551025390625,268.7745361328125,268.56787109375,274.4903564453125,275.71405029296875,274.4915771484375,100.0,3.251455783843994,22.0,92.04732513427734,271.52069091796875,272.2442932128906,271.52972412109375,340.29400634765625,18.748544692993164,19.334489822387695,92.04732513427734,0.0,0.0,0.0,0.0,67.52255249023438,67.18234252929688,67.31404876708984,49.084716796875,49.09695053100586,49.08298110961914,13.297947883605957,12.893244743347168,12.984601020812988,100.07398986816406,98.61499786376953,99.92677307128906,36.89999771118164,43.19999694824219,26.099998474121094,226.006591796875,235.1505584716797,224.69149780273438,29.0,0.0,48.0,0.0,0.0,0.0,0.0,0.0,0.0,41.0,78.36749267578125,48.77872848510742,164.730224609375,25.85138702392578,9.999999974752427e-07,1.7969756126403809,0.0,97.61894226074219,0.0,721.224365234375,44.59426498413086,20.52750015258789,0.0,9.47020149230957,78.23381805419922,1.0,0.9715491533279419,20.0,0.0,60.0,120.0,0.0,120.0,0.0,0.0,0.0,0.0,18.167720794677734,89.17423248291016,2.0,200.0,0,0,0,0,0,0,0,0,0,0,0,0,99999,99999,30,404,1800,180,1800,0,0,-7,0,23,0,0,0,806,1424,29,31,32,0,1,0,1,0,1,0,0,1,0,0,0,0,0,1,0,0,0,0,1,0,0,0,1,0,0,0,1,0,0,0,0,0,0,0,0,0,0,0,0,1,0,1,0,0,1,1,0,0,1,1,0,1,0,1,0,1,1,0,0,1,1,0,0,1,0,1,0,0,1,1,0,1,0,0,0,0,1,0,1,0,1,0,0,0,1,0,0,0,0,0,0,1,0,0,1,0,1,0,0,1,1,0,1,0,0,1,0,0,0,1,0,1,1,1,0,0,1,0,0,0,0,0,1,1,1,0,0,0,0,0,0,0,1,1,1,0,1,0,1,0,1,0,0,0,0,0,0,0,0,1,1,1,1,0,1,0,1,1,1,1,1,1,1,0,0,0,0,0,0,1,0,1,1,1,1,1,1,1,1,1,1,1,1,0,0,1,1,0,0,1,1,0,1,1,0,0,1,1,1,0,0,0,0,1,1,1,1,0,1,1,1,1,0,0,1,1,0,1,0,1,1,0,1,1,1,1,1,1,1,1,0,1,0,0,0,0,0,0,0,0,0,0,1,0,0,1,0,0,0,0,0,0,1,1,0,0,0,0,1,0,0,0,0,0,1,0,0,1,0,0,0,0,0,0,0,0,0,0,0,0,0,0,0,0,0,0,0,0,1,0,0,0,0,0,0,0,0,0,0,1,0,0,0,0,0,0,1,0,0,0,1,1,0,0,0,0,0,1,1,0,0,0,0,0,0,0,0,1,0,0,1,0,0,0,0,1,0,0,0,0,0,0,0,0,0,0,0,0,0,0,0,0,0,0,0,0,0,0,0,0,0,0,0,0,0,0,0,0,0,0,0,0,0,0,0,0,0,0,0,0,0,0,0,0,0,0,0,0,0,0,1,0,1,0,0,0,0,0,1,0,0,0,0,0,0,0,0,0,0,0,0,0,0,0,1,0,0,0,0,0,0,0,0,0,0,0,0,0,0,1,0,0,0,0,0,0,0,0,0,0,1,0,0,0,0,0,0,0,0,0,0,0,0,0,0,0,0,0,0,0,0,0,0,0,0,0,0,0,1,0,0,0,0,0,0,1,1,1,0,0,0,0,0,0,-1,0,0,0,0,0,0,0,0,-1,0,0,-1,0,0,0,0,0,0,0,0,0,0,0,0,0,0,0,0,0,0,1,0,0,0,0,0,0,0,0,0,0,0,0,0,0,0,0,1,1,0,-1,-1,-1,1,1,1,0,0,0,0,1,0,0,1,1,0,0,0,0,1,0,0,0,0,0,0,0,0,0,0,0,0,0,0,0,0,0,0,0,0,0,0,0,0,0,0,0,0,0,1,1,0,1,0,1,1,0,1,0,1,1,0,1,0,0,1,0,0,0,0,0,0,0,0,0,0,0,0,0,0,0,0,0,0,0,0,0,0,0,0,0,0
